# File created on Fri May 17 15:41:50 2024
# The following metaparameters were used for this matrix optimization : gamma0 = 0.5; alpha0 = 0; sigma0 = 0.25; l0 = 1;p = 1; R0 = 1; S0 = 0.05; NR = 25; NS = 25; matrix path = matrices/Nr25_Nc25/consumption/RandTrix_Nr25_Nc25_Nest0.4_Conn0.3712.txt; convergence threshold = 1e-08
2.245283444022656e-03 3.392122917545328e-03 3.873289588420034e-03 2.729808060076359e-03 3.628542041062418e-03 0.000000000000000e+00 0.000000000000000e+00 3.897907359532522e-03 2.938757240627696e-03 4.428363009271267e-03 4.249301835802096e-03 4.386833405259787e-03 3.589645833522425e-03 7.348349746076577e-04 3.069432829951000e-04 0.000000000000000e+00 0.000000000000000e+00 1.771625093679921e-03 1.461371045249413e-04 3.790029061903745e-03 2.461393079172379e-03 4.719088423136794e-03 1.806027852243350e-03 3.223402567824880e-03 2.003004061816883e-03 
0.000000000000000e+00 8.322747976057871e-04 0.000000000000000e+00 0.000000000000000e+00 0.000000000000000e+00 8.451954335017021e-06 3.319040633395167e-03 4.766870439765691e-03 0.000000000000000e+00 1.322250010843513e-04 0.000000000000000e+00 0.000000000000000e+00 0.000000000000000e+00 0.000000000000000e+00 0.000000000000000e+00 2.996336495945292e-03 0.000000000000000e+00 0.000000000000000e+00 0.000000000000000e+00 7.129960213421876e-04 0.000000000000000e+00 2.928477343733502e-03 0.000000000000000e+00 0.000000000000000e+00 6.818748553625426e-04 
0.000000000000000e+00 8.650940970144049e-04 0.000000000000000e+00 0.000000000000000e+00 1.744508062615188e-03 2.000975180167664e-03 0.000000000000000e+00 0.000000000000000e+00 0.000000000000000e+00 0.000000000000000e+00 4.849560589035790e-03 0.000000000000000e+00 0.000000000000000e+00 2.406492264680678e-03 1.295112997977477e-03 4.110996336274497e-03 1.713396467795419e-03 4.971832036937315e-03 4.233418425729492e-03 0.000000000000000e+00 2.504137884318455e-03 0.000000000000000e+00 0.000000000000000e+00 2.956680583492822e-04 0.000000000000000e+00 
0.000000000000000e+00 0.000000000000000e+00 2.656440918696006e-03 0.000000000000000e+00 3.432724601285606e-03 1.274010842284340e-03 0.000000000000000e+00 0.000000000000000e+00 0.000000000000000e+00 2.659909340833459e-03 0.000000000000000e+00 3.626200842606512e-03 3.522650802385623e-03 1.489104641057033e-03 4.424812916433970e-03 3.156993933991560e-03 0.000000000000000e+00 0.000000000000000e+00 3.292405873851763e-03 4.225918659937127e-03 0.000000000000000e+00 2.138536744565892e-03 0.000000000000000e+00 0.000000000000000e+00 1.488260946169822e-03 
1.914717651583881e-03 2.363475513341230e-03 0.000000000000000e+00 0.000000000000000e+00 0.000000000000000e+00 0.000000000000000e+00 4.392013361922200e-03 1.138020936101947e-03 1.806680592439014e-03 1.203622795205271e-03 0.000000000000000e+00 0.000000000000000e+00 3.295175712737023e-03 4.136163971421687e-03 6.446634917476543e-04 2.689951023682490e-03 1.045282731355646e-03 0.000000000000000e+00 0.000000000000000e+00 2.667349681428405e-03 4.082724885135065e-03 0.000000000000000e+00 1.653164730499535e-03 0.000000000000000e+00 0.000000000000000e+00 
0.000000000000000e+00 0.000000000000000e+00 0.000000000000000e+00 0.000000000000000e+00 2.835910050075722e-03 1.919550692355244e-03 0.000000000000000e+00 0.000000000000000e+00 0.000000000000000e+00 2.132759607396776e-04 0.000000000000000e+00 0.000000000000000e+00 0.000000000000000e+00 0.000000000000000e+00 1.505135235965127e-03 0.000000000000000e+00 1.745898294092108e-03 0.000000000000000e+00 2.754582314262409e-03 4.128307109142012e-04 0.000000000000000e+00 0.000000000000000e+00 2.980527381108769e-03 4.207850395545932e-03 0.000000000000000e+00 
1.114833022716805e-03 9.015408426544197e-04 4.398883308893791e-03 2.305199896185514e-03 2.705591587949276e-04 3.025098507300740e-03 1.880079691973350e-03 4.448139131885458e-03 0.000000000000000e+00 4.580132055256800e-03 0.000000000000000e+00 3.539346090502523e-03 2.756692795784657e-03 1.968488081944698e-03 1.156394500775251e-03 0.000000000000000e+00 0.000000000000000e+00 0.000000000000000e+00 0.000000000000000e+00 3.793939053998940e-03 2.953898062349281e-03 0.000000000000000e+00 0.000000000000000e+00 1.037636972549906e-03 2.299830637924727e-03 
0.000000000000000e+00 2.365589781851892e-03 0.000000000000000e+00 4.976679192023859e-03 0.000000000000000e+00 1.471687365415883e-03 0.000000000000000e+00 2.579185293944740e-03 1.951146787939818e-03 2.610912509373721e-03 4.315850178527791e-03 0.000000000000000e+00 0.000000000000000e+00 0.000000000000000e+00 0.000000000000000e+00 2.176256765926448e-04 5.869380660317623e-04 0.000000000000000e+00 4.928687325068366e-04 3.906763814706108e-03 0.000000000000000e+00 0.000000000000000e+00 2.034255420541947e-03 0.000000000000000e+00 0.000000000000000e+00 
4.554200438964120e-03 8.323461330545095e-04 0.000000000000000e+00 9.043526855980728e-04 0.000000000000000e+00 0.000000000000000e+00 0.000000000000000e+00 0.000000000000000e+00 3.936386528861841e-03 4.712874959819447e-03 0.000000000000000e+00 0.000000000000000e+00 1.260348265104215e-03 1.183087972314559e-03 1.906407325409498e-03 1.120338735811149e-04 0.000000000000000e+00 4.123080365992681e-03 4.641350658067775e-03 4.599224106191851e-03 0.000000000000000e+00 0.000000000000000e+00 1.490249391563047e-03 4.884455988958807e-05 2.776704693682534e-03 
0.000000000000000e+00 4.328749837346146e-05 0.000000000000000e+00 2.497221452607156e-03 3.375406122326642e-03 0.000000000000000e+00 0.000000000000000e+00 0.000000000000000e+00 1.634290295127570e-03 4.847862478377118e-03 4.120700134383502e-03 2.220554907780150e-03 0.000000000000000e+00 0.000000000000000e+00 1.392892122749143e-03 1.815662998205716e-03 0.000000000000000e+00 4.531693783480781e-04 0.000000000000000e+00 0.000000000000000e+00 2.610379313216451e-03 0.000000000000000e+00 3.246613646633594e-03 1.880261958467944e-03 0.000000000000000e+00 
2.443251201176435e-03 0.000000000000000e+00 0.000000000000000e+00 1.887587335550949e-03 4.640960120192353e-04 0.000000000000000e+00 2.170525552137751e-03 0.000000000000000e+00 0.000000000000000e+00 0.000000000000000e+00 1.758706813604535e-03 2.241214062790257e-03 1.853235893598901e-03 0.000000000000000e+00 4.544768612956983e-03 0.000000000000000e+00 0.000000000000000e+00 0.000000000000000e+00 0.000000000000000e+00 4.086408466305745e-03 3.961013428248482e-03 0.000000000000000e+00 0.000000000000000e+00 8.538482466638345e-04 4.085828282891205e-03 
0.000000000000000e+00 0.000000000000000e+00 4.804680657431068e-03 1.066105837808384e-03 0.000000000000000e+00 0.000000000000000e+00 2.004228405358889e-03 3.075676105223989e-03 0.000000000000000e+00 3.622332327510356e-03 0.000000000000000e+00 0.000000000000000e+00 4.508583696806254e-03 2.300021228387528e-03 1.754088159664650e-03 0.000000000000000e+00 0.000000000000000e+00 4.034908861084806e-03 2.718221443303524e-04 4.160910895309319e-04 1.142789195089856e-03 3.331070663995808e-04 0.000000000000000e+00 2.837986378622175e-03 0.000000000000000e+00 
2.583083195792089e-03 0.000000000000000e+00 0.000000000000000e+00 5.850640802627907e-04 8.535662020716254e-04 0.000000000000000e+00 4.457645343849548e-03 0.000000000000000e+00 0.000000000000000e+00 0.000000000000000e+00 4.668569457850731e-03 0.000000000000000e+00 3.296012230818562e-03 0.000000000000000e+00 1.663857792857755e-03 1.115945257590220e-03 1.694959226715089e-03 3.400300904782592e-04 4.009091085719625e-04 0.000000000000000e+00 0.000000000000000e+00 4.564786018541925e-03 0.000000000000000e+00 4.335860244595085e-03 0.000000000000000e+00 
0.000000000000000e+00 1.796289604230276e-03 9.751627877065640e-04 3.156648522131979e-03 4.399318843018430e-03 0.000000000000000e+00 0.000000000000000e+00 0.000000000000000e+00 0.000000000000000e+00 6.761741872987378e-04 2.462090124113881e-03 0.000000000000000e+00 0.000000000000000e+00 4.477864750694290e-03 0.000000000000000e+00 0.000000000000000e+00 2.942347809885116e-03 4.138173961729868e-03 0.000000000000000e+00 3.985332053997379e-03 0.000000000000000e+00 0.000000000000000e+00 3.668968107710816e-04 3.115500823064346e-03 7.891699606050730e-05 
0.000000000000000e+00 0.000000000000000e+00 0.000000000000000e+00 0.000000000000000e+00 0.000000000000000e+00 0.000000000000000e+00 0.000000000000000e+00 0.000000000000000e+00 0.000000000000000e+00 9.024106483464988e-04 0.000000000000000e+00 1.693632440170324e-03 2.994668684457172e-03 0.000000000000000e+00 3.442439382495651e-03 3.927459676448172e-03 0.000000000000000e+00 0.000000000000000e+00 0.000000000000000e+00 2.364974532037012e-03 0.000000000000000e+00 0.000000000000000e+00 4.615067979670574e-03 4.437418160868173e-03 2.170989690751851e-03 
3.502471483885539e-03 0.000000000000000e+00 1.787128956485515e-03 0.000000000000000e+00 3.546746025692246e-03 2.065845954592681e-03 0.000000000000000e+00 4.772151337274931e-03 3.067664287880638e-03 2.326786993519296e-03 0.000000000000000e+00 1.050265145266587e-03 1.338676799981457e-03 0.000000000000000e+00 1.142652060711996e-03 0.000000000000000e+00 0.000000000000000e+00 0.000000000000000e+00 4.755032682786953e-04 3.960508000219042e-03 3.608952281398139e-03 2.838201240680231e-03 2.896575097794277e-03 0.000000000000000e+00 2.241535238030111e-03 
0.000000000000000e+00 0.000000000000000e+00 0.000000000000000e+00 4.070633929854417e-04 0.000000000000000e+00 0.000000000000000e+00 0.000000000000000e+00 0.000000000000000e+00 0.000000000000000e+00 0.000000000000000e+00 4.931280353937087e-03 0.000000000000000e+00 0.000000000000000e+00 2.811642603992475e-03 3.017148544555457e-03 4.894832067360425e-03 0.000000000000000e+00 0.000000000000000e+00 0.000000000000000e+00 0.000000000000000e+00 0.000000000000000e+00 2.793150385406180e-04 0.000000000000000e+00 0.000000000000000e+00 0.000000000000000e+00 
0.000000000000000e+00 0.000000000000000e+00 4.088980742581500e-04 4.197278951070926e-04 4.633810276443748e-03 0.000000000000000e+00 0.000000000000000e+00 1.237541911168223e-03 0.000000000000000e+00 0.000000000000000e+00 0.000000000000000e+00 7.767972795803326e-04 0.000000000000000e+00 4.741893477521362e-03 0.000000000000000e+00 6.144107572338192e-04 0.000000000000000e+00 0.000000000000000e+00 2.901094425622694e-03 4.393007315322274e-03 4.502830298311782e-03 0.000000000000000e+00 0.000000000000000e+00 3.464183324115448e-03 1.632497168895814e-03 
4.154054954524661e-03 2.126095389360096e-04 0.000000000000000e+00 4.712736196574584e-03 3.599506680412361e-03 2.469239608096910e-03 0.000000000000000e+00 3.035032253921266e-03 0.000000000000000e+00 0.000000000000000e+00 0.000000000000000e+00 3.589156614455991e-03 3.101237004798314e-03 4.392752886988572e-03 0.000000000000000e+00 4.659980507620557e-03 0.000000000000000e+00 0.000000000000000e+00 1.448374108464034e-03 0.000000000000000e+00 9.692191259567679e-04 5.446570999183912e-04 0.000000000000000e+00 4.025421047911964e-03 4.343322236395950e-03 
0.000000000000000e+00 3.975426147717262e-03 0.000000000000000e+00 0.000000000000000e+00 4.033262495992444e-03 0.000000000000000e+00 4.679379347083192e-03 0.000000000000000e+00 0.000000000000000e+00 0.000000000000000e+00 1.101587049808472e-04 2.188111839802635e-03 0.000000000000000e+00 0.000000000000000e+00 1.576585271677956e-03 0.000000000000000e+00 3.043811631578682e-03 3.593467521481960e-04 0.000000000000000e+00 0.000000000000000e+00 0.000000000000000e+00 0.000000000000000e+00 3.893102694530751e-03 1.781852007507128e-03 3.235480055749277e-03 
2.156402066740222e-03 1.864527697147241e-04 0.000000000000000e+00 1.197234952422012e-03 1.538807963168027e-03 3.873646538525734e-03 0.000000000000000e+00 3.807898068745710e-03 1.708700010307776e-03 1.037338682645108e-03 4.671700077176622e-03 4.048420293726392e-03 0.000000000000000e+00 2.956766052792735e-03 4.472331270794533e-03 3.071666788906452e-03 2.144585442809252e-03 0.000000000000000e+00 2.271779088599773e-03 0.000000000000000e+00 0.000000000000000e+00 3.294337543637950e-03 4.568001852688553e-03 2.484112639851373e-03 4.111589029249070e-03 
3.080984323592688e-03 0.000000000000000e+00 3.718951214600374e-03 0.000000000000000e+00 3.762736955272888e-03 0.000000000000000e+00 1.397210938014158e-03 0.000000000000000e+00 3.150611849275024e-03 6.600335815237368e-04 2.075457727701967e-03 1.145792893415419e-03 1.941099184308442e-03 1.301686877565152e-03 3.457764066218686e-03 3.327579535415763e-03 4.342325664214045e-03 0.000000000000000e+00 0.000000000000000e+00 1.424256212811331e-03 6.276803424033571e-05 3.043091181554606e-03 0.000000000000000e+00 0.000000000000000e+00 0.000000000000000e+00 
0.000000000000000e+00 2.454757738300864e-04 0.000000000000000e+00 0.000000000000000e+00 3.319929845272353e-03 0.000000000000000e+00 3.524364251027348e-03 3.078303005526587e-03 0.000000000000000e+00 3.897587164519867e-03 0.000000000000000e+00 0.000000000000000e+00 2.966043016790847e-03 4.374783814092624e-03 0.000000000000000e+00 9.240162032899869e-04 1.933595967670040e-03 4.018180442563539e-03 2.295032158534778e-03 0.000000000000000e+00 0.000000000000000e+00 0.000000000000000e+00 1.697197066561574e-04 0.000000000000000e+00 3.262707708500750e-03 
7.815926238141486e-04 0.000000000000000e+00 2.179573999425513e-03 0.000000000000000e+00 0.000000000000000e+00 0.000000000000000e+00 2.708235741472635e-04 3.471659408525087e-03 4.767217943816927e-03 0.000000000000000e+00 0.000000000000000e+00 0.000000000000000e+00 4.184587280895485e-03 0.000000000000000e+00 0.000000000000000e+00 0.000000000000000e+00 4.313822567009972e-03 0.000000000000000e+00 3.271334750533608e-03 0.000000000000000e+00 0.000000000000000e+00 1.721714563623290e-03 4.521959199033519e-03 4.337179176954661e-03 3.088489594430388e-03 
4.328912740407884e-03 1.192677392563430e-03 1.580877330527624e-03 1.169986962926066e-03 0.000000000000000e+00 2.225416119658368e-03 0.000000000000000e+00 2.906178353445732e-03 0.000000000000000e+00 4.156688365310933e-03 4.503841016986527e-03 0.000000000000000e+00 1.220207762253429e-03 0.000000000000000e+00 1.596947029571127e-04 0.000000000000000e+00 1.315034918993096e-03 2.292741905193541e-03 0.000000000000000e+00 9.221264980420152e-04 2.651844735021376e-03 2.371122507092607e-03 0.000000000000000e+00 0.000000000000000e+00 0.000000000000000e+00 