# # File created on Fri May 17 15:41:52 2024
#  # The following metaparameters were used for this matrix optimization : gamma0 = 0.5; alpha0 = 0; sigma0 = 0.25; l0 = 1;p = 1; R0 = 1; S0 = 0.05; NR = 25; NS = 25; matrix path = matrices/Nr25_Nc25/consumption/RandTrix_Nr25_Nc25_Nest0.6_Conn0.12.txt; convergence threshold = 1e-08
# 
3.996520893761786736e-03 0.000000000000000000e+00 3.003837656169812040e-04 1.286336669172091990e-03 1.716587558560427019e-04 4.499458750693574051e-04 0.000000000000000000e+00 0.000000000000000000e+00 0.000000000000000000e+00 0.000000000000000000e+00 4.524534504123441103e-03 0.000000000000000000e+00 4.933421585449707276e-03 2.278451799579858834e-03 1.832584918949305922e-03 2.543450959701361942e-04 0.000000000000000000e+00 0.000000000000000000e+00 3.820971725429995851e-03 2.765908383542332958e-03 0.000000000000000000e+00 1.435431417445278898e-03 0.000000000000000000e+00 6.064276625239401006e-04 0.000000000000000000e+00
1.506775397386968945e-03 3.099153799131092787e-03 0.000000000000000000e+00 0.000000000000000000e+00 6.480237769918557964e-04 0.000000000000000000e+00 2.521455416616435932e-03 3.038787488841268071e-03 2.086132627483088149e-03 2.661395906823221975e-03 0.000000000000000000e+00 3.807920839754241307e-05 0.000000000000000000e+00 0.000000000000000000e+00 4.552142947266467864e-03 0.000000000000000000e+00 5.088679417716080507e-04 2.360406285896818161e-03 4.674653912645812190e-03 3.727648229571061886e-03 0.000000000000000000e+00 0.000000000000000000e+00 0.000000000000000000e+00 1.620290937984590098e-03 0.000000000000000000e+00
1.153165495070242012e-03 0.000000000000000000e+00 1.156136431683884918e-03 0.000000000000000000e+00 3.415666578844605856e-03 4.540354714881045120e-04 1.903535807612641946e-03 2.086310789519452060e-03 2.812305063301068133e-03 2.132427918084000857e-03 0.000000000000000000e+00 3.765462426219434874e-04 0.000000000000000000e+00 0.000000000000000000e+00 0.000000000000000000e+00 2.517741578135371163e-03 6.086443125829978790e-04 0.000000000000000000e+00 0.000000000000000000e+00 4.997877922578257241e-03 0.000000000000000000e+00 0.000000000000000000e+00 1.478071960490852127e-04 0.000000000000000000e+00 0.000000000000000000e+00
0.000000000000000000e+00 0.000000000000000000e+00 9.815383391514943302e-04 3.340313611754807972e-03 4.499844301434561254e-04 2.271194291799701840e-03 0.000000000000000000e+00 4.127529267787325958e-04 0.000000000000000000e+00 0.000000000000000000e+00 3.516959658142526212e-03 0.000000000000000000e+00 1.247596359270986997e-03 2.777247539108764190e-03 0.000000000000000000e+00 0.000000000000000000e+00 3.846550590047115130e-03 3.205419232136865870e-03 3.290033596834520974e-03 0.000000000000000000e+00 4.117026695233587039e-03 0.000000000000000000e+00 4.841277742359631833e-03 2.535360757211810138e-03 0.000000000000000000e+00
0.000000000000000000e+00 0.000000000000000000e+00 0.000000000000000000e+00 4.970452475119648689e-03 2.665795638395185990e-03 0.000000000000000000e+00 2.303250338393752865e-03 0.000000000000000000e+00 0.000000000000000000e+00 0.000000000000000000e+00 0.000000000000000000e+00 0.000000000000000000e+00 3.730270538406172016e-03 1.928189198621879001e-03 0.000000000000000000e+00 2.328278246408061955e-03 3.498329783829565165e-03 3.308919611286480211e-03 0.000000000000000000e+00 0.000000000000000000e+00 0.000000000000000000e+00 5.454274327472964602e-04 0.000000000000000000e+00 3.757586379764081010e-04 0.000000000000000000e+00
4.904436235497254375e-03 0.000000000000000000e+00 0.000000000000000000e+00 1.374529530931870936e-03 0.000000000000000000e+00 0.000000000000000000e+00 4.316059172163193985e-03 4.572431704638816111e-03 0.000000000000000000e+00 7.409959892682371416e-05 4.805299900564634873e-03 3.830002022792300051e-03 0.000000000000000000e+00 0.000000000000000000e+00 2.639302250840672073e-03 0.000000000000000000e+00 0.000000000000000000e+00 2.760160130771636793e-03 0.000000000000000000e+00 0.000000000000000000e+00 0.000000000000000000e+00 0.000000000000000000e+00 4.484587434030704880e-04 0.000000000000000000e+00 1.626622482185467050e-04
0.000000000000000000e+00 8.669741841336898059e-04 0.000000000000000000e+00 0.000000000000000000e+00 4.101247843211665994e-03 0.000000000000000000e+00 0.000000000000000000e+00 2.053844557877959089e-03 0.000000000000000000e+00 1.257836114781227949e-03 4.834579109704139309e-03 0.000000000000000000e+00 0.000000000000000000e+00 0.000000000000000000e+00 0.000000000000000000e+00 2.513867495799067091e-03 5.300233451354767478e-04 0.000000000000000000e+00 2.159568920665177073e-03 0.000000000000000000e+00 2.873102396124989789e-03 4.924156447097436881e-05 0.000000000000000000e+00 0.000000000000000000e+00 2.350179523461181069e-03
0.000000000000000000e+00 1.789985410608280897e-03 4.349284099346240572e-03 0.000000000000000000e+00 0.000000000000000000e+00 2.747136839758660895e-03 0.000000000000000000e+00 4.737905017645165431e-03 0.000000000000000000e+00 4.744538113186648823e-03 4.647153713067952996e-03 0.000000000000000000e+00 4.283706631177116621e-03 1.663947040836895970e-03 2.829793188855836937e-03 0.000000000000000000e+00 8.293097581010919640e-04 5.439818389520949911e-04 0.000000000000000000e+00 0.000000000000000000e+00 1.729322715921648070e-03 0.000000000000000000e+00 2.364241515965466037e-06 2.492559616372036079e-04 0.000000000000000000e+00
0.000000000000000000e+00 0.000000000000000000e+00 2.289191155862630898e-04 1.441391094872405054e-03 3.416720813769428839e-03 0.000000000000000000e+00 3.895988024416867260e-04 0.000000000000000000e+00 1.346567743305700096e-03 0.000000000000000000e+00 2.713490821556109860e-03 0.000000000000000000e+00 1.965648085666802172e-03 2.579615541841450994e-03 0.000000000000000000e+00 1.956883536011133157e-05 0.000000000000000000e+00 1.387277117587274898e-03 7.861880056846252442e-04 1.530613643985815958e-03 0.000000000000000000e+00 3.314979342295063837e-03 0.000000000000000000e+00 4.190801425715637296e-03 0.000000000000000000e+00
0.000000000000000000e+00 2.601875760388343024e-03 0.000000000000000000e+00 0.000000000000000000e+00 0.000000000000000000e+00 2.126953054662288154e-03 9.412899466008352528e-04 2.529919255209856985e-03 0.000000000000000000e+00 0.000000000000000000e+00 4.550343436717851214e-03 0.000000000000000000e+00 2.571839029394437214e-03 1.755746779516734017e-03 1.585967678955649057e-03 0.000000000000000000e+00 2.130797507611291788e-03 0.000000000000000000e+00 2.382389990041150138e-03 0.000000000000000000e+00 7.027791810850703884e-04 1.730816044049771031e-03 8.399009982681087793e-04 0.000000000000000000e+00 1.925893956367471897e-03
0.000000000000000000e+00 3.876658404248127868e-03 0.000000000000000000e+00 9.352481112814937459e-04 1.352667504399058000e-03 0.000000000000000000e+00 0.000000000000000000e+00 0.000000000000000000e+00 3.331501843652444079e-03 0.000000000000000000e+00 0.000000000000000000e+00 0.000000000000000000e+00 1.554275485425546041e-03 2.465088447811485204e-03 3.838433633859951975e-03 7.196746869629844440e-04 0.000000000000000000e+00 0.000000000000000000e+00 4.946239840926571277e-03 0.000000000000000000e+00 6.173618745788320714e-04 0.000000000000000000e+00 0.000000000000000000e+00 4.948860801986348229e-03 0.000000000000000000e+00
0.000000000000000000e+00 1.748983872031190925e-03 0.000000000000000000e+00 0.000000000000000000e+00 0.000000000000000000e+00 0.000000000000000000e+00 0.000000000000000000e+00 2.870580070739463079e-03 0.000000000000000000e+00 1.780881844188577983e-03 0.000000000000000000e+00 0.000000000000000000e+00 0.000000000000000000e+00 0.000000000000000000e+00 4.989165594502278402e-03 9.445042462749267571e-04 3.477511925905194933e-03 0.000000000000000000e+00 0.000000000000000000e+00 1.113738391514634916e-03 0.000000000000000000e+00 3.735177518527206964e-03 1.151336335166671093e-03 0.000000000000000000e+00 0.000000000000000000e+00
4.000209571583672116e-03 2.205281822382905172e-03 4.114228551220576826e-04 4.785762749564875275e-03 3.740209683878669821e-03 3.175512009879627191e-03 4.799348539168053242e-03 0.000000000000000000e+00 0.000000000000000000e+00 2.788010939643727898e-03 0.000000000000000000e+00 1.889661438312149975e-03 2.762362465005835030e-03 0.000000000000000000e+00 1.457734645746324061e-03 1.754075136926513002e-03 0.000000000000000000e+00 0.000000000000000000e+00 0.000000000000000000e+00 1.130980622746270096e-03 1.959029558894992071e-03 4.918146150973879208e-03 0.000000000000000000e+00 2.491275665209887000e-03 1.534195495890920908e-03
0.000000000000000000e+00 3.266498961335284872e-03 0.000000000000000000e+00 0.000000000000000000e+00 4.782162046758351055e-03 0.000000000000000000e+00 3.394104825589808107e-03 2.796497396883413939e-03 2.408315401395725100e-03 0.000000000000000000e+00 4.614120634128516391e-03 4.322464365244384904e-03 0.000000000000000000e+00 0.000000000000000000e+00 1.547016713843565004e-03 0.000000000000000000e+00 1.679553647191304967e-03 0.000000000000000000e+00 6.730259530036602003e-04 3.081929952855015122e-03 3.347980912976621787e-03 3.812487397645096792e-03 0.000000000000000000e+00 0.000000000000000000e+00 9.854468781315950648e-04
0.000000000000000000e+00 0.000000000000000000e+00 0.000000000000000000e+00 4.086644015400915306e-03 0.000000000000000000e+00 0.000000000000000000e+00 0.000000000000000000e+00 1.720004167609552994e-03 0.000000000000000000e+00 0.000000000000000000e+00 2.744820567265267991e-03 0.000000000000000000e+00 4.093786048072560121e-03 0.000000000000000000e+00 2.730789855823782027e-03 1.270196917473827942e-03 3.295785847685141125e-03 4.678615710476565284e-03 0.000000000000000000e+00 0.000000000000000000e+00 2.766132338079992092e-04 0.000000000000000000e+00 3.646936885449297144e-03 4.322329705732979623e-03 3.469891142493772979e-03
0.000000000000000000e+00 4.387461742656331883e-03 0.000000000000000000e+00 0.000000000000000000e+00 1.662460598587382939e-03 0.000000000000000000e+00 0.000000000000000000e+00 0.000000000000000000e+00 7.355723542847621014e-04 0.000000000000000000e+00 0.000000000000000000e+00 0.000000000000000000e+00 0.000000000000000000e+00 0.000000000000000000e+00 0.000000000000000000e+00 0.000000000000000000e+00 2.127261165334833146e-03 0.000000000000000000e+00 3.886006178514578129e-03 6.446280321119693965e-04 0.000000000000000000e+00 2.119308701584395917e-03 0.000000000000000000e+00 0.000000000000000000e+00 0.000000000000000000e+00
0.000000000000000000e+00 1.799465523456596900e-04 1.312167970303163922e-03 4.772122835065339096e-03 3.651299078630414023e-03 0.000000000000000000e+00 4.256672679038701109e-04 3.591758870465673950e-03 4.388551624466486742e-04 4.215838569660968101e-03 0.000000000000000000e+00 3.738483545293505139e-03 1.220335200441131918e-03 0.000000000000000000e+00 4.859962993730673059e-03 0.000000000000000000e+00 1.183360433448351918e-03 0.000000000000000000e+00 3.137754546827179868e-03 4.766298584155579353e-03 3.748106341575576164e-03 2.751298559621553202e-03 3.220537280892650164e-03 1.578702238785284918e-03 0.000000000000000000e+00
0.000000000000000000e+00 7.194589892144191137e-04 0.000000000000000000e+00 2.340434072178586202e-03 0.000000000000000000e+00 0.000000000000000000e+00 0.000000000000000000e+00 0.000000000000000000e+00 0.000000000000000000e+00 4.022694983227614179e-03 0.000000000000000000e+00 0.000000000000000000e+00 0.000000000000000000e+00 0.000000000000000000e+00 0.000000000000000000e+00 0.000000000000000000e+00 2.096770330283390018e-03 2.910212965847534892e-03 0.000000000000000000e+00 0.000000000000000000e+00 0.000000000000000000e+00 0.000000000000000000e+00 0.000000000000000000e+00 0.000000000000000000e+00 3.621876609284719901e-03
3.460176703701320008e-03 4.749104006281939898e-03 1.901396866842002984e-03 2.178678428401263113e-03 0.000000000000000000e+00 0.000000000000000000e+00 0.000000000000000000e+00 0.000000000000000000e+00 0.000000000000000000e+00 2.782368431364536879e-03 0.000000000000000000e+00 7.820015066815644853e-04 4.193708450558532308e-03 4.081005387709601799e-03 0.000000000000000000e+00 0.000000000000000000e+00 4.905008269423399153e-03 2.196948445537320795e-03 8.776759354231305175e-04 1.514162519833280908e-03 3.708292796194092179e-03 0.000000000000000000e+00 3.073749246014462894e-03 0.000000000000000000e+00 1.577855218695613129e-04
0.000000000000000000e+00 0.000000000000000000e+00 0.000000000000000000e+00 4.870836040833903232e-04 1.634786152241140969e-03 0.000000000000000000e+00 0.000000000000000000e+00 0.000000000000000000e+00 0.000000000000000000e+00 4.109973078478940632e-03 4.809325133191371705e-03 4.774811115380517106e-03 0.000000000000000000e+00 0.000000000000000000e+00 1.336291740536196902e-03 0.000000000000000000e+00 9.163801682737719289e-04 0.000000000000000000e+00 0.000000000000000000e+00 0.000000000000000000e+00 0.000000000000000000e+00 2.221955952741112850e-03 0.000000000000000000e+00 0.000000000000000000e+00 1.296902135539882003e-04
2.371246885840997808e-03 1.201738819703945067e-03 3.839838212429518786e-03 3.345116943599991954e-03 3.151376414679313894e-03 0.000000000000000000e+00 0.000000000000000000e+00 3.409053116232455948e-03 4.822984550696437882e-03 0.000000000000000000e+00 0.000000000000000000e+00 7.226882180345014541e-04 2.598597618694502114e-04 3.453032671421611861e-03 0.000000000000000000e+00 2.311352695837362093e-04 2.666645309633940814e-04 0.000000000000000000e+00 1.401085132390054045e-03 1.565369164604848895e-06 0.000000000000000000e+00 0.000000000000000000e+00 4.592711228777641985e-03 0.000000000000000000e+00 3.541204809804362943e-03
0.000000000000000000e+00 2.488758090097882916e-03 0.000000000000000000e+00 0.000000000000000000e+00 0.000000000000000000e+00 1.199317306212770943e-03 4.508986876945701044e-04 0.000000000000000000e+00 0.000000000000000000e+00 0.000000000000000000e+00 1.605220816063713000e-03 0.000000000000000000e+00 0.000000000000000000e+00 0.000000000000000000e+00 0.000000000000000000e+00 3.294850568781297010e-03 4.863004648561447367e-03 0.000000000000000000e+00 0.000000000000000000e+00 0.000000000000000000e+00 0.000000000000000000e+00 4.565825136211611353e-03 0.000000000000000000e+00 0.000000000000000000e+00 0.000000000000000000e+00
0.000000000000000000e+00 3.017953690939564112e-03 0.000000000000000000e+00 0.000000000000000000e+00 0.000000000000000000e+00 2.808164449826476994e-03 1.558950790040040902e-03 0.000000000000000000e+00 0.000000000000000000e+00 0.000000000000000000e+00 4.000796115836624187e-03 3.412135281990796225e-04 3.845383930475493057e-03 0.000000000000000000e+00 4.724186436276149766e-03 0.000000000000000000e+00 0.000000000000000000e+00 2.410081772630470135e-03 0.000000000000000000e+00 0.000000000000000000e+00 2.225827892820180030e-04 0.000000000000000000e+00 0.000000000000000000e+00 0.000000000000000000e+00 3.907485573383389851e-03
0.000000000000000000e+00 0.000000000000000000e+00 3.182088930743061199e-03 0.000000000000000000e+00 0.000000000000000000e+00 1.059480986662254083e-03 2.750339575845939157e-03 3.422762457128086019e-03 0.000000000000000000e+00 0.000000000000000000e+00 0.000000000000000000e+00 0.000000000000000000e+00 2.432387703859985968e-04 2.999382229462300813e-03 6.103398721860822532e-04 0.000000000000000000e+00 0.000000000000000000e+00 1.435752561083522951e-03 4.923457012774883589e-03 3.274001888142826118e-03 4.857319913627942097e-03 2.739835806642085085e-03 0.000000000000000000e+00 2.115263015203695926e-04 2.536152352745223940e-03
2.982989086423811810e-03 1.999946988833067787e-03 0.000000000000000000e+00 3.678507470448702152e-04 0.000000000000000000e+00 4.341633366011725392e-03 0.000000000000000000e+00 3.511114551730888916e-03 0.000000000000000000e+00 2.424665926610205125e-03 8.734393841414280282e-04 0.000000000000000000e+00 0.000000000000000000e+00 0.000000000000000000e+00 4.157893287269679578e-03 0.000000000000000000e+00 0.000000000000000000e+00 0.000000000000000000e+00 0.000000000000000000e+00 7.354756947238080779e-04 0.000000000000000000e+00 9.688555082925252773e-04 0.000000000000000000e+00 0.000000000000000000e+00 0.000000000000000000e+00
