# # File created on Fri May 17 15:42:10 2024
#  # The following metaparameters were used for this matrix optimization : gamma0 = 0.5; alpha0 = 0; sigma0 = 0.25; l0 = 1;p = 1; R0 = 1; S0 = 0.05; NR = 25; NS = 25; matrix path = matrices/Nr25_Nc25/consumption/RandTrix_Nr25_Nc25_Nest0.45_Conn0.2672.txt; convergence threshold = 1e-08
# 
0.000000000000000000e+00 3.142594278065282895e-03 3.614660868578208931e-03 6.006289832802217538e-04 0.000000000000000000e+00 4.830075356677508355e-03 4.401104966643093995e-03 3.252496030280268863e-03 9.914568348886711527e-04 2.757884297489057203e-03 2.648218664851896120e-03 1.399041715059006971e-03 2.052797688079724143e-03 0.000000000000000000e+00 3.155477383210938090e-03 0.000000000000000000e+00 0.000000000000000000e+00 2.668524773138003948e-03 2.675918883086228928e-03 0.000000000000000000e+00 1.522939459266374994e-03 0.000000000000000000e+00 0.000000000000000000e+00 4.829581707412299203e-03 0.000000000000000000e+00
0.000000000000000000e+00 0.000000000000000000e+00 3.265130364369696944e-03 0.000000000000000000e+00 0.000000000000000000e+00 0.000000000000000000e+00 0.000000000000000000e+00 4.625136264236861736e-03 7.453105340594400952e-05 0.000000000000000000e+00 1.521713252063772040e-03 0.000000000000000000e+00 2.781244478848741031e-03 0.000000000000000000e+00 3.338423021439234153e-03 0.000000000000000000e+00 1.374430873107486102e-03 1.233296991418999025e-03 0.000000000000000000e+00 1.507453167569175944e-03 1.382367780450634905e-03 0.000000000000000000e+00 4.358390091126105974e-03 2.452114900189311143e-03 4.053369637267357183e-03
3.415728003237581030e-03 0.000000000000000000e+00 0.000000000000000000e+00 4.891958321585019968e-03 0.000000000000000000e+00 7.438373191088606604e-04 1.706747333572329909e-03 0.000000000000000000e+00 0.000000000000000000e+00 1.632707530804543066e-04 3.079961999603295086e-03 6.105012326042310710e-04 3.527257737667126823e-03 0.000000000000000000e+00 0.000000000000000000e+00 0.000000000000000000e+00 0.000000000000000000e+00 0.000000000000000000e+00 1.781812849757734903e-03 9.626132114805832293e-04 0.000000000000000000e+00 0.000000000000000000e+00 0.000000000000000000e+00 2.442747128122149929e-03 0.000000000000000000e+00
2.917779525368485055e-04 3.173320790816194954e-03 4.658693091233245126e-03 0.000000000000000000e+00 1.806264054077107942e-03 0.000000000000000000e+00 4.331371574209049759e-03 1.415559062591022904e-03 3.037807517524296862e-03 0.000000000000000000e+00 0.000000000000000000e+00 4.184954661422704211e-03 4.328902765458419663e-03 0.000000000000000000e+00 3.631682481403687105e-03 2.655624984649693036e-03 0.000000000000000000e+00 1.227556855618481104e-03 0.000000000000000000e+00 3.103558776233516885e-03 0.000000000000000000e+00 0.000000000000000000e+00 0.000000000000000000e+00 0.000000000000000000e+00 2.870432980931751209e-03
0.000000000000000000e+00 3.048534768594555067e-03 1.988773205338556158e-03 0.000000000000000000e+00 0.000000000000000000e+00 0.000000000000000000e+00 2.587071763484849810e-03 0.000000000000000000e+00 2.625982541282652176e-03 8.006681314135518463e-04 8.194639807874290124e-04 3.320845011834175787e-03 7.908033563209525317e-04 1.174630406416801980e-03 1.098786796362206898e-03 0.000000000000000000e+00 2.820181756993399118e-03 5.293447565888948934e-04 0.000000000000000000e+00 0.000000000000000000e+00 3.361417146698453089e-03 4.865151753291837612e-03 0.000000000000000000e+00 3.420621389975069156e-03 0.000000000000000000e+00
0.000000000000000000e+00 3.532400529040855171e-03 0.000000000000000000e+00 0.000000000000000000e+00 0.000000000000000000e+00 1.279143131716029957e-03 2.288479553544681014e-04 0.000000000000000000e+00 0.000000000000000000e+00 4.028873395134720606e-03 3.295405797097273985e-03 1.973732367931304958e-03 1.106702580552993039e-03 0.000000000000000000e+00 0.000000000000000000e+00 1.270020148214113034e-03 3.925681525649710700e-03 4.225552159006327677e-03 1.231159531046440011e-03 2.090507472442229130e-03 0.000000000000000000e+00 1.417530182875825990e-03 0.000000000000000000e+00 7.458328544383115372e-04 9.706553728171112580e-05
3.646814787006385800e-03 0.000000000000000000e+00 1.953967259800278976e-03 2.175519429667002117e-04 0.000000000000000000e+00 1.550129634727247024e-03 0.000000000000000000e+00 2.864383475332909178e-03 0.000000000000000000e+00 0.000000000000000000e+00 3.511833415663758850e-03 0.000000000000000000e+00 0.000000000000000000e+00 2.094814580206769909e-04 0.000000000000000000e+00 0.000000000000000000e+00 0.000000000000000000e+00 3.858062916853545118e-03 0.000000000000000000e+00 2.685046976988774998e-03 2.589785942438695924e-03 0.000000000000000000e+00 3.450111065842957018e-03 1.080237027485030912e-03 1.450992360267581082e-03
0.000000000000000000e+00 9.201431083272392170e-04 3.883718911894320884e-03 0.000000000000000000e+00 0.000000000000000000e+00 4.944325386544843291e-03 0.000000000000000000e+00 0.000000000000000000e+00 4.837234239731925760e-04 0.000000000000000000e+00 0.000000000000000000e+00 2.587695280229247892e-03 3.400423396565745160e-03 2.318463887829966871e-03 0.000000000000000000e+00 0.000000000000000000e+00 3.898952240961484073e-03 2.822725877904309032e-03 3.030887349347862175e-03 1.071261625487803047e-03 2.119531972809350021e-03 4.174123820859109921e-03 0.000000000000000000e+00 0.000000000000000000e+00 0.000000000000000000e+00
0.000000000000000000e+00 0.000000000000000000e+00 1.392801553933682062e-03 0.000000000000000000e+00 3.877916842749325101e-03 8.931992245662337838e-04 4.553883047040958691e-03 0.000000000000000000e+00 0.000000000000000000e+00 0.000000000000000000e+00 3.894342665014525074e-03 2.380030918534072092e-04 0.000000000000000000e+00 1.515616399478094930e-03 0.000000000000000000e+00 0.000000000000000000e+00 2.458381394010672114e-03 0.000000000000000000e+00 1.425059079454915091e-03 2.755030393663690947e-03 0.000000000000000000e+00 4.766255902092911279e-03 1.934763776481074901e-03 0.000000000000000000e+00 6.668971311870438212e-04
3.865306254070294094e-03 1.281814725693764022e-03 1.104669294861854026e-04 0.000000000000000000e+00 0.000000000000000000e+00 3.787582489385668116e-03 1.534236731451577929e-03 4.119547707768131742e-03 0.000000000000000000e+00 1.294949958685266906e-03 4.892955224426948427e-03 4.866432917123171206e-03 0.000000000000000000e+00 4.370891961557128204e-03 0.000000000000000000e+00 8.521380758152650959e-04 3.148939761712920941e-03 4.190638891291642923e-03 2.347779126235221853e-03 3.492785788147160803e-03 0.000000000000000000e+00 0.000000000000000000e+00 4.192321769506792209e-03 0.000000000000000000e+00 0.000000000000000000e+00
0.000000000000000000e+00 3.132359094239266055e-03 0.000000000000000000e+00 0.000000000000000000e+00 0.000000000000000000e+00 3.264878121082814052e-03 0.000000000000000000e+00 0.000000000000000000e+00 6.175035330634447714e-04 3.833839619552329922e-03 4.482246017433256721e-03 0.000000000000000000e+00 3.767279696831145851e-03 4.409295032082882065e-03 4.006993524639120702e-03 0.000000000000000000e+00 0.000000000000000000e+00 3.599762094605794935e-04 0.000000000000000000e+00 0.000000000000000000e+00 0.000000000000000000e+00 0.000000000000000000e+00 0.000000000000000000e+00 1.607198184835391950e-04 0.000000000000000000e+00
0.000000000000000000e+00 0.000000000000000000e+00 2.150293829012792177e-03 0.000000000000000000e+00 2.461943065599958916e-03 3.343024058742893791e-03 4.315146628317405655e-03 2.740145060650780767e-04 0.000000000000000000e+00 0.000000000000000000e+00 4.213362751400369886e-03 0.000000000000000000e+00 0.000000000000000000e+00 3.005031154664644828e-03 1.158357432662938946e-03 0.000000000000000000e+00 4.876406238311078241e-04 0.000000000000000000e+00 1.157741862579333996e-05 4.369648273850101948e-04 1.327707212307493003e-03 0.000000000000000000e+00 2.689365039911459105e-03 0.000000000000000000e+00 0.000000000000000000e+00
2.547526403469120137e-03 0.000000000000000000e+00 0.000000000000000000e+00 3.148164723398301067e-03 3.894493424517960021e-03 0.000000000000000000e+00 5.775320021840674471e-04 4.109716542776842806e-03 0.000000000000000000e+00 2.402750155009408892e-03 4.722583140207727188e-03 3.280661506597227096e-03 4.657301330008817124e-04 0.000000000000000000e+00 0.000000000000000000e+00 2.366385868957811018e-03 0.000000000000000000e+00 2.110361544182254214e-03 0.000000000000000000e+00 3.013753823307446181e-03 0.000000000000000000e+00 0.000000000000000000e+00 0.000000000000000000e+00 0.000000000000000000e+00 0.000000000000000000e+00
0.000000000000000000e+00 3.449198867941238953e-03 0.000000000000000000e+00 1.578338969949687936e-03 0.000000000000000000e+00 2.954823458860132051e-04 2.674577619251529859e-03 0.000000000000000000e+00 0.000000000000000000e+00 1.199725428549883958e-03 8.818876945452451370e-04 2.234658898900749018e-03 0.000000000000000000e+00 0.000000000000000000e+00 0.000000000000000000e+00 0.000000000000000000e+00 0.000000000000000000e+00 1.314215207652912097e-03 3.529590745456071856e-03 2.038996967707046851e-05 0.000000000000000000e+00 2.334290165798706077e-03 0.000000000000000000e+00 4.882136514130074913e-03 0.000000000000000000e+00
0.000000000000000000e+00 0.000000000000000000e+00 0.000000000000000000e+00 6.367821890790021462e-04 0.000000000000000000e+00 0.000000000000000000e+00 0.000000000000000000e+00 0.000000000000000000e+00 0.000000000000000000e+00 0.000000000000000000e+00 2.854649669554907079e-03 3.427317129551083873e-03 3.043013692804247793e-03 4.877504962201482074e-03 0.000000000000000000e+00 1.220498185887973020e-04 0.000000000000000000e+00 4.516400493836505818e-03 2.750374712110341055e-03 3.265307428175800216e-03 0.000000000000000000e+00 0.000000000000000000e+00 4.882454197278734628e-03 0.000000000000000000e+00 0.000000000000000000e+00
4.256374396164759252e-03 3.145680638978283136e-03 0.000000000000000000e+00 0.000000000000000000e+00 0.000000000000000000e+00 4.270306367637933739e-03 0.000000000000000000e+00 2.123726236460407070e-03 0.000000000000000000e+00 1.210115769930057966e-03 0.000000000000000000e+00 0.000000000000000000e+00 4.742320404299888228e-03 0.000000000000000000e+00 0.000000000000000000e+00 1.257088579667857886e-04 2.359590023131433786e-03 0.000000000000000000e+00 3.435838369519916054e-03 1.020048635093654061e-03 3.311214200805654914e-03 0.000000000000000000e+00 0.000000000000000000e+00 0.000000000000000000e+00 0.000000000000000000e+00
3.071128425584078187e-03 0.000000000000000000e+00 0.000000000000000000e+00 0.000000000000000000e+00 2.135884123181154028e-04 0.000000000000000000e+00 1.199469111901644951e-03 0.000000000000000000e+00 0.000000000000000000e+00 0.000000000000000000e+00 0.000000000000000000e+00 0.000000000000000000e+00 3.170526105497895909e-03 0.000000000000000000e+00 0.000000000000000000e+00 0.000000000000000000e+00 4.270728064300498630e-03 2.527166257381606006e-03 4.394154356603845245e-04 9.644038824988392664e-04 0.000000000000000000e+00 1.537975836463052054e-03 0.000000000000000000e+00 2.843082155801503023e-03 0.000000000000000000e+00
0.000000000000000000e+00 0.000000000000000000e+00 0.000000000000000000e+00 2.166663072352041121e-03 0.000000000000000000e+00 2.643026153122838770e-04 0.000000000000000000e+00 0.000000000000000000e+00 1.914101785331660897e-03 1.935052830837518994e-04 1.145888243926053039e-03 0.000000000000000000e+00 3.316720955299126803e-04 0.000000000000000000e+00 4.071051287513616224e-03 2.987048125363257062e-03 0.000000000000000000e+00 0.000000000000000000e+00 1.843419325266739978e-03 0.000000000000000000e+00 0.000000000000000000e+00 0.000000000000000000e+00 3.716506407710924980e-03 2.628113611132478888e-03 0.000000000000000000e+00
3.623658972171356959e-03 4.122566488815970591e-03 0.000000000000000000e+00 0.000000000000000000e+00 0.000000000000000000e+00 0.000000000000000000e+00 4.836017057519323252e-03 0.000000000000000000e+00 2.040859811471049980e-03 3.907958702534667164e-03 4.554571108609320636e-03 9.099019312021107159e-04 1.974569495365010967e-03 0.000000000000000000e+00 0.000000000000000000e+00 0.000000000000000000e+00 0.000000000000000000e+00 3.613226267192634210e-04 0.000000000000000000e+00 0.000000000000000000e+00 1.736738114219388979e-03 0.000000000000000000e+00 4.352227507828951921e-04 0.000000000000000000e+00 0.000000000000000000e+00
0.000000000000000000e+00 4.311283311423510199e-03 0.000000000000000000e+00 2.244085868308492917e-04 6.113273274916511445e-04 0.000000000000000000e+00 1.552152730271844951e-03 4.308781905305154002e-03 0.000000000000000000e+00 1.341207906149005083e-03 1.339729289548572083e-04 1.794072842224037978e-03 2.883332605506141056e-03 0.000000000000000000e+00 0.000000000000000000e+00 3.142002443617386825e-03 2.574558452114261188e-03 7.287475240003503472e-04 3.712585273898457859e-04 0.000000000000000000e+00 0.000000000000000000e+00 1.320006604764410079e-03 3.488085762171475816e-03 2.840126635128639027e-03 0.000000000000000000e+00
8.237507170214545182e-04 2.304858258511198032e-03 0.000000000000000000e+00 0.000000000000000000e+00 4.408848009915284239e-04 4.630453995135407758e-03 4.768450703779485676e-03 0.000000000000000000e+00 0.000000000000000000e+00 4.038731853870799852e-03 1.649920068631170983e-04 0.000000000000000000e+00 0.000000000000000000e+00 4.884481287685948393e-03 0.000000000000000000e+00 0.000000000000000000e+00 3.894026389978042998e-03 0.000000000000000000e+00 0.000000000000000000e+00 0.000000000000000000e+00 8.086081347856418971e-04 0.000000000000000000e+00 1.951940848369730901e-03 2.692310969314744198e-03 0.000000000000000000e+00
3.539077867025463859e-03 2.421391430281727083e-03 0.000000000000000000e+00 1.863689533724275033e-03 0.000000000000000000e+00 3.274159773956670898e-03 0.000000000000000000e+00 4.866299397951137249e-04 0.000000000000000000e+00 0.000000000000000000e+00 3.554809115501731797e-03 2.700934405176015889e-03 0.000000000000000000e+00 1.835297757779812047e-03 0.000000000000000000e+00 2.912313215322143937e-03 0.000000000000000000e+00 2.983557848391462947e-03 4.643906751824115713e-03 0.000000000000000000e+00 0.000000000000000000e+00 0.000000000000000000e+00 2.438825347886921027e-03 0.000000000000000000e+00 1.146777563972735999e-03
0.000000000000000000e+00 0.000000000000000000e+00 9.514412282856562477e-04 0.000000000000000000e+00 1.869461536255674085e-04 0.000000000000000000e+00 0.000000000000000000e+00 3.112992979251312173e-03 3.678725756011515854e-03 1.924749204912395983e-03 0.000000000000000000e+00 0.000000000000000000e+00 4.963065995894107643e-03 0.000000000000000000e+00 0.000000000000000000e+00 2.076947224625177828e-03 1.048708694693828913e-03 0.000000000000000000e+00 0.000000000000000000e+00 4.670543420255485016e-03 0.000000000000000000e+00 1.797432345616005065e-03 0.000000000000000000e+00 1.849735034795022036e-03 2.736572408165966028e-04
2.144835296095820923e-03 4.921063961373238656e-03 1.854869527754770967e-03 2.817157195754967178e-04 0.000000000000000000e+00 0.000000000000000000e+00 4.804441990798793277e-03 0.000000000000000000e+00 3.192956559365669068e-03 7.706232470658469589e-04 4.356419060490304869e-03 0.000000000000000000e+00 1.269964736740873982e-03 2.513724059928396180e-03 2.233558773598934115e-03 0.000000000000000000e+00 1.241191231532648084e-03 4.611151157660808853e-03 4.069230757858925858e-03 4.284567007763595732e-03 2.795309848629723079e-03 4.981294517467462803e-03 0.000000000000000000e+00 2.651519937555881206e-03 1.881617892424123023e-03
5.818975177661994376e-04 4.756027424865487754e-03 4.251229029428813151e-03 1.109741157963735000e-03 2.150295034453038063e-03 1.559841971939625966e-03 3.570247071623147868e-03 0.000000000000000000e+00 4.431609055576865575e-03 0.000000000000000000e+00 0.000000000000000000e+00 1.535290429088031084e-03 1.911441879857590049e-03 3.227753640155082895e-03 1.309790395218069989e-03 0.000000000000000000e+00 3.591439498104997876e-03 3.508027307202859005e-03 1.452895600712648949e-03 0.000000000000000000e+00 0.000000000000000000e+00 4.731461015944172371e-03 0.000000000000000000e+00 0.000000000000000000e+00 4.081176637043957244e-03
