# # File created on Fri May 17 15:42:11 2024
#  # The following metaparameters were used for this matrix optimization : gamma0 = 0.5; alpha0 = 0; sigma0 = 0.25; l0 = 1;p = 1; R0 = 1; S0 = 0.05; NR = 25; NS = 25; matrix path = matrices/Nr25_Nc25/consumption/RandTrix_Nr25_Nc25_Nest0.4_Conn0.1232.txt; convergence threshold = 1e-08
# 
3.739546083485235060e-03 0.000000000000000000e+00 0.000000000000000000e+00 0.000000000000000000e+00 0.000000000000000000e+00 0.000000000000000000e+00 1.782180491611347079e-03 0.000000000000000000e+00 0.000000000000000000e+00 0.000000000000000000e+00 0.000000000000000000e+00 3.166846747169759944e-04 3.856983338215052887e-04 0.000000000000000000e+00 7.281464951335135530e-04 0.000000000000000000e+00 0.000000000000000000e+00 2.761764854436089909e-03 0.000000000000000000e+00 0.000000000000000000e+00 0.000000000000000000e+00 0.000000000000000000e+00 0.000000000000000000e+00 4.435158440504830961e-05 4.442154358126067237e-03
0.000000000000000000e+00 4.896821336233767377e-03 0.000000000000000000e+00 1.723812744725615074e-03 0.000000000000000000e+00 0.000000000000000000e+00 0.000000000000000000e+00 3.133994707395660901e-03 0.000000000000000000e+00 2.720962762128689965e-03 0.000000000000000000e+00 2.093068716992566025e-03 0.000000000000000000e+00 1.213664876416417019e-03 3.434088300728191118e-03 0.000000000000000000e+00 0.000000000000000000e+00 7.638206159601311149e-04 0.000000000000000000e+00 3.238906914501017177e-03 0.000000000000000000e+00 3.231514534068039794e-03 0.000000000000000000e+00 0.000000000000000000e+00 0.000000000000000000e+00
4.502149301744438892e-03 0.000000000000000000e+00 3.927340574277448162e-03 0.000000000000000000e+00 6.069577877637016112e-05 0.000000000000000000e+00 3.576947129404928205e-03 2.609001759450051139e-03 0.000000000000000000e+00 1.360246388903680974e-04 0.000000000000000000e+00 1.506783700981811046e-03 3.634794621608582101e-03 0.000000000000000000e+00 0.000000000000000000e+00 0.000000000000000000e+00 0.000000000000000000e+00 0.000000000000000000e+00 0.000000000000000000e+00 3.588829848724984801e-03 4.220520487337255794e-03 2.132707734210895819e-03 0.000000000000000000e+00 3.540279510987125785e-03 1.426924839209209924e-03
0.000000000000000000e+00 0.000000000000000000e+00 1.704792786426030963e-03 0.000000000000000000e+00 0.000000000000000000e+00 0.000000000000000000e+00 2.402857826593129010e-03 8.482913984360046077e-04 4.826281701758908770e-03 0.000000000000000000e+00 3.781138953569400819e-03 0.000000000000000000e+00 0.000000000000000000e+00 0.000000000000000000e+00 0.000000000000000000e+00 0.000000000000000000e+00 4.589824074644839949e-03 4.752759055978389088e-03 0.000000000000000000e+00 3.365162856668311910e-03 0.000000000000000000e+00 1.801804472609703925e-03 0.000000000000000000e+00 2.559256562745693023e-04 0.000000000000000000e+00
0.000000000000000000e+00 0.000000000000000000e+00 0.000000000000000000e+00 8.715131135472801690e-04 0.000000000000000000e+00 2.401512529348219082e-03 2.266887803782559156e-03 0.000000000000000000e+00 4.898138330429500399e-03 1.657906393411499998e-03 0.000000000000000000e+00 0.000000000000000000e+00 3.501803091778065997e-03 0.000000000000000000e+00 1.661944515804307954e-03 2.586048221680597135e-03 4.164739436930211397e-03 0.000000000000000000e+00 0.000000000000000000e+00 4.484415031251231046e-03 2.433493292605145089e-03 0.000000000000000000e+00 3.034928470972749186e-03 3.782727399329715180e-03 0.000000000000000000e+00
3.683942108983020904e-03 0.000000000000000000e+00 4.631912989922128826e-03 3.934661354550382864e-03 0.000000000000000000e+00 0.000000000000000000e+00 1.684338697658567053e-03 0.000000000000000000e+00 0.000000000000000000e+00 0.000000000000000000e+00 0.000000000000000000e+00 7.949967010753203724e-04 3.311946657013768985e-03 0.000000000000000000e+00 0.000000000000000000e+00 4.968523339704119732e-03 3.034208676962445997e-04 0.000000000000000000e+00 0.000000000000000000e+00 0.000000000000000000e+00 7.091915121721045529e-05 0.000000000000000000e+00 0.000000000000000000e+00 0.000000000000000000e+00 0.000000000000000000e+00
1.623283509466275911e-03 0.000000000000000000e+00 3.059067161955338846e-03 0.000000000000000000e+00 0.000000000000000000e+00 1.603117778189054902e-03 0.000000000000000000e+00 0.000000000000000000e+00 2.630850398081230855e-03 1.726399485862998044e-03 0.000000000000000000e+00 0.000000000000000000e+00 0.000000000000000000e+00 0.000000000000000000e+00 0.000000000000000000e+00 0.000000000000000000e+00 5.733536068401962277e-04 0.000000000000000000e+00 2.493591627519171905e-03 4.205010090057574590e-03 1.983207181484673929e-03 6.970029032929508060e-04 4.682499673345517054e-03 6.294473675311114131e-05 0.000000000000000000e+00
4.998963376956763911e-03 1.909163387969480940e-03 0.000000000000000000e+00 4.237220439581992210e-03 0.000000000000000000e+00 0.000000000000000000e+00 0.000000000000000000e+00 2.357649218919814858e-03 0.000000000000000000e+00 3.295109016161330145e-03 0.000000000000000000e+00 0.000000000000000000e+00 1.881462995258683930e-04 1.449976584593647101e-03 0.000000000000000000e+00 1.295809442477131087e-03 0.000000000000000000e+00 0.000000000000000000e+00 3.276479029358658843e-03 0.000000000000000000e+00 2.788850376543119871e-03 4.962498754993035864e-05 1.957185996139467962e-03 4.652759317251939364e-03 8.401900097085231471e-04
0.000000000000000000e+00 0.000000000000000000e+00 0.000000000000000000e+00 1.092228972350503058e-03 2.059189661681603070e-03 0.000000000000000000e+00 0.000000000000000000e+00 0.000000000000000000e+00 3.268501968801902895e-03 2.215328798697788811e-03 0.000000000000000000e+00 0.000000000000000000e+00 8.681336922336154718e-04 0.000000000000000000e+00 0.000000000000000000e+00 3.847217536456113036e-03 0.000000000000000000e+00 0.000000000000000000e+00 0.000000000000000000e+00 1.200161788525838961e-03 3.384319373153058148e-03 2.519569380664945894e-03 1.783074571874900894e-03 4.896713740391227081e-03 4.441758077041427569e-03
2.036224306879380087e-03 0.000000000000000000e+00 0.000000000000000000e+00 1.053444924135799087e-03 3.381564095029032050e-03 2.902450322790536916e-03 0.000000000000000000e+00 7.656957696973962528e-04 0.000000000000000000e+00 0.000000000000000000e+00 0.000000000000000000e+00 0.000000000000000000e+00 0.000000000000000000e+00 4.983122895089560182e-03 3.856606566482594935e-04 0.000000000000000000e+00 0.000000000000000000e+00 0.000000000000000000e+00 4.626965681561234778e-03 4.991102435461446281e-03 6.493697822643469501e-04 4.370499390337442835e-03 1.403175533365305042e-03 0.000000000000000000e+00 0.000000000000000000e+00
0.000000000000000000e+00 0.000000000000000000e+00 0.000000000000000000e+00 1.022795118832916985e-03 1.271607902135675960e-03 3.640354901021360871e-04 0.000000000000000000e+00 4.909527496875946105e-03 3.252601402485977202e-03 0.000000000000000000e+00 2.208377261429948953e-03 1.960246997220839015e-03 0.000000000000000000e+00 4.396629915812313993e-03 0.000000000000000000e+00 0.000000000000000000e+00 0.000000000000000000e+00 3.101057999573450866e-03 2.504660952228978093e-03 4.310545570560689668e-03 0.000000000000000000e+00 2.646970748662292976e-03 2.256459339663713978e-03 0.000000000000000000e+00 0.000000000000000000e+00
0.000000000000000000e+00 5.930426345913030134e-04 9.054172800763571208e-04 0.000000000000000000e+00 0.000000000000000000e+00 1.319046164003252102e-03 2.680873346818581082e-03 2.622514830899609801e-03 8.702707861350507477e-05 2.351011986326632854e-03 1.059344170144968034e-03 3.147902423372567204e-03 3.363024334622982149e-03 4.881528382028915009e-03 0.000000000000000000e+00 4.479425986948516389e-03 1.047205199673320033e-03 0.000000000000000000e+00 0.000000000000000000e+00 2.432584564913498960e-04 0.000000000000000000e+00 2.531030053344515088e-03 0.000000000000000000e+00 1.403945335746555967e-03 2.222608277098965025e-04
0.000000000000000000e+00 1.167144963006420028e-04 0.000000000000000000e+00 8.319743937374629627e-04 0.000000000000000000e+00 0.000000000000000000e+00 5.618794384063903382e-04 0.000000000000000000e+00 1.053056705830286927e-03 8.755949749247135972e-04 3.708356893800242044e-03 4.786761804924431415e-03 0.000000000000000000e+00 1.838447452831520976e-03 0.000000000000000000e+00 0.000000000000000000e+00 3.839931854989577821e-03 3.591829606906587861e-03 0.000000000000000000e+00 0.000000000000000000e+00 1.768392835689810896e-03 4.872907182853165008e-03 3.859413554282522998e-03 0.000000000000000000e+00 0.000000000000000000e+00
0.000000000000000000e+00 1.884520860771304049e-03 0.000000000000000000e+00 0.000000000000000000e+00 4.370269724064968116e-03 2.387913370852874206e-03 0.000000000000000000e+00 0.000000000000000000e+00 1.701983746880553075e-03 0.000000000000000000e+00 1.863683880703869084e-03 2.667545417456059203e-03 1.342627869180281017e-03 3.095533146703573907e-03 2.023821665012685844e-03 7.942912546419964286e-04 2.572283464425778078e-03 1.278657041620497080e-03 3.111285762941123131e-03 1.830769985792183013e-03 3.586214275059832011e-03 0.000000000000000000e+00 0.000000000000000000e+00 0.000000000000000000e+00 1.866872629395359071e-03
0.000000000000000000e+00 0.000000000000000000e+00 2.476244148169400201e-03 2.366995043227006982e-05 2.930404011164990108e-03 0.000000000000000000e+00 0.000000000000000000e+00 4.927950534122493148e-04 0.000000000000000000e+00 1.376276566293849982e-03 2.567829488087695899e-03 0.000000000000000000e+00 4.281653695506822989e-03 4.120439632308906669e-03 0.000000000000000000e+00 2.693931769335107876e-03 0.000000000000000000e+00 0.000000000000000000e+00 4.670338927097333372e-03 5.693078569654159635e-04 0.000000000000000000e+00 0.000000000000000000e+00 5.461358256675220933e-04 1.765864509996639990e-03 0.000000000000000000e+00
0.000000000000000000e+00 9.458937981491730065e-04 0.000000000000000000e+00 3.736196848860645191e-03 1.586912108098570895e-03 0.000000000000000000e+00 4.490092503376836956e-03 1.290370855490888084e-03 0.000000000000000000e+00 4.972910896682143124e-03 4.919577756353571418e-03 2.231141242106132901e-04 0.000000000000000000e+00 0.000000000000000000e+00 1.248900940701377959e-03 3.824653617896506003e-03 0.000000000000000000e+00 8.662100824182177201e-04 3.329378766223713842e-03 0.000000000000000000e+00 0.000000000000000000e+00 7.401733123920027852e-04 1.078476079218628923e-03 1.331467249302533936e-03 0.000000000000000000e+00
0.000000000000000000e+00 1.879879441062871004e-03 3.685237425655069087e-04 0.000000000000000000e+00 3.209107972315901076e-03 8.843704336704245406e-04 2.753529707802479173e-03 0.000000000000000000e+00 0.000000000000000000e+00 3.011367676573087088e-03 0.000000000000000000e+00 3.608508442743464141e-03 1.386406202548013051e-03 0.000000000000000000e+00 5.063402331160474961e-04 0.000000000000000000e+00 2.594694468828484969e-03 7.447628400538561168e-05 0.000000000000000000e+00 3.106567430541680181e-03 1.084165756836357039e-03 0.000000000000000000e+00 3.518394697771438928e-03 4.044606128530451976e-03 4.130472260698784225e-03
0.000000000000000000e+00 0.000000000000000000e+00 2.053999346918738891e-03 3.674901304920416990e-03 3.551676726394959079e-03 2.725988125531931140e-03 2.000088502119511894e-03 0.000000000000000000e+00 0.000000000000000000e+00 4.400802762399945792e-03 0.000000000000000000e+00 0.000000000000000000e+00 0.000000000000000000e+00 0.000000000000000000e+00 0.000000000000000000e+00 0.000000000000000000e+00 8.183072457622578722e-04 0.000000000000000000e+00 0.000000000000000000e+00 0.000000000000000000e+00 0.000000000000000000e+00 1.294202792752335070e-03 0.000000000000000000e+00 1.198520308060616957e-03 3.190731285146090803e-03
0.000000000000000000e+00 0.000000000000000000e+00 0.000000000000000000e+00 1.399573873788462035e-03 0.000000000000000000e+00 1.889568065068350988e-03 0.000000000000000000e+00 4.147454401069275952e-03 1.312992759784040880e-04 0.000000000000000000e+00 2.196817823273529858e-03 1.293090526634814094e-03 3.381435640525213941e-03 0.000000000000000000e+00 4.976171468434389088e-03 0.000000000000000000e+00 0.000000000000000000e+00 1.853348212481743026e-03 2.336246841804774047e-03 3.322270620314481202e-03 0.000000000000000000e+00 7.382555005746916678e-04 2.601507950331401978e-03 2.882174686367160957e-03 0.000000000000000000e+00
1.242654554049246090e-03 3.104788518820446059e-03 4.291402024210489992e-04 0.000000000000000000e+00 0.000000000000000000e+00 6.237671446629534976e-04 2.191376286458609091e-03 0.000000000000000000e+00 2.169418719916760101e-03 0.000000000000000000e+00 3.503830762122369866e-03 1.874184278971683087e-03 4.312439335729341405e-03 0.000000000000000000e+00 9.324287505417575526e-04 1.468152915661833974e-04 0.000000000000000000e+00 1.160113309741385044e-03 0.000000000000000000e+00 0.000000000000000000e+00 1.652844038749284048e-03 0.000000000000000000e+00 5.813639775011912071e-04 0.000000000000000000e+00 0.000000000000000000e+00
0.000000000000000000e+00 1.894289741157678968e-04 0.000000000000000000e+00 0.000000000000000000e+00 2.086891185804715804e-03 2.336720662631667882e-03 1.011051137896387024e-03 5.191363321188197214e-05 1.723888484244630098e-03 0.000000000000000000e+00 0.000000000000000000e+00 0.000000000000000000e+00 0.000000000000000000e+00 3.267046309069559888e-03 5.575138078414889481e-04 0.000000000000000000e+00 0.000000000000000000e+00 1.585387574730816058e-03 1.339392103009292949e-03 2.952683710499661926e-03 3.288435153796408152e-04 1.403608456163249084e-03 0.000000000000000000e+00 3.404172413253489168e-03 0.000000000000000000e+00
0.000000000000000000e+00 2.612312337729395112e-03 0.000000000000000000e+00 0.000000000000000000e+00 3.639150999525241938e-03 0.000000000000000000e+00 0.000000000000000000e+00 0.000000000000000000e+00 0.000000000000000000e+00 1.543858276568287969e-03 7.267653542892127524e-04 0.000000000000000000e+00 3.000247120450515821e-04 4.396956030546775654e-03 0.000000000000000000e+00 0.000000000000000000e+00 0.000000000000000000e+00 3.037593966997927802e-03 0.000000000000000000e+00 4.539865080694389238e-03 0.000000000000000000e+00 3.274104528763319057e-03 0.000000000000000000e+00 1.003597044768279965e-03 0.000000000000000000e+00
3.904191539537685794e-03 2.803007093169748113e-03 0.000000000000000000e+00 1.008787564038353922e-03 3.734676966612819875e-03 0.000000000000000000e+00 1.853672792469926054e-03 0.000000000000000000e+00 0.000000000000000000e+00 7.903533665437321477e-04 0.000000000000000000e+00 2.286257202752631831e-03 0.000000000000000000e+00 4.301928943019529654e-03 3.559476981134622117e-03 0.000000000000000000e+00 4.281162104312061407e-03 1.016021114533338958e-03 0.000000000000000000e+00 0.000000000000000000e+00 3.906412658410676406e-03 0.000000000000000000e+00 2.321017716015808148e-03 0.000000000000000000e+00 0.000000000000000000e+00
0.000000000000000000e+00 0.000000000000000000e+00 0.000000000000000000e+00 0.000000000000000000e+00 0.000000000000000000e+00 4.561736630901513587e-03 4.041044344372439999e-03 4.196961210454593777e-03 2.200600610879391815e-03 3.595828128895068795e-03 2.727701590495377874e-04 1.947083228797586894e-04 3.956032463926747664e-03 0.000000000000000000e+00 2.313661450829022827e-03 0.000000000000000000e+00 2.807215834385882059e-03 3.274762462817944197e-03 0.000000000000000000e+00 0.000000000000000000e+00 0.000000000000000000e+00 1.940915700238691989e-03 0.000000000000000000e+00 3.600586250737814863e-03 1.808976813025220886e-04
2.177045324520256869e-03 5.119859046976733960e-04 8.199411436198318767e-04 4.356229035138993802e-03 0.000000000000000000e+00 0.000000000000000000e+00 3.067962049206693007e-03 1.021311573424455062e-03 4.752935643644482129e-03 3.772742989357294810e-03 2.829911290063419089e-03 0.000000000000000000e+00 0.000000000000000000e+00 2.256511398280798206e-03 0.000000000000000000e+00 3.742043603671243220e-04 0.000000000000000000e+00 3.143668890327262072e-03 0.000000000000000000e+00 4.992922977580868150e-03 0.000000000000000000e+00 9.554904305321965650e-05 1.501606657080313935e-03 0.000000000000000000e+00 3.128704505428511057e-03
