# File created on Fri May 17 15:42:10 2024
# The following metaparameters were used for this matrix optimization : gamma0 = 0.5; alpha0 = 0; sigma0 = 0.25; l0 = 1;p = 1; R0 = 1; S0 = 0.05; NR = 25; NS = 25; matrix path = matrices/Nr25_Nc25/consumption/RandTrix_Nr25_Nc25_Nest0.45_Conn0.216.txt; convergence threshold = 1e-08
0.000000000000000e+00 0.000000000000000e+00 0.000000000000000e+00 3.086420798598559e-04 8.711241899736824e-04 1.370090968076128e-03 0.000000000000000e+00 2.600717484266027e-03 0.000000000000000e+00 0.000000000000000e+00 4.036398721488466e-03 0.000000000000000e+00 2.462577206550293e-03 0.000000000000000e+00 2.100343846520664e-03 0.000000000000000e+00 3.278601304106340e-03 0.000000000000000e+00 0.000000000000000e+00 4.280613958288770e-03 0.000000000000000e+00 0.000000000000000e+00 2.514450128102418e-03 6.283227932194939e-04 0.000000000000000e+00 
0.000000000000000e+00 1.721176754180481e-03 1.235837352630981e-03 0.000000000000000e+00 4.581399078390605e-03 0.000000000000000e+00 3.220030899868226e-03 0.000000000000000e+00 0.000000000000000e+00 3.098639597921363e-03 7.012566642093535e-04 4.313329264633624e-03 2.896354346438263e-03 1.640505693513420e-03 0.000000000000000e+00 5.229515684189128e-04 0.000000000000000e+00 0.000000000000000e+00 0.000000000000000e+00 0.000000000000000e+00 1.356903524686716e-03 7.760287799157880e-04 1.649002783115493e-03 0.000000000000000e+00 0.000000000000000e+00 
4.286002288535631e-03 0.000000000000000e+00 9.174870807720473e-04 2.591199751244984e-03 0.000000000000000e+00 2.190950844195194e-03 3.732193659085315e-03 0.000000000000000e+00 0.000000000000000e+00 5.437754021043089e-04 0.000000000000000e+00 3.995274781340719e-03 3.837147979686454e-03 3.177966294149273e-03 4.200780206899917e-03 3.157805793048136e-03 4.620139949604355e-03 0.000000000000000e+00 0.000000000000000e+00 1.942184014676843e-03 0.000000000000000e+00 0.000000000000000e+00 0.000000000000000e+00 0.000000000000000e+00 0.000000000000000e+00 
3.878875591765307e-03 2.096760194772802e-03 2.521982570898942e-03 0.000000000000000e+00 0.000000000000000e+00 0.000000000000000e+00 0.000000000000000e+00 2.039461089839311e-03 2.866382065292354e-03 2.705870309627861e-03 3.208520512495836e-03 0.000000000000000e+00 1.420471982746099e-03 0.000000000000000e+00 0.000000000000000e+00 4.207873731959463e-03 0.000000000000000e+00 6.760977428625671e-04 1.978324940515406e-03 2.286703489753748e-03 2.823558923535120e-04 1.896875053301937e-03 4.247100175516595e-03 2.847925373543029e-03 0.000000000000000e+00 
0.000000000000000e+00 0.000000000000000e+00 3.288881625828985e-03 0.000000000000000e+00 0.000000000000000e+00 1.050517252181696e-03 2.435915950910090e-03 0.000000000000000e+00 2.941295030213338e-03 2.628174992135269e-03 1.182476034297631e-03 2.208220979888648e-03 8.411432497435141e-05 3.407036733036795e-03 2.796945216012291e-03 2.463315689291210e-03 0.000000000000000e+00 3.842734708087219e-03 0.000000000000000e+00 1.098979668631627e-03 0.000000000000000e+00 0.000000000000000e+00 0.000000000000000e+00 0.000000000000000e+00 0.000000000000000e+00 
0.000000000000000e+00 3.528574456832342e-03 3.705344435269242e-03 1.704211124686271e-03 2.999762795435369e-03 0.000000000000000e+00 1.719280392363656e-03 0.000000000000000e+00 0.000000000000000e+00 4.617475070083765e-03 0.000000000000000e+00 6.460465111399875e-04 1.366396931433281e-03 2.321980426484123e-03 7.273326949899884e-05 2.458285124572600e-04 0.000000000000000e+00 0.000000000000000e+00 0.000000000000000e+00 0.000000000000000e+00 0.000000000000000e+00 2.920004254052544e-03 0.000000000000000e+00 0.000000000000000e+00 0.000000000000000e+00 
0.000000000000000e+00 1.803717639246300e-03 0.000000000000000e+00 4.702335241307993e-03 0.000000000000000e+00 0.000000000000000e+00 0.000000000000000e+00 0.000000000000000e+00 4.312706738878101e-03 4.608351177520302e-03 0.000000000000000e+00 3.735599076966382e-03 0.000000000000000e+00 0.000000000000000e+00 4.459343783353545e-03 0.000000000000000e+00 4.921285712219256e-03 4.985050978193213e-04 0.000000000000000e+00 3.485418794629462e-03 0.000000000000000e+00 0.000000000000000e+00 0.000000000000000e+00 0.000000000000000e+00 8.466354497084316e-04 
0.000000000000000e+00 3.994609767499473e-03 4.750161614992582e-05 0.000000000000000e+00 0.000000000000000e+00 0.000000000000000e+00 0.000000000000000e+00 0.000000000000000e+00 4.357258893562285e-03 3.016280071833632e-03 0.000000000000000e+00 2.259944310794676e-03 1.776135807603741e-03 0.000000000000000e+00 3.533410268555325e-03 1.218989632281858e-03 1.137293935089487e-03 5.503214831907905e-04 2.549777208586191e-03 0.000000000000000e+00 1.678998485001112e-03 4.637272073747467e-03 0.000000000000000e+00 0.000000000000000e+00 0.000000000000000e+00 
4.740187037425219e-03 0.000000000000000e+00 0.000000000000000e+00 4.822403674280909e-03 0.000000000000000e+00 0.000000000000000e+00 2.230789609694877e-03 2.089888251342618e-03 2.840182703793981e-03 3.989588762999722e-03 0.000000000000000e+00 3.584313431236982e-03 0.000000000000000e+00 0.000000000000000e+00 3.336703420025630e-04 0.000000000000000e+00 0.000000000000000e+00 0.000000000000000e+00 2.370076173850360e-03 0.000000000000000e+00 0.000000000000000e+00 3.048946528704868e-03 0.000000000000000e+00 0.000000000000000e+00 0.000000000000000e+00 
9.762099202722501e-04 0.000000000000000e+00 0.000000000000000e+00 0.000000000000000e+00 0.000000000000000e+00 0.000000000000000e+00 2.368958402186584e-03 0.000000000000000e+00 0.000000000000000e+00 0.000000000000000e+00 2.931673134322800e-03 0.000000000000000e+00 2.718590407014329e-03 6.388786773653370e-04 0.000000000000000e+00 1.068367998372643e-04 1.971315417262283e-03 3.289874053521944e-03 0.000000000000000e+00 7.161950484545326e-04 2.492114716966412e-03 2.266658373993049e-03 3.201165933792864e-04 3.611489064647206e-03 0.000000000000000e+00 
1.382409950332361e-03 2.845830170937518e-03 2.375112244808770e-03 0.000000000000000e+00 0.000000000000000e+00 0.000000000000000e+00 0.000000000000000e+00 2.975730498543020e-03 0.000000000000000e+00 1.728854364848530e-04 0.000000000000000e+00 3.902238223875336e-03 2.516944823836848e-03 0.000000000000000e+00 1.020583291458933e-03 0.000000000000000e+00 0.000000000000000e+00 0.000000000000000e+00 0.000000000000000e+00 0.000000000000000e+00 0.000000000000000e+00 0.000000000000000e+00 4.271736476079174e-03 0.000000000000000e+00 0.000000000000000e+00 
4.451989697775605e-03 0.000000000000000e+00 2.455298123668323e-03 4.824118792176173e-03 0.000000000000000e+00 0.000000000000000e+00 0.000000000000000e+00 0.000000000000000e+00 0.000000000000000e+00 0.000000000000000e+00 0.000000000000000e+00 0.000000000000000e+00 1.987423569297893e-03 0.000000000000000e+00 5.693087653713956e-04 2.448518275647892e-03 2.392755884988492e-04 2.741778745589972e-03 4.120851781897080e-03 3.351312582732114e-03 0.000000000000000e+00 0.000000000000000e+00 0.000000000000000e+00 0.000000000000000e+00 3.421746953458649e-03 
4.375637229301157e-03 0.000000000000000e+00 0.000000000000000e+00 0.000000000000000e+00 4.594013441284401e-03 4.426004607905702e-03 4.813568610069955e-03 0.000000000000000e+00 0.000000000000000e+00 1.875657243016501e-03 1.856401176665221e-03 4.784199309067055e-03 0.000000000000000e+00 1.473212379032480e-04 0.000000000000000e+00 3.761424311432825e-03 0.000000000000000e+00 2.975136301748126e-04 9.333973644908987e-04 8.231740471805187e-04 1.082812962412805e-03 0.000000000000000e+00 0.000000000000000e+00 8.238504664968689e-04 7.469904857462071e-04 
0.000000000000000e+00 2.079306568996220e-03 6.498791932922836e-04 0.000000000000000e+00 1.175181125963189e-03 2.057179649772800e-03 0.000000000000000e+00 4.366730641507285e-03 1.369910880344090e-03 1.998586775602258e-03 0.000000000000000e+00 0.000000000000000e+00 2.192018943846680e-03 7.289952016788399e-04 3.395680671938083e-04 0.000000000000000e+00 0.000000000000000e+00 4.642647784069249e-03 2.070749327614162e-04 4.650752618798840e-03 0.000000000000000e+00 0.000000000000000e+00 2.794921019430530e-03 0.000000000000000e+00 3.916920000429855e-03 
3.982847942289800e-04 2.721266448661574e-03 4.613829899428354e-03 0.000000000000000e+00 0.000000000000000e+00 0.000000000000000e+00 0.000000000000000e+00 0.000000000000000e+00 8.064802216533136e-04 3.940844371681398e-03 1.542678276658711e-03 0.000000000000000e+00 0.000000000000000e+00 0.000000000000000e+00 6.108617628515540e-04 0.000000000000000e+00 0.000000000000000e+00 0.000000000000000e+00 3.699664477638684e-03 0.000000000000000e+00 0.000000000000000e+00 0.000000000000000e+00 0.000000000000000e+00 0.000000000000000e+00 0.000000000000000e+00 
0.000000000000000e+00 0.000000000000000e+00 4.165119882345382e-03 0.000000000000000e+00 0.000000000000000e+00 0.000000000000000e+00 4.412568328531704e-03 2.320129328937868e-04 3.622581712720476e-03 9.390076963471859e-05 3.492229076556339e-03 1.752419029452943e-03 0.000000000000000e+00 2.640334533098274e-03 1.115931879957461e-03 0.000000000000000e+00 0.000000000000000e+00 4.265038364309221e-03 2.372644524466038e-03 3.848244726855031e-03 3.849186957082090e-03 9.943830484055646e-04 2.639504661551940e-03 3.674275987873195e-03 0.000000000000000e+00 
0.000000000000000e+00 3.542593125011001e-03 8.712684348935288e-04 0.000000000000000e+00 4.847315018053923e-03 0.000000000000000e+00 3.219331710448878e-03 0.000000000000000e+00 9.117962693319078e-04 4.740672487972379e-03 1.436138916221480e-03 0.000000000000000e+00 1.309909687974653e-03 0.000000000000000e+00 0.000000000000000e+00 0.000000000000000e+00 0.000000000000000e+00 2.296783435042061e-03 0.000000000000000e+00 4.536367017615522e-03 0.000000000000000e+00 2.838860888277586e-03 3.407319607397663e-03 0.000000000000000e+00 4.847134124209069e-03 
2.490487213485482e-03 0.000000000000000e+00 3.864204080042472e-04 4.873801787457784e-03 0.000000000000000e+00 8.224865847760489e-04 3.430491959385945e-03 0.000000000000000e+00 0.000000000000000e+00 3.245044328569167e-03 0.000000000000000e+00 8.153148402354664e-04 0.000000000000000e+00 3.897431515717736e-03 0.000000000000000e+00 0.000000000000000e+00 0.000000000000000e+00 1.718257067791481e-03 0.000000000000000e+00 3.887869306359264e-03 3.914089651279785e-03 3.538323820340541e-03 0.000000000000000e+00 1.745709642535363e-03 0.000000000000000e+00 
0.000000000000000e+00 0.000000000000000e+00 0.000000000000000e+00 4.534828107225780e-03 3.487437821399736e-03 0.000000000000000e+00 2.465737681195465e-03 2.551136793383812e-03 3.353567680059002e-03 1.870282220945631e-03 3.493282322374081e-03 0.000000000000000e+00 4.285972354563527e-03 0.000000000000000e+00 0.000000000000000e+00 0.000000000000000e+00 0.000000000000000e+00 0.000000000000000e+00 2.655373948833991e-03 0.000000000000000e+00 3.727159184576548e-03 2.163419273951906e-03 4.002976687706170e-04 0.000000000000000e+00 0.000000000000000e+00 
4.725869718862240e-04 3.044832983458325e-03 8.320926878931578e-04 0.000000000000000e+00 0.000000000000000e+00 0.000000000000000e+00 3.497020021140033e-03 0.000000000000000e+00 1.543980821878232e-03 1.907485866799260e-03 0.000000000000000e+00 0.000000000000000e+00 0.000000000000000e+00 3.263993998284956e-03 2.860818682206273e-04 0.000000000000000e+00 4.338115167445920e-03 1.664816742109030e-03 3.400520453013596e-03 3.199404408295253e-04 4.946017645083789e-03 2.024796829632814e-03 4.230226085396181e-03 0.000000000000000e+00 0.000000000000000e+00 
0.000000000000000e+00 0.000000000000000e+00 3.402952440831478e-03 0.000000000000000e+00 0.000000000000000e+00 0.000000000000000e+00 3.545649199801479e-03 2.274116325196195e-03 1.320973808331883e-04 0.000000000000000e+00 0.000000000000000e+00 1.143267583829291e-03 0.000000000000000e+00 0.000000000000000e+00 2.159748863152103e-03 0.000000000000000e+00 0.000000000000000e+00 0.000000000000000e+00 3.237553036611804e-03 8.410989334748587e-05 0.000000000000000e+00 0.000000000000000e+00 0.000000000000000e+00 0.000000000000000e+00 7.373595489024648e-04 
0.000000000000000e+00 4.184765189600926e-03 3.241896676255251e-03 7.281734612519521e-04 5.620569751905557e-04 0.000000000000000e+00 0.000000000000000e+00 1.134089504082227e-04 0.000000000000000e+00 0.000000000000000e+00 4.408517450010393e-03 0.000000000000000e+00 7.851665766208941e-04 0.000000000000000e+00 0.000000000000000e+00 1.298019372973158e-03 0.000000000000000e+00 0.000000000000000e+00 0.000000000000000e+00 0.000000000000000e+00 0.000000000000000e+00 2.012169144196732e-03 0.000000000000000e+00 0.000000000000000e+00 1.587300816655326e-03 
1.837646055795703e-03 0.000000000000000e+00 0.000000000000000e+00 4.124172528239485e-03 0.000000000000000e+00 3.670142494655248e-03 0.000000000000000e+00 3.350492924666017e-03 4.870249428456092e-03 1.563665081506461e-03 4.995549644792071e-03 1.139548207448776e-03 2.456035046614510e-03 0.000000000000000e+00 9.777296900480375e-05 4.787676698102118e-03 0.000000000000000e+00 0.000000000000000e+00 0.000000000000000e+00 1.511373096996497e-03 0.000000000000000e+00 1.869680895348089e-04 0.000000000000000e+00 3.747147941805604e-03 1.582596341047491e-03 
0.000000000000000e+00 0.000000000000000e+00 0.000000000000000e+00 0.000000000000000e+00 2.448057293164243e-03 0.000000000000000e+00 0.000000000000000e+00 8.015043829215451e-04 6.071015804280207e-04 0.000000000000000e+00 0.000000000000000e+00 3.602722075817974e-03 2.761160562412691e-03 3.277640295616237e-04 1.145231513122858e-04 0.000000000000000e+00 3.914653063927107e-03 1.370406613287615e-03 2.136662656452220e-04 3.879631228162354e-03 3.373306997700475e-03 2.822374386376341e-03 1.326695012942427e-03 0.000000000000000e+00 3.258767093533660e-03 
0.000000000000000e+00 2.404543972036904e-03 4.214933841058555e-03 4.688718448514240e-03 0.000000000000000e+00 0.000000000000000e+00 0.000000000000000e+00 0.000000000000000e+00 0.000000000000000e+00 4.831955152520771e-03 5.754406921874223e-04 2.823465783869333e-03 1.170049374079747e-03 3.800476136229907e-04 0.000000000000000e+00 0.000000000000000e+00 2.021802130003044e-03 0.000000000000000e+00 2.583654794714246e-03 8.329448301395912e-04 0.000000000000000e+00 0.000000000000000e+00 2.255696087880591e-04 9.653307984461755e-04 2.212443970426439e-03 