# # File created on Tue Apr 30 01:25:08 2024
#  # The following metaparameters were used for this matrix optimization : gamma0 = 0.5; alpha0 = 0; sigma0 = 0.25; l0 = 1;p = 1; R0 = 1; S0 = 0.05; NR = 25; NS = 25; matrix path = matrices/Nr25_Nc25/consumption/RandTrix_Nr25_Nc25_Nest0.4_Conn0.2032.txt; convergence threshold = 1e-08
# 
0.000000000000000000e+00 3.726499035125303005e-01 2.192388728832802003e-01 0.000000000000000000e+00 0.000000000000000000e+00 0.000000000000000000e+00 9.828892567067616381e-01 1.813979775874486000e+00 0.000000000000000000e+00 0.000000000000000000e+00 9.702256353110442211e-01 0.000000000000000000e+00 2.598185711537193132e-01 0.000000000000000000e+00 1.888703665914961971e-01 0.000000000000000000e+00 0.000000000000000000e+00 0.000000000000000000e+00 0.000000000000000000e+00 5.048249438784637722e-01 1.063710645302500035e+00 0.000000000000000000e+00 6.262293747037341873e-01 0.000000000000000000e+00 0.000000000000000000e+00
5.607630236261850198e-01 1.086738517480517086e+00 0.000000000000000000e+00 1.382245227665648057e+00 4.195908328981466928e-01 0.000000000000000000e+00 1.048071464436240996e-01 0.000000000000000000e+00 3.591566070616796225e-01 9.008155392097892677e-02 0.000000000000000000e+00 9.616422965229813880e-01 0.000000000000000000e+00 0.000000000000000000e+00 3.834669816438960877e-01 0.000000000000000000e+00 0.000000000000000000e+00 0.000000000000000000e+00 0.000000000000000000e+00 0.000000000000000000e+00 0.000000000000000000e+00 1.342623550999838988e+00 0.000000000000000000e+00 0.000000000000000000e+00 0.000000000000000000e+00
4.392121669569615250e-01 9.803928898398732716e-01 5.218818544946588478e-01 0.000000000000000000e+00 0.000000000000000000e+00 3.924286039793422054e-01 0.000000000000000000e+00 1.673905762350592907e-01 0.000000000000000000e+00 4.019291672855356268e-01 0.000000000000000000e+00 0.000000000000000000e+00 0.000000000000000000e+00 0.000000000000000000e+00 0.000000000000000000e+00 0.000000000000000000e+00 4.546608264654208864e-01 0.000000000000000000e+00 0.000000000000000000e+00 0.000000000000000000e+00 2.291627039645190989e-01 8.669971129708664570e-01 0.000000000000000000e+00 0.000000000000000000e+00 5.560512661240969434e-01
1.112895342121889897e+00 0.000000000000000000e+00 0.000000000000000000e+00 4.044962033640607246e-01 0.000000000000000000e+00 5.685899198266051308e-02 8.732382468333110478e-03 0.000000000000000000e+00 0.000000000000000000e+00 0.000000000000000000e+00 0.000000000000000000e+00 3.336935997802920051e-01 0.000000000000000000e+00 0.000000000000000000e+00 0.000000000000000000e+00 4.044856126319076872e-01 5.103541120703012357e-01 0.000000000000000000e+00 0.000000000000000000e+00 0.000000000000000000e+00 0.000000000000000000e+00 6.617527526691967532e-01 0.000000000000000000e+00 0.000000000000000000e+00 6.800552502838731472e-01
8.920921983368294006e-01 0.000000000000000000e+00 7.184967969319701053e-01 0.000000000000000000e+00 0.000000000000000000e+00 0.000000000000000000e+00 1.927171962080022893e-01 0.000000000000000000e+00 0.000000000000000000e+00 7.710518995386024255e-01 0.000000000000000000e+00 0.000000000000000000e+00 0.000000000000000000e+00 0.000000000000000000e+00 0.000000000000000000e+00 3.387802864233100952e-01 0.000000000000000000e+00 0.000000000000000000e+00 0.000000000000000000e+00 0.000000000000000000e+00 0.000000000000000000e+00 0.000000000000000000e+00 0.000000000000000000e+00 0.000000000000000000e+00 0.000000000000000000e+00
2.435711284985807024e-01 1.200971163579804962e-01 7.723071176192292109e-01 0.000000000000000000e+00 0.000000000000000000e+00 0.000000000000000000e+00 0.000000000000000000e+00 0.000000000000000000e+00 0.000000000000000000e+00 2.777897014654637231e-01 0.000000000000000000e+00 2.285748622971844890e-01 0.000000000000000000e+00 0.000000000000000000e+00 0.000000000000000000e+00 4.809090217088113905e-01 2.515330781491176837e-01 0.000000000000000000e+00 1.116214586115686025e+00 0.000000000000000000e+00 0.000000000000000000e+00 0.000000000000000000e+00 0.000000000000000000e+00 0.000000000000000000e+00 7.147540475684009964e-01
0.000000000000000000e+00 0.000000000000000000e+00 0.000000000000000000e+00 2.610212585133919183e-01 0.000000000000000000e+00 1.224957033027701953e-01 0.000000000000000000e+00 5.316114901184705310e-01 0.000000000000000000e+00 0.000000000000000000e+00 9.171686759564378066e-01 0.000000000000000000e+00 1.789487129165588941e-01 0.000000000000000000e+00 0.000000000000000000e+00 0.000000000000000000e+00 0.000000000000000000e+00 0.000000000000000000e+00 0.000000000000000000e+00 0.000000000000000000e+00 0.000000000000000000e+00 0.000000000000000000e+00 5.497076144564443378e-01 0.000000000000000000e+00 0.000000000000000000e+00
0.000000000000000000e+00 0.000000000000000000e+00 7.596527024564463382e-01 9.929135898497677692e-02 5.887322432020662966e-01 0.000000000000000000e+00 0.000000000000000000e+00 4.769672472478858061e-01 0.000000000000000000e+00 0.000000000000000000e+00 0.000000000000000000e+00 0.000000000000000000e+00 0.000000000000000000e+00 0.000000000000000000e+00 0.000000000000000000e+00 5.551621538977709047e-01 0.000000000000000000e+00 0.000000000000000000e+00 0.000000000000000000e+00 0.000000000000000000e+00 0.000000000000000000e+00 2.482877959860124994e-01 0.000000000000000000e+00 0.000000000000000000e+00 0.000000000000000000e+00
0.000000000000000000e+00 0.000000000000000000e+00 0.000000000000000000e+00 0.000000000000000000e+00 0.000000000000000000e+00 0.000000000000000000e+00 8.185564554397869452e-01 0.000000000000000000e+00 0.000000000000000000e+00 4.526627832987111244e-01 0.000000000000000000e+00 0.000000000000000000e+00 9.229039508489592647e-01 0.000000000000000000e+00 0.000000000000000000e+00 0.000000000000000000e+00 0.000000000000000000e+00 1.184357355166241049e-01 0.000000000000000000e+00 4.936465275627056060e-01 0.000000000000000000e+00 0.000000000000000000e+00 0.000000000000000000e+00 2.983456244495127918e-02 0.000000000000000000e+00
0.000000000000000000e+00 0.000000000000000000e+00 3.251952510687606823e-01 6.164880475514270541e-01 3.456786170194158236e-01 5.776940524957527856e-01 0.000000000000000000e+00 0.000000000000000000e+00 0.000000000000000000e+00 0.000000000000000000e+00 8.794963915577390379e-02 0.000000000000000000e+00 0.000000000000000000e+00 0.000000000000000000e+00 0.000000000000000000e+00 0.000000000000000000e+00 0.000000000000000000e+00 0.000000000000000000e+00 0.000000000000000000e+00 0.000000000000000000e+00 0.000000000000000000e+00 1.880517290956972010e-01 0.000000000000000000e+00 0.000000000000000000e+00 0.000000000000000000e+00
0.000000000000000000e+00 3.581575121931495076e-01 0.000000000000000000e+00 0.000000000000000000e+00 0.000000000000000000e+00 0.000000000000000000e+00 0.000000000000000000e+00 0.000000000000000000e+00 0.000000000000000000e+00 4.536956000877928052e-01 8.467552039536270503e-02 4.416671872782492181e-01 3.515181510557857103e-01 7.162361937679133650e-01 0.000000000000000000e+00 0.000000000000000000e+00 0.000000000000000000e+00 0.000000000000000000e+00 0.000000000000000000e+00 0.000000000000000000e+00 0.000000000000000000e+00 0.000000000000000000e+00 0.000000000000000000e+00 0.000000000000000000e+00 1.784393654961826114e-01
0.000000000000000000e+00 0.000000000000000000e+00 2.544535300282942947e-01 0.000000000000000000e+00 0.000000000000000000e+00 0.000000000000000000e+00 5.356537534557238578e-01 4.132144327022916896e-01 0.000000000000000000e+00 0.000000000000000000e+00 0.000000000000000000e+00 0.000000000000000000e+00 0.000000000000000000e+00 0.000000000000000000e+00 2.906586157655928204e-01 0.000000000000000000e+00 0.000000000000000000e+00 0.000000000000000000e+00 0.000000000000000000e+00 0.000000000000000000e+00 2.115860002309646881e-01 0.000000000000000000e+00 0.000000000000000000e+00 0.000000000000000000e+00 0.000000000000000000e+00
0.000000000000000000e+00 2.519588583828309969e-01 0.000000000000000000e+00 0.000000000000000000e+00 0.000000000000000000e+00 5.222044405835032377e-01 4.897636403356819268e-01 0.000000000000000000e+00 0.000000000000000000e+00 1.854238901307488918e-01 0.000000000000000000e+00 0.000000000000000000e+00 2.473774211535818002e-01 0.000000000000000000e+00 0.000000000000000000e+00 0.000000000000000000e+00 0.000000000000000000e+00 0.000000000000000000e+00 3.233888089026832890e-01 3.309383176557240125e-01 0.000000000000000000e+00 0.000000000000000000e+00 4.406039824892105106e-01 0.000000000000000000e+00 0.000000000000000000e+00
0.000000000000000000e+00 0.000000000000000000e+00 5.301611244707058468e-01 2.321156088410867013e-01 0.000000000000000000e+00 0.000000000000000000e+00 0.000000000000000000e+00 0.000000000000000000e+00 3.920649585787239766e-01 0.000000000000000000e+00 0.000000000000000000e+00 0.000000000000000000e+00 0.000000000000000000e+00 0.000000000000000000e+00 0.000000000000000000e+00 2.363952777013035023e-01 0.000000000000000000e+00 0.000000000000000000e+00 0.000000000000000000e+00 0.000000000000000000e+00 1.505097523415132865e-01 0.000000000000000000e+00 0.000000000000000000e+00 0.000000000000000000e+00 6.291295325488365231e-01
0.000000000000000000e+00 2.428473031900517110e-01 0.000000000000000000e+00 0.000000000000000000e+00 4.539995888315691008e-01 0.000000000000000000e+00 3.442490465543391887e-01 0.000000000000000000e+00 0.000000000000000000e+00 0.000000000000000000e+00 0.000000000000000000e+00 0.000000000000000000e+00 0.000000000000000000e+00 0.000000000000000000e+00 4.241861400321927933e-01 8.089109028215078767e-02 0.000000000000000000e+00 0.000000000000000000e+00 2.274951578448619061e-01 0.000000000000000000e+00 5.625543022991732478e-01 0.000000000000000000e+00 5.107221918756472689e-01 0.000000000000000000e+00 0.000000000000000000e+00
0.000000000000000000e+00 5.234624446836046996e-01 0.000000000000000000e+00 0.000000000000000000e+00 0.000000000000000000e+00 0.000000000000000000e+00 0.000000000000000000e+00 0.000000000000000000e+00 0.000000000000000000e+00 0.000000000000000000e+00 4.009774287917027835e-01 0.000000000000000000e+00 0.000000000000000000e+00 0.000000000000000000e+00 1.773926679355302127e-01 0.000000000000000000e+00 0.000000000000000000e+00 2.319081907561557077e-01 4.544469208648426184e-01 0.000000000000000000e+00 0.000000000000000000e+00 0.000000000000000000e+00 0.000000000000000000e+00 0.000000000000000000e+00 5.682317933573243218e-01
3.149496305503183824e-01 5.483590542799730017e-01 0.000000000000000000e+00 0.000000000000000000e+00 0.000000000000000000e+00 0.000000000000000000e+00 0.000000000000000000e+00 1.689835513639134090e-01 0.000000000000000000e+00 0.000000000000000000e+00 0.000000000000000000e+00 0.000000000000000000e+00 3.970068881182211018e-01 0.000000000000000000e+00 0.000000000000000000e+00 0.000000000000000000e+00 0.000000000000000000e+00 0.000000000000000000e+00 0.000000000000000000e+00 0.000000000000000000e+00 0.000000000000000000e+00 0.000000000000000000e+00 0.000000000000000000e+00 0.000000000000000000e+00 1.353976042257762080e-01
0.000000000000000000e+00 0.000000000000000000e+00 0.000000000000000000e+00 0.000000000000000000e+00 0.000000000000000000e+00 4.000939063219229874e-01 0.000000000000000000e+00 0.000000000000000000e+00 0.000000000000000000e+00 0.000000000000000000e+00 0.000000000000000000e+00 5.371970266783695491e-01 0.000000000000000000e+00 0.000000000000000000e+00 0.000000000000000000e+00 0.000000000000000000e+00 0.000000000000000000e+00 0.000000000000000000e+00 0.000000000000000000e+00 4.640741975011549725e-01 0.000000000000000000e+00 0.000000000000000000e+00 0.000000000000000000e+00 0.000000000000000000e+00 0.000000000000000000e+00
0.000000000000000000e+00 0.000000000000000000e+00 0.000000000000000000e+00 0.000000000000000000e+00 3.800134761073645229e-01 0.000000000000000000e+00 3.418284575753111065e-01 0.000000000000000000e+00 0.000000000000000000e+00 0.000000000000000000e+00 0.000000000000000000e+00 0.000000000000000000e+00 0.000000000000000000e+00 0.000000000000000000e+00 0.000000000000000000e+00 0.000000000000000000e+00 0.000000000000000000e+00 0.000000000000000000e+00 0.000000000000000000e+00 0.000000000000000000e+00 2.358833813151403058e-01 6.735675146519558287e-02 0.000000000000000000e+00 0.000000000000000000e+00 0.000000000000000000e+00
0.000000000000000000e+00 0.000000000000000000e+00 0.000000000000000000e+00 0.000000000000000000e+00 5.465422006027557122e-01 0.000000000000000000e+00 0.000000000000000000e+00 0.000000000000000000e+00 0.000000000000000000e+00 0.000000000000000000e+00 0.000000000000000000e+00 0.000000000000000000e+00 0.000000000000000000e+00 3.811837580654180990e-01 0.000000000000000000e+00 0.000000000000000000e+00 0.000000000000000000e+00 0.000000000000000000e+00 0.000000000000000000e+00 0.000000000000000000e+00 0.000000000000000000e+00 0.000000000000000000e+00 0.000000000000000000e+00 0.000000000000000000e+00 0.000000000000000000e+00
0.000000000000000000e+00 0.000000000000000000e+00 0.000000000000000000e+00 0.000000000000000000e+00 0.000000000000000000e+00 0.000000000000000000e+00 0.000000000000000000e+00 0.000000000000000000e+00 3.846135387028424835e-01 0.000000000000000000e+00 0.000000000000000000e+00 0.000000000000000000e+00 0.000000000000000000e+00 0.000000000000000000e+00 0.000000000000000000e+00 0.000000000000000000e+00 0.000000000000000000e+00 0.000000000000000000e+00 0.000000000000000000e+00 4.024126535455124221e-01 0.000000000000000000e+00 0.000000000000000000e+00 0.000000000000000000e+00 0.000000000000000000e+00 0.000000000000000000e+00
0.000000000000000000e+00 0.000000000000000000e+00 4.156842496628865846e-01 0.000000000000000000e+00 1.830349309368156929e-01 0.000000000000000000e+00 0.000000000000000000e+00 0.000000000000000000e+00 0.000000000000000000e+00 0.000000000000000000e+00 0.000000000000000000e+00 0.000000000000000000e+00 0.000000000000000000e+00 0.000000000000000000e+00 0.000000000000000000e+00 0.000000000000000000e+00 0.000000000000000000e+00 0.000000000000000000e+00 0.000000000000000000e+00 0.000000000000000000e+00 0.000000000000000000e+00 0.000000000000000000e+00 0.000000000000000000e+00 0.000000000000000000e+00 0.000000000000000000e+00
0.000000000000000000e+00 0.000000000000000000e+00 0.000000000000000000e+00 0.000000000000000000e+00 0.000000000000000000e+00 0.000000000000000000e+00 0.000000000000000000e+00 0.000000000000000000e+00 0.000000000000000000e+00 0.000000000000000000e+00 0.000000000000000000e+00 0.000000000000000000e+00 0.000000000000000000e+00 0.000000000000000000e+00 0.000000000000000000e+00 0.000000000000000000e+00 0.000000000000000000e+00 0.000000000000000000e+00 0.000000000000000000e+00 0.000000000000000000e+00 0.000000000000000000e+00 0.000000000000000000e+00 0.000000000000000000e+00 0.000000000000000000e+00 0.000000000000000000e+00
0.000000000000000000e+00 5.161195460632242993e-01 0.000000000000000000e+00 0.000000000000000000e+00 0.000000000000000000e+00 0.000000000000000000e+00 0.000000000000000000e+00 0.000000000000000000e+00 0.000000000000000000e+00 0.000000000000000000e+00 0.000000000000000000e+00 0.000000000000000000e+00 0.000000000000000000e+00 0.000000000000000000e+00 0.000000000000000000e+00 0.000000000000000000e+00 0.000000000000000000e+00 0.000000000000000000e+00 0.000000000000000000e+00 0.000000000000000000e+00 0.000000000000000000e+00 0.000000000000000000e+00 0.000000000000000000e+00 0.000000000000000000e+00 0.000000000000000000e+00
6.061850205839396377e-01 0.000000000000000000e+00 0.000000000000000000e+00 0.000000000000000000e+00 0.000000000000000000e+00 0.000000000000000000e+00 0.000000000000000000e+00 0.000000000000000000e+00 0.000000000000000000e+00 0.000000000000000000e+00 0.000000000000000000e+00 0.000000000000000000e+00 0.000000000000000000e+00 0.000000000000000000e+00 0.000000000000000000e+00 0.000000000000000000e+00 0.000000000000000000e+00 0.000000000000000000e+00 0.000000000000000000e+00 0.000000000000000000e+00 0.000000000000000000e+00 0.000000000000000000e+00 0.000000000000000000e+00 0.000000000000000000e+00 0.000000000000000000e+00
