# File created on Fri May 17 15:41:55 2024
# The following metaparameters were used for this matrix optimization : gamma0 = 0.5; alpha0 = 0; sigma0 = 0.25; l0 = 1;p = 1; R0 = 1; S0 = 0.05; NR = 25; NS = 25; matrix path = matrices/Nr25_Nc25/consumption/RandTrix_Nr25_Nc25_Nest0.25_Conn0.0832.txt; convergence threshold = 1e-08
2.237596392551133e-04 1.449785397279014e-04 0.000000000000000e+00 0.000000000000000e+00 3.121337279556449e-03 0.000000000000000e+00 0.000000000000000e+00 0.000000000000000e+00 0.000000000000000e+00 0.000000000000000e+00 0.000000000000000e+00 1.413324963503044e-03 2.221770215631948e-03 9.411895540923023e-04 0.000000000000000e+00 1.883841819262579e-03 0.000000000000000e+00 0.000000000000000e+00 4.241999363676340e-03 4.838532802767292e-03 0.000000000000000e+00 3.101402555975800e-03 0.000000000000000e+00 7.592095526887373e-04 2.931078814571458e-03 
0.000000000000000e+00 2.687969423363895e-03 0.000000000000000e+00 0.000000000000000e+00 0.000000000000000e+00 1.992687360838596e-03 0.000000000000000e+00 3.184114034866960e-03 0.000000000000000e+00 2.237515456227119e-03 4.586444288750957e-03 0.000000000000000e+00 0.000000000000000e+00 0.000000000000000e+00 1.786665028269758e-03 0.000000000000000e+00 2.520877218234351e-03 2.213382567217500e-03 3.329690727512840e-03 0.000000000000000e+00 0.000000000000000e+00 0.000000000000000e+00 2.388725971517455e-03 2.874161887294124e-03 1.718552329002687e-03 
0.000000000000000e+00 0.000000000000000e+00 5.182312960283134e-04 0.000000000000000e+00 7.801046875419013e-05 2.263660750898038e-03 0.000000000000000e+00 0.000000000000000e+00 0.000000000000000e+00 1.689716056252029e-03 0.000000000000000e+00 0.000000000000000e+00 0.000000000000000e+00 2.955684899363338e-03 4.870964865252423e-03 0.000000000000000e+00 0.000000000000000e+00 3.246092849277799e-03 3.273775199579317e-03 3.315086559244038e-06 2.843062195150224e-03 2.720046560243781e-03 0.000000000000000e+00 0.000000000000000e+00 4.987880480947444e-03 
1.755793587278662e-03 9.621497501596412e-04 0.000000000000000e+00 1.943034670215920e-04 8.656528543482466e-04 3.862374382094565e-03 0.000000000000000e+00 0.000000000000000e+00 1.573783820800161e-03 3.131594572853230e-03 2.458553438833256e-03 1.613210337709782e-03 3.764807572769617e-04 1.410487671265099e-03 0.000000000000000e+00 3.158108940187308e-03 0.000000000000000e+00 0.000000000000000e+00 0.000000000000000e+00 1.679676989496563e-03 0.000000000000000e+00 8.308640198697740e-04 3.306161092828079e-03 3.619828599954160e-03 2.744767912492450e-03 
1.812059431328158e-03 3.247293407599224e-03 2.952057761086697e-03 0.000000000000000e+00 2.977430765365838e-03 2.232388960126638e-03 0.000000000000000e+00 1.945489228947739e-03 3.617033833945216e-03 0.000000000000000e+00 0.000000000000000e+00 0.000000000000000e+00 3.388312188865640e-03 1.608765725330171e-03 0.000000000000000e+00 2.760667952315705e-03 2.406501642515698e-03 3.256452146458058e-03 1.122930860169187e-03 0.000000000000000e+00 0.000000000000000e+00 2.931879619903359e-03 0.000000000000000e+00 1.838252980673394e-03 3.288252252578106e-03 
1.331784169577335e-03 2.930544073867927e-03 0.000000000000000e+00 0.000000000000000e+00 0.000000000000000e+00 0.000000000000000e+00 3.219491296121379e-04 0.000000000000000e+00 4.901576606923135e-03 9.507631476924047e-04 0.000000000000000e+00 1.454501338574774e-04 4.306171073009528e-03 2.291428600192903e-03 0.000000000000000e+00 1.789234693588882e-05 0.000000000000000e+00 0.000000000000000e+00 4.724793025610256e-03 0.000000000000000e+00 1.712097342496457e-03 2.162279411003704e-03 0.000000000000000e+00 5.674744465691302e-04 4.155228436789438e-03 
1.813734635116634e-03 4.481575570728774e-03 0.000000000000000e+00 0.000000000000000e+00 1.232626296053711e-03 0.000000000000000e+00 1.771893980196038e-04 2.873775246159519e-04 0.000000000000000e+00 4.441660547919125e-03 3.583565098572950e-04 0.000000000000000e+00 0.000000000000000e+00 0.000000000000000e+00 0.000000000000000e+00 2.166023449546974e-03 2.569346238891879e-03 4.153050713703440e-04 4.142087102514672e-03 0.000000000000000e+00 0.000000000000000e+00 3.481922049937413e-03 4.276374098015195e-05 0.000000000000000e+00 0.000000000000000e+00 
3.871783926045184e-03 2.758622367942789e-03 4.941080775554732e-03 1.472545249969751e-03 9.207512463911438e-04 0.000000000000000e+00 3.146770193238570e-03 4.665245890255630e-03 3.058501047095656e-03 3.994637768427591e-03 0.000000000000000e+00 0.000000000000000e+00 3.862502039496777e-03 2.817070077361311e-04 3.500289902635709e-03 0.000000000000000e+00 0.000000000000000e+00 0.000000000000000e+00 2.592763650578462e-03 0.000000000000000e+00 3.086460281795200e-03 0.000000000000000e+00 0.000000000000000e+00 1.156876932082632e-03 0.000000000000000e+00 
0.000000000000000e+00 0.000000000000000e+00 1.304150495986085e-03 2.973250474871919e-03 0.000000000000000e+00 0.000000000000000e+00 0.000000000000000e+00 0.000000000000000e+00 0.000000000000000e+00 3.675839948130057e-03 0.000000000000000e+00 1.644343535979252e-03 0.000000000000000e+00 0.000000000000000e+00 0.000000000000000e+00 0.000000000000000e+00 2.768651026026759e-03 0.000000000000000e+00 2.448891151706839e-03 1.272537492887608e-03 4.531034854421607e-04 4.248258880181113e-03 0.000000000000000e+00 0.000000000000000e+00 0.000000000000000e+00 
0.000000000000000e+00 0.000000000000000e+00 0.000000000000000e+00 1.108611269742945e-03 4.753952690559423e-05 3.159471425094237e-03 0.000000000000000e+00 2.481006951787444e-03 0.000000000000000e+00 8.842533114030328e-04 6.860176041914879e-04 0.000000000000000e+00 0.000000000000000e+00 1.965483753431264e-03 4.753356537703597e-03 0.000000000000000e+00 4.165541493460475e-03 2.029254508941646e-03 1.327802051256315e-04 3.924275050749243e-03 0.000000000000000e+00 6.653655989228399e-04 9.723487123491957e-04 0.000000000000000e+00 4.526029440721683e-03 
1.332279001767610e-04 2.356479852202271e-04 3.573749244991822e-03 3.097384942938401e-03 0.000000000000000e+00 0.000000000000000e+00 0.000000000000000e+00 0.000000000000000e+00 2.168075433748336e-03 0.000000000000000e+00 0.000000000000000e+00 0.000000000000000e+00 0.000000000000000e+00 4.678714862525679e-05 6.386444844268937e-04 4.262739991860953e-03 4.341120808514264e-03 8.343149596810801e-04 4.972048763316397e-03 0.000000000000000e+00 0.000000000000000e+00 2.582583947664048e-03 5.715983952901248e-04 1.360288450542144e-04 1.424113238095961e-03 
4.184636890829309e-03 0.000000000000000e+00 3.608144288905635e-03 0.000000000000000e+00 0.000000000000000e+00 0.000000000000000e+00 0.000000000000000e+00 0.000000000000000e+00 0.000000000000000e+00 2.388182822279206e-03 9.743213992653940e-04 0.000000000000000e+00 0.000000000000000e+00 2.987259071598098e-04 0.000000000000000e+00 0.000000000000000e+00 3.939506472741671e-03 0.000000000000000e+00 0.000000000000000e+00 0.000000000000000e+00 1.724877998178859e-03 0.000000000000000e+00 4.631720546896228e-03 4.771683167366079e-04 3.242998219986031e-03 
6.344589665966658e-04 8.063408690272279e-04 4.112875937085143e-03 3.976533628093211e-03 1.819030125335068e-03 0.000000000000000e+00 8.193259388859642e-04 2.716000618588623e-03 3.167897408304403e-03 0.000000000000000e+00 3.800425337664878e-04 3.707718053371347e-03 1.930223384412990e-03 4.808128252169186e-03 2.068057782502490e-03 4.859631665897487e-03 2.557528065870261e-03 3.118621369083330e-03 1.634888707932207e-03 0.000000000000000e+00 2.188671280154021e-03 1.058338034308673e-04 0.000000000000000e+00 4.183289356063203e-03 0.000000000000000e+00 
0.000000000000000e+00 0.000000000000000e+00 0.000000000000000e+00 0.000000000000000e+00 0.000000000000000e+00 8.616380712192429e-05 4.444962892674654e-03 0.000000000000000e+00 0.000000000000000e+00 3.091439233492748e-03 0.000000000000000e+00 0.000000000000000e+00 2.515317481038300e-03 3.147089444568974e-03 5.491540740941725e-04 0.000000000000000e+00 0.000000000000000e+00 0.000000000000000e+00 0.000000000000000e+00 1.899586357419258e-03 0.000000000000000e+00 0.000000000000000e+00 2.074573926456826e-03 0.000000000000000e+00 0.000000000000000e+00 
4.343549288358739e-03 2.084753969809755e-03 0.000000000000000e+00 4.390973615368490e-03 2.829513664615526e-03 2.831419261277569e-03 0.000000000000000e+00 2.842538641026322e-03 4.983278002812646e-03 3.142416211308292e-04 3.916231384011151e-03 3.172736234159428e-03 0.000000000000000e+00 2.322437993372219e-03 3.031206210668357e-03 0.000000000000000e+00 1.282913427767525e-03 1.652781338319033e-03 0.000000000000000e+00 0.000000000000000e+00 0.000000000000000e+00 0.000000000000000e+00 0.000000000000000e+00 4.352697588786663e-03 0.000000000000000e+00 
0.000000000000000e+00 2.940248654281919e-03 0.000000000000000e+00 0.000000000000000e+00 0.000000000000000e+00 0.000000000000000e+00 0.000000000000000e+00 0.000000000000000e+00 4.056258677915231e-03 4.512930485100260e-03 4.084119106193532e-03 0.000000000000000e+00 0.000000000000000e+00 0.000000000000000e+00 1.538353293576844e-03 0.000000000000000e+00 4.957398562120867e-03 0.000000000000000e+00 4.975034430068179e-04 2.823385298219590e-03 4.582052680556440e-03 3.222352749412198e-03 0.000000000000000e+00 2.841262821498491e-03 0.000000000000000e+00 
0.000000000000000e+00 0.000000000000000e+00 0.000000000000000e+00 0.000000000000000e+00 0.000000000000000e+00 0.000000000000000e+00 0.000000000000000e+00 1.047984181141805e-03 0.000000000000000e+00 8.208141738455606e-04 0.000000000000000e+00 2.429777982477473e-03 4.429412579774390e-03 2.074161752168117e-03 3.203020823043876e-03 1.295947315194412e-03 2.244364013802886e-04 3.436686210519026e-03 0.000000000000000e+00 2.961926362017996e-03 0.000000000000000e+00 0.000000000000000e+00 0.000000000000000e+00 4.736332970163782e-03 3.477903763776988e-03 
4.289155743539406e-03 0.000000000000000e+00 0.000000000000000e+00 4.108620210446006e-03 0.000000000000000e+00 0.000000000000000e+00 0.000000000000000e+00 0.000000000000000e+00 3.850051684555889e-03 1.090697475107540e-04 2.187871959896728e-03 1.165297205759041e-03 0.000000000000000e+00 3.503982691631303e-03 3.605010922071642e-03 3.519010368768440e-03 0.000000000000000e+00 0.000000000000000e+00 6.187111719438044e-04 0.000000000000000e+00 9.946017411062892e-04 9.796914482486066e-04 1.740644135276920e-03 9.295199999153465e-04 0.000000000000000e+00 
0.000000000000000e+00 4.308875035144003e-03 0.000000000000000e+00 1.693107538035479e-03 2.119757312243860e-03 3.170807641997532e-04 2.152935437472490e-03 0.000000000000000e+00 0.000000000000000e+00 6.323320617490342e-05 8.999698906353148e-04 0.000000000000000e+00 4.029904993181598e-03 0.000000000000000e+00 0.000000000000000e+00 0.000000000000000e+00 3.481283870162764e-03 3.164449604232653e-03 0.000000000000000e+00 0.000000000000000e+00 0.000000000000000e+00 7.892559170457467e-04 3.040756226791846e-03 2.870450471715571e-03 0.000000000000000e+00 
0.000000000000000e+00 0.000000000000000e+00 2.422073125556881e-03 0.000000000000000e+00 0.000000000000000e+00 0.000000000000000e+00 1.805764268460889e-03 4.194229404691756e-03 2.675365455908100e-03 0.000000000000000e+00 0.000000000000000e+00 0.000000000000000e+00 2.232225974874552e-04 0.000000000000000e+00 2.336146585073927e-03 2.001464131887196e-03 9.075536631769688e-04 3.458560935296343e-03 3.514869555010123e-03 4.780467914995727e-03 0.000000000000000e+00 0.000000000000000e+00 2.898247583423990e-03 6.917615236203989e-04 1.160392872349430e-03 
0.000000000000000e+00 0.000000000000000e+00 2.967040120222483e-03 0.000000000000000e+00 1.624108785467475e-03 2.378425564392445e-03 0.000000000000000e+00 0.000000000000000e+00 2.520773996314267e-03 0.000000000000000e+00 0.000000000000000e+00 8.427430809362892e-04 0.000000000000000e+00 4.935959445047554e-03 1.578802121630741e-03 3.910760376708603e-03 0.000000000000000e+00 2.749507515365183e-04 0.000000000000000e+00 0.000000000000000e+00 0.000000000000000e+00 0.000000000000000e+00 2.106408553933267e-03 1.227539175874440e-03 5.790513132993288e-04 
0.000000000000000e+00 0.000000000000000e+00 4.591187808306516e-03 0.000000000000000e+00 3.371860530164815e-03 0.000000000000000e+00 0.000000000000000e+00 0.000000000000000e+00 0.000000000000000e+00 2.459123917654393e-03 3.355682362451600e-03 2.826812440049596e-03 0.000000000000000e+00 3.939248398570509e-03 1.155542005273850e-03 0.000000000000000e+00 0.000000000000000e+00 1.784031037989929e-03 0.000000000000000e+00 0.000000000000000e+00 1.439912917867946e-03 2.551921719715392e-03 0.000000000000000e+00 3.765251043372300e-03 2.323553610654851e-03 
0.000000000000000e+00 1.717356102357527e-03 2.708941987083812e-03 0.000000000000000e+00 4.194908818675765e-03 0.000000000000000e+00 2.872110648926445e-03 8.063842663489381e-04 0.000000000000000e+00 4.708108215322186e-03 4.501187963139864e-03 0.000000000000000e+00 0.000000000000000e+00 0.000000000000000e+00 0.000000000000000e+00 0.000000000000000e+00 0.000000000000000e+00 0.000000000000000e+00 0.000000000000000e+00 1.586869356804380e-03 0.000000000000000e+00 0.000000000000000e+00 4.610637479963808e-03 2.937975031661426e-03 0.000000000000000e+00 
0.000000000000000e+00 9.638422441186792e-04 0.000000000000000e+00 0.000000000000000e+00 4.391666989781025e-03 0.000000000000000e+00 1.034480363215639e-03 1.733415232557367e-04 2.337428605181157e-03 3.630173842477984e-03 0.000000000000000e+00 0.000000000000000e+00 1.193158710053473e-03 2.970874428638236e-03 0.000000000000000e+00 4.619700697263331e-03 1.058555485098568e-04 0.000000000000000e+00 0.000000000000000e+00 0.000000000000000e+00 0.000000000000000e+00 0.000000000000000e+00 4.778335334619971e-03 0.000000000000000e+00 0.000000000000000e+00 
0.000000000000000e+00 0.000000000000000e+00 2.275316709639840e-03 1.184652722799798e-03 0.000000000000000e+00 1.507467719711455e-03 1.666990510984313e-03 1.043703149118240e-03 2.913711110266218e-03 0.000000000000000e+00 5.514522484036871e-04 0.000000000000000e+00 1.786442324985228e-03 3.149342275301817e-03 9.676389616054105e-04 2.872485227407854e-03 0.000000000000000e+00 0.000000000000000e+00 2.111395805048908e-03 0.000000000000000e+00 1.574485410722869e-03 0.000000000000000e+00 2.726464792457889e-03 7.542318255598739e-04 0.000000000000000e+00 