# # # File created on Tue Apr 30 00:18:17 2024
#  #  # The following metaparameters were used for this matrix optimization : gamma0 = 0.5; alpha0 = 0; sigma0 = 0.25; l0 = 1;p = 1; R0 = 1; S0 = 0.05; NR = 25; NS = 25; matrix path = matrices/Nr25_Nc25/consumption/RandTrix_Nr25_Nc25_Nest0.45_Conn0.1856.txt; convergence threshold = 1e-08
# 
1.304905843008794974e+00 0.000000000000000000e+00 0.000000000000000000e+00 0.000000000000000000e+00 6.688056548194829531e-01 0.000000000000000000e+00 0.000000000000000000e+00 0.000000000000000000e+00 0.000000000000000000e+00 7.532332964971379941e-01 0.000000000000000000e+00 9.474113993810454604e-01 1.486000333176417942e-01 3.786708995871249095e-01 0.000000000000000000e+00 2.960078305294733259e-01 0.000000000000000000e+00 0.000000000000000000e+00 0.000000000000000000e+00 0.000000000000000000e+00 1.919883767407845054e+00 0.000000000000000000e+00 0.000000000000000000e+00 0.000000000000000000e+00 0.000000000000000000e+00
1.411893510306055033e+00 0.000000000000000000e+00 0.000000000000000000e+00 4.338180039483884864e-01 0.000000000000000000e+00 5.010744622580246554e-01 0.000000000000000000e+00 0.000000000000000000e+00 0.000000000000000000e+00 0.000000000000000000e+00 0.000000000000000000e+00 0.000000000000000000e+00 0.000000000000000000e+00 0.000000000000000000e+00 0.000000000000000000e+00 1.456670275227514910e+00 0.000000000000000000e+00 0.000000000000000000e+00 0.000000000000000000e+00 0.000000000000000000e+00 0.000000000000000000e+00 7.374034765696898530e-01 6.626268282928200470e-01 5.657062338159801751e-01 0.000000000000000000e+00
0.000000000000000000e+00 5.081217691478047138e-01 8.598636109633730484e-01 2.604699477884514155e-02 1.095457058826821983e+00 3.403688865195536040e-01 3.937336086614806052e-01 9.517129499412714522e-02 0.000000000000000000e+00 0.000000000000000000e+00 0.000000000000000000e+00 0.000000000000000000e+00 7.839783502461686870e-01 0.000000000000000000e+00 0.000000000000000000e+00 0.000000000000000000e+00 0.000000000000000000e+00 0.000000000000000000e+00 0.000000000000000000e+00 8.110366664173561391e-02 0.000000000000000000e+00 3.549365350883856851e-01 5.431371583578252782e-01 0.000000000000000000e+00 0.000000000000000000e+00
5.292590021940545286e-01 1.061809662509326069e+00 0.000000000000000000e+00 0.000000000000000000e+00 0.000000000000000000e+00 4.340338064052787215e-01 0.000000000000000000e+00 0.000000000000000000e+00 0.000000000000000000e+00 0.000000000000000000e+00 0.000000000000000000e+00 0.000000000000000000e+00 0.000000000000000000e+00 0.000000000000000000e+00 0.000000000000000000e+00 0.000000000000000000e+00 0.000000000000000000e+00 0.000000000000000000e+00 1.775968507184637890e-01 1.971971720856504073e-01 3.740029927468513926e-01 0.000000000000000000e+00 0.000000000000000000e+00 0.000000000000000000e+00 4.508185275327384889e-01
0.000000000000000000e+00 0.000000000000000000e+00 7.865669433671745869e-01 6.778286439989049672e-01 2.783099049181956275e-01 0.000000000000000000e+00 2.678273829738789802e-01 0.000000000000000000e+00 0.000000000000000000e+00 0.000000000000000000e+00 0.000000000000000000e+00 0.000000000000000000e+00 0.000000000000000000e+00 0.000000000000000000e+00 0.000000000000000000e+00 0.000000000000000000e+00 8.969059654013846750e-01 1.036779264037533066e+00 0.000000000000000000e+00 0.000000000000000000e+00 1.084556503528790961e+00 0.000000000000000000e+00 0.000000000000000000e+00 1.938303241311306879e-01 0.000000000000000000e+00
8.371681625586735453e-01 4.090794446408018148e-01 0.000000000000000000e+00 0.000000000000000000e+00 0.000000000000000000e+00 7.965901514145264928e-01 0.000000000000000000e+00 0.000000000000000000e+00 0.000000000000000000e+00 0.000000000000000000e+00 0.000000000000000000e+00 4.146654545248011914e-01 4.358940768521651216e-02 0.000000000000000000e+00 0.000000000000000000e+00 3.902232433201924811e-01 0.000000000000000000e+00 0.000000000000000000e+00 0.000000000000000000e+00 7.818677592113591757e-02 0.000000000000000000e+00 0.000000000000000000e+00 0.000000000000000000e+00 0.000000000000000000e+00 0.000000000000000000e+00
3.422387936849312084e-01 3.534952044443284147e-01 0.000000000000000000e+00 3.629361273120084164e-01 1.659344021203776054e-01 0.000000000000000000e+00 0.000000000000000000e+00 8.274374439786903457e-01 0.000000000000000000e+00 0.000000000000000000e+00 0.000000000000000000e+00 2.734985030504141212e-01 0.000000000000000000e+00 0.000000000000000000e+00 2.401484595025276114e-01 6.642765916634315593e-01 0.000000000000000000e+00 0.000000000000000000e+00 0.000000000000000000e+00 0.000000000000000000e+00 0.000000000000000000e+00 0.000000000000000000e+00 0.000000000000000000e+00 0.000000000000000000e+00 1.076581806618728043e+00
5.917676631568655754e-01 0.000000000000000000e+00 0.000000000000000000e+00 0.000000000000000000e+00 4.963222711599237780e-01 0.000000000000000000e+00 1.823421650631354973e-01 0.000000000000000000e+00 4.158211904823109761e-01 0.000000000000000000e+00 0.000000000000000000e+00 0.000000000000000000e+00 0.000000000000000000e+00 3.693661743228392191e-02 0.000000000000000000e+00 0.000000000000000000e+00 0.000000000000000000e+00 0.000000000000000000e+00 0.000000000000000000e+00 0.000000000000000000e+00 0.000000000000000000e+00 2.776548657792713981e-01 0.000000000000000000e+00 0.000000000000000000e+00 0.000000000000000000e+00
0.000000000000000000e+00 4.799359348327373875e-01 1.094769765300318110e+00 8.046719721061309505e-01 0.000000000000000000e+00 0.000000000000000000e+00 0.000000000000000000e+00 0.000000000000000000e+00 0.000000000000000000e+00 0.000000000000000000e+00 0.000000000000000000e+00 0.000000000000000000e+00 0.000000000000000000e+00 0.000000000000000000e+00 0.000000000000000000e+00 0.000000000000000000e+00 5.180362198309097499e-01 0.000000000000000000e+00 0.000000000000000000e+00 0.000000000000000000e+00 0.000000000000000000e+00 2.804721517130526753e-01 2.718873103588109186e-01 0.000000000000000000e+00 0.000000000000000000e+00
6.080333017740683355e-01 0.000000000000000000e+00 0.000000000000000000e+00 0.000000000000000000e+00 3.020684807722999188e-01 0.000000000000000000e+00 0.000000000000000000e+00 0.000000000000000000e+00 0.000000000000000000e+00 0.000000000000000000e+00 0.000000000000000000e+00 4.152313704989706866e-01 0.000000000000000000e+00 0.000000000000000000e+00 0.000000000000000000e+00 0.000000000000000000e+00 0.000000000000000000e+00 0.000000000000000000e+00 1.491368587085931896e+00 0.000000000000000000e+00 2.851578365127384052e-01 0.000000000000000000e+00 0.000000000000000000e+00 0.000000000000000000e+00 0.000000000000000000e+00
0.000000000000000000e+00 5.001270309834237038e-01 1.049607996668675103e+00 0.000000000000000000e+00 0.000000000000000000e+00 6.413894111480139548e-02 0.000000000000000000e+00 0.000000000000000000e+00 0.000000000000000000e+00 0.000000000000000000e+00 0.000000000000000000e+00 0.000000000000000000e+00 0.000000000000000000e+00 0.000000000000000000e+00 0.000000000000000000e+00 0.000000000000000000e+00 0.000000000000000000e+00 0.000000000000000000e+00 0.000000000000000000e+00 1.457544074417835012e-01 0.000000000000000000e+00 4.632471886006361839e-01 1.280352531659576965e+00 0.000000000000000000e+00 1.102209244111798991e+00
4.984023029077526146e-01 5.078489218353958723e-01 0.000000000000000000e+00 5.047208494240381649e-01 0.000000000000000000e+00 4.162859556663355831e-01 0.000000000000000000e+00 0.000000000000000000e+00 0.000000000000000000e+00 0.000000000000000000e+00 0.000000000000000000e+00 0.000000000000000000e+00 0.000000000000000000e+00 0.000000000000000000e+00 0.000000000000000000e+00 0.000000000000000000e+00 0.000000000000000000e+00 0.000000000000000000e+00 0.000000000000000000e+00 0.000000000000000000e+00 0.000000000000000000e+00 0.000000000000000000e+00 0.000000000000000000e+00 0.000000000000000000e+00 0.000000000000000000e+00
4.820201915344679011e-01 0.000000000000000000e+00 5.222403125224674980e-01 0.000000000000000000e+00 0.000000000000000000e+00 4.795421746026614085e-01 0.000000000000000000e+00 3.829122056751472769e-01 0.000000000000000000e+00 0.000000000000000000e+00 0.000000000000000000e+00 0.000000000000000000e+00 0.000000000000000000e+00 0.000000000000000000e+00 0.000000000000000000e+00 0.000000000000000000e+00 0.000000000000000000e+00 0.000000000000000000e+00 0.000000000000000000e+00 0.000000000000000000e+00 0.000000000000000000e+00 4.156891232853983098e-01 0.000000000000000000e+00 0.000000000000000000e+00 0.000000000000000000e+00
0.000000000000000000e+00 0.000000000000000000e+00 0.000000000000000000e+00 2.657027845043575809e-01 0.000000000000000000e+00 0.000000000000000000e+00 0.000000000000000000e+00 0.000000000000000000e+00 0.000000000000000000e+00 0.000000000000000000e+00 0.000000000000000000e+00 0.000000000000000000e+00 0.000000000000000000e+00 8.513144348889603585e-02 5.767671084094603273e-01 5.938171288838595130e-01 0.000000000000000000e+00 2.116648975766549090e-01 0.000000000000000000e+00 6.092377203889195458e-01 0.000000000000000000e+00 0.000000000000000000e+00 0.000000000000000000e+00 0.000000000000000000e+00 0.000000000000000000e+00
3.116787979158707755e-01 0.000000000000000000e+00 0.000000000000000000e+00 0.000000000000000000e+00 0.000000000000000000e+00 7.196531828325664071e-02 0.000000000000000000e+00 7.236879125713622241e-01 0.000000000000000000e+00 0.000000000000000000e+00 0.000000000000000000e+00 0.000000000000000000e+00 9.875630058453398197e-02 0.000000000000000000e+00 3.147856856736491182e-01 7.640656392933863339e-01 0.000000000000000000e+00 0.000000000000000000e+00 0.000000000000000000e+00 0.000000000000000000e+00 0.000000000000000000e+00 0.000000000000000000e+00 0.000000000000000000e+00 0.000000000000000000e+00 7.358243226312635166e-01
0.000000000000000000e+00 5.736328937021876184e-01 0.000000000000000000e+00 0.000000000000000000e+00 3.705876403400645835e-01 0.000000000000000000e+00 0.000000000000000000e+00 0.000000000000000000e+00 0.000000000000000000e+00 0.000000000000000000e+00 0.000000000000000000e+00 0.000000000000000000e+00 0.000000000000000000e+00 0.000000000000000000e+00 2.156222779879007068e-01 0.000000000000000000e+00 0.000000000000000000e+00 9.732250441110469608e-02 0.000000000000000000e+00 0.000000000000000000e+00 3.525604668164736277e-01 0.000000000000000000e+00 0.000000000000000000e+00 0.000000000000000000e+00 0.000000000000000000e+00
0.000000000000000000e+00 0.000000000000000000e+00 0.000000000000000000e+00 0.000000000000000000e+00 0.000000000000000000e+00 0.000000000000000000e+00 0.000000000000000000e+00 0.000000000000000000e+00 0.000000000000000000e+00 2.036234246666170089e-01 0.000000000000000000e+00 0.000000000000000000e+00 4.691044920692832854e-01 0.000000000000000000e+00 0.000000000000000000e+00 3.465593992320794015e-01 0.000000000000000000e+00 0.000000000000000000e+00 0.000000000000000000e+00 0.000000000000000000e+00 0.000000000000000000e+00 4.649521060427792840e-02 0.000000000000000000e+00 0.000000000000000000e+00 0.000000000000000000e+00
0.000000000000000000e+00 0.000000000000000000e+00 0.000000000000000000e+00 3.968694637069036801e-01 0.000000000000000000e+00 0.000000000000000000e+00 0.000000000000000000e+00 0.000000000000000000e+00 0.000000000000000000e+00 0.000000000000000000e+00 0.000000000000000000e+00 0.000000000000000000e+00 0.000000000000000000e+00 0.000000000000000000e+00 0.000000000000000000e+00 0.000000000000000000e+00 0.000000000000000000e+00 0.000000000000000000e+00 0.000000000000000000e+00 0.000000000000000000e+00 0.000000000000000000e+00 1.656763113652559016e-01 9.455623619687405501e-01 0.000000000000000000e+00 0.000000000000000000e+00
0.000000000000000000e+00 6.234191161351757549e-01 0.000000000000000000e+00 0.000000000000000000e+00 0.000000000000000000e+00 0.000000000000000000e+00 0.000000000000000000e+00 0.000000000000000000e+00 0.000000000000000000e+00 0.000000000000000000e+00 0.000000000000000000e+00 0.000000000000000000e+00 0.000000000000000000e+00 0.000000000000000000e+00 0.000000000000000000e+00 0.000000000000000000e+00 0.000000000000000000e+00 0.000000000000000000e+00 0.000000000000000000e+00 0.000000000000000000e+00 0.000000000000000000e+00 0.000000000000000000e+00 0.000000000000000000e+00 0.000000000000000000e+00 0.000000000000000000e+00
2.805963507641923149e-01 0.000000000000000000e+00 1.996379820436963992e-01 0.000000000000000000e+00 0.000000000000000000e+00 0.000000000000000000e+00 6.376429139403534674e-02 0.000000000000000000e+00 0.000000000000000000e+00 0.000000000000000000e+00 0.000000000000000000e+00 0.000000000000000000e+00 4.189429945842594871e-01 0.000000000000000000e+00 0.000000000000000000e+00 0.000000000000000000e+00 0.000000000000000000e+00 0.000000000000000000e+00 5.845095400391662338e-02 0.000000000000000000e+00 0.000000000000000000e+00 9.312052912605967014e-02 8.191036056502096208e-02 0.000000000000000000e+00 0.000000000000000000e+00
0.000000000000000000e+00 0.000000000000000000e+00 0.000000000000000000e+00 0.000000000000000000e+00 0.000000000000000000e+00 0.000000000000000000e+00 0.000000000000000000e+00 0.000000000000000000e+00 5.971738065420589825e-01 0.000000000000000000e+00 0.000000000000000000e+00 0.000000000000000000e+00 0.000000000000000000e+00 0.000000000000000000e+00 0.000000000000000000e+00 0.000000000000000000e+00 0.000000000000000000e+00 0.000000000000000000e+00 0.000000000000000000e+00 0.000000000000000000e+00 0.000000000000000000e+00 0.000000000000000000e+00 0.000000000000000000e+00 0.000000000000000000e+00 7.113808255843992456e-02
0.000000000000000000e+00 0.000000000000000000e+00 0.000000000000000000e+00 0.000000000000000000e+00 0.000000000000000000e+00 3.972072666749187908e-01 0.000000000000000000e+00 0.000000000000000000e+00 0.000000000000000000e+00 0.000000000000000000e+00 0.000000000000000000e+00 0.000000000000000000e+00 0.000000000000000000e+00 0.000000000000000000e+00 0.000000000000000000e+00 0.000000000000000000e+00 0.000000000000000000e+00 0.000000000000000000e+00 0.000000000000000000e+00 2.635004373015286117e-01 0.000000000000000000e+00 0.000000000000000000e+00 9.798650411945701577e-02 0.000000000000000000e+00 0.000000000000000000e+00
0.000000000000000000e+00 0.000000000000000000e+00 0.000000000000000000e+00 5.899316517030306350e-01 0.000000000000000000e+00 0.000000000000000000e+00 0.000000000000000000e+00 0.000000000000000000e+00 0.000000000000000000e+00 0.000000000000000000e+00 0.000000000000000000e+00 0.000000000000000000e+00 0.000000000000000000e+00 0.000000000000000000e+00 0.000000000000000000e+00 0.000000000000000000e+00 0.000000000000000000e+00 0.000000000000000000e+00 0.000000000000000000e+00 0.000000000000000000e+00 0.000000000000000000e+00 0.000000000000000000e+00 0.000000000000000000e+00 0.000000000000000000e+00 0.000000000000000000e+00
0.000000000000000000e+00 0.000000000000000000e+00 0.000000000000000000e+00 0.000000000000000000e+00 0.000000000000000000e+00 0.000000000000000000e+00 3.239327454773138215e-01 0.000000000000000000e+00 0.000000000000000000e+00 0.000000000000000000e+00 0.000000000000000000e+00 0.000000000000000000e+00 0.000000000000000000e+00 0.000000000000000000e+00 0.000000000000000000e+00 0.000000000000000000e+00 2.063240076862181138e-01 0.000000000000000000e+00 0.000000000000000000e+00 0.000000000000000000e+00 0.000000000000000000e+00 0.000000000000000000e+00 0.000000000000000000e+00 0.000000000000000000e+00 0.000000000000000000e+00
0.000000000000000000e+00 0.000000000000000000e+00 5.294992814099361983e-02 0.000000000000000000e+00 4.757719860132080258e-01 0.000000000000000000e+00 0.000000000000000000e+00 0.000000000000000000e+00 0.000000000000000000e+00 0.000000000000000000e+00 0.000000000000000000e+00 4.147045908397963693e-02 0.000000000000000000e+00 0.000000000000000000e+00 0.000000000000000000e+00 0.000000000000000000e+00 1.886098640821934069e-01 0.000000000000000000e+00 0.000000000000000000e+00 0.000000000000000000e+00 0.000000000000000000e+00 0.000000000000000000e+00 0.000000000000000000e+00 0.000000000000000000e+00 0.000000000000000000e+00
