# File created on Fri May 17 15:42:02 2024
# The following metaparameters were used for this matrix optimization : gamma0 = 0.5; alpha0 = 0; sigma0 = 0.25; l0 = 1;p = 1; R0 = 1; S0 = 0.05; NR = 25; NS = 25; matrix path = matrices/Nr25_Nc25/consumption/RandTrix_Nr25_Nc25_Nest0.5_Conn0.32.txt; convergence threshold = 1e-08
1.364265463769982e-03 0.000000000000000e+00 0.000000000000000e+00 0.000000000000000e+00 0.000000000000000e+00 4.958334665055844e-03 0.000000000000000e+00 1.636622069870206e-03 0.000000000000000e+00 4.301190765730643e-03 0.000000000000000e+00 0.000000000000000e+00 0.000000000000000e+00 0.000000000000000e+00 0.000000000000000e+00 0.000000000000000e+00 4.571715720602913e-03 7.788382685467373e-04 0.000000000000000e+00 0.000000000000000e+00 1.104332773588249e-03 2.656175826461749e-03 0.000000000000000e+00 0.000000000000000e+00 4.802190229124819e-03 
1.586122418350061e-03 0.000000000000000e+00 2.385029225690526e-03 0.000000000000000e+00 0.000000000000000e+00 0.000000000000000e+00 1.571236800367064e-03 0.000000000000000e+00 4.354736250729780e-03 2.652052480871787e-03 0.000000000000000e+00 0.000000000000000e+00 4.694127699226546e-03 0.000000000000000e+00 2.691857832687846e-03 2.913453410462229e-03 4.922724209545225e-03 0.000000000000000e+00 0.000000000000000e+00 2.345644085015960e-03 0.000000000000000e+00 2.292319615616016e-03 0.000000000000000e+00 1.764700805863074e-03 0.000000000000000e+00 
0.000000000000000e+00 1.916171436310007e-03 0.000000000000000e+00 0.000000000000000e+00 4.465956815789248e-03 0.000000000000000e+00 3.413065641701524e-03 1.022226454902629e-03 4.355868408579058e-03 0.000000000000000e+00 0.000000000000000e+00 0.000000000000000e+00 1.390005447211690e-03 3.496838382480396e-03 4.687657046274656e-03 4.182170800526529e-03 1.669339840945153e-03 1.210470145621703e-03 0.000000000000000e+00 6.014346494393954e-04 1.427941022750153e-03 0.000000000000000e+00 3.493700625345854e-03 0.000000000000000e+00 0.000000000000000e+00 
0.000000000000000e+00 0.000000000000000e+00 2.794746600705463e-04 3.082140870165165e-03 3.345800242420768e-03 0.000000000000000e+00 0.000000000000000e+00 0.000000000000000e+00 3.222806625039357e-03 0.000000000000000e+00 0.000000000000000e+00 4.282447741998822e-03 0.000000000000000e+00 0.000000000000000e+00 0.000000000000000e+00 4.282726520923882e-03 3.939969417900745e-03 0.000000000000000e+00 0.000000000000000e+00 2.501867611650516e-03 9.723882627566584e-04 0.000000000000000e+00 0.000000000000000e+00 1.904669541284794e-04 0.000000000000000e+00 
0.000000000000000e+00 4.813141135911178e-03 2.010433759925434e-03 1.732030014718153e-03 0.000000000000000e+00 0.000000000000000e+00 0.000000000000000e+00 2.005631871896555e-03 4.947720413947360e-03 0.000000000000000e+00 0.000000000000000e+00 0.000000000000000e+00 9.347717183048230e-04 7.722929990988194e-04 0.000000000000000e+00 2.787006407242715e-03 0.000000000000000e+00 1.046573546778124e-03 0.000000000000000e+00 0.000000000000000e+00 0.000000000000000e+00 2.594234044860517e-03 0.000000000000000e+00 1.667049597213116e-03 0.000000000000000e+00 
1.418435749598956e-03 0.000000000000000e+00 3.443597236869806e-03 0.000000000000000e+00 3.366231307635526e-03 0.000000000000000e+00 4.361704998030522e-03 0.000000000000000e+00 2.738284002456680e-03 2.037607305480779e-03 0.000000000000000e+00 0.000000000000000e+00 2.734892827788830e-03 3.386579515364726e-04 1.452992989103209e-03 0.000000000000000e+00 0.000000000000000e+00 0.000000000000000e+00 5.923121192052732e-04 0.000000000000000e+00 3.139363658898286e-03 0.000000000000000e+00 4.651337793576419e-03 0.000000000000000e+00 4.294553794990345e-03 
3.009240426018584e-03 4.536683380478449e-03 0.000000000000000e+00 0.000000000000000e+00 0.000000000000000e+00 8.604720267225188e-04 0.000000000000000e+00 1.731503105147411e-03 0.000000000000000e+00 1.566736243997144e-03 0.000000000000000e+00 0.000000000000000e+00 0.000000000000000e+00 4.422703811915381e-03 2.137017534561080e-03 2.753751715795697e-03 3.545806071010578e-03 4.445919083961615e-03 0.000000000000000e+00 0.000000000000000e+00 0.000000000000000e+00 2.854402958499411e-03 0.000000000000000e+00 1.377679965416052e-03 2.532227660195506e-03 
0.000000000000000e+00 1.467967038754990e-03 0.000000000000000e+00 0.000000000000000e+00 1.728802109689057e-03 1.107856028023547e-03 0.000000000000000e+00 0.000000000000000e+00 0.000000000000000e+00 4.284512204774310e-03 4.602429484502574e-03 0.000000000000000e+00 0.000000000000000e+00 4.619555397245304e-03 5.720626706072003e-04 0.000000000000000e+00 3.410738649426286e-03 3.027953756430003e-03 2.140756889696854e-03 0.000000000000000e+00 0.000000000000000e+00 4.150591105107393e-03 0.000000000000000e+00 0.000000000000000e+00 0.000000000000000e+00 
2.086692207536504e-03 0.000000000000000e+00 0.000000000000000e+00 0.000000000000000e+00 2.552722579409205e-03 2.899692498271920e-03 0.000000000000000e+00 4.213844676181355e-03 0.000000000000000e+00 0.000000000000000e+00 0.000000000000000e+00 0.000000000000000e+00 0.000000000000000e+00 4.567760792708972e-05 0.000000000000000e+00 3.934080455816640e-03 2.741388401207460e-03 6.754068900991354e-04 0.000000000000000e+00 1.101082247775224e-03 0.000000000000000e+00 2.798043160628353e-03 0.000000000000000e+00 4.253027213869969e-03 8.973143953247350e-05 
7.223752880051957e-04 0.000000000000000e+00 9.130015155943148e-04 0.000000000000000e+00 0.000000000000000e+00 3.255761190898571e-03 0.000000000000000e+00 1.311388866982258e-03 0.000000000000000e+00 4.812921198739233e-04 1.442601223556799e-03 2.970053727857860e-03 0.000000000000000e+00 2.703377099701389e-03 0.000000000000000e+00 4.926544314680905e-03 2.367946088389617e-03 0.000000000000000e+00 4.864393684430456e-03 1.139518846218778e-03 0.000000000000000e+00 3.323575777602681e-03 0.000000000000000e+00 2.795149471480908e-04 0.000000000000000e+00 
0.000000000000000e+00 0.000000000000000e+00 4.084502822641495e-03 0.000000000000000e+00 4.142392203247049e-04 0.000000000000000e+00 2.446436005494366e-03 1.198597993121695e-03 4.227452656723401e-03 0.000000000000000e+00 0.000000000000000e+00 0.000000000000000e+00 0.000000000000000e+00 0.000000000000000e+00 0.000000000000000e+00 7.534788002120573e-04 0.000000000000000e+00 2.620795817268398e-03 0.000000000000000e+00 4.408675699356323e-03 0.000000000000000e+00 0.000000000000000e+00 0.000000000000000e+00 0.000000000000000e+00 0.000000000000000e+00 
4.816232025059245e-03 0.000000000000000e+00 0.000000000000000e+00 4.699479746086466e-03 4.679756241596802e-03 1.541286108085406e-03 2.460180920813527e-03 0.000000000000000e+00 4.193336664525795e-03 0.000000000000000e+00 0.000000000000000e+00 0.000000000000000e+00 0.000000000000000e+00 2.742773915979061e-03 0.000000000000000e+00 3.369697007372106e-03 0.000000000000000e+00 2.289096421083422e-04 1.565563489709303e-03 3.008384681141335e-03 4.557157476239949e-04 3.043990146835614e-03 0.000000000000000e+00 4.691572472225114e-04 0.000000000000000e+00 
0.000000000000000e+00 4.244669539667475e-03 0.000000000000000e+00 4.461762681425205e-03 0.000000000000000e+00 0.000000000000000e+00 0.000000000000000e+00 2.312301219181361e-03 4.752662078744239e-03 1.506462385571952e-03 0.000000000000000e+00 0.000000000000000e+00 0.000000000000000e+00 3.916541337344981e-03 0.000000000000000e+00 3.171405742944646e-03 4.537264562884311e-03 3.617568848204604e-03 3.926533769897157e-03 3.717139778883976e-03 1.171489299172827e-03 4.751801838223554e-03 0.000000000000000e+00 3.712503846036169e-03 0.000000000000000e+00 
0.000000000000000e+00 4.466357501951033e-03 2.865481708442338e-03 0.000000000000000e+00 4.095180464936520e-04 0.000000000000000e+00 0.000000000000000e+00 0.000000000000000e+00 0.000000000000000e+00 0.000000000000000e+00 9.484617960030091e-04 2.314739338235010e-03 0.000000000000000e+00 0.000000000000000e+00 0.000000000000000e+00 2.518736843829750e-03 4.864869997495887e-04 1.101622278951501e-03 3.593591806820308e-03 0.000000000000000e+00 0.000000000000000e+00 0.000000000000000e+00 0.000000000000000e+00 0.000000000000000e+00 0.000000000000000e+00 
4.442628265941262e-03 2.416567716966186e-04 0.000000000000000e+00 0.000000000000000e+00 5.135708234678187e-04 0.000000000000000e+00 0.000000000000000e+00 0.000000000000000e+00 2.661719446294531e-03 0.000000000000000e+00 0.000000000000000e+00 0.000000000000000e+00 3.098792447290569e-03 0.000000000000000e+00 0.000000000000000e+00 4.625661726485640e-04 1.348599421654186e-03 0.000000000000000e+00 0.000000000000000e+00 0.000000000000000e+00 3.120591780368679e-03 0.000000000000000e+00 2.954384558100523e-03 1.620850035152013e-04 0.000000000000000e+00 
4.709091185592354e-03 0.000000000000000e+00 2.816979309681619e-03 0.000000000000000e+00 0.000000000000000e+00 0.000000000000000e+00 0.000000000000000e+00 2.470602877402351e-03 1.929137040336644e-03 2.818229323837927e-03 6.972188606278085e-04 0.000000000000000e+00 1.175214468706992e-03 1.539037721938803e-03 0.000000000000000e+00 1.150670343212575e-03 0.000000000000000e+00 4.399257086586028e-03 3.609638515759297e-03 1.388489700156572e-04 0.000000000000000e+00 0.000000000000000e+00 0.000000000000000e+00 0.000000000000000e+00 1.598829523237343e-03 
0.000000000000000e+00 0.000000000000000e+00 0.000000000000000e+00 0.000000000000000e+00 4.546506239573095e-03 1.977134904684211e-03 0.000000000000000e+00 4.401910139224809e-03 2.950785838813460e-04 4.507252679065492e-03 2.618635382138847e-03 0.000000000000000e+00 4.978781764317252e-03 4.854037152180484e-03 0.000000000000000e+00 0.000000000000000e+00 4.086944266204758e-03 0.000000000000000e+00 1.770709688863706e-03 0.000000000000000e+00 1.972700432654844e-03 0.000000000000000e+00 0.000000000000000e+00 2.784466774550716e-03 2.508141799329473e-03 
1.016234687688623e-03 1.318005365003857e-03 0.000000000000000e+00 0.000000000000000e+00 0.000000000000000e+00 0.000000000000000e+00 0.000000000000000e+00 0.000000000000000e+00 1.315979308663072e-03 0.000000000000000e+00 0.000000000000000e+00 3.353576689643841e-03 0.000000000000000e+00 2.039761250432616e-03 0.000000000000000e+00 3.369612198286149e-03 2.827968807433132e-03 0.000000000000000e+00 4.836701035405180e-03 4.833977134239035e-03 4.944214299445982e-03 0.000000000000000e+00 2.076365749765467e-03 0.000000000000000e+00 0.000000000000000e+00 
4.945195542805742e-03 0.000000000000000e+00 0.000000000000000e+00 0.000000000000000e+00 0.000000000000000e+00 0.000000000000000e+00 7.902079450114855e-04 9.151569093611148e-04 0.000000000000000e+00 6.437639849257239e-04 0.000000000000000e+00 0.000000000000000e+00 0.000000000000000e+00 0.000000000000000e+00 0.000000000000000e+00 2.441521818558251e-04 3.254839291406083e-03 0.000000000000000e+00 3.912414431631321e-03 0.000000000000000e+00 0.000000000000000e+00 3.359950671939424e-03 0.000000000000000e+00 0.000000000000000e+00 0.000000000000000e+00 
9.303651596798275e-04 0.000000000000000e+00 0.000000000000000e+00 0.000000000000000e+00 4.076637125901723e-03 9.001980655810351e-04 9.643092315264628e-04 3.410756401293246e-03 0.000000000000000e+00 0.000000000000000e+00 3.869994462226216e-03 1.692699805059547e-04 0.000000000000000e+00 1.863536232600209e-03 0.000000000000000e+00 2.465849263495913e-03 4.488705305154604e-03 0.000000000000000e+00 4.578384660019051e-03 0.000000000000000e+00 4.435645786018293e-03 2.384447407751275e-04 0.000000000000000e+00 0.000000000000000e+00 6.684115507644115e-05 
0.000000000000000e+00 3.145122839775848e-03 4.085064193127401e-03 0.000000000000000e+00 1.013976884335305e-03 0.000000000000000e+00 2.393936748830813e-03 1.114022347472211e-03 0.000000000000000e+00 0.000000000000000e+00 2.303402112994924e-03 0.000000000000000e+00 0.000000000000000e+00 1.080947294492529e-03 0.000000000000000e+00 0.000000000000000e+00 2.343838791722432e-03 0.000000000000000e+00 0.000000000000000e+00 0.000000000000000e+00 2.900449630563324e-04 1.886021044072167e-03 0.000000000000000e+00 0.000000000000000e+00 0.000000000000000e+00 
0.000000000000000e+00 0.000000000000000e+00 9.164891999271585e-04 0.000000000000000e+00 2.160942494513491e-03 0.000000000000000e+00 3.908609597429467e-03 3.086095574056643e-03 3.226983991754323e-03 4.481521341059647e-03 0.000000000000000e+00 0.000000000000000e+00 7.264661108211617e-04 0.000000000000000e+00 3.260263707907000e-03 0.000000000000000e+00 0.000000000000000e+00 4.460231400218654e-03 0.000000000000000e+00 0.000000000000000e+00 2.375654737861517e-03 0.000000000000000e+00 3.325772609468934e-03 3.816998901340345e-03 0.000000000000000e+00 
3.758377947521605e-03 2.846614110296457e-03 0.000000000000000e+00 2.090610955855170e-03 2.002021513153658e-03 0.000000000000000e+00 2.344104176649619e-04 4.375007546235054e-03 2.856320681054466e-03 2.798236468125512e-03 0.000000000000000e+00 7.598642273428671e-04 2.079566274412358e-03 0.000000000000000e+00 0.000000000000000e+00 4.756106100319492e-03 9.918732159425552e-04 7.965822073435383e-04 0.000000000000000e+00 0.000000000000000e+00 3.208830488326016e-03 1.564921411368084e-03 0.000000000000000e+00 0.000000000000000e+00 1.443565798886456e-04 
6.691087716293329e-04 0.000000000000000e+00 0.000000000000000e+00 2.415308850116668e-03 2.692101041776676e-03 0.000000000000000e+00 0.000000000000000e+00 4.616337055908097e-03 4.674861152901800e-03 4.255495594364922e-03 1.321265307860339e-03 0.000000000000000e+00 3.593698712520261e-03 0.000000000000000e+00 0.000000000000000e+00 2.745280273569540e-03 0.000000000000000e+00 3.967053092235796e-03 2.864271206187972e-03 0.000000000000000e+00 2.416087568092237e-03 0.000000000000000e+00 4.364703675034025e-04 0.000000000000000e+00 0.000000000000000e+00 
3.281592221504808e-03 4.637092986056861e-03 2.605524302551217e-03 0.000000000000000e+00 4.174056449712571e-03 0.000000000000000e+00 0.000000000000000e+00 2.491697619077580e-03 1.439356738766049e-03 0.000000000000000e+00 1.979874690445717e-03 0.000000000000000e+00 4.241345995511041e-03 6.680686082156258e-04 0.000000000000000e+00 0.000000000000000e+00 4.805961328782333e-03 0.000000000000000e+00 2.699191812403365e-03 2.494766261016712e-03 0.000000000000000e+00 4.182718330165931e-03 1.908405747285869e-03 4.958115922325853e-03 0.000000000000000e+00 