# # File created on Fri May 17 15:42:04 2024
#  # The following metaparameters were used for this matrix optimization : gamma0 = 0.5; alpha0 = 0; sigma0 = 0.25; l0 = 1;p = 1; R0 = 1; S0 = 0.05; NR = 25; NS = 25; matrix path = matrices/Nr25_Nc25/consumption/RandTrix_Nr25_Nc25_Nest0.55_Conn0.1248.txt; convergence threshold = 1e-08
# 
0.000000000000000000e+00 0.000000000000000000e+00 0.000000000000000000e+00 9.347038032541793700e-04 8.059042069293610982e-04 0.000000000000000000e+00 0.000000000000000000e+00 0.000000000000000000e+00 6.947691318515529795e-05 4.529322446797624628e-03 0.000000000000000000e+00 0.000000000000000000e+00 0.000000000000000000e+00 7.926630633502311312e-05 3.928962766188746382e-03 0.000000000000000000e+00 4.161110782456969100e-04 0.000000000000000000e+00 0.000000000000000000e+00 3.715432603119289169e-03 0.000000000000000000e+00 4.999570472130660144e-03 4.320295519264433573e-03 0.000000000000000000e+00 4.613523337676025612e-03
1.179938110996041085e-03 5.684889135294312690e-04 9.273349864663350860e-04 0.000000000000000000e+00 1.774529354433224040e-03 0.000000000000000000e+00 0.000000000000000000e+00 2.387558044101593165e-03 4.567856035229738744e-03 0.000000000000000000e+00 0.000000000000000000e+00 0.000000000000000000e+00 0.000000000000000000e+00 4.098330308523277961e-03 0.000000000000000000e+00 6.904177939974346680e-04 6.149877244790895661e-04 1.362971970272168964e-03 0.000000000000000000e+00 4.162755488741787246e-03 4.115669319196928189e-03 4.294858023148430577e-03 0.000000000000000000e+00 0.000000000000000000e+00 0.000000000000000000e+00
0.000000000000000000e+00 0.000000000000000000e+00 1.364363303271432003e-03 4.745235455818630661e-03 0.000000000000000000e+00 7.781984900536981610e-04 4.935146736169364464e-04 2.375285931979474047e-03 2.720765176566716965e-03 0.000000000000000000e+00 0.000000000000000000e+00 9.359164985918369409e-04 0.000000000000000000e+00 0.000000000000000000e+00 0.000000000000000000e+00 0.000000000000000000e+00 0.000000000000000000e+00 4.812845289247875274e-03 0.000000000000000000e+00 4.423273371508862871e-03 0.000000000000000000e+00 0.000000000000000000e+00 0.000000000000000000e+00 4.251225050973202191e-03 0.000000000000000000e+00
2.063629753704548844e-03 0.000000000000000000e+00 0.000000000000000000e+00 0.000000000000000000e+00 0.000000000000000000e+00 0.000000000000000000e+00 2.208266591771943909e-03 0.000000000000000000e+00 0.000000000000000000e+00 0.000000000000000000e+00 0.000000000000000000e+00 3.730981029883624189e-03 0.000000000000000000e+00 4.474984810753467393e-03 0.000000000000000000e+00 0.000000000000000000e+00 0.000000000000000000e+00 2.601746450752792129e-03 2.232363751167015103e-03 2.952125009783659881e-03 0.000000000000000000e+00 3.394605798190345174e-03 7.556856986053672124e-05 1.885682229770550096e-03 0.000000000000000000e+00
2.572473580890097776e-04 3.549566509079427144e-03 0.000000000000000000e+00 4.924203780322185600e-03 4.448349165873314963e-03 0.000000000000000000e+00 4.766839697143651980e-03 2.917324723625209885e-03 1.041030637590519090e-03 0.000000000000000000e+00 0.000000000000000000e+00 0.000000000000000000e+00 3.896846802095664010e-03 0.000000000000000000e+00 0.000000000000000000e+00 2.656445805226950990e-03 4.204460592940788624e-03 3.705545091999047896e-03 6.444876189813546815e-04 0.000000000000000000e+00 3.155953370546036967e-03 0.000000000000000000e+00 0.000000000000000000e+00 0.000000000000000000e+00 1.853735795557139064e-03
3.699925873923098126e-03 0.000000000000000000e+00 2.743065657554679803e-03 0.000000000000000000e+00 2.342361652809884977e-03 1.550013731321175968e-03 0.000000000000000000e+00 2.572033128141588965e-03 0.000000000000000000e+00 0.000000000000000000e+00 0.000000000000000000e+00 2.206041009260202145e-03 0.000000000000000000e+00 0.000000000000000000e+00 4.617601235864973210e-03 2.519464169496203002e-03 0.000000000000000000e+00 2.207593504051291906e-03 3.436907286483718155e-03 1.002821460506985070e-03 0.000000000000000000e+00 0.000000000000000000e+00 4.330381522358452834e-03 1.859267727710943105e-03 0.000000000000000000e+00
1.562548734748832064e-03 0.000000000000000000e+00 3.466499707178800817e-03 1.669938036760705092e-03 0.000000000000000000e+00 0.000000000000000000e+00 0.000000000000000000e+00 0.000000000000000000e+00 0.000000000000000000e+00 2.241454897485516823e-03 2.680332662046162255e-04 0.000000000000000000e+00 0.000000000000000000e+00 0.000000000000000000e+00 0.000000000000000000e+00 0.000000000000000000e+00 0.000000000000000000e+00 0.000000000000000000e+00 0.000000000000000000e+00 0.000000000000000000e+00 1.686196350105272079e-03 0.000000000000000000e+00 0.000000000000000000e+00 4.021820195809226207e-03 3.693852503508263802e-03
6.456917953164701199e-04 1.298579683890843054e-03 1.103109672600422961e-03 3.934677200939109241e-03 0.000000000000000000e+00 3.946158038166685915e-03 4.537021220215460039e-03 0.000000000000000000e+00 4.127146755391337962e-03 0.000000000000000000e+00 0.000000000000000000e+00 0.000000000000000000e+00 0.000000000000000000e+00 0.000000000000000000e+00 0.000000000000000000e+00 0.000000000000000000e+00 2.070306337482783095e-03 2.930575094141020867e-03 1.565053262123232902e-03 3.589426020168803855e-03 0.000000000000000000e+00 0.000000000000000000e+00 0.000000000000000000e+00 3.765420455568168918e-03 6.275544899163761330e-04
4.901013462463668993e-03 2.874404836359078889e-03 1.844663606827027071e-03 0.000000000000000000e+00 4.461563987033271943e-03 1.649695110172402952e-03 0.000000000000000000e+00 0.000000000000000000e+00 0.000000000000000000e+00 4.956292644587200619e-03 3.722522958406808912e-04 0.000000000000000000e+00 1.114121379187161956e-03 0.000000000000000000e+00 1.826695158064408058e-03 0.000000000000000000e+00 0.000000000000000000e+00 0.000000000000000000e+00 1.755254021677295087e-03 0.000000000000000000e+00 0.000000000000000000e+00 4.961376881600891228e-03 0.000000000000000000e+00 0.000000000000000000e+00 4.601930438321140404e-03
0.000000000000000000e+00 3.356949300475460182e-03 0.000000000000000000e+00 4.814671809564129677e-03 0.000000000000000000e+00 3.063131732487434176e-03 0.000000000000000000e+00 0.000000000000000000e+00 4.254418049024101880e-03 4.514792777286945856e-03 0.000000000000000000e+00 4.692986152370032943e-03 0.000000000000000000e+00 1.737710563409786005e-03 0.000000000000000000e+00 3.256514192716006197e-03 0.000000000000000000e+00 4.007157743575594233e-03 0.000000000000000000e+00 0.000000000000000000e+00 0.000000000000000000e+00 3.214697999552716071e-03 3.375417798887525925e-03 4.690621260266597189e-03 3.784893605687001967e-03
3.118460969049944870e-03 2.748634399182462058e-03 0.000000000000000000e+00 0.000000000000000000e+00 1.631121951165542946e-03 0.000000000000000000e+00 4.016744179759365423e-03 1.849968672734837033e-03 0.000000000000000000e+00 0.000000000000000000e+00 2.877023012713432124e-03 1.538274280136094074e-03 3.647870055074838025e-03 3.769417079475726080e-03 1.916099395934862037e-03 2.825120589474630216e-04 0.000000000000000000e+00 1.766170539725251971e-03 6.621906445296594623e-04 1.555644763551174018e-03 4.511607074658950840e-03 0.000000000000000000e+00 0.000000000000000000e+00 0.000000000000000000e+00 4.062681158730128278e-03
0.000000000000000000e+00 0.000000000000000000e+00 4.267447715690582920e-03 6.190084430862702498e-04 2.719483653037653870e-03 1.203882568480171009e-03 1.790213226894739025e-04 9.839962789034645621e-04 8.132593427892175712e-04 0.000000000000000000e+00 0.000000000000000000e+00 5.197012817805137614e-04 1.618762994694955895e-03 0.000000000000000000e+00 2.163243001346825019e-03 4.517106314111216103e-03 0.000000000000000000e+00 0.000000000000000000e+00 4.050774423926892763e-03 1.291069307233345910e-03 0.000000000000000000e+00 3.918001597036341321e-03 0.000000000000000000e+00 1.253690941379208106e-03 4.747231219705432860e-03
0.000000000000000000e+00 0.000000000000000000e+00 2.279617139924907873e-03 0.000000000000000000e+00 2.659161702238396936e-03 0.000000000000000000e+00 2.322751062634147070e-03 0.000000000000000000e+00 3.724954177209637961e-03 0.000000000000000000e+00 0.000000000000000000e+00 0.000000000000000000e+00 0.000000000000000000e+00 3.201798487395923157e-03 0.000000000000000000e+00 0.000000000000000000e+00 0.000000000000000000e+00 0.000000000000000000e+00 0.000000000000000000e+00 0.000000000000000000e+00 0.000000000000000000e+00 0.000000000000000000e+00 4.345754696173279898e-03 3.572573363919869828e-03 0.000000000000000000e+00
1.230819692210611931e-03 0.000000000000000000e+00 0.000000000000000000e+00 0.000000000000000000e+00 1.480961365055863074e-04 0.000000000000000000e+00 0.000000000000000000e+00 0.000000000000000000e+00 8.462268633129451647e-04 0.000000000000000000e+00 0.000000000000000000e+00 4.775792351860217236e-03 2.482894071206752980e-03 0.000000000000000000e+00 5.491859900918741495e-04 0.000000000000000000e+00 0.000000000000000000e+00 4.119162135366468032e-03 0.000000000000000000e+00 0.000000000000000000e+00 0.000000000000000000e+00 0.000000000000000000e+00 2.972294362650927842e-03 2.541248121296014106e-04 1.897262874725081901e-03
2.942624341427444064e-03 0.000000000000000000e+00 0.000000000000000000e+00 0.000000000000000000e+00 3.276984690664749931e-03 0.000000000000000000e+00 0.000000000000000000e+00 0.000000000000000000e+00 4.266714752343133223e-04 0.000000000000000000e+00 0.000000000000000000e+00 3.279707008179184738e-04 0.000000000000000000e+00 2.082947910652094021e-03 3.300784491651856129e-03 0.000000000000000000e+00 0.000000000000000000e+00 4.700375428135216208e-03 3.835658399573380929e-03 4.194812206561360918e-03 0.000000000000000000e+00 0.000000000000000000e+00 0.000000000000000000e+00 2.517354094882614211e-03 0.000000000000000000e+00
2.144026586093591893e-03 1.776244727754845059e-03 2.981488439986117872e-03 0.000000000000000000e+00 0.000000000000000000e+00 1.332904287178625921e-03 2.611514961181067140e-03 0.000000000000000000e+00 4.433421304032748736e-04 3.420054006592883962e-04 0.000000000000000000e+00 3.785940293118814168e-03 4.496790335279035079e-03 0.000000000000000000e+00 4.442911737241130900e-03 0.000000000000000000e+00 6.927408236683412802e-04 0.000000000000000000e+00 0.000000000000000000e+00 4.817380142071280968e-04 0.000000000000000000e+00 2.632718129312159217e-04 4.437759146206134327e-03 9.110416820515979466e-04 3.052740844216353909e-04
4.726912249933042792e-03 0.000000000000000000e+00 2.550864875974874144e-03 2.421786052299534052e-03 4.806329621602035279e-03 1.683402437620189077e-03 3.514866751429202019e-03 0.000000000000000000e+00 3.057999906842424984e-03 0.000000000000000000e+00 0.000000000000000000e+00 0.000000000000000000e+00 0.000000000000000000e+00 2.658099564684397037e-03 0.000000000000000000e+00 2.427251264556608019e-03 0.000000000000000000e+00 0.000000000000000000e+00 0.000000000000000000e+00 1.352094705472102910e-03 4.018870468779726750e-03 3.441691382427237208e-03 0.000000000000000000e+00 1.643474120008723898e-03 0.000000000000000000e+00
4.355909159556826775e-03 0.000000000000000000e+00 3.342017699189426920e-03 4.511201746091262829e-03 0.000000000000000000e+00 7.743461633119230422e-05 4.120026722636192795e-03 0.000000000000000000e+00 3.262533642323109818e-03 0.000000000000000000e+00 1.249549396308953942e-03 2.565050499363181156e-03 1.776635352912937088e-03 0.000000000000000000e+00 1.495203169248174085e-04 0.000000000000000000e+00 0.000000000000000000e+00 4.790688795672553429e-03 3.765858813483484967e-03 0.000000000000000000e+00 1.952429511090039097e-03 0.000000000000000000e+00 4.656576927152838064e-06 0.000000000000000000e+00 1.506446943872470027e-03
3.845708915801307817e-03 0.000000000000000000e+00 2.271060428808045967e-04 1.805114348859898025e-05 7.787416743705005261e-04 1.430761712221497936e-03 0.000000000000000000e+00 7.998799436607192037e-04 0.000000000000000000e+00 1.541158821686261938e-03 3.559744061531402905e-03 2.542940364919098022e-03 0.000000000000000000e+00 0.000000000000000000e+00 1.840944084399668960e-04 0.000000000000000000e+00 0.000000000000000000e+00 0.000000000000000000e+00 2.786867747625891047e-03 2.587764905111527170e-03 0.000000000000000000e+00 0.000000000000000000e+00 0.000000000000000000e+00 0.000000000000000000e+00 3.728831092652964019e-03
3.541703840972033977e-03 1.530966637025228932e-03 0.000000000000000000e+00 0.000000000000000000e+00 3.837859599937475889e-03 3.236504338888901173e-03 3.905594419177173954e-03 0.000000000000000000e+00 0.000000000000000000e+00 0.000000000000000000e+00 0.000000000000000000e+00 0.000000000000000000e+00 0.000000000000000000e+00 0.000000000000000000e+00 2.841023389399414869e-03 0.000000000000000000e+00 1.425604362787463936e-03 0.000000000000000000e+00 3.388439745423194125e-03 3.591638355661151759e-04 0.000000000000000000e+00 2.031234232222439012e-03 2.168018886151582090e-03 0.000000000000000000e+00 2.962784100384065200e-03
4.120835009805792239e-03 4.036508931660889345e-03 0.000000000000000000e+00 0.000000000000000000e+00 1.573998905690307103e-03 3.201146529203187114e-03 2.330844878079222932e-03 3.103566194850292895e-03 2.912603438256989880e-03 0.000000000000000000e+00 0.000000000000000000e+00 0.000000000000000000e+00 0.000000000000000000e+00 0.000000000000000000e+00 4.839620332439545716e-03 1.807466051128605016e-04 0.000000000000000000e+00 1.831280108632559996e-03 4.229381275203874385e-03 0.000000000000000000e+00 3.424375836622384011e-04 2.979076511316265143e-04 4.946656874204545355e-03 2.483319130704066818e-03 0.000000000000000000e+00
0.000000000000000000e+00 0.000000000000000000e+00 0.000000000000000000e+00 4.955400967971593067e-03 4.258539908735352146e-03 0.000000000000000000e+00 4.462264219561247296e-03 1.295284601416588901e-03 3.063135597169544099e-03 0.000000000000000000e+00 0.000000000000000000e+00 0.000000000000000000e+00 0.000000000000000000e+00 0.000000000000000000e+00 3.480815570096754911e-03 4.953848980102247036e-03 0.000000000000000000e+00 0.000000000000000000e+00 0.000000000000000000e+00 0.000000000000000000e+00 2.498021150627853081e-03 0.000000000000000000e+00 0.000000000000000000e+00 2.904431635297400911e-03 0.000000000000000000e+00
0.000000000000000000e+00 4.413835301322608859e-03 0.000000000000000000e+00 9.939470378775596120e-04 0.000000000000000000e+00 0.000000000000000000e+00 3.912674127049300433e-03 0.000000000000000000e+00 0.000000000000000000e+00 3.361878609318462116e-04 0.000000000000000000e+00 3.346933809550005118e-04 2.972047427403367052e-04 3.419862818643037115e-03 0.000000000000000000e+00 2.481018885856689851e-03 0.000000000000000000e+00 0.000000000000000000e+00 3.307173586119762157e-03 1.924442982709064897e-03 2.774060290424584189e-03 0.000000000000000000e+00 4.305730042115266804e-03 0.000000000000000000e+00 4.906987493553211128e-03
0.000000000000000000e+00 4.385733529895280056e-04 0.000000000000000000e+00 2.905242997538669158e-05 0.000000000000000000e+00 0.000000000000000000e+00 0.000000000000000000e+00 0.000000000000000000e+00 0.000000000000000000e+00 1.644609486495147987e-03 0.000000000000000000e+00 0.000000000000000000e+00 0.000000000000000000e+00 3.700170662043019061e-04 1.923052689535564895e-03 0.000000000000000000e+00 0.000000000000000000e+00 1.322607084266581943e-03 2.075307056053507949e-03 4.117452751164669272e-03 0.000000000000000000e+00 1.564138199656493018e-03 0.000000000000000000e+00 0.000000000000000000e+00 0.000000000000000000e+00
0.000000000000000000e+00 0.000000000000000000e+00 0.000000000000000000e+00 0.000000000000000000e+00 0.000000000000000000e+00 0.000000000000000000e+00 7.667131348425556625e-04 4.143942652453883740e-03 0.000000000000000000e+00 3.670627758206168947e-03 0.000000000000000000e+00 0.000000000000000000e+00 9.258118903191133722e-04 1.822399604169889131e-04 2.649473385906995875e-03 4.272038374096919812e-03 8.244035917560885488e-05 3.770301237914646959e-03 0.000000000000000000e+00 0.000000000000000000e+00 4.365838042113001811e-03 3.616671872857172947e-03 0.000000000000000000e+00 5.159333469034482365e-04 0.000000000000000000e+00
