# # File created on Fri May 17 15:42:04 2024
#  # The following metaparameters were used for this matrix optimization : gamma0 = 0.5; alpha0 = 0; sigma0 = 0.25; l0 = 1;p = 1; R0 = 1; S0 = 0.05; NR = 25; NS = 25; matrix path = matrices/Nr25_Nc25/consumption/RandTrix_Nr25_Nc25_Nest0.4_Conn0.2288.txt; convergence threshold = 1e-08
# 
0.000000000000000000e+00 4.477076737118884132e-03 2.429154958195307162e-03 4.478044909222133815e-03 0.000000000000000000e+00 0.000000000000000000e+00 0.000000000000000000e+00 0.000000000000000000e+00 0.000000000000000000e+00 6.004045865925464751e-04 3.128801674818573048e-03 0.000000000000000000e+00 0.000000000000000000e+00 3.074275554882021852e-03 0.000000000000000000e+00 0.000000000000000000e+00 4.055646465326984834e-03 0.000000000000000000e+00 0.000000000000000000e+00 9.263095089914192681e-04 3.630044397870668942e-04 3.606757878668410966e-03 1.684038167307699927e-03 4.635931420330793862e-03 0.000000000000000000e+00
3.718162038800737913e-03 1.539883915292263993e-03 0.000000000000000000e+00 3.683667574494875994e-03 2.321850216680155024e-03 0.000000000000000000e+00 1.775207082075856962e-03 3.059571266822897189e-03 0.000000000000000000e+00 0.000000000000000000e+00 0.000000000000000000e+00 0.000000000000000000e+00 0.000000000000000000e+00 4.143937094789182894e-03 0.000000000000000000e+00 0.000000000000000000e+00 0.000000000000000000e+00 1.608297514442790952e-03 4.051114922025328240e-03 4.565807201102650009e-03 2.008738967340193988e-03 0.000000000000000000e+00 3.890603988346925859e-03 0.000000000000000000e+00 4.261889891742478946e-03
1.589164945983648951e-03 1.959741570201396169e-03 4.126884331674903622e-03 4.838081962648182674e-03 8.203013699587818766e-04 0.000000000000000000e+00 0.000000000000000000e+00 0.000000000000000000e+00 1.215372355308398959e-03 0.000000000000000000e+00 4.806238353212423722e-03 0.000000000000000000e+00 2.275412359622747908e-03 0.000000000000000000e+00 4.740863244959056186e-03 0.000000000000000000e+00 8.994696411114821164e-04 3.746593183634419188e-03 0.000000000000000000e+00 0.000000000000000000e+00 3.274759786877837111e-03 2.806381735477639881e-03 1.934466127139374903e-03 4.908548441846401472e-04 0.000000000000000000e+00
4.804659974272110223e-03 1.958856619884495002e-03 0.000000000000000000e+00 2.947323567845991105e-03 0.000000000000000000e+00 4.754519132614910826e-03 1.570145247021140092e-03 0.000000000000000000e+00 0.000000000000000000e+00 3.366277798302102792e-03 2.773586899133402041e-03 0.000000000000000000e+00 3.933723718378423669e-03 1.071948170368259949e-03 0.000000000000000000e+00 4.756011151703900403e-03 0.000000000000000000e+00 3.008873624854929100e-03 0.000000000000000000e+00 7.159415089220745078e-04 3.178634611920722053e-03 4.861489050713706760e-03 3.992026790493639378e-03 0.000000000000000000e+00 6.987165312233358785e-04
0.000000000000000000e+00 2.215693046522439029e-03 0.000000000000000000e+00 4.094402710860201890e-03 0.000000000000000000e+00 2.647960110917598115e-04 0.000000000000000000e+00 0.000000000000000000e+00 0.000000000000000000e+00 0.000000000000000000e+00 0.000000000000000000e+00 0.000000000000000000e+00 0.000000000000000000e+00 0.000000000000000000e+00 4.482046290754061399e-03 0.000000000000000000e+00 2.357121363612435083e-03 1.609654238406796984e-03 0.000000000000000000e+00 3.037529725981705057e-03 0.000000000000000000e+00 0.000000000000000000e+00 1.429949816029299058e-03 0.000000000000000000e+00 4.713975655766133692e-03
0.000000000000000000e+00 0.000000000000000000e+00 0.000000000000000000e+00 0.000000000000000000e+00 0.000000000000000000e+00 0.000000000000000000e+00 2.246501693270389153e-03 0.000000000000000000e+00 0.000000000000000000e+00 4.584973428391303334e-03 8.793012117871062744e-04 4.018590954690507040e-03 0.000000000000000000e+00 0.000000000000000000e+00 0.000000000000000000e+00 0.000000000000000000e+00 2.581480853416135215e-03 0.000000000000000000e+00 0.000000000000000000e+00 0.000000000000000000e+00 4.409508303575862716e-03 1.397801355095454941e-03 4.317134001417533874e-03 0.000000000000000000e+00 4.889518139308228831e-03
6.551370658172743456e-04 2.598860628866969062e-03 0.000000000000000000e+00 4.358517518249479042e-03 4.707858289128913180e-03 4.352515987044291296e-03 4.650398559477275304e-03 1.058999613304450983e-03 1.921813627154866097e-03 2.517624143605455209e-03 1.333751885448008958e-03 4.116722252038246786e-03 1.699463399477906065e-03 0.000000000000000000e+00 9.139481152439439570e-05 7.313773641702677950e-04 0.000000000000000000e+00 1.936619079625536951e-04 4.607358358540528630e-03 0.000000000000000000e+00 2.113154470995032806e-03 0.000000000000000000e+00 0.000000000000000000e+00 0.000000000000000000e+00 0.000000000000000000e+00
3.531910572524029138e-03 0.000000000000000000e+00 0.000000000000000000e+00 0.000000000000000000e+00 9.741515035279624127e-04 4.972197698959622200e-03 0.000000000000000000e+00 1.069571584196673955e-03 3.649139247972687334e-05 0.000000000000000000e+00 0.000000000000000000e+00 0.000000000000000000e+00 0.000000000000000000e+00 5.511487148080598591e-04 2.745340000096309005e-03 0.000000000000000000e+00 4.737894158776361289e-03 2.802131566042431049e-03 1.781271932627923093e-03 0.000000000000000000e+00 1.864155734371318032e-03 4.482856588275483355e-03 0.000000000000000000e+00 1.444148850215492977e-03 0.000000000000000000e+00
0.000000000000000000e+00 0.000000000000000000e+00 0.000000000000000000e+00 3.510468125438914126e-03 2.837562056707329874e-03 3.938139072130055623e-03 1.208714945845410947e-03 3.785736517951705880e-03 1.405243526157145010e-03 0.000000000000000000e+00 3.715619172943487956e-03 0.000000000000000000e+00 0.000000000000000000e+00 4.325304187326151420e-03 0.000000000000000000e+00 3.834906133827144150e-03 0.000000000000000000e+00 0.000000000000000000e+00 0.000000000000000000e+00 3.539485149507430074e-03 0.000000000000000000e+00 0.000000000000000000e+00 1.349295591911022071e-03 0.000000000000000000e+00 3.223086228578954816e-03
2.264318119401134786e-03 0.000000000000000000e+00 0.000000000000000000e+00 0.000000000000000000e+00 0.000000000000000000e+00 0.000000000000000000e+00 0.000000000000000000e+00 0.000000000000000000e+00 4.393965418884888258e-03 0.000000000000000000e+00 0.000000000000000000e+00 2.370974169114122097e-04 3.392146133621236001e-03 0.000000000000000000e+00 4.220665696992546324e-03 0.000000000000000000e+00 0.000000000000000000e+00 0.000000000000000000e+00 9.021856133445428074e-04 3.338948018436543961e-03 0.000000000000000000e+00 0.000000000000000000e+00 0.000000000000000000e+00 0.000000000000000000e+00 0.000000000000000000e+00
0.000000000000000000e+00 4.721995504733960888e-03 0.000000000000000000e+00 0.000000000000000000e+00 2.293300567140390059e-03 0.000000000000000000e+00 1.349141433970469034e-03 0.000000000000000000e+00 0.000000000000000000e+00 6.867557776772835118e-04 0.000000000000000000e+00 0.000000000000000000e+00 0.000000000000000000e+00 1.033681204717151067e-05 4.342303487132362708e-03 3.605616954996317125e-03 0.000000000000000000e+00 0.000000000000000000e+00 2.445725353557861095e-03 0.000000000000000000e+00 2.070928421007577850e-03 3.956854517223632080e-03 0.000000000000000000e+00 0.000000000000000000e+00 0.000000000000000000e+00
3.551763396599579015e-03 4.723259081205899261e-03 0.000000000000000000e+00 5.100392077872534002e-06 0.000000000000000000e+00 2.402445428168643784e-03 0.000000000000000000e+00 0.000000000000000000e+00 4.953143041906077695e-03 0.000000000000000000e+00 1.621195059227552087e-03 0.000000000000000000e+00 1.038121394386906085e-03 1.007114818066513979e-03 0.000000000000000000e+00 4.752509442947933788e-03 2.505730998981573745e-04 2.958099402294149007e-03 0.000000000000000000e+00 0.000000000000000000e+00 3.471741889161196904e-03 0.000000000000000000e+00 2.242421158799769859e-03 2.661736871294036102e-03 3.220271158261421140e-03
2.817213515994633141e-03 9.067884140235766589e-04 5.894504574262351710e-04 3.695079036353476204e-03 0.000000000000000000e+00 2.782865058896829939e-03 0.000000000000000000e+00 2.460177069100363909e-03 0.000000000000000000e+00 1.382278795447171044e-03 4.908378901024089240e-03 7.412079753714945294e-04 0.000000000000000000e+00 2.621272481924439169e-03 1.172550642920090064e-03 3.906271908060731865e-03 4.401733404212018579e-03 3.820103717696224106e-03 0.000000000000000000e+00 0.000000000000000000e+00 3.192432599510424199e-03 2.654118255442248098e-03 4.556618064547141196e-03 0.000000000000000000e+00 4.513435594455614611e-03
5.729012661730015091e-04 0.000000000000000000e+00 0.000000000000000000e+00 4.658209658861505245e-03 0.000000000000000000e+00 4.696515910722316202e-03 0.000000000000000000e+00 0.000000000000000000e+00 0.000000000000000000e+00 0.000000000000000000e+00 3.087078670435520079e-03 4.329949552318771051e-03 0.000000000000000000e+00 2.215107389509743049e-03 2.617136979306097962e-03 0.000000000000000000e+00 0.000000000000000000e+00 4.730514968162704420e-03 2.067599547753421873e-03 1.895340344985100949e-03 1.524786050836386079e-03 0.000000000000000000e+00 1.660175775099910966e-03 0.000000000000000000e+00 0.000000000000000000e+00
8.776254792550580979e-04 3.288127529165115002e-03 6.244374334835328536e-04 3.749713850899769919e-03 7.370589932615919694e-04 0.000000000000000000e+00 4.137936731900493381e-03 0.000000000000000000e+00 4.897642917406187270e-03 2.064175997691231838e-03 0.000000000000000000e+00 6.682629297315893031e-05 0.000000000000000000e+00 0.000000000000000000e+00 4.370807449089101834e-03 1.807446651879402984e-03 0.000000000000000000e+00 0.000000000000000000e+00 1.595957327296325086e-04 0.000000000000000000e+00 0.000000000000000000e+00 0.000000000000000000e+00 1.381786738070096008e-03 4.921687236160055164e-03 4.800673704063680713e-03
4.281645603613821896e-05 0.000000000000000000e+00 4.709763518405100588e-03 2.732579231004294857e-03 0.000000000000000000e+00 2.809216673710888956e-03 2.119950440495941158e-03 0.000000000000000000e+00 6.950239127195828722e-04 0.000000000000000000e+00 3.395974292512710189e-03 5.789973179381037276e-04 2.938105046672499950e-03 3.276317996282163050e-03 3.183602535217230998e-03 2.574285444570324939e-03 0.000000000000000000e+00 3.037818763015846107e-03 0.000000000000000000e+00 1.608479498820122909e-03 3.723588532644886862e-03 0.000000000000000000e+00 2.771150063267949909e-03 0.000000000000000000e+00 3.038383369713776923e-03
3.179291392029881102e-03 2.772971824455237096e-03 4.535226137559396006e-03 9.962384559992502799e-04 2.052250418105222086e-04 0.000000000000000000e+00 0.000000000000000000e+00 0.000000000000000000e+00 2.230729217407931807e-03 0.000000000000000000e+00 0.000000000000000000e+00 3.993087731421381126e-03 2.464973718181797963e-03 4.557452742577271405e-03 0.000000000000000000e+00 0.000000000000000000e+00 0.000000000000000000e+00 1.342943466112786911e-03 0.000000000000000000e+00 3.263122320252922950e-03 1.055061903783055923e-03 0.000000000000000000e+00 0.000000000000000000e+00 1.903564146566661102e-03 0.000000000000000000e+00
0.000000000000000000e+00 3.506701074393014841e-03 0.000000000000000000e+00 0.000000000000000000e+00 2.844278242161676126e-03 2.056982263332939823e-03 0.000000000000000000e+00 0.000000000000000000e+00 0.000000000000000000e+00 2.509845598845323938e-04 2.911966931585617882e-03 4.167569688521828401e-03 0.000000000000000000e+00 0.000000000000000000e+00 4.543929552510528151e-03 4.367637278926961015e-04 0.000000000000000000e+00 3.972434597393230751e-03 0.000000000000000000e+00 2.148316517200337186e-03 1.401012774201961962e-03 2.548705829656704083e-03 0.000000000000000000e+00 6.649721071752903463e-04 0.000000000000000000e+00
0.000000000000000000e+00 1.686042242484728920e-03 1.878256171181145020e-03 3.342283084073313128e-03 0.000000000000000000e+00 0.000000000000000000e+00 0.000000000000000000e+00 0.000000000000000000e+00 3.927185579134680020e-03 0.000000000000000000e+00 1.057574137786490044e-03 0.000000000000000000e+00 1.397803490203798973e-03 2.863529990084294138e-03 0.000000000000000000e+00 0.000000000000000000e+00 0.000000000000000000e+00 0.000000000000000000e+00 4.782719897768439830e-03 0.000000000000000000e+00 4.436024717944628986e-04 0.000000000000000000e+00 8.813830320859959841e-04 0.000000000000000000e+00 3.600758704006503177e-03
0.000000000000000000e+00 0.000000000000000000e+00 2.175298794442177830e-03 0.000000000000000000e+00 1.864811360860694914e-03 0.000000000000000000e+00 3.130279862995563166e-03 1.456159478427496894e-03 0.000000000000000000e+00 0.000000000000000000e+00 1.961537745653660954e-03 2.515982541916270913e-03 0.000000000000000000e+00 0.000000000000000000e+00 6.817996298709296877e-04 0.000000000000000000e+00 0.000000000000000000e+00 0.000000000000000000e+00 0.000000000000000000e+00 3.658847368774323806e-03 0.000000000000000000e+00 2.947140026341510139e-03 0.000000000000000000e+00 4.361978332302692170e-03 4.326070823910905215e-03
3.105306574859923070e-03 3.619393814519942208e-03 4.667668269396678393e-03 4.523749314151956705e-03 0.000000000000000000e+00 0.000000000000000000e+00 1.766302831816831103e-03 2.414668987197345160e-03 9.253190703262101011e-04 0.000000000000000000e+00 0.000000000000000000e+00 4.687881472097923767e-03 3.394433407265745953e-03 0.000000000000000000e+00 2.703907238567052149e-03 0.000000000000000000e+00 0.000000000000000000e+00 0.000000000000000000e+00 4.026104084106646094e-03 3.659007381639952858e-03 0.000000000000000000e+00 1.445310451172202894e-03 0.000000000000000000e+00 0.000000000000000000e+00 0.000000000000000000e+00
0.000000000000000000e+00 4.793445568401238747e-03 0.000000000000000000e+00 4.988867698179549025e-03 5.297715200384158201e-04 0.000000000000000000e+00 0.000000000000000000e+00 0.000000000000000000e+00 0.000000000000000000e+00 6.268038809542999558e-04 4.662563921748376188e-03 1.162891515721417980e-04 0.000000000000000000e+00 0.000000000000000000e+00 9.059378925157069535e-04 2.668242249434208888e-03 7.607897310716001723e-04 0.000000000000000000e+00 0.000000000000000000e+00 0.000000000000000000e+00 0.000000000000000000e+00 6.860042443907050881e-04 0.000000000000000000e+00 4.155782736965711772e-03 2.846578711096575936e-03
0.000000000000000000e+00 1.901171328993258962e-03 0.000000000000000000e+00 0.000000000000000000e+00 0.000000000000000000e+00 0.000000000000000000e+00 1.609146910542012983e-03 0.000000000000000000e+00 0.000000000000000000e+00 1.469288555465918071e-03 0.000000000000000000e+00 0.000000000000000000e+00 1.820272671430855091e-03 2.162496473030022133e-03 1.254045054729865894e-03 0.000000000000000000e+00 1.058929308290351050e-03 0.000000000000000000e+00 0.000000000000000000e+00 0.000000000000000000e+00 1.861364849517958917e-03 2.598368927955722017e-03 0.000000000000000000e+00 1.653576683517610918e-03 2.198392784887359067e-03
0.000000000000000000e+00 4.084224044124332674e-03 0.000000000000000000e+00 4.184704512285540405e-03 3.649645745096745126e-03 0.000000000000000000e+00 0.000000000000000000e+00 0.000000000000000000e+00 0.000000000000000000e+00 0.000000000000000000e+00 0.000000000000000000e+00 0.000000000000000000e+00 0.000000000000000000e+00 0.000000000000000000e+00 0.000000000000000000e+00 2.877898834479123216e-03 3.200618564567002215e-03 0.000000000000000000e+00 7.736810505955556529e-04 0.000000000000000000e+00 0.000000000000000000e+00 0.000000000000000000e+00 0.000000000000000000e+00 0.000000000000000000e+00 0.000000000000000000e+00
0.000000000000000000e+00 4.324601283047076195e-03 0.000000000000000000e+00 0.000000000000000000e+00 3.450673204835611927e-04 4.434755198517061590e-03 0.000000000000000000e+00 0.000000000000000000e+00 3.241202045452454186e-03 1.679930246524268932e-03 4.691625365585727972e-03 0.000000000000000000e+00 0.000000000000000000e+00 3.646506973406060930e-03 1.137786047952256104e-03 0.000000000000000000e+00 3.973293778474148129e-03 0.000000000000000000e+00 0.000000000000000000e+00 0.000000000000000000e+00 1.215299224649089892e-03 1.231545398036284122e-04 0.000000000000000000e+00 0.000000000000000000e+00 5.977665715282583225e-04
