# File created on Fri May 17 15:42:04 2024
# The following metaparameters were used for this matrix optimization : gamma0 = 0.5; alpha0 = 0; sigma0 = 0.25; l0 = 1;p = 1; R0 = 1; S0 = 0.05; NR = 25; NS = 25; matrix path = matrices/Nr25_Nc25/consumption/RandTrix_Nr25_Nc25_Nest0.4_Conn0.2032.txt; convergence threshold = 1e-08
3.302387514229581e-03 9.270421656866846e-04 1.237174415125665e-03 1.396263261284225e-03 0.000000000000000e+00 2.826839830146551e-05 0.000000000000000e+00 4.654049056365954e-03 0.000000000000000e+00 0.000000000000000e+00 0.000000000000000e+00 0.000000000000000e+00 0.000000000000000e+00 1.311704241752516e-03 0.000000000000000e+00 3.148041442302330e-03 0.000000000000000e+00 0.000000000000000e+00 3.822961349780313e-03 0.000000000000000e+00 4.105210254785491e-03 0.000000000000000e+00 4.955459171982502e-03 2.176083614844735e-03 2.389821885208683e-03 
4.702867532589926e-03 0.000000000000000e+00 0.000000000000000e+00 3.778049763377732e-03 1.195816637053278e-03 0.000000000000000e+00 0.000000000000000e+00 0.000000000000000e+00 2.172003554060237e-03 0.000000000000000e+00 0.000000000000000e+00 3.111924604661559e-03 0.000000000000000e+00 3.857412133996453e-03 0.000000000000000e+00 0.000000000000000e+00 0.000000000000000e+00 6.511771079016101e-04 0.000000000000000e+00 0.000000000000000e+00 3.967005981135021e-03 0.000000000000000e+00 3.121420767844142e-03 0.000000000000000e+00 1.930256853963345e-03 
2.354078235806693e-03 1.131390395092157e-03 2.110669432094487e-03 0.000000000000000e+00 0.000000000000000e+00 0.000000000000000e+00 0.000000000000000e+00 0.000000000000000e+00 0.000000000000000e+00 0.000000000000000e+00 0.000000000000000e+00 3.356243144087331e-05 0.000000000000000e+00 0.000000000000000e+00 0.000000000000000e+00 2.117841986772736e-04 0.000000000000000e+00 0.000000000000000e+00 2.232524063325609e-03 0.000000000000000e+00 4.483234452348926e-03 0.000000000000000e+00 3.948260148996817e-03 4.615489177221393e-03 0.000000000000000e+00 
0.000000000000000e+00 0.000000000000000e+00 0.000000000000000e+00 0.000000000000000e+00 4.748120579148634e-03 4.234131829753297e-03 0.000000000000000e+00 1.021178458469831e-03 4.809396746923199e-03 3.713091955831317e-03 0.000000000000000e+00 1.689752751071023e-03 4.700808100068600e-03 4.977457461742462e-03 0.000000000000000e+00 0.000000000000000e+00 0.000000000000000e+00 0.000000000000000e+00 0.000000000000000e+00 3.622419108375548e-03 2.523715269732719e-03 1.791957899815998e-03 0.000000000000000e+00 1.343496634614555e-03 0.000000000000000e+00 
4.335225923647546e-03 0.000000000000000e+00 5.509538965382846e-04 0.000000000000000e+00 1.099544346969184e-03 1.596881515648892e-03 0.000000000000000e+00 0.000000000000000e+00 0.000000000000000e+00 2.947809035506102e-03 3.899006212000793e-03 0.000000000000000e+00 1.618413353036726e-03 3.456372903908457e-03 1.984449600406082e-03 3.534398286321285e-03 0.000000000000000e+00 2.484236283058566e-04 0.000000000000000e+00 0.000000000000000e+00 2.889026574785732e-03 4.099531262212027e-03 3.202759930985415e-03 4.435201964994463e-03 8.469701495588998e-04 
0.000000000000000e+00 0.000000000000000e+00 0.000000000000000e+00 1.001393428645441e-03 0.000000000000000e+00 0.000000000000000e+00 0.000000000000000e+00 7.893977922909054e-04 0.000000000000000e+00 0.000000000000000e+00 0.000000000000000e+00 0.000000000000000e+00 0.000000000000000e+00 0.000000000000000e+00 0.000000000000000e+00 0.000000000000000e+00 0.000000000000000e+00 3.792371010109575e-03 0.000000000000000e+00 3.794742206601309e-03 0.000000000000000e+00 0.000000000000000e+00 0.000000000000000e+00 6.610268477924666e-04 0.000000000000000e+00 
0.000000000000000e+00 0.000000000000000e+00 1.307164452128709e-04 3.430050557132962e-03 0.000000000000000e+00 1.188600921808957e-03 0.000000000000000e+00 0.000000000000000e+00 0.000000000000000e+00 0.000000000000000e+00 7.003223210887970e-04 1.437323939590970e-03 2.528279386254102e-03 2.964332407623244e-03 0.000000000000000e+00 3.822064302789896e-03 0.000000000000000e+00 2.366263227047467e-03 0.000000000000000e+00 4.522815098546113e-03 0.000000000000000e+00 2.560260023415355e-03 3.342778245304644e-03 0.000000000000000e+00 4.954414090939289e-03 
0.000000000000000e+00 4.260005427452214e-03 0.000000000000000e+00 0.000000000000000e+00 4.210651612533231e-03 1.872672115168222e-03 1.091214006623836e-03 3.798954705598351e-03 3.613312664388303e-03 5.732417395509874e-04 0.000000000000000e+00 1.702592035971789e-03 3.772733970815871e-03 4.727434050613424e-03 3.277690726355165e-03 0.000000000000000e+00 0.000000000000000e+00 4.171463308281587e-03 2.531801471981666e-03 3.028865894044337e-03 0.000000000000000e+00 0.000000000000000e+00 0.000000000000000e+00 0.000000000000000e+00 2.458664952951018e-03 
1.861667358133434e-03 0.000000000000000e+00 0.000000000000000e+00 4.553451796858929e-03 0.000000000000000e+00 0.000000000000000e+00 3.166416194132372e-03 0.000000000000000e+00 0.000000000000000e+00 3.702443855365035e-03 2.664780489275316e-03 0.000000000000000e+00 0.000000000000000e+00 3.168013283368239e-03 4.393911899864993e-03 0.000000000000000e+00 0.000000000000000e+00 0.000000000000000e+00 4.039740254878835e-03 1.527687535750489e-03 0.000000000000000e+00 0.000000000000000e+00 1.443438521409821e-03 0.000000000000000e+00 0.000000000000000e+00 
2.929702595493976e-03 0.000000000000000e+00 2.944722347393451e-03 1.905188667388657e-03 0.000000000000000e+00 0.000000000000000e+00 0.000000000000000e+00 3.599255185927581e-04 2.612213526785619e-03 0.000000000000000e+00 0.000000000000000e+00 0.000000000000000e+00 1.350209324669063e-03 0.000000000000000e+00 3.343272681576165e-03 2.611020349215255e-03 0.000000000000000e+00 0.000000000000000e+00 0.000000000000000e+00 1.935107920330581e-04 0.000000000000000e+00 4.054161611566930e-03 4.344774735526492e-03 1.610885656776160e-03 3.083720010175497e-03 
0.000000000000000e+00 0.000000000000000e+00 2.512377474993906e-03 0.000000000000000e+00 0.000000000000000e+00 0.000000000000000e+00 3.370754926620367e-03 0.000000000000000e+00 3.139587816729084e-03 6.582940899822385e-04 1.380602588159554e-03 3.238124949931272e-03 0.000000000000000e+00 9.286848405922892e-04 4.077298820212902e-04 2.489444729262328e-03 1.230189748216326e-03 4.967837283583744e-04 0.000000000000000e+00 0.000000000000000e+00 0.000000000000000e+00 4.113579359720517e-03 2.265024670136132e-04 0.000000000000000e+00 4.122910419007661e-03 
0.000000000000000e+00 1.092763214317015e-03 0.000000000000000e+00 2.875465004075944e-03 1.210937594713981e-03 2.196694571755292e-03 2.793161158603890e-03 2.979111938309735e-03 3.325681199875351e-03 0.000000000000000e+00 0.000000000000000e+00 0.000000000000000e+00 1.933680539665530e-03 0.000000000000000e+00 0.000000000000000e+00 3.223437583297120e-03 0.000000000000000e+00 1.904443336425514e-03 0.000000000000000e+00 0.000000000000000e+00 4.685521898415240e-03 4.030829500778508e-03 0.000000000000000e+00 0.000000000000000e+00 8.001760482797416e-04 
0.000000000000000e+00 2.676734054272696e-03 4.681623691749696e-03 4.187160455124505e-03 2.955111769626559e-03 1.486825644813882e-03 0.000000000000000e+00 2.633691991230460e-03 1.837618485496711e-03 0.000000000000000e+00 0.000000000000000e+00 0.000000000000000e+00 5.732778374809591e-04 9.357692475987334e-04 0.000000000000000e+00 4.632792678606956e-03 0.000000000000000e+00 0.000000000000000e+00 0.000000000000000e+00 0.000000000000000e+00 0.000000000000000e+00 4.429310436201324e-03 0.000000000000000e+00 0.000000000000000e+00 0.000000000000000e+00 
4.790866277440635e-03 4.471787422495185e-03 0.000000000000000e+00 0.000000000000000e+00 4.420989551776452e-03 1.612121437555252e-04 1.393957179228438e-03 2.564645889455417e-03 2.444336765895845e-03 0.000000000000000e+00 1.612557909209985e-03 2.705138448116813e-03 0.000000000000000e+00 4.960604614138620e-03 0.000000000000000e+00 8.172743329590011e-04 0.000000000000000e+00 3.983550156258205e-03 0.000000000000000e+00 5.679626620082374e-04 0.000000000000000e+00 0.000000000000000e+00 0.000000000000000e+00 0.000000000000000e+00 2.634372417521049e-03 
1.740711785757708e-03 0.000000000000000e+00 4.533009978949113e-03 0.000000000000000e+00 0.000000000000000e+00 0.000000000000000e+00 0.000000000000000e+00 1.683244397781800e-03 4.530269768887152e-03 1.468554280692221e-03 0.000000000000000e+00 3.145444920710265e-03 7.306225129685487e-05 7.442770304071651e-04 0.000000000000000e+00 9.686775343437355e-04 0.000000000000000e+00 0.000000000000000e+00 4.570193993491128e-03 0.000000000000000e+00 0.000000000000000e+00 0.000000000000000e+00 0.000000000000000e+00 0.000000000000000e+00 0.000000000000000e+00 
0.000000000000000e+00 0.000000000000000e+00 0.000000000000000e+00 2.792771774783588e-03 0.000000000000000e+00 1.748263842284034e-03 1.063290693664468e-03 0.000000000000000e+00 3.114569935572006e-03 0.000000000000000e+00 0.000000000000000e+00 4.934932728342386e-03 8.890147166136321e-04 0.000000000000000e+00 0.000000000000000e+00 3.284849526075202e-03 0.000000000000000e+00 5.385616964362681e-04 1.452751647045107e-04 2.972520974575364e-03 3.362947453690806e-03 0.000000000000000e+00 1.732557610755422e-03 0.000000000000000e+00 0.000000000000000e+00 
0.000000000000000e+00 2.489878119012397e-03 0.000000000000000e+00 2.735790067039604e-03 0.000000000000000e+00 0.000000000000000e+00 2.938565592317813e-03 2.405567169887648e-03 0.000000000000000e+00 0.000000000000000e+00 0.000000000000000e+00 0.000000000000000e+00 0.000000000000000e+00 0.000000000000000e+00 0.000000000000000e+00 0.000000000000000e+00 1.002543758447750e-03 1.059925001988614e-03 0.000000000000000e+00 0.000000000000000e+00 9.158513815560460e-04 2.079117955635682e-03 2.194734054812975e-03 0.000000000000000e+00 4.865170883192924e-03 
0.000000000000000e+00 3.213029461954677e-03 0.000000000000000e+00 0.000000000000000e+00 4.558699419384180e-03 8.437694236890588e-05 2.444113998393744e-03 0.000000000000000e+00 0.000000000000000e+00 1.839862758585630e-03 6.508883823180899e-04 1.693639761769056e-03 0.000000000000000e+00 1.926335847897531e-03 0.000000000000000e+00 0.000000000000000e+00 0.000000000000000e+00 7.765486003770582e-04 0.000000000000000e+00 0.000000000000000e+00 0.000000000000000e+00 0.000000000000000e+00 0.000000000000000e+00 6.492748266201958e-05 0.000000000000000e+00 
0.000000000000000e+00 0.000000000000000e+00 0.000000000000000e+00 0.000000000000000e+00 1.418876005975583e-03 8.304323116602315e-04 4.061470901290286e-03 0.000000000000000e+00 0.000000000000000e+00 0.000000000000000e+00 0.000000000000000e+00 1.697769086209638e-03 0.000000000000000e+00 0.000000000000000e+00 0.000000000000000e+00 0.000000000000000e+00 0.000000000000000e+00 0.000000000000000e+00 2.481792451054682e-03 0.000000000000000e+00 4.047678819564071e-03 0.000000000000000e+00 0.000000000000000e+00 4.488514797748913e-03 0.000000000000000e+00 
4.209672441726717e-03 0.000000000000000e+00 0.000000000000000e+00 0.000000000000000e+00 1.728474152895160e-03 4.697292683589817e-03 1.623839049508391e-03 4.646980873471457e-03 0.000000000000000e+00 0.000000000000000e+00 0.000000000000000e+00 3.336849532151824e-03 0.000000000000000e+00 0.000000000000000e+00 0.000000000000000e+00 4.186095656501256e-03 0.000000000000000e+00 0.000000000000000e+00 1.481843671405253e-03 0.000000000000000e+00 2.029801420411071e-03 3.407726918385050e-04 1.078469408271279e-03 0.000000000000000e+00 0.000000000000000e+00 
1.612866167233117e-03 0.000000000000000e+00 0.000000000000000e+00 2.977784394374775e-03 0.000000000000000e+00 0.000000000000000e+00 0.000000000000000e+00 0.000000000000000e+00 0.000000000000000e+00 2.137588132034221e-03 3.227779747790300e-03 1.651002858376302e-03 8.960896030901288e-04 5.469377688278978e-04 0.000000000000000e+00 0.000000000000000e+00 0.000000000000000e+00 0.000000000000000e+00 0.000000000000000e+00 1.365672199803517e-03 0.000000000000000e+00 4.972328616982751e-03 0.000000000000000e+00 4.941079375523929e-03 4.747041555940681e-04 
0.000000000000000e+00 4.634537666542750e-03 6.865746435720614e-04 0.000000000000000e+00 0.000000000000000e+00 0.000000000000000e+00 0.000000000000000e+00 3.362052060519402e-03 0.000000000000000e+00 0.000000000000000e+00 0.000000000000000e+00 0.000000000000000e+00 3.191398477060006e-03 4.621318060572601e-03 0.000000000000000e+00 0.000000000000000e+00 3.139552877052340e-03 0.000000000000000e+00 1.006455535301443e-03 0.000000000000000e+00 4.237359692635509e-03 1.202263817780960e-03 1.686741251141675e-03 1.834025022193097e-03 0.000000000000000e+00 
1.987132906368270e-03 0.000000000000000e+00 1.922840206508148e-03 3.472141404978735e-03 0.000000000000000e+00 0.000000000000000e+00 0.000000000000000e+00 0.000000000000000e+00 8.628123662586544e-04 4.002267533695820e-03 4.376780431469614e-03 7.548906199067442e-05 3.890463078638474e-03 4.795081772594347e-03 0.000000000000000e+00 4.927069459961780e-03 3.777093124586016e-03 0.000000000000000e+00 0.000000000000000e+00 0.000000000000000e+00 9.721135971543616e-04 3.539804886598384e-03 4.102997904928064e-03 4.483344588674251e-03 4.637564885051769e-03 
1.432167702168419e-03 0.000000000000000e+00 0.000000000000000e+00 0.000000000000000e+00 0.000000000000000e+00 6.389379437197294e-04 2.697442495327840e-03 3.277957519303818e-03 0.000000000000000e+00 0.000000000000000e+00 1.870887329220724e-03 2.409230020167329e-03 1.617210809315725e-03 0.000000000000000e+00 2.830409233069333e-03 0.000000000000000e+00 4.908151725025716e-03 0.000000000000000e+00 0.000000000000000e+00 0.000000000000000e+00 2.352620274658479e-03 3.540193549973560e-03 2.036586129323005e-03 0.000000000000000e+00 0.000000000000000e+00 
0.000000000000000e+00 0.000000000000000e+00 0.000000000000000e+00 0.000000000000000e+00 4.157918380099548e-03 8.483806308694102e-04 1.747183719326422e-03 4.449377007312711e-03 1.970421521671078e-03 0.000000000000000e+00 1.401271176817014e-03 7.451706523074752e-05 0.000000000000000e+00 0.000000000000000e+00 1.871498990535020e-03 0.000000000000000e+00 4.625090459566801e-03 2.106559074298225e-03 4.288901369657993e-04 4.016483941895860e-03 1.003517424465765e-03 1.410811117893529e-03 0.000000000000000e+00 0.000000000000000e+00 2.627392845313672e-03 