# # File created on Fri May 17 15:42:05 2024
#  # The following metaparameters were used for this matrix optimization : gamma0 = 0.5; alpha0 = 0; sigma0 = 0.25; l0 = 1;p = 1; R0 = 1; S0 = 0.05; NR = 25; NS = 25; matrix path = matrices/Nr25_Nc25/consumption/RandTrix_Nr25_Nc25_Nest0.55_Conn0.2304.txt; convergence threshold = 1e-08
# 
0.000000000000000000e+00 0.000000000000000000e+00 1.119671509006164048e-05 0.000000000000000000e+00 4.749427022774533637e-03 0.000000000000000000e+00 0.000000000000000000e+00 0.000000000000000000e+00 0.000000000000000000e+00 2.121082520204116157e-03 2.979755560215702984e-03 0.000000000000000000e+00 0.000000000000000000e+00 0.000000000000000000e+00 4.758590384228314138e-03 2.283766534607838909e-03 2.083672907642999993e-04 9.056422800976997138e-04 1.847995879167960067e-03 2.327776402503793900e-03 1.388775491819870065e-03 3.684036050460543204e-03 0.000000000000000000e+00 0.000000000000000000e+00 1.951410240552673911e-03
3.854788790100713205e-03 1.082236425505964973e-03 0.000000000000000000e+00 1.550880490589736076e-03 0.000000000000000000e+00 3.374464139726341804e-03 1.414900842678879986e-03 2.483803949486522097e-03 2.434018416165602012e-03 0.000000000000000000e+00 0.000000000000000000e+00 0.000000000000000000e+00 4.589364376871786673e-03 0.000000000000000000e+00 0.000000000000000000e+00 0.000000000000000000e+00 0.000000000000000000e+00 0.000000000000000000e+00 0.000000000000000000e+00 1.228666666141951065e-03 9.015013514130221358e-04 3.534749047063343030e-03 0.000000000000000000e+00 0.000000000000000000e+00 0.000000000000000000e+00
1.280351506818985970e-03 0.000000000000000000e+00 3.882411990239960885e-03 0.000000000000000000e+00 2.067682872579852064e-03 9.746602204938622322e-04 3.025387179488059873e-03 6.277104794784348518e-07 0.000000000000000000e+00 2.332116119676881216e-03 4.262843662558704616e-03 2.818114639352796869e-03 4.967498107298938710e-03 0.000000000000000000e+00 1.380084987407772038e-03 0.000000000000000000e+00 0.000000000000000000e+00 2.405536145182699849e-03 0.000000000000000000e+00 3.925464434681627101e-04 4.019974194780647284e-03 8.674137746449687601e-04 2.321694789122446113e-04 0.000000000000000000e+00 4.926277838810252767e-03
0.000000000000000000e+00 0.000000000000000000e+00 1.898557524225694040e-03 2.518879266559666177e-03 0.000000000000000000e+00 0.000000000000000000e+00 0.000000000000000000e+00 1.734178743434245003e-03 2.030649160086080011e-04 0.000000000000000000e+00 0.000000000000000000e+00 0.000000000000000000e+00 3.383613111964525917e-03 1.692754254186484017e-03 0.000000000000000000e+00 0.000000000000000000e+00 2.601422589246491814e-03 0.000000000000000000e+00 1.321326555782609009e-03 0.000000000000000000e+00 4.807462012970290834e-03 0.000000000000000000e+00 4.680751742126714604e-03 0.000000000000000000e+00 4.322244889547353572e-03
3.523160233827969147e-03 2.197006854740554856e-03 4.364028399772650578e-03 4.859895533262792791e-03 0.000000000000000000e+00 0.000000000000000000e+00 0.000000000000000000e+00 1.857454713982423017e-03 1.135273374890179892e-03 1.110949789066271055e-03 0.000000000000000000e+00 7.071973891036067690e-04 6.875939266543347689e-05 1.553092030644001066e-03 0.000000000000000000e+00 1.533130561989593053e-03 3.399863904897412140e-03 1.942584186454541064e-03 0.000000000000000000e+00 1.224972980093506957e-03 2.370031091227947813e-03 1.462862469463898049e-05 4.189823286118625825e-03 6.045004612752508544e-04 4.986840134233045882e-03
0.000000000000000000e+00 4.292764182490933951e-03 0.000000000000000000e+00 3.310321482374417069e-03 0.000000000000000000e+00 1.387629155985053032e-03 0.000000000000000000e+00 2.640201577436506169e-03 0.000000000000000000e+00 2.859025242308398020e-03 0.000000000000000000e+00 0.000000000000000000e+00 2.373761190939541795e-03 4.217414807126129879e-03 4.222637868075585811e-03 0.000000000000000000e+00 4.872134649797180660e-03 0.000000000000000000e+00 2.679668834947902009e-04 1.953521162072415981e-03 2.165120057952761058e-03 4.276862679210726055e-03 0.000000000000000000e+00 2.831794282065216994e-03 0.000000000000000000e+00
4.213917811405351946e-03 0.000000000000000000e+00 0.000000000000000000e+00 1.579820636790131051e-04 2.447479066422566900e-03 0.000000000000000000e+00 0.000000000000000000e+00 0.000000000000000000e+00 0.000000000000000000e+00 3.260047695650611084e-04 8.830639484895755212e-04 4.320457776426821911e-03 2.641914007099334990e-03 5.414382822474646468e-04 4.763271371172004935e-03 0.000000000000000000e+00 0.000000000000000000e+00 0.000000000000000000e+00 0.000000000000000000e+00 0.000000000000000000e+00 0.000000000000000000e+00 0.000000000000000000e+00 0.000000000000000000e+00 0.000000000000000000e+00 1.636891162069150979e-03
0.000000000000000000e+00 2.602106154100647037e-03 0.000000000000000000e+00 1.738899006608546956e-03 2.530485752600251069e-03 0.000000000000000000e+00 0.000000000000000000e+00 0.000000000000000000e+00 0.000000000000000000e+00 0.000000000000000000e+00 0.000000000000000000e+00 0.000000000000000000e+00 0.000000000000000000e+00 0.000000000000000000e+00 0.000000000000000000e+00 0.000000000000000000e+00 0.000000000000000000e+00 0.000000000000000000e+00 0.000000000000000000e+00 4.825278843279699227e-03 0.000000000000000000e+00 0.000000000000000000e+00 3.661287715097446150e-04 0.000000000000000000e+00 0.000000000000000000e+00
0.000000000000000000e+00 0.000000000000000000e+00 0.000000000000000000e+00 2.392587205436995813e-03 0.000000000000000000e+00 0.000000000000000000e+00 0.000000000000000000e+00 0.000000000000000000e+00 4.786403202448717351e-03 6.698658287527634210e-04 3.721399349186299901e-03 2.113836840541140989e-04 0.000000000000000000e+00 1.831054376088876983e-03 0.000000000000000000e+00 4.677521037400271704e-03 0.000000000000000000e+00 0.000000000000000000e+00 5.307556653711125328e-04 0.000000000000000000e+00 0.000000000000000000e+00 9.937212700762791933e-04 0.000000000000000000e+00 0.000000000000000000e+00 2.574887173602147944e-03
2.582482545866196088e-03 0.000000000000000000e+00 0.000000000000000000e+00 0.000000000000000000e+00 1.235661632178194002e-03 0.000000000000000000e+00 4.264084412677856747e-03 0.000000000000000000e+00 0.000000000000000000e+00 0.000000000000000000e+00 4.738766569022888862e-03 0.000000000000000000e+00 1.930472565960697062e-03 6.483765249156676685e-04 2.443441867709426202e-03 1.478184093506051001e-03 4.510957175938989407e-03 0.000000000000000000e+00 0.000000000000000000e+00 0.000000000000000000e+00 0.000000000000000000e+00 0.000000000000000000e+00 0.000000000000000000e+00 3.988593639613103280e-03 0.000000000000000000e+00
2.449598631705280846e-03 4.061003301424643153e-04 0.000000000000000000e+00 3.767675270914682892e-03 3.564108075116726067e-03 0.000000000000000000e+00 3.584804402706836087e-05 0.000000000000000000e+00 4.354553075077158622e-03 0.000000000000000000e+00 3.447707778448271063e-03 0.000000000000000000e+00 1.436284238166528945e-03 0.000000000000000000e+00 0.000000000000000000e+00 0.000000000000000000e+00 0.000000000000000000e+00 0.000000000000000000e+00 1.006188398804300005e-03 0.000000000000000000e+00 3.814453647238819165e-03 0.000000000000000000e+00 6.289807313808474989e-04 0.000000000000000000e+00 2.200905612159383910e-03
0.000000000000000000e+00 4.581717122880343287e-05 0.000000000000000000e+00 0.000000000000000000e+00 0.000000000000000000e+00 0.000000000000000000e+00 2.211003319996090836e-03 4.659104245303299875e-04 0.000000000000000000e+00 0.000000000000000000e+00 0.000000000000000000e+00 4.417268422279289897e-03 0.000000000000000000e+00 0.000000000000000000e+00 1.575569040309137943e-03 5.958087140213976429e-04 0.000000000000000000e+00 0.000000000000000000e+00 0.000000000000000000e+00 2.531594455065838169e-03 2.359660467488624007e-04 1.122535929623571073e-03 0.000000000000000000e+00 3.227340804430467967e-03 0.000000000000000000e+00
4.197324884304275312e-03 0.000000000000000000e+00 1.454021643743988999e-04 4.113567304711318075e-03 0.000000000000000000e+00 2.191364597040070927e-03 4.069449004135834193e-03 0.000000000000000000e+00 9.293354679276008470e-04 1.381743855216171915e-03 6.357448435631785555e-04 0.000000000000000000e+00 0.000000000000000000e+00 8.872453295123843313e-04 3.473711731967814038e-03 0.000000000000000000e+00 0.000000000000000000e+00 6.171670611823781285e-04 0.000000000000000000e+00 0.000000000000000000e+00 3.157760922477471054e-03 0.000000000000000000e+00 0.000000000000000000e+00 0.000000000000000000e+00 3.668246335239157187e-03
7.662945377749369328e-04 0.000000000000000000e+00 1.778153809563272087e-03 1.169964187148162969e-03 0.000000000000000000e+00 2.478232970205480976e-03 0.000000000000000000e+00 0.000000000000000000e+00 0.000000000000000000e+00 1.835531787422186104e-03 1.028178338098197911e-03 1.206455653693976060e-03 2.488478036823098087e-03 0.000000000000000000e+00 0.000000000000000000e+00 0.000000000000000000e+00 4.539006565037711008e-03 0.000000000000000000e+00 0.000000000000000000e+00 0.000000000000000000e+00 1.799200852564991924e-05 1.269708272586598076e-03 4.392778188165430246e-03 0.000000000000000000e+00 0.000000000000000000e+00
0.000000000000000000e+00 2.024049498292501865e-03 2.799835412650919161e-03 0.000000000000000000e+00 2.328702393928376842e-05 2.101671838133198095e-03 3.654509870974094183e-04 0.000000000000000000e+00 0.000000000000000000e+00 3.866231279893697116e-03 0.000000000000000000e+00 4.725796145951386383e-03 0.000000000000000000e+00 0.000000000000000000e+00 0.000000000000000000e+00 0.000000000000000000e+00 4.290346584112548914e-04 4.269999725387376051e-03 0.000000000000000000e+00 1.821095347288266076e-03 2.260482329386556948e-03 0.000000000000000000e+00 0.000000000000000000e+00 0.000000000000000000e+00 0.000000000000000000e+00
0.000000000000000000e+00 1.269024735400126102e-03 4.998684949104438904e-03 0.000000000000000000e+00 0.000000000000000000e+00 4.088935573742596107e-03 0.000000000000000000e+00 0.000000000000000000e+00 0.000000000000000000e+00 0.000000000000000000e+00 2.641600467660214831e-03 1.647891275139840017e-03 7.551783299272821215e-04 0.000000000000000000e+00 0.000000000000000000e+00 0.000000000000000000e+00 0.000000000000000000e+00 1.934980489244085989e-03 3.724429200250515843e-03 5.951511387649572422e-04 4.788214951081786949e-03 0.000000000000000000e+00 1.608503664778675960e-03 0.000000000000000000e+00 2.265402043199630198e-03
3.258556874601194978e-03 9.416896926155525873e-04 0.000000000000000000e+00 2.214730776405238102e-04 0.000000000000000000e+00 0.000000000000000000e+00 1.665362098051555032e-03 0.000000000000000000e+00 0.000000000000000000e+00 1.771407365316347935e-03 0.000000000000000000e+00 2.359612308350576924e-03 0.000000000000000000e+00 6.824542807677627535e-04 0.000000000000000000e+00 0.000000000000000000e+00 0.000000000000000000e+00 1.660060242204044892e-03 0.000000000000000000e+00 4.989554716813683166e-05 1.931657934744399107e-03 0.000000000000000000e+00 3.036597843969562026e-03 0.000000000000000000e+00 3.811535367617554897e-03
0.000000000000000000e+00 0.000000000000000000e+00 2.300736520828362049e-03 0.000000000000000000e+00 2.777101656717274013e-03 0.000000000000000000e+00 9.623462805997766954e-04 0.000000000000000000e+00 4.446691024555145255e-03 0.000000000000000000e+00 0.000000000000000000e+00 0.000000000000000000e+00 0.000000000000000000e+00 4.318927721266683714e-03 0.000000000000000000e+00 2.946666258635052956e-04 0.000000000000000000e+00 0.000000000000000000e+00 2.807280678377938130e-03 1.528596999378177990e-03 3.466009452869323135e-03 0.000000000000000000e+00 0.000000000000000000e+00 0.000000000000000000e+00 3.494745940686135813e-03
2.619898769740642164e-03 0.000000000000000000e+00 7.980603530248503051e-04 3.283012641797667178e-03 0.000000000000000000e+00 4.403794612889317360e-03 0.000000000000000000e+00 3.244351439866394963e-03 9.182003670726924301e-04 2.233665648540836181e-03 3.796605693273487868e-03 0.000000000000000000e+00 4.431564892064015354e-03 3.700798967704644216e-03 4.683730786897355100e-03 1.864563871222935012e-03 4.101095918610049920e-03 1.784851525436700935e-03 2.333008174080272897e-03 0.000000000000000000e+00 3.150411521085966140e-03 2.125926760721915786e-03 0.000000000000000000e+00 9.995750105321300153e-04 0.000000000000000000e+00
0.000000000000000000e+00 0.000000000000000000e+00 1.701705728260600016e-03 0.000000000000000000e+00 0.000000000000000000e+00 6.064463378220945854e-04 0.000000000000000000e+00 0.000000000000000000e+00 0.000000000000000000e+00 4.487362761436844080e-03 0.000000000000000000e+00 0.000000000000000000e+00 3.910360699021948709e-03 3.453850122683454170e-03 4.398551318576223237e-03 3.200098065099213091e-03 4.477555628282270210e-03 4.191100767277639982e-04 0.000000000000000000e+00 0.000000000000000000e+00 0.000000000000000000e+00 0.000000000000000000e+00 1.688406671144882009e-03 1.154620719649743959e-03 7.810859012054489642e-04
9.861876756155820573e-04 0.000000000000000000e+00 0.000000000000000000e+00 0.000000000000000000e+00 3.804487975170568921e-03 0.000000000000000000e+00 0.000000000000000000e+00 0.000000000000000000e+00 3.471025626828017855e-03 0.000000000000000000e+00 6.420547963141390617e-04 4.812308158508015257e-03 9.380646524591222755e-04 1.022374818412506974e-03 0.000000000000000000e+00 0.000000000000000000e+00 4.285309611190613044e-03 7.519694501734403101e-04 0.000000000000000000e+00 4.391050497694844179e-03 0.000000000000000000e+00 0.000000000000000000e+00 0.000000000000000000e+00 0.000000000000000000e+00 1.447545497495235063e-03
1.170902901800899938e-03 0.000000000000000000e+00 0.000000000000000000e+00 5.651377644359838670e-04 0.000000000000000000e+00 0.000000000000000000e+00 4.810205219864779717e-03 0.000000000000000000e+00 0.000000000000000000e+00 2.525938494731521083e-03 0.000000000000000000e+00 0.000000000000000000e+00 0.000000000000000000e+00 0.000000000000000000e+00 0.000000000000000000e+00 4.941948057334603905e-03 0.000000000000000000e+00 0.000000000000000000e+00 0.000000000000000000e+00 3.523752560585268964e-03 0.000000000000000000e+00 0.000000000000000000e+00 0.000000000000000000e+00 3.221644955941186089e-03 3.437645614204439936e-03
3.680236822896358184e-03 0.000000000000000000e+00 3.785279236213196907e-03 3.680102570962746900e-03 0.000000000000000000e+00 0.000000000000000000e+00 1.345588285521757054e-03 4.953735004684018707e-03 3.729328464902901836e-03 1.557548625570621958e-03 0.000000000000000000e+00 0.000000000000000000e+00 0.000000000000000000e+00 1.493407334730917010e-03 4.529347066713843841e-04 4.683275761552321836e-03 0.000000000000000000e+00 4.122381807138028012e-04 2.376364080440790914e-03 0.000000000000000000e+00 0.000000000000000000e+00 0.000000000000000000e+00 0.000000000000000000e+00 1.806581746449862020e-03 4.590462694869096305e-03
1.208855178073774041e-03 0.000000000000000000e+00 2.260531121257618181e-03 0.000000000000000000e+00 0.000000000000000000e+00 2.642689894419460953e-03 0.000000000000000000e+00 0.000000000000000000e+00 0.000000000000000000e+00 0.000000000000000000e+00 4.431570306829478618e-03 1.251835366890149091e-03 0.000000000000000000e+00 0.000000000000000000e+00 3.119844741104936189e-03 0.000000000000000000e+00 3.462439010516312962e-03 6.596852110821717309e-04 0.000000000000000000e+00 3.970863655369053120e-03 2.995976184853941203e-03 0.000000000000000000e+00 4.809546856756730278e-03 0.000000000000000000e+00 0.000000000000000000e+00
0.000000000000000000e+00 1.676272338134890015e-03 9.638648024798663434e-04 0.000000000000000000e+00 4.382940787310622179e-03 0.000000000000000000e+00 3.404244857788809014e-03 4.284526058109091630e-03 4.750296307488895663e-03 0.000000000000000000e+00 0.000000000000000000e+00 0.000000000000000000e+00 0.000000000000000000e+00 0.000000000000000000e+00 0.000000000000000000e+00 0.000000000000000000e+00 2.426857594239994163e-03 4.285273340403048664e-03 3.823725743648516938e-03 0.000000000000000000e+00 0.000000000000000000e+00 2.199380991580964818e-03 0.000000000000000000e+00 0.000000000000000000e+00 4.519437671737430717e-03
