# # File created on Tue Apr 30 21:10:55 2024
#  # The following metaparameters were used for this matrix optimization : gamma0 = 0.5; alpha0 = 0; sigma0 = 0.25; l0 = 1;p = 1; R0 = 1; S0 = 0.05; NR = 25; NS = 25; matrix path = matrices/Nr25_Nc25/consumption/RandTrix_Nr25_Nc25_Nest0.4_Conn0.3712.txt; convergence threshold = 1e-08
# 
1.084383151454203942e+00 0.000000000000000000e+00 0.000000000000000000e+00 0.000000000000000000e+00 1.346172478432585917e+00 0.000000000000000000e+00 4.003352012813340272e-02 2.868442023111295036e-01 0.000000000000000000e+00 0.000000000000000000e+00 0.000000000000000000e+00 0.000000000000000000e+00 0.000000000000000000e+00 0.000000000000000000e+00 2.883967741388450134e-01 0.000000000000000000e+00 0.000000000000000000e+00 1.167685435568210917e+00 2.341611217126675915e-01 8.581105370547752464e-01 3.066303848922423136e-01 0.000000000000000000e+00 0.000000000000000000e+00 0.000000000000000000e+00 0.000000000000000000e+00
4.275951086816298097e-01 8.171926620232855543e-01 0.000000000000000000e+00 0.000000000000000000e+00 0.000000000000000000e+00 9.095535887638869221e-01 4.746017668627938724e-01 0.000000000000000000e+00 0.000000000000000000e+00 0.000000000000000000e+00 0.000000000000000000e+00 1.111461609903652947e+00 4.247618946511445004e-01 0.000000000000000000e+00 0.000000000000000000e+00 0.000000000000000000e+00 0.000000000000000000e+00 2.678628301295783998e-01 5.612425363088865415e-01 0.000000000000000000e+00 0.000000000000000000e+00 1.358808556576202864e-01 0.000000000000000000e+00 0.000000000000000000e+00 0.000000000000000000e+00
9.580208448957072687e-03 1.135026872411804000e+00 0.000000000000000000e+00 0.000000000000000000e+00 0.000000000000000000e+00 1.070984670909477937e-01 4.237354901850853839e-01 0.000000000000000000e+00 0.000000000000000000e+00 4.286118099384259028e-01 0.000000000000000000e+00 0.000000000000000000e+00 0.000000000000000000e+00 0.000000000000000000e+00 5.607555303274333047e-01 0.000000000000000000e+00 9.200082248757281977e-01 0.000000000000000000e+00 0.000000000000000000e+00 0.000000000000000000e+00 0.000000000000000000e+00 8.958511758021248106e-01 4.098477317289215272e-01 0.000000000000000000e+00 0.000000000000000000e+00
0.000000000000000000e+00 0.000000000000000000e+00 5.919796654402924574e-01 4.916485428498493793e-01 7.667906622331243094e-01 0.000000000000000000e+00 5.782911505997971879e-01 8.722325224384732678e-01 0.000000000000000000e+00 1.072102207096172100e+00 0.000000000000000000e+00 0.000000000000000000e+00 0.000000000000000000e+00 0.000000000000000000e+00 0.000000000000000000e+00 0.000000000000000000e+00 4.527514758273126771e-01 0.000000000000000000e+00 0.000000000000000000e+00 0.000000000000000000e+00 0.000000000000000000e+00 3.457634199902014926e-01 0.000000000000000000e+00 0.000000000000000000e+00 0.000000000000000000e+00
8.167452714989833495e-01 1.049614364311254988e+00 0.000000000000000000e+00 0.000000000000000000e+00 0.000000000000000000e+00 0.000000000000000000e+00 0.000000000000000000e+00 1.216255297627091975e-01 2.992315078009136764e-01 0.000000000000000000e+00 0.000000000000000000e+00 5.476387739276159516e-01 5.541356248480836522e-01 0.000000000000000000e+00 0.000000000000000000e+00 0.000000000000000000e+00 0.000000000000000000e+00 0.000000000000000000e+00 0.000000000000000000e+00 1.219226088733843083e+00 0.000000000000000000e+00 0.000000000000000000e+00 0.000000000000000000e+00 0.000000000000000000e+00 0.000000000000000000e+00
0.000000000000000000e+00 0.000000000000000000e+00 0.000000000000000000e+00 0.000000000000000000e+00 0.000000000000000000e+00 1.157559328020612011e+00 1.341323034472721026e-02 0.000000000000000000e+00 0.000000000000000000e+00 8.132500632625191406e-01 0.000000000000000000e+00 0.000000000000000000e+00 0.000000000000000000e+00 1.137866587552955000e+00 1.755376659155002961e-01 0.000000000000000000e+00 8.142308725230291699e-01 0.000000000000000000e+00 0.000000000000000000e+00 0.000000000000000000e+00 0.000000000000000000e+00 0.000000000000000000e+00 0.000000000000000000e+00 0.000000000000000000e+00 0.000000000000000000e+00
0.000000000000000000e+00 3.953495938123153808e-01 0.000000000000000000e+00 3.185837507496767085e-01 6.371241521732039503e-01 6.584773480356439501e-01 0.000000000000000000e+00 0.000000000000000000e+00 0.000000000000000000e+00 0.000000000000000000e+00 0.000000000000000000e+00 5.442796382040158143e-01 0.000000000000000000e+00 0.000000000000000000e+00 0.000000000000000000e+00 8.308130822552942663e-01 1.943862228998785024e-01 0.000000000000000000e+00 7.076804269252481294e-01 0.000000000000000000e+00 2.156810942265736941e-02 0.000000000000000000e+00 0.000000000000000000e+00 0.000000000000000000e+00 0.000000000000000000e+00
0.000000000000000000e+00 1.178196826937583097e+00 0.000000000000000000e+00 8.079911729761927175e-01 0.000000000000000000e+00 0.000000000000000000e+00 0.000000000000000000e+00 3.239031552892063792e-01 0.000000000000000000e+00 0.000000000000000000e+00 0.000000000000000000e+00 0.000000000000000000e+00 0.000000000000000000e+00 0.000000000000000000e+00 0.000000000000000000e+00 7.569728640269568487e-01 0.000000000000000000e+00 0.000000000000000000e+00 0.000000000000000000e+00 6.162973955917006030e-01 0.000000000000000000e+00 0.000000000000000000e+00 0.000000000000000000e+00 0.000000000000000000e+00 0.000000000000000000e+00
0.000000000000000000e+00 3.547737183029990859e-01 0.000000000000000000e+00 1.159823600950363964e+00 0.000000000000000000e+00 0.000000000000000000e+00 5.470541488356692877e-02 1.233635580322063996e+00 0.000000000000000000e+00 0.000000000000000000e+00 0.000000000000000000e+00 0.000000000000000000e+00 0.000000000000000000e+00 0.000000000000000000e+00 0.000000000000000000e+00 0.000000000000000000e+00 0.000000000000000000e+00 0.000000000000000000e+00 0.000000000000000000e+00 6.135645845188417713e-01 0.000000000000000000e+00 0.000000000000000000e+00 0.000000000000000000e+00 0.000000000000000000e+00 0.000000000000000000e+00
6.880394346987785958e-01 0.000000000000000000e+00 0.000000000000000000e+00 0.000000000000000000e+00 8.987266147960197848e-01 0.000000000000000000e+00 0.000000000000000000e+00 1.526505486367059961e+00 0.000000000000000000e+00 5.604354744514881137e-01 0.000000000000000000e+00 0.000000000000000000e+00 0.000000000000000000e+00 0.000000000000000000e+00 0.000000000000000000e+00 0.000000000000000000e+00 0.000000000000000000e+00 0.000000000000000000e+00 0.000000000000000000e+00 0.000000000000000000e+00 0.000000000000000000e+00 0.000000000000000000e+00 7.256574576123275833e-01 0.000000000000000000e+00 0.000000000000000000e+00
0.000000000000000000e+00 0.000000000000000000e+00 9.329900528843641794e-02 0.000000000000000000e+00 0.000000000000000000e+00 0.000000000000000000e+00 6.650592672955211171e-01 0.000000000000000000e+00 4.789737977813360859e-01 9.199210122209334761e-01 5.191034780356591494e-01 3.451116346590229339e-02 3.258616577658530189e-01 0.000000000000000000e+00 0.000000000000000000e+00 0.000000000000000000e+00 0.000000000000000000e+00 0.000000000000000000e+00 6.879698819997771553e-01 0.000000000000000000e+00 5.702783283749487397e-01 0.000000000000000000e+00 0.000000000000000000e+00 0.000000000000000000e+00 5.522595225229063320e-01
1.008437685637529058e-01 0.000000000000000000e+00 5.928363364625279797e-01 0.000000000000000000e+00 0.000000000000000000e+00 0.000000000000000000e+00 1.253170798227142058e+00 0.000000000000000000e+00 1.645210391974945008e-01 0.000000000000000000e+00 0.000000000000000000e+00 9.090120381079129785e-01 0.000000000000000000e+00 0.000000000000000000e+00 2.008420930968485008e-01 0.000000000000000000e+00 0.000000000000000000e+00 4.898828317213398953e-01 0.000000000000000000e+00 0.000000000000000000e+00 0.000000000000000000e+00 2.190939279598043132e-01 0.000000000000000000e+00 0.000000000000000000e+00 0.000000000000000000e+00
2.368150705202111961e-01 0.000000000000000000e+00 0.000000000000000000e+00 1.127174519837941036e+00 0.000000000000000000e+00 0.000000000000000000e+00 7.775375360665877089e-01 7.385367794212622794e-01 0.000000000000000000e+00 0.000000000000000000e+00 0.000000000000000000e+00 0.000000000000000000e+00 0.000000000000000000e+00 0.000000000000000000e+00 0.000000000000000000e+00 0.000000000000000000e+00 0.000000000000000000e+00 0.000000000000000000e+00 0.000000000000000000e+00 1.328746501863923957e+00 0.000000000000000000e+00 0.000000000000000000e+00 0.000000000000000000e+00 2.997302516193529054e-01 0.000000000000000000e+00
6.887076331850464084e-02 0.000000000000000000e+00 0.000000000000000000e+00 1.143357226971381951e-01 0.000000000000000000e+00 0.000000000000000000e+00 0.000000000000000000e+00 0.000000000000000000e+00 0.000000000000000000e+00 0.000000000000000000e+00 1.483733673515871931e+00 0.000000000000000000e+00 0.000000000000000000e+00 0.000000000000000000e+00 0.000000000000000000e+00 9.743253128867985779e-01 1.352206599156648981e-01 3.510799001414628973e-01 0.000000000000000000e+00 3.991553020947612856e-02 0.000000000000000000e+00 4.487199983180614193e-01 0.000000000000000000e+00 0.000000000000000000e+00 4.956576193529592111e-01
0.000000000000000000e+00 0.000000000000000000e+00 0.000000000000000000e+00 0.000000000000000000e+00 6.992668813849347575e-01 9.055171724722843596e-01 0.000000000000000000e+00 0.000000000000000000e+00 0.000000000000000000e+00 0.000000000000000000e+00 5.438518601075017500e-01 0.000000000000000000e+00 0.000000000000000000e+00 0.000000000000000000e+00 0.000000000000000000e+00 5.844163582524495304e-01 0.000000000000000000e+00 0.000000000000000000e+00 1.867796812725807110e-01 0.000000000000000000e+00 0.000000000000000000e+00 0.000000000000000000e+00 0.000000000000000000e+00 0.000000000000000000e+00 3.781829978607114118e-01
0.000000000000000000e+00 0.000000000000000000e+00 0.000000000000000000e+00 0.000000000000000000e+00 7.172720442097143545e-01 0.000000000000000000e+00 0.000000000000000000e+00 0.000000000000000000e+00 0.000000000000000000e+00 0.000000000000000000e+00 4.276101210260976893e-01 0.000000000000000000e+00 0.000000000000000000e+00 0.000000000000000000e+00 8.054642294068985464e-01 2.760091112911963740e-01 0.000000000000000000e+00 0.000000000000000000e+00 0.000000000000000000e+00 0.000000000000000000e+00 0.000000000000000000e+00 4.127522537661793001e-01 8.336076130517392491e-01 0.000000000000000000e+00 1.132722274823342090e+00
0.000000000000000000e+00 1.253876397276401100e+00 3.952211022468032908e-01 0.000000000000000000e+00 0.000000000000000000e+00 7.463772221424184172e-01 0.000000000000000000e+00 6.065686365508730915e-02 5.735789128314815466e-01 1.301582860071420940e-02 6.247417395505975302e-01 0.000000000000000000e+00 0.000000000000000000e+00 0.000000000000000000e+00 0.000000000000000000e+00 0.000000000000000000e+00 0.000000000000000000e+00 0.000000000000000000e+00 0.000000000000000000e+00 0.000000000000000000e+00 0.000000000000000000e+00 0.000000000000000000e+00 0.000000000000000000e+00 0.000000000000000000e+00 0.000000000000000000e+00
0.000000000000000000e+00 0.000000000000000000e+00 0.000000000000000000e+00 0.000000000000000000e+00 0.000000000000000000e+00 0.000000000000000000e+00 0.000000000000000000e+00 7.156171163472225816e-01 7.073352147015024016e-01 0.000000000000000000e+00 0.000000000000000000e+00 0.000000000000000000e+00 7.539184366505168322e-01 0.000000000000000000e+00 0.000000000000000000e+00 0.000000000000000000e+00 0.000000000000000000e+00 1.679035507298720087e-01 0.000000000000000000e+00 0.000000000000000000e+00 6.667562760923232412e-01 2.369538837700372880e-01 4.656412435905921132e-02 0.000000000000000000e+00 0.000000000000000000e+00
2.534151141647859040e-01 0.000000000000000000e+00 0.000000000000000000e+00 0.000000000000000000e+00 1.028904468930370020e-01 0.000000000000000000e+00 0.000000000000000000e+00 0.000000000000000000e+00 1.732710688499720098e-01 0.000000000000000000e+00 6.619413728475322944e-01 0.000000000000000000e+00 0.000000000000000000e+00 0.000000000000000000e+00 0.000000000000000000e+00 0.000000000000000000e+00 7.516849330241619498e-01 0.000000000000000000e+00 0.000000000000000000e+00 0.000000000000000000e+00 0.000000000000000000e+00 0.000000000000000000e+00 0.000000000000000000e+00 0.000000000000000000e+00 1.147242280116222979e+00
0.000000000000000000e+00 0.000000000000000000e+00 1.478867215889894116e-01 0.000000000000000000e+00 9.430276220042449475e-01 0.000000000000000000e+00 0.000000000000000000e+00 0.000000000000000000e+00 1.540432335291946064e-01 0.000000000000000000e+00 0.000000000000000000e+00 0.000000000000000000e+00 0.000000000000000000e+00 0.000000000000000000e+00 0.000000000000000000e+00 0.000000000000000000e+00 2.655524191235704157e-01 2.083819300663130036e-01 4.764291074338083964e-01 5.399214708612091185e-01 0.000000000000000000e+00 0.000000000000000000e+00 0.000000000000000000e+00 9.279094277686839032e-01 0.000000000000000000e+00
1.032033962344117040e+00 0.000000000000000000e+00 0.000000000000000000e+00 6.462303087100207399e-01 0.000000000000000000e+00 0.000000000000000000e+00 0.000000000000000000e+00 0.000000000000000000e+00 0.000000000000000000e+00 5.369047842761797140e-01 0.000000000000000000e+00 0.000000000000000000e+00 6.999278664961360030e-02 0.000000000000000000e+00 0.000000000000000000e+00 0.000000000000000000e+00 0.000000000000000000e+00 0.000000000000000000e+00 0.000000000000000000e+00 6.318821144639821252e-01 7.099964677402711422e-01 0.000000000000000000e+00 9.477095247674397482e-01 0.000000000000000000e+00 0.000000000000000000e+00
5.635077773087848740e-01 0.000000000000000000e+00 0.000000000000000000e+00 0.000000000000000000e+00 0.000000000000000000e+00 0.000000000000000000e+00 0.000000000000000000e+00 5.370262209558376298e-01 0.000000000000000000e+00 3.629466079305458948e-01 3.927192540637404750e-01 0.000000000000000000e+00 0.000000000000000000e+00 2.021677556819669042e-01 0.000000000000000000e+00 0.000000000000000000e+00 1.306541255198732987e+00 0.000000000000000000e+00 0.000000000000000000e+00 0.000000000000000000e+00 0.000000000000000000e+00 0.000000000000000000e+00 0.000000000000000000e+00 1.952102960169075918e-01 0.000000000000000000e+00
0.000000000000000000e+00 2.160905965107021987e-01 7.241947983496249686e-01 0.000000000000000000e+00 2.745374412160275779e-01 1.106991418012888972e-01 0.000000000000000000e+00 0.000000000000000000e+00 0.000000000000000000e+00 0.000000000000000000e+00 0.000000000000000000e+00 0.000000000000000000e+00 0.000000000000000000e+00 0.000000000000000000e+00 5.667409224874905282e-01 0.000000000000000000e+00 0.000000000000000000e+00 3.829333559953462252e-01 1.639503336743362016e-01 0.000000000000000000e+00 5.924465238940571782e-02 0.000000000000000000e+00 0.000000000000000000e+00 0.000000000000000000e+00 0.000000000000000000e+00
0.000000000000000000e+00 6.868745714172022065e-01 0.000000000000000000e+00 0.000000000000000000e+00 0.000000000000000000e+00 0.000000000000000000e+00 5.851543146125965933e-01 0.000000000000000000e+00 0.000000000000000000e+00 0.000000000000000000e+00 0.000000000000000000e+00 0.000000000000000000e+00 0.000000000000000000e+00 2.617212820412049071e-02 0.000000000000000000e+00 0.000000000000000000e+00 6.698167444304361506e-01 0.000000000000000000e+00 0.000000000000000000e+00 0.000000000000000000e+00 0.000000000000000000e+00 0.000000000000000000e+00 0.000000000000000000e+00 2.736059832752179080e-02 0.000000000000000000e+00
0.000000000000000000e+00 0.000000000000000000e+00 6.901564230026788760e-01 0.000000000000000000e+00 5.076106459224885015e-01 0.000000000000000000e+00 0.000000000000000000e+00 0.000000000000000000e+00 0.000000000000000000e+00 0.000000000000000000e+00 0.000000000000000000e+00 0.000000000000000000e+00 5.216200422663673786e-01 0.000000000000000000e+00 0.000000000000000000e+00 0.000000000000000000e+00 0.000000000000000000e+00 2.538728139949231188e-01 0.000000000000000000e+00 0.000000000000000000e+00 0.000000000000000000e+00 2.924682429288003038e-01 0.000000000000000000e+00 0.000000000000000000e+00 0.000000000000000000e+00
