# # File created on Fri May 17 15:41:51 2024
#  # The following metaparameters were used for this matrix optimization : gamma0 = 0.5; alpha0 = 0; sigma0 = 0.25; l0 = 1;p = 1; R0 = 1; S0 = 0.05; NR = 25; NS = 25; matrix path = matrices/Nr25_Nc25/consumption/RandTrix_Nr25_Nc25_Nest0.4_Conn0.2288.txt; convergence threshold = 1e-08
# 
1.559701798731791083e-04 3.693929495843479866e-03 3.403210389255367785e-03 0.000000000000000000e+00 0.000000000000000000e+00 2.522435614663772960e-03 7.900178264687330318e-04 4.126506558899917070e-03 0.000000000000000000e+00 3.796780257549908083e-03 4.059144490326222106e-03 4.247570564598983876e-03 0.000000000000000000e+00 0.000000000000000000e+00 2.907522173639108792e-03 1.227406630657325087e-03 4.700459621206670019e-03 0.000000000000000000e+00 1.491318407387365970e-03 2.978608151301792052e-03 2.026665402576240983e-03 4.745895261729296956e-04 2.067168495870166847e-03 3.760885948403520918e-03 3.172390932287816150e-03
0.000000000000000000e+00 0.000000000000000000e+00 1.819240516135661951e-03 0.000000000000000000e+00 2.295590144171036785e-03 0.000000000000000000e+00 2.183611533508780789e-03 0.000000000000000000e+00 0.000000000000000000e+00 1.556517201991104065e-03 0.000000000000000000e+00 0.000000000000000000e+00 3.275077064097590778e-04 0.000000000000000000e+00 3.230610905514368861e-03 0.000000000000000000e+00 0.000000000000000000e+00 4.103676570516759381e-03 2.844711836899961859e-03 4.001963385608810382e-03 0.000000000000000000e+00 4.665043422873283059e-03 0.000000000000000000e+00 0.000000000000000000e+00 0.000000000000000000e+00
0.000000000000000000e+00 0.000000000000000000e+00 0.000000000000000000e+00 4.476419557899092086e-03 0.000000000000000000e+00 0.000000000000000000e+00 0.000000000000000000e+00 0.000000000000000000e+00 2.784963195176892118e-03 2.009005640979763096e-03 0.000000000000000000e+00 1.554025522784500046e-03 0.000000000000000000e+00 0.000000000000000000e+00 0.000000000000000000e+00 0.000000000000000000e+00 4.221191830815203098e-03 2.254864687791428932e-03 0.000000000000000000e+00 0.000000000000000000e+00 4.529589282661033132e-03 1.518446802157724044e-03 0.000000000000000000e+00 0.000000000000000000e+00 2.326856360252704814e-03
0.000000000000000000e+00 0.000000000000000000e+00 0.000000000000000000e+00 7.263698632436621646e-05 4.733691729564015911e-03 3.101971757802907907e-03 0.000000000000000000e+00 2.085485627801485047e-03 1.345788015722622962e-03 4.133054632347908999e-03 0.000000000000000000e+00 0.000000000000000000e+00 1.784780783306208008e-03 0.000000000000000000e+00 4.031029812438314749e-03 4.979221768045796921e-03 0.000000000000000000e+00 3.438144843971264152e-03 4.659676982753311637e-03 0.000000000000000000e+00 0.000000000000000000e+00 0.000000000000000000e+00 0.000000000000000000e+00 4.391933080596149212e-04 9.790942915918685041e-04
1.049113478918796936e-03 4.092944294511365218e-03 0.000000000000000000e+00 4.450187391675979390e-03 1.262657379324236013e-03 0.000000000000000000e+00 3.983423444454385772e-04 3.606882000941059787e-03 1.248804613893119992e-03 0.000000000000000000e+00 1.350064558422768958e-03 0.000000000000000000e+00 3.638749239721454209e-03 4.137019992460569916e-03 0.000000000000000000e+00 2.445530103399308985e-04 0.000000000000000000e+00 2.849794423747822100e-03 0.000000000000000000e+00 4.667514460672827353e-03 4.747566935821037788e-03 3.412845716377375867e-05 6.889002305787157287e-04 1.676300222022978053e-03 0.000000000000000000e+00
0.000000000000000000e+00 3.965792637681989780e-03 0.000000000000000000e+00 0.000000000000000000e+00 6.166508722217638357e-04 2.497168062264484064e-03 0.000000000000000000e+00 4.991050289695628944e-03 0.000000000000000000e+00 0.000000000000000000e+00 0.000000000000000000e+00 0.000000000000000000e+00 2.599906753605512981e-03 0.000000000000000000e+00 0.000000000000000000e+00 4.098689557497293967e-03 0.000000000000000000e+00 4.381981673787694112e-03 4.869465812687885642e-03 2.139115527001929969e-03 1.997472456344062067e-03 0.000000000000000000e+00 3.093816006405500797e-03 4.314290536224294273e-03 0.000000000000000000e+00
3.574298470745571814e-04 1.591780061126477899e-03 0.000000000000000000e+00 0.000000000000000000e+00 9.833108591066328549e-05 4.513826205665574277e-03 1.407722632008973074e-03 3.063503201357578153e-03 1.890407063414671065e-03 1.806496427724087965e-04 0.000000000000000000e+00 0.000000000000000000e+00 0.000000000000000000e+00 0.000000000000000000e+00 3.257273478485867013e-03 4.570547651750355399e-03 8.958908900697351357e-04 0.000000000000000000e+00 0.000000000000000000e+00 0.000000000000000000e+00 3.447865540192174890e-03 0.000000000000000000e+00 4.141175678798031216e-03 0.000000000000000000e+00 0.000000000000000000e+00
0.000000000000000000e+00 5.506287430895843863e-04 0.000000000000000000e+00 0.000000000000000000e+00 0.000000000000000000e+00 0.000000000000000000e+00 0.000000000000000000e+00 2.375400623298184934e-03 0.000000000000000000e+00 0.000000000000000000e+00 8.309722610784159649e-04 0.000000000000000000e+00 0.000000000000000000e+00 0.000000000000000000e+00 7.085739609935235751e-04 0.000000000000000000e+00 2.470513413101884867e-03 1.289507722401810963e-03 5.033582822505747742e-04 4.584051507127568682e-03 0.000000000000000000e+00 0.000000000000000000e+00 0.000000000000000000e+00 1.797199895631134987e-03 4.648409956438209062e-03
0.000000000000000000e+00 4.458759646003280890e-03 0.000000000000000000e+00 2.338640589305336203e-03 3.801252875854542081e-06 1.860120573768199014e-03 0.000000000000000000e+00 4.024847292703230377e-03 3.536683958895538160e-03 0.000000000000000000e+00 3.667417197658862007e-03 2.947207055628221078e-03 3.276323333624563128e-03 0.000000000000000000e+00 4.692851330861616370e-03 4.064316201407868791e-03 2.566826933361261026e-03 0.000000000000000000e+00 0.000000000000000000e+00 0.000000000000000000e+00 0.000000000000000000e+00 3.347708253334229049e-03 0.000000000000000000e+00 0.000000000000000000e+00 0.000000000000000000e+00
2.738189017825764984e-03 1.627340597965497987e-03 0.000000000000000000e+00 4.904811742190628640e-03 3.562787863958056123e-03 4.532404501884805060e-04 3.502302576247122174e-03 0.000000000000000000e+00 2.396487536696626040e-03 0.000000000000000000e+00 0.000000000000000000e+00 7.110759934389369397e-04 0.000000000000000000e+00 0.000000000000000000e+00 4.431058342241152824e-03 0.000000000000000000e+00 0.000000000000000000e+00 1.214966655552280044e-03 0.000000000000000000e+00 0.000000000000000000e+00 0.000000000000000000e+00 0.000000000000000000e+00 0.000000000000000000e+00 0.000000000000000000e+00 0.000000000000000000e+00
1.562526485443095072e-03 0.000000000000000000e+00 3.479123493256245942e-03 0.000000000000000000e+00 0.000000000000000000e+00 0.000000000000000000e+00 1.277397806657067959e-03 0.000000000000000000e+00 8.155918588687874555e-04 4.429965004960172148e-03 7.969961925120080818e-04 0.000000000000000000e+00 0.000000000000000000e+00 3.134236450412691832e-03 4.709674627148634739e-03 0.000000000000000000e+00 0.000000000000000000e+00 3.583721205577027839e-03 2.954208210069668092e-03 0.000000000000000000e+00 8.443329735571160474e-04 1.359550962231965933e-03 4.156444748989553996e-04 0.000000000000000000e+00 0.000000000000000000e+00
4.048812783618627176e-03 0.000000000000000000e+00 0.000000000000000000e+00 4.879284857946758133e-03 0.000000000000000000e+00 1.489205410790308951e-04 1.090675270071766968e-03 0.000000000000000000e+00 2.777032152743589069e-03 0.000000000000000000e+00 2.655784152104627080e-03 6.285687547284903465e-04 0.000000000000000000e+00 5.166297464356383456e-04 2.701521580008566046e-03 0.000000000000000000e+00 9.406511212489148560e-05 0.000000000000000000e+00 4.156536416983817872e-03 0.000000000000000000e+00 7.849007913046995508e-04 0.000000000000000000e+00 0.000000000000000000e+00 0.000000000000000000e+00 5.657813598047012338e-04
0.000000000000000000e+00 0.000000000000000000e+00 1.199052183071770998e-03 0.000000000000000000e+00 0.000000000000000000e+00 3.730708406222083863e-03 2.529493952172306125e-04 0.000000000000000000e+00 0.000000000000000000e+00 5.511692368134563308e-04 2.907781463703783828e-04 4.513715988484609878e-03 2.250040330377870920e-03 8.636411183536344630e-04 0.000000000000000000e+00 4.413993044120801366e-03 7.155287896123976540e-05 2.286170761879399976e-03 0.000000000000000000e+00 0.000000000000000000e+00 0.000000000000000000e+00 0.000000000000000000e+00 6.208529828367167407e-05 3.205112541122071175e-03 0.000000000000000000e+00
0.000000000000000000e+00 2.664890178973882209e-03 3.619434222511489201e-03 3.253169477429276001e-03 3.913266710982366177e-03 0.000000000000000000e+00 0.000000000000000000e+00 0.000000000000000000e+00 4.978118282829490857e-03 0.000000000000000000e+00 2.156433365343142158e-03 0.000000000000000000e+00 0.000000000000000000e+00 1.477940480098964072e-04 4.347887049344241299e-03 0.000000000000000000e+00 0.000000000000000000e+00 0.000000000000000000e+00 4.631021206275591148e-03 4.305294695540348715e-03 0.000000000000000000e+00 4.637243227903650906e-03 1.465049358799915078e-03 0.000000000000000000e+00 0.000000000000000000e+00
0.000000000000000000e+00 0.000000000000000000e+00 0.000000000000000000e+00 0.000000000000000000e+00 6.190382231374613395e-04 3.406510312558210830e-03 0.000000000000000000e+00 3.263878234367845015e-03 5.995320834194594424e-04 0.000000000000000000e+00 2.824858988888006173e-03 0.000000000000000000e+00 4.248879499292187133e-03 7.652315541968600669e-04 3.584356341358830873e-03 3.672651840644461894e-03 0.000000000000000000e+00 0.000000000000000000e+00 0.000000000000000000e+00 2.418204158572313887e-03 0.000000000000000000e+00 0.000000000000000000e+00 1.395054176271999990e-03 3.159903111308496205e-03 1.912210688799251919e-04
4.128069342000883178e-03 0.000000000000000000e+00 0.000000000000000000e+00 9.346231887921144146e-04 9.126599906857747529e-04 0.000000000000000000e+00 1.236482345050045947e-03 0.000000000000000000e+00 0.000000000000000000e+00 0.000000000000000000e+00 0.000000000000000000e+00 0.000000000000000000e+00 3.468047513845834082e-03 0.000000000000000000e+00 3.075277299401238135e-03 8.893019409723245837e-04 4.563987927586003919e-03 0.000000000000000000e+00 8.894636859115577542e-04 0.000000000000000000e+00 0.000000000000000000e+00 1.752980554595611092e-03 2.359307541479058797e-03 4.556007391790716128e-03 2.563764825736231188e-03
3.081515360976054985e-03 9.565845307100078561e-04 7.489377783205233494e-04 0.000000000000000000e+00 4.509821887486489800e-04 1.588158330383769926e-03 1.003634865318235895e-03 0.000000000000000000e+00 0.000000000000000000e+00 3.890797767201979989e-04 4.742110577075545237e-03 4.374069302823448135e-03 0.000000000000000000e+00 0.000000000000000000e+00 4.275760398720339708e-03 0.000000000000000000e+00 0.000000000000000000e+00 9.079650260952696608e-04 0.000000000000000000e+00 0.000000000000000000e+00 0.000000000000000000e+00 0.000000000000000000e+00 0.000000000000000000e+00 0.000000000000000000e+00 0.000000000000000000e+00
0.000000000000000000e+00 5.734882852825222508e-04 0.000000000000000000e+00 2.149184932912905850e-05 0.000000000000000000e+00 4.536720292865488099e-03 0.000000000000000000e+00 8.673441917805593511e-04 0.000000000000000000e+00 0.000000000000000000e+00 4.688794521303435783e-03 0.000000000000000000e+00 0.000000000000000000e+00 3.795835232006490850e-03 2.663473150610939054e-03 3.432102965376944859e-03 0.000000000000000000e+00 0.000000000000000000e+00 0.000000000000000000e+00 0.000000000000000000e+00 2.103715852491192147e-03 0.000000000000000000e+00 0.000000000000000000e+00 2.795841876520475857e-04 0.000000000000000000e+00
2.954264611699284823e-03 0.000000000000000000e+00 2.312369989175447164e-03 1.791374176003781898e-04 0.000000000000000000e+00 0.000000000000000000e+00 3.661361834632149113e-03 1.482010409532716084e-03 1.703197825442772989e-03 0.000000000000000000e+00 4.752550940281534408e-03 3.729101869481060792e-03 2.772265595206871089e-03 3.577751985065717906e-03 0.000000000000000000e+00 4.225547467473476232e-03 0.000000000000000000e+00 2.802602640862854929e-03 9.870728306979349845e-06 0.000000000000000000e+00 0.000000000000000000e+00 2.494110202559429203e-03 0.000000000000000000e+00 7.407930284868733490e-04 0.000000000000000000e+00
0.000000000000000000e+00 3.201902814076685796e-03 0.000000000000000000e+00 4.076758210258811001e-03 0.000000000000000000e+00 0.000000000000000000e+00 4.287466061161908197e-03 0.000000000000000000e+00 1.714586314870098025e-03 0.000000000000000000e+00 0.000000000000000000e+00 0.000000000000000000e+00 0.000000000000000000e+00 2.347268887396576804e-03 0.000000000000000000e+00 1.965293392633629069e-03 3.053040269267956811e-03 0.000000000000000000e+00 0.000000000000000000e+00 3.648414995518594207e-03 0.000000000000000000e+00 4.097516041718122712e-03 0.000000000000000000e+00 2.177632512733423086e-03 1.508023504477560032e-03
0.000000000000000000e+00 3.625935673407093811e-03 4.757460011414580900e-03 0.000000000000000000e+00 0.000000000000000000e+00 0.000000000000000000e+00 0.000000000000000000e+00 3.309293912562182114e-03 0.000000000000000000e+00 0.000000000000000000e+00 0.000000000000000000e+00 2.572325936953313852e-03 6.645675605795487318e-04 0.000000000000000000e+00 4.815580330866500725e-03 0.000000000000000000e+00 2.705257306453360058e-03 0.000000000000000000e+00 3.166072720408127927e-03 5.848715764056703096e-04 3.013393587991030818e-04 0.000000000000000000e+00 0.000000000000000000e+00 2.691676439105486832e-03 0.000000000000000000e+00
0.000000000000000000e+00 0.000000000000000000e+00 0.000000000000000000e+00 0.000000000000000000e+00 1.486967285476237981e-03 2.042155782718236938e-03 3.005056236232849995e-03 0.000000000000000000e+00 9.312097472615403059e-04 0.000000000000000000e+00 8.758356118421662794e-04 3.190691370152490096e-03 1.479865482830826015e-03 0.000000000000000000e+00 0.000000000000000000e+00 0.000000000000000000e+00 7.285554399032599573e-04 0.000000000000000000e+00 7.793745449126256511e-04 0.000000000000000000e+00 2.307285915352782785e-03 1.694953457686751907e-03 8.088300644821445244e-04 1.098453974588969092e-03 4.318505535331468650e-03
0.000000000000000000e+00 0.000000000000000000e+00 0.000000000000000000e+00 0.000000000000000000e+00 0.000000000000000000e+00 4.545230267827246422e-03 0.000000000000000000e+00 4.494714439122893777e-03 0.000000000000000000e+00 2.665585653169274139e-03 4.735061767704669411e-03 0.000000000000000000e+00 2.547188433731079841e-03 1.663032294489979980e-03 0.000000000000000000e+00 1.269043320102767941e-03 0.000000000000000000e+00 4.213101891869750273e-03 0.000000000000000000e+00 2.869486344785614207e-03 4.708096949875955825e-03 0.000000000000000000e+00 4.264795020985865000e-03 0.000000000000000000e+00 0.000000000000000000e+00
3.500914032914964093e-03 0.000000000000000000e+00 0.000000000000000000e+00 3.898161808365355804e-03 9.806826841729677103e-04 0.000000000000000000e+00 0.000000000000000000e+00 0.000000000000000000e+00 5.291859946681775175e-04 0.000000000000000000e+00 3.806505985982041197e-03 2.308835889943544172e-03 2.755940526659100137e-03 2.712666224907526926e-03 3.284037120515411086e-03 4.804158844037762638e-03 0.000000000000000000e+00 3.738089548187239087e-03 9.222033762236254073e-04 0.000000000000000000e+00 1.817710790098910068e-03 2.558022751399875987e-03 0.000000000000000000e+00 0.000000000000000000e+00 3.991120207019404134e-03
3.929427448774035388e-03 0.000000000000000000e+00 0.000000000000000000e+00 3.370717598191197168e-03 0.000000000000000000e+00 0.000000000000000000e+00 0.000000000000000000e+00 0.000000000000000000e+00 8.977557688445489794e-04 0.000000000000000000e+00 1.388929382433296087e-03 0.000000000000000000e+00 0.000000000000000000e+00 4.403073408821383400e-03 0.000000000000000000e+00 1.781999245354652000e-03 0.000000000000000000e+00 0.000000000000000000e+00 3.421633181915112194e-03 0.000000000000000000e+00 0.000000000000000000e+00 0.000000000000000000e+00 0.000000000000000000e+00 0.000000000000000000e+00 3.800313366004585188e-03
