# File created on Tue Apr 30 21:08:19 2024
# The following metaparameters were used for this matrix optimization : gamma0 = 0.5; alpha0 = 0; sigma0 = 0.25; l0 = 1;p = 1; R0 = 1; S0 = 0.05; NR = 25; NS = 25; matrix path = matrices/Nr25_Nc25/consumption/RandTrix_Nr25_Nc25_Nest0.4_Conn0.3312.txt; convergence threshold = 1e-08
0.000000000000000e+00 0.000000000000000e+00 0.000000000000000e+00 1.565901072734716e+00 0.000000000000000e+00 1.038495682880597e+00 4.705692419452055e-01 0.000000000000000e+00 0.000000000000000e+00 2.302788358081767e-01 0.000000000000000e+00 2.111149635639191e-01 4.102447705571064e-01 1.293319921674179e+00 0.000000000000000e+00 0.000000000000000e+00 0.000000000000000e+00 0.000000000000000e+00 0.000000000000000e+00 6.780593520675385e-01 0.000000000000000e+00 6.188997959857394e-01 3.254203176541854e-01 9.988652861480814e-02 0.000000000000000e+00 
0.000000000000000e+00 6.293510081440062e-01 0.000000000000000e+00 0.000000000000000e+00 0.000000000000000e+00 0.000000000000000e+00 0.000000000000000e+00 6.625985978986713e-01 0.000000000000000e+00 1.215761196473150e+00 3.376333165898708e-01 0.000000000000000e+00 4.825389155567922e-01 8.209470896480131e-01 0.000000000000000e+00 0.000000000000000e+00 0.000000000000000e+00 0.000000000000000e+00 3.040482388143510e-01 6.503325144660062e-01 0.000000000000000e+00 0.000000000000000e+00 0.000000000000000e+00 0.000000000000000e+00 0.000000000000000e+00 
0.000000000000000e+00 3.586334524420525e-01 0.000000000000000e+00 4.712945453572069e-01 1.024662950009451e+00 0.000000000000000e+00 0.000000000000000e+00 0.000000000000000e+00 0.000000000000000e+00 0.000000000000000e+00 0.000000000000000e+00 0.000000000000000e+00 6.133594113102941e-01 6.926498422994380e-01 0.000000000000000e+00 0.000000000000000e+00 0.000000000000000e+00 0.000000000000000e+00 5.776492500597404e-01 0.000000000000000e+00 3.642480767909418e-01 0.000000000000000e+00 0.000000000000000e+00 0.000000000000000e+00 1.049421237349460e+00 
0.000000000000000e+00 0.000000000000000e+00 0.000000000000000e+00 4.555070072871956e-01 0.000000000000000e+00 6.508274745761340e-01 2.409633415400859e-01 0.000000000000000e+00 0.000000000000000e+00 0.000000000000000e+00 0.000000000000000e+00 4.918640136718208e-01 0.000000000000000e+00 1.011909982611149e+00 4.838103844903041e-01 0.000000000000000e+00 0.000000000000000e+00 0.000000000000000e+00 6.160288961464001e-01 0.000000000000000e+00 0.000000000000000e+00 0.000000000000000e+00 0.000000000000000e+00 0.000000000000000e+00 5.228789116459267e-01 
0.000000000000000e+00 0.000000000000000e+00 0.000000000000000e+00 0.000000000000000e+00 9.654276735966855e-01 0.000000000000000e+00 0.000000000000000e+00 7.920495840212801e-01 0.000000000000000e+00 0.000000000000000e+00 5.006523750916622e-01 6.948783969218358e-01 4.748497097371104e-01 0.000000000000000e+00 0.000000000000000e+00 0.000000000000000e+00 2.754363033011822e-01 0.000000000000000e+00 0.000000000000000e+00 0.000000000000000e+00 0.000000000000000e+00 0.000000000000000e+00 4.898026413070931e-01 0.000000000000000e+00 0.000000000000000e+00 
0.000000000000000e+00 4.015017171161329e-01 4.448004009398351e-01 0.000000000000000e+00 1.394940368728995e+00 0.000000000000000e+00 0.000000000000000e+00 0.000000000000000e+00 2.153937535069210e-01 0.000000000000000e+00 0.000000000000000e+00 0.000000000000000e+00 9.787191054759746e-01 0.000000000000000e+00 0.000000000000000e+00 4.109235733503658e-01 0.000000000000000e+00 9.854064436083011e-01 0.000000000000000e+00 0.000000000000000e+00 0.000000000000000e+00 0.000000000000000e+00 3.511656805521839e-01 0.000000000000000e+00 0.000000000000000e+00 
0.000000000000000e+00 1.163142653168129e-01 0.000000000000000e+00 0.000000000000000e+00 9.810608441213526e-01 0.000000000000000e+00 0.000000000000000e+00 4.547337014046684e-01 4.778108424344703e-01 0.000000000000000e+00 4.803263369821272e-01 0.000000000000000e+00 0.000000000000000e+00 4.797052785370958e-01 1.845221953128114e-01 0.000000000000000e+00 0.000000000000000e+00 8.171422799107827e-01 1.616698689140847e-01 0.000000000000000e+00 0.000000000000000e+00 0.000000000000000e+00 0.000000000000000e+00 3.886385995441446e-01 0.000000000000000e+00 
6.605984943625977e-01 0.000000000000000e+00 0.000000000000000e+00 1.611710670703536e+00 0.000000000000000e+00 4.048045691814123e-01 0.000000000000000e+00 0.000000000000000e+00 0.000000000000000e+00 0.000000000000000e+00 0.000000000000000e+00 0.000000000000000e+00 0.000000000000000e+00 8.468162224724231e-01 0.000000000000000e+00 0.000000000000000e+00 0.000000000000000e+00 0.000000000000000e+00 0.000000000000000e+00 7.852855845719410e-01 0.000000000000000e+00 0.000000000000000e+00 0.000000000000000e+00 0.000000000000000e+00 0.000000000000000e+00 
0.000000000000000e+00 2.574135194939929e-01 0.000000000000000e+00 8.150244211203529e-01 3.120039075484935e-01 0.000000000000000e+00 0.000000000000000e+00 3.874604292537319e-01 0.000000000000000e+00 0.000000000000000e+00 6.273930355265681e-01 4.833851763578117e-01 0.000000000000000e+00 1.013479232278115e+00 0.000000000000000e+00 0.000000000000000e+00 2.348757426371114e-02 0.000000000000000e+00 0.000000000000000e+00 4.073860678635050e-01 0.000000000000000e+00 0.000000000000000e+00 0.000000000000000e+00 4.042498752949686e-01 1.861299552633102e-01 
1.825012958603754e-01 0.000000000000000e+00 3.918033087384581e-01 0.000000000000000e+00 0.000000000000000e+00 0.000000000000000e+00 3.034891055756092e-01 8.310648695276351e-01 0.000000000000000e+00 0.000000000000000e+00 0.000000000000000e+00 5.657016574893755e-01 0.000000000000000e+00 0.000000000000000e+00 0.000000000000000e+00 0.000000000000000e+00 7.057715085591718e-01 0.000000000000000e+00 2.660986879172085e-01 1.256443763102899e+00 0.000000000000000e+00 0.000000000000000e+00 0.000000000000000e+00 0.000000000000000e+00 0.000000000000000e+00 
4.515126412095867e-01 0.000000000000000e+00 0.000000000000000e+00 0.000000000000000e+00 0.000000000000000e+00 0.000000000000000e+00 0.000000000000000e+00 0.000000000000000e+00 8.022436834296370e-01 0.000000000000000e+00 0.000000000000000e+00 0.000000000000000e+00 0.000000000000000e+00 0.000000000000000e+00 4.076389091298125e-01 9.255836250624336e-01 3.321370178523289e-01 5.467399689113971e-01 0.000000000000000e+00 0.000000000000000e+00 0.000000000000000e+00 0.000000000000000e+00 0.000000000000000e+00 0.000000000000000e+00 0.000000000000000e+00 
0.000000000000000e+00 0.000000000000000e+00 7.531333427651444e-01 0.000000000000000e+00 1.025232099270052e-01 4.525619577031293e-01 0.000000000000000e+00 0.000000000000000e+00 0.000000000000000e+00 0.000000000000000e+00 5.553879345147062e-01 5.133819940014339e-01 4.137564521315353e-01 6.093049465515992e-01 0.000000000000000e+00 0.000000000000000e+00 0.000000000000000e+00 0.000000000000000e+00 0.000000000000000e+00 0.000000000000000e+00 3.973147071709879e-01 5.132678703351991e-01 0.000000000000000e+00 1.960548790097151e-01 4.367216605159524e-01 
0.000000000000000e+00 0.000000000000000e+00 1.152975440012118e+00 0.000000000000000e+00 0.000000000000000e+00 0.000000000000000e+00 5.426033587952831e-01 1.878797718947232e-01 3.426054927032217e-01 0.000000000000000e+00 0.000000000000000e+00 0.000000000000000e+00 0.000000000000000e+00 2.192447960238442e-01 2.816115364660496e-01 0.000000000000000e+00 0.000000000000000e+00 0.000000000000000e+00 0.000000000000000e+00 0.000000000000000e+00 0.000000000000000e+00 9.912914844575569e-01 0.000000000000000e+00 1.690410845099328e-01 3.242134977797520e-01 
0.000000000000000e+00 0.000000000000000e+00 0.000000000000000e+00 0.000000000000000e+00 1.156264016667842e+00 0.000000000000000e+00 0.000000000000000e+00 0.000000000000000e+00 0.000000000000000e+00 0.000000000000000e+00 6.264432134455039e-01 5.766572169924802e-01 0.000000000000000e+00 0.000000000000000e+00 5.710516419109609e-01 0.000000000000000e+00 0.000000000000000e+00 0.000000000000000e+00 1.069087716337525e+00 0.000000000000000e+00 0.000000000000000e+00 0.000000000000000e+00 0.000000000000000e+00 0.000000000000000e+00 0.000000000000000e+00 
0.000000000000000e+00 1.167228975233301e-01 0.000000000000000e+00 0.000000000000000e+00 4.395421428615147e-01 1.945349170831143e-01 7.507773427604458e-01 4.454045212564355e-01 0.000000000000000e+00 0.000000000000000e+00 0.000000000000000e+00 0.000000000000000e+00 4.561435676635046e-01 0.000000000000000e+00 8.230858129317360e-01 0.000000000000000e+00 0.000000000000000e+00 8.214576347383664e-02 2.156735189067657e-01 0.000000000000000e+00 3.335172501010361e-02 0.000000000000000e+00 0.000000000000000e+00 0.000000000000000e+00 2.355100833190250e-01 
4.442380055157572e-01 0.000000000000000e+00 0.000000000000000e+00 0.000000000000000e+00 0.000000000000000e+00 0.000000000000000e+00 1.160677178771411e-01 7.823013933578972e-01 3.844818429041941e-01 0.000000000000000e+00 0.000000000000000e+00 7.340294536762869e-01 0.000000000000000e+00 0.000000000000000e+00 1.334270317584737e-02 0.000000000000000e+00 4.059637004317951e-01 2.237842735902957e-01 0.000000000000000e+00 0.000000000000000e+00 0.000000000000000e+00 0.000000000000000e+00 4.030293241481817e-01 0.000000000000000e+00 0.000000000000000e+00 
0.000000000000000e+00 7.390211694839837e-01 0.000000000000000e+00 0.000000000000000e+00 0.000000000000000e+00 2.369281303905724e-01 0.000000000000000e+00 0.000000000000000e+00 0.000000000000000e+00 0.000000000000000e+00 0.000000000000000e+00 0.000000000000000e+00 6.172289771802893e-01 0.000000000000000e+00 0.000000000000000e+00 0.000000000000000e+00 0.000000000000000e+00 4.603280633612134e-01 0.000000000000000e+00 0.000000000000000e+00 0.000000000000000e+00 0.000000000000000e+00 6.852189978793177e-01 4.718280622840406e-01 0.000000000000000e+00 
0.000000000000000e+00 1.164936150827727e+00 0.000000000000000e+00 0.000000000000000e+00 5.807935809263712e-01 0.000000000000000e+00 0.000000000000000e+00 0.000000000000000e+00 0.000000000000000e+00 0.000000000000000e+00 0.000000000000000e+00 0.000000000000000e+00 0.000000000000000e+00 7.955631964041655e-01 8.208806691934952e-01 0.000000000000000e+00 7.623212330880575e-03 0.000000000000000e+00 0.000000000000000e+00 0.000000000000000e+00 0.000000000000000e+00 0.000000000000000e+00 0.000000000000000e+00 0.000000000000000e+00 0.000000000000000e+00 
5.808697462825802e-01 0.000000000000000e+00 0.000000000000000e+00 0.000000000000000e+00 0.000000000000000e+00 2.894938657601101e-01 0.000000000000000e+00 0.000000000000000e+00 0.000000000000000e+00 0.000000000000000e+00 0.000000000000000e+00 9.446391318285361e-02 0.000000000000000e+00 3.766670892821633e-01 5.238203306073237e-02 0.000000000000000e+00 5.848160839953936e-01 0.000000000000000e+00 0.000000000000000e+00 1.037601651649266e+00 0.000000000000000e+00 0.000000000000000e+00 0.000000000000000e+00 0.000000000000000e+00 6.816242504935638e-01 
0.000000000000000e+00 0.000000000000000e+00 7.957541511402937e-01 0.000000000000000e+00 0.000000000000000e+00 0.000000000000000e+00 0.000000000000000e+00 0.000000000000000e+00 0.000000000000000e+00 5.252381529956896e-01 1.951990637798103e-01 0.000000000000000e+00 7.589232845585206e-01 0.000000000000000e+00 0.000000000000000e+00 0.000000000000000e+00 0.000000000000000e+00 0.000000000000000e+00 0.000000000000000e+00 2.762405609564007e-01 0.000000000000000e+00 0.000000000000000e+00 0.000000000000000e+00 0.000000000000000e+00 3.818567044091237e-01 
2.765222986372134e-01 0.000000000000000e+00 0.000000000000000e+00 0.000000000000000e+00 0.000000000000000e+00 0.000000000000000e+00 2.113871009154380e-01 0.000000000000000e+00 0.000000000000000e+00 8.140523616493585e-01 0.000000000000000e+00 0.000000000000000e+00 1.132304083121400e-01 5.057861871155211e-01 0.000000000000000e+00 0.000000000000000e+00 0.000000000000000e+00 0.000000000000000e+00 5.386847177606795e-01 0.000000000000000e+00 4.842832873975416e-01 0.000000000000000e+00 0.000000000000000e+00 0.000000000000000e+00 0.000000000000000e+00 
0.000000000000000e+00 0.000000000000000e+00 0.000000000000000e+00 0.000000000000000e+00 0.000000000000000e+00 0.000000000000000e+00 0.000000000000000e+00 4.254793862831818e-01 0.000000000000000e+00 0.000000000000000e+00 0.000000000000000e+00 1.098668524579240e-01 0.000000000000000e+00 0.000000000000000e+00 0.000000000000000e+00 0.000000000000000e+00 0.000000000000000e+00 0.000000000000000e+00 0.000000000000000e+00 0.000000000000000e+00 4.718030609639438e-01 0.000000000000000e+00 3.646034376331212e-01 1.548371347043578e-01 0.000000000000000e+00 
0.000000000000000e+00 0.000000000000000e+00 0.000000000000000e+00 0.000000000000000e+00 0.000000000000000e+00 0.000000000000000e+00 4.900934840304881e-01 0.000000000000000e+00 0.000000000000000e+00 0.000000000000000e+00 6.417374225863348e-01 0.000000000000000e+00 0.000000000000000e+00 0.000000000000000e+00 0.000000000000000e+00 4.992898263729886e-01 0.000000000000000e+00 0.000000000000000e+00 0.000000000000000e+00 0.000000000000000e+00 0.000000000000000e+00 4.958828625290015e-01 3.155445548146343e-01 0.000000000000000e+00 0.000000000000000e+00 
0.000000000000000e+00 0.000000000000000e+00 0.000000000000000e+00 2.781256514400796e-01 5.918769874323183e-01 0.000000000000000e+00 0.000000000000000e+00 0.000000000000000e+00 6.413227828611619e-01 5.927119397648461e-01 0.000000000000000e+00 0.000000000000000e+00 4.574161144263930e-01 0.000000000000000e+00 0.000000000000000e+00 0.000000000000000e+00 6.027807351030231e-02 0.000000000000000e+00 0.000000000000000e+00 0.000000000000000e+00 0.000000000000000e+00 0.000000000000000e+00 0.000000000000000e+00 0.000000000000000e+00 0.000000000000000e+00 
4.664399277540404e-01 0.000000000000000e+00 0.000000000000000e+00 0.000000000000000e+00 4.802828443794103e-01 3.839067190924467e-01 4.865636510455810e-01 0.000000000000000e+00 0.000000000000000e+00 0.000000000000000e+00 0.000000000000000e+00 0.000000000000000e+00 0.000000000000000e+00 0.000000000000000e+00 0.000000000000000e+00 0.000000000000000e+00 0.000000000000000e+00 0.000000000000000e+00 0.000000000000000e+00 0.000000000000000e+00 5.865122085567263e-03 1.852816473826901e-01 0.000000000000000e+00 0.000000000000000e+00 4.683170206526771e-03 