# # File created on Fri May 17 15:41:52 2024
#  # The following metaparameters were used for this matrix optimization : gamma0 = 0.5; alpha0 = 0; sigma0 = 0.25; l0 = 1;p = 1; R0 = 1; S0 = 0.05; NR = 25; NS = 25; matrix path = matrices/Nr25_Nc25/consumption/RandTrix_Nr25_Nc25_Nest0.55_Conn0.3024.txt; convergence threshold = 1e-08
# 
0.000000000000000000e+00 6.279548403914272502e-04 0.000000000000000000e+00 0.000000000000000000e+00 3.935108050727073028e-04 0.000000000000000000e+00 0.000000000000000000e+00 7.456805494765868193e-04 0.000000000000000000e+00 0.000000000000000000e+00 0.000000000000000000e+00 0.000000000000000000e+00 0.000000000000000000e+00 0.000000000000000000e+00 4.173180921627256575e-03 5.039818920811866290e-05 4.308361355316539347e-03 1.357361245512754078e-03 3.246953188933646844e-03 2.852822807861807915e-03 2.849013078125729043e-03 0.000000000000000000e+00 3.410255259223619190e-03 2.844957861149579985e-03 4.713553537205978044e-04
0.000000000000000000e+00 0.000000000000000000e+00 7.247873337044437553e-05 3.156255556645289062e-03 1.212879291547983062e-03 0.000000000000000000e+00 0.000000000000000000e+00 0.000000000000000000e+00 0.000000000000000000e+00 0.000000000000000000e+00 0.000000000000000000e+00 0.000000000000000000e+00 0.000000000000000000e+00 4.921238486052778409e-03 2.424191832843647799e-03 1.709924734296818915e-03 3.777938467947581942e-03 1.179368291139311960e-03 1.926000992395210908e-03 3.317900948102003086e-03 3.254076170538749199e-03 0.000000000000000000e+00 0.000000000000000000e+00 0.000000000000000000e+00 0.000000000000000000e+00
0.000000000000000000e+00 3.190732898459014161e-03 0.000000000000000000e+00 1.945096651062799917e-03 0.000000000000000000e+00 8.066189728937559486e-04 0.000000000000000000e+00 0.000000000000000000e+00 0.000000000000000000e+00 0.000000000000000000e+00 0.000000000000000000e+00 0.000000000000000000e+00 2.007363373910647959e-03 2.721686802845249987e-03 0.000000000000000000e+00 9.632940298495522562e-04 5.721650064457469527e-04 0.000000000000000000e+00 0.000000000000000000e+00 0.000000000000000000e+00 0.000000000000000000e+00 0.000000000000000000e+00 2.902078374726124906e-03 0.000000000000000000e+00 0.000000000000000000e+00
0.000000000000000000e+00 0.000000000000000000e+00 1.324378908901793967e-04 2.190552082556094897e-03 0.000000000000000000e+00 3.168952378148211148e-03 0.000000000000000000e+00 0.000000000000000000e+00 3.122968449259393847e-03 0.000000000000000000e+00 0.000000000000000000e+00 0.000000000000000000e+00 2.781906184365532178e-03 3.467119249198060034e-03 2.478607393593186981e-03 2.925280254209558940e-03 0.000000000000000000e+00 0.000000000000000000e+00 4.677604381326438878e-04 1.641043671604916010e-03 2.457486827863144836e-03 3.007322412358777106e-03 0.000000000000000000e+00 3.226735085130637021e-03 0.000000000000000000e+00
4.162223506548125979e-03 0.000000000000000000e+00 1.842477452505509976e-03 3.559464350349620006e-03 0.000000000000000000e+00 0.000000000000000000e+00 5.634867292925807309e-04 4.836263986907349071e-04 0.000000000000000000e+00 4.325075219560181941e-03 0.000000000000000000e+00 4.588828910380840682e-03 4.698023295889412754e-03 0.000000000000000000e+00 3.175541725994559974e-04 4.873621448133620346e-03 2.532119994683665071e-03 3.916743635081812967e-04 0.000000000000000000e+00 3.483302498664798009e-03 1.403283385548751089e-04 0.000000000000000000e+00 3.725762927498218070e-03 3.976618471879861047e-04 0.000000000000000000e+00
0.000000000000000000e+00 0.000000000000000000e+00 2.712419636939460144e-03 0.000000000000000000e+00 0.000000000000000000e+00 4.339830304518261009e-05 8.164255241556351997e-04 2.521719691629235177e-03 0.000000000000000000e+00 4.171363011228484269e-03 1.784490712025778953e-03 0.000000000000000000e+00 0.000000000000000000e+00 6.740353967973456524e-04 0.000000000000000000e+00 0.000000000000000000e+00 0.000000000000000000e+00 0.000000000000000000e+00 0.000000000000000000e+00 0.000000000000000000e+00 0.000000000000000000e+00 7.812481540667079710e-04 0.000000000000000000e+00 1.504809429304703079e-03 3.433331019727326947e-03
0.000000000000000000e+00 7.137195607797806049e-04 2.544643237180317132e-03 0.000000000000000000e+00 0.000000000000000000e+00 3.097079760323329881e-03 0.000000000000000000e+00 0.000000000000000000e+00 1.047636408697267011e-03 3.667509737234440816e-03 0.000000000000000000e+00 1.881968592945587083e-03 3.025823326072543933e-03 0.000000000000000000e+00 0.000000000000000000e+00 6.960542365444542584e-04 3.350815878775558875e-03 0.000000000000000000e+00 1.406605178836523940e-03 0.000000000000000000e+00 4.548118651175404696e-03 1.148831875219131007e-03 3.939673234011524007e-03 2.830123463160250964e-03 0.000000000000000000e+00
7.733619427456824881e-04 0.000000000000000000e+00 4.335995193320027995e-03 0.000000000000000000e+00 0.000000000000000000e+00 4.950657739214081240e-03 4.846491939008545045e-03 2.614059350446686168e-03 2.774232103723464019e-03 3.666247515746497160e-05 7.905760958247133726e-04 0.000000000000000000e+00 2.031382785353788058e-03 0.000000000000000000e+00 2.831893763429261038e-03 7.454892449975011317e-04 0.000000000000000000e+00 0.000000000000000000e+00 3.951714619636215002e-03 1.948912692334486959e-03 0.000000000000000000e+00 0.000000000000000000e+00 2.064164572580933898e-03 3.409073473715070086e-03 0.000000000000000000e+00
3.864048978937184922e-03 1.754253035335590028e-03 1.062670676685811919e-03 1.081207869625984983e-03 0.000000000000000000e+00 0.000000000000000000e+00 3.705447976660262814e-03 0.000000000000000000e+00 0.000000000000000000e+00 4.056522813772110258e-04 0.000000000000000000e+00 5.616990250940173896e-04 0.000000000000000000e+00 0.000000000000000000e+00 0.000000000000000000e+00 3.685516324266063879e-03 2.783598859059628963e-03 1.351902434901546999e-04 0.000000000000000000e+00 3.837915769374927819e-03 0.000000000000000000e+00 4.510656954717518624e-03 3.991803047201362108e-03 0.000000000000000000e+00 3.865566011311750115e-03
2.694358653154180043e-03 0.000000000000000000e+00 0.000000000000000000e+00 0.000000000000000000e+00 0.000000000000000000e+00 1.490907708936296035e-03 0.000000000000000000e+00 6.128776303056665542e-04 3.409945045775146857e-03 0.000000000000000000e+00 4.057790776369633000e-03 1.196758612209729983e-03 2.319809116588327034e-03 0.000000000000000000e+00 3.005579021199489189e-03 0.000000000000000000e+00 0.000000000000000000e+00 3.390686930895604051e-03 0.000000000000000000e+00 0.000000000000000000e+00 3.878860037491349035e-03 0.000000000000000000e+00 1.236520567122270002e-03 7.361467119587093494e-04 0.000000000000000000e+00
0.000000000000000000e+00 2.202662193419816113e-04 0.000000000000000000e+00 0.000000000000000000e+00 0.000000000000000000e+00 3.914897767423151584e-03 3.931451707968523085e-03 0.000000000000000000e+00 3.020564534378118900e-03 0.000000000000000000e+00 0.000000000000000000e+00 3.232540926300743900e-03 0.000000000000000000e+00 0.000000000000000000e+00 0.000000000000000000e+00 2.007776655836032795e-03 0.000000000000000000e+00 0.000000000000000000e+00 0.000000000000000000e+00 0.000000000000000000e+00 1.638110995191100015e-04 0.000000000000000000e+00 4.612432153233089922e-03 0.000000000000000000e+00 0.000000000000000000e+00
0.000000000000000000e+00 5.205558663361063883e-04 1.174667919256655937e-03 0.000000000000000000e+00 2.100244029279357827e-03 0.000000000000000000e+00 3.306617219952138944e-03 0.000000000000000000e+00 2.665482337906358978e-03 0.000000000000000000e+00 0.000000000000000000e+00 1.296240484934101057e-03 4.799746118145814880e-03 0.000000000000000000e+00 0.000000000000000000e+00 0.000000000000000000e+00 2.185109881479079148e-03 0.000000000000000000e+00 0.000000000000000000e+00 0.000000000000000000e+00 0.000000000000000000e+00 0.000000000000000000e+00 2.413287890466134060e-03 3.698677248734357046e-04 0.000000000000000000e+00
0.000000000000000000e+00 0.000000000000000000e+00 3.332262009660131967e-03 4.562290431177480968e-03 0.000000000000000000e+00 1.788498887412205912e-03 1.539651041247717055e-04 4.360535781904124365e-03 0.000000000000000000e+00 0.000000000000000000e+00 4.475696843717746204e-03 0.000000000000000000e+00 2.174529845018586052e-03 3.509637158092685123e-03 0.000000000000000000e+00 4.900159341033085737e-03 0.000000000000000000e+00 0.000000000000000000e+00 0.000000000000000000e+00 1.130186039237104055e-03 1.586798882418557002e-03 0.000000000000000000e+00 0.000000000000000000e+00 0.000000000000000000e+00 0.000000000000000000e+00
0.000000000000000000e+00 0.000000000000000000e+00 7.108945891820092795e-04 0.000000000000000000e+00 2.346573943212624993e-03 2.379478482102164155e-03 1.125955132918186104e-03 4.656577050686077149e-03 3.980564522594715569e-03 4.488478444235545657e-03 4.653471142352559597e-03 0.000000000000000000e+00 0.000000000000000000e+00 0.000000000000000000e+00 2.404621242229840802e-03 0.000000000000000000e+00 3.104396881579991885e-03 2.624731129102781790e-03 0.000000000000000000e+00 0.000000000000000000e+00 0.000000000000000000e+00 0.000000000000000000e+00 3.549315291441649829e-03 0.000000000000000000e+00 0.000000000000000000e+00
1.768170456002349060e-03 0.000000000000000000e+00 0.000000000000000000e+00 0.000000000000000000e+00 2.064624065026241916e-03 3.321395424747494978e-03 3.958999649269070303e-03 1.081484549141460997e-03 0.000000000000000000e+00 2.702949975698532882e-03 0.000000000000000000e+00 0.000000000000000000e+00 0.000000000000000000e+00 2.539432080199485828e-03 1.097129221157133993e-04 0.000000000000000000e+00 0.000000000000000000e+00 0.000000000000000000e+00 4.357448293256365249e-03 0.000000000000000000e+00 4.185009652851130665e-05 3.509477125514459065e-03 1.691745646423973085e-03 0.000000000000000000e+00 0.000000000000000000e+00
0.000000000000000000e+00 1.317400302065735961e-03 1.453203142749595969e-04 9.171879807410511683e-04 0.000000000000000000e+00 0.000000000000000000e+00 1.614682828148645026e-03 1.714412969888492013e-03 1.462942750279963003e-03 0.000000000000000000e+00 4.267422669616169686e-03 3.047156846468326071e-03 9.686500603508273535e-04 3.117104401097370910e-03 1.737790176852495013e-03 0.000000000000000000e+00 0.000000000000000000e+00 0.000000000000000000e+00 0.000000000000000000e+00 9.395360055282472780e-04 2.152929561335848070e-03 2.128504750419291189e-03 1.290598240827156129e-04 0.000000000000000000e+00 3.745740823907820882e-03
3.276331579078091850e-03 1.639611984467646095e-03 0.000000000000000000e+00 4.460786749700262378e-03 0.000000000000000000e+00 0.000000000000000000e+00 6.525783627320757251e-04 0.000000000000000000e+00 4.411477388253240233e-04 0.000000000000000000e+00 2.398673861045069050e-03 0.000000000000000000e+00 3.616049534104345039e-03 0.000000000000000000e+00 2.830062146547527961e-03 1.495866329719040908e-03 0.000000000000000000e+00 0.000000000000000000e+00 0.000000000000000000e+00 4.657663671666701678e-03 1.220491356917960011e-03 3.038205842855269938e-03 2.896383476162749191e-03 4.172790549128067676e-03 0.000000000000000000e+00
4.423006242347989059e-03 0.000000000000000000e+00 1.524144765234682975e-03 2.187642731413095079e-03 0.000000000000000000e+00 0.000000000000000000e+00 3.349557368987903135e-03 4.828600249313827995e-03 3.470595514579176942e-03 3.739153741892491936e-04 3.250951913959264795e-03 2.149857879173790003e-03 0.000000000000000000e+00 6.659630537136578638e-04 3.593802089039681985e-03 0.000000000000000000e+00 0.000000000000000000e+00 0.000000000000000000e+00 3.786128498335173190e-03 0.000000000000000000e+00 0.000000000000000000e+00 0.000000000000000000e+00 9.129049306760937807e-04 1.211340648033474091e-03 3.496541966385289970e-04
1.948834232828391966e-03 1.588633932483482893e-03 0.000000000000000000e+00 6.061671354017011482e-04 0.000000000000000000e+00 0.000000000000000000e+00 4.737030388161590257e-03 0.000000000000000000e+00 2.330097756720268202e-03 0.000000000000000000e+00 0.000000000000000000e+00 0.000000000000000000e+00 0.000000000000000000e+00 5.237686150557079468e-04 8.371274506247942167e-04 4.167988884844779120e-03 2.528054944856607950e-03 0.000000000000000000e+00 0.000000000000000000e+00 2.187564919794159101e-04 2.400393179041524026e-03 0.000000000000000000e+00 4.330217110073602930e-03 0.000000000000000000e+00 0.000000000000000000e+00
0.000000000000000000e+00 0.000000000000000000e+00 0.000000000000000000e+00 0.000000000000000000e+00 0.000000000000000000e+00 6.695895556342299805e-04 0.000000000000000000e+00 0.000000000000000000e+00 3.112993351052281091e-03 0.000000000000000000e+00 0.000000000000000000e+00 0.000000000000000000e+00 1.904581560080361021e-03 0.000000000000000000e+00 0.000000000000000000e+00 4.112615819429262312e-03 1.881134181802507094e-03 3.924540367241852179e-03 0.000000000000000000e+00 0.000000000000000000e+00 0.000000000000000000e+00 0.000000000000000000e+00 4.598695534879773152e-03 0.000000000000000000e+00 5.245212514833951043e-04
0.000000000000000000e+00 1.140155617296484012e-03 0.000000000000000000e+00 0.000000000000000000e+00 0.000000000000000000e+00 0.000000000000000000e+00 7.085832660862411911e-04 0.000000000000000000e+00 7.424841684134886278e-04 0.000000000000000000e+00 0.000000000000000000e+00 0.000000000000000000e+00 0.000000000000000000e+00 0.000000000000000000e+00 0.000000000000000000e+00 0.000000000000000000e+00 4.449506986481785789e-03 1.934913409705556067e-03 4.370353668024658592e-03 1.579013531600926027e-03 1.892243861564319883e-04 0.000000000000000000e+00 2.567332175431381088e-03 2.064434161817110033e-03 0.000000000000000000e+00
1.081915057199724908e-03 0.000000000000000000e+00 1.490622497533708067e-03 0.000000000000000000e+00 1.019635815270843963e-03 0.000000000000000000e+00 3.200892627658168815e-03 0.000000000000000000e+00 2.125240797166992168e-03 0.000000000000000000e+00 0.000000000000000000e+00 0.000000000000000000e+00 1.089456891595732071e-03 0.000000000000000000e+00 4.747072776859591814e-04 2.416798412384857982e-03 3.843940426247596798e-03 0.000000000000000000e+00 0.000000000000000000e+00 4.763761379908564714e-03 0.000000000000000000e+00 0.000000000000000000e+00 2.780018007716589939e-03 1.346478445971144040e-03 0.000000000000000000e+00
0.000000000000000000e+00 1.597858898239361107e-03 0.000000000000000000e+00 0.000000000000000000e+00 0.000000000000000000e+00 4.930787857356387551e-04 0.000000000000000000e+00 4.109966235805420816e-03 1.403367986719083050e-04 1.086486528420873903e-03 4.562225167437435926e-03 2.874495154011686999e-03 0.000000000000000000e+00 3.457138019509926018e-03 0.000000000000000000e+00 0.000000000000000000e+00 0.000000000000000000e+00 0.000000000000000000e+00 0.000000000000000000e+00 0.000000000000000000e+00 0.000000000000000000e+00 4.168353629242588232e-03 0.000000000000000000e+00 0.000000000000000000e+00 0.000000000000000000e+00
2.034754943756654152e-03 0.000000000000000000e+00 0.000000000000000000e+00 1.056703188932114944e-03 0.000000000000000000e+00 0.000000000000000000e+00 0.000000000000000000e+00 0.000000000000000000e+00 0.000000000000000000e+00 4.596660535816925360e-03 3.105627222181544882e-04 2.255620704153960953e-04 0.000000000000000000e+00 6.298960306382302490e-04 2.449362049986623848e-03 0.000000000000000000e+00 4.601626627281095276e-03 0.000000000000000000e+00 0.000000000000000000e+00 0.000000000000000000e+00 9.390078028170090012e-04 3.227826845409855015e-03 0.000000000000000000e+00 1.119508764010990068e-03 0.000000000000000000e+00
0.000000000000000000e+00 0.000000000000000000e+00 2.095524455299811826e-03 0.000000000000000000e+00 0.000000000000000000e+00 0.000000000000000000e+00 3.603632219598688902e-03 2.805875976352397144e-03 1.441715871109682098e-03 1.438827338653357038e-04 0.000000000000000000e+00 4.380834968195654842e-03 0.000000000000000000e+00 2.959322933375853944e-03 0.000000000000000000e+00 0.000000000000000000e+00 2.918984510607126794e-03 0.000000000000000000e+00 4.148871516610410856e-03 0.000000000000000000e+00 1.744986522451101064e-03 7.215562148667244982e-04 0.000000000000000000e+00 0.000000000000000000e+00 1.619279185090305006e-03
