# # File created on Tue Apr 30 22:56:14 2024
#  # The following metaparameters were used for this matrix optimization : gamma0 = 0.5; alpha0 = 0; sigma0 = 0.25; l0 = 1;p = 1; R0 = 1; S0 = 0.05; NR = 25; NS = 25; matrix path = matrices/Nr25_Nc25/consumption/RandTrix_Nr25_Nc25_Nest0.6_Conn0.44.txt; convergence threshold = 1e-08
# 
2.445858938599479782e+00 0.000000000000000000e+00 2.363290826950673884e-01 7.690121734071410087e-01 1.448423400092053948e+00 0.000000000000000000e+00 0.000000000000000000e+00 0.000000000000000000e+00 0.000000000000000000e+00 0.000000000000000000e+00 0.000000000000000000e+00 0.000000000000000000e+00 0.000000000000000000e+00 8.579103152717943992e-01 0.000000000000000000e+00 5.574768907593330436e-01 0.000000000000000000e+00 0.000000000000000000e+00 0.000000000000000000e+00 0.000000000000000000e+00 0.000000000000000000e+00 1.489128655931557077e+00 0.000000000000000000e+00 0.000000000000000000e+00 0.000000000000000000e+00
0.000000000000000000e+00 5.877123682896756574e-01 1.570926696886822127e-01 8.591241744171640438e-01 0.000000000000000000e+00 0.000000000000000000e+00 4.413417734797218106e-01 1.667041421977244031e+00 1.278346509617336979e+00 0.000000000000000000e+00 8.649497604982681054e-01 0.000000000000000000e+00 7.032230320873209539e-01 3.142305386847620008e-02 0.000000000000000000e+00 0.000000000000000000e+00 0.000000000000000000e+00 7.517992133840812885e-01 3.661320323287283185e-01 0.000000000000000000e+00 0.000000000000000000e+00 1.109927663018359933e-01 0.000000000000000000e+00 1.204394919592262969e+00 0.000000000000000000e+00
0.000000000000000000e+00 0.000000000000000000e+00 5.843137008437784274e-01 8.475367240330113905e-01 1.233612690512734922e+00 9.251084244101269727e-01 0.000000000000000000e+00 0.000000000000000000e+00 1.213105701464628039e+00 1.031220498296412935e-01 0.000000000000000000e+00 2.906567548502488885e-01 0.000000000000000000e+00 0.000000000000000000e+00 0.000000000000000000e+00 4.237754270619966124e-01 0.000000000000000000e+00 0.000000000000000000e+00 8.204140288595103137e-01 0.000000000000000000e+00 2.430444108196770092e-01 1.245255658310158997e-01 0.000000000000000000e+00 0.000000000000000000e+00 0.000000000000000000e+00
4.146117253340463882e-01 0.000000000000000000e+00 9.242256280181671002e-01 3.037914834643272166e-01 9.206503370984389090e-01 5.264138034676240085e-01 5.703157803965092087e-01 0.000000000000000000e+00 0.000000000000000000e+00 0.000000000000000000e+00 0.000000000000000000e+00 9.920718223183014883e-01 0.000000000000000000e+00 3.833336755367693915e-01 4.886996829658112884e-01 0.000000000000000000e+00 0.000000000000000000e+00 0.000000000000000000e+00 0.000000000000000000e+00 1.057835897922934087e+00 0.000000000000000000e+00 0.000000000000000000e+00 0.000000000000000000e+00 0.000000000000000000e+00 0.000000000000000000e+00
0.000000000000000000e+00 3.659681864217764202e-01 1.661244563754739056e+00 0.000000000000000000e+00 0.000000000000000000e+00 1.082913295873416004e+00 0.000000000000000000e+00 0.000000000000000000e+00 0.000000000000000000e+00 1.515770713435961925e+00 0.000000000000000000e+00 1.403242398758220100e+00 6.314560896560169612e-01 0.000000000000000000e+00 0.000000000000000000e+00 0.000000000000000000e+00 0.000000000000000000e+00 0.000000000000000000e+00 0.000000000000000000e+00 0.000000000000000000e+00 1.700354344655722050e-01 0.000000000000000000e+00 0.000000000000000000e+00 0.000000000000000000e+00 0.000000000000000000e+00
1.521515294369012006e+00 0.000000000000000000e+00 1.949477801197412041e-01 0.000000000000000000e+00 0.000000000000000000e+00 0.000000000000000000e+00 4.665687751105184744e-01 0.000000000000000000e+00 0.000000000000000000e+00 7.073137029095919459e-01 0.000000000000000000e+00 5.118362781048797494e-01 9.495641036093606380e-02 1.166512028025904035e+00 0.000000000000000000e+00 0.000000000000000000e+00 0.000000000000000000e+00 6.274561982826855067e-01 0.000000000000000000e+00 0.000000000000000000e+00 6.480698801615746296e-01 9.217666259088717062e-01 0.000000000000000000e+00 0.000000000000000000e+00 0.000000000000000000e+00
1.577000986000461902e+00 0.000000000000000000e+00 0.000000000000000000e+00 0.000000000000000000e+00 1.474245302279024061e+00 5.853997136198333395e-01 0.000000000000000000e+00 0.000000000000000000e+00 0.000000000000000000e+00 0.000000000000000000e+00 0.000000000000000000e+00 0.000000000000000000e+00 0.000000000000000000e+00 2.042643089792136879e-01 3.237602394860351895e-02 0.000000000000000000e+00 0.000000000000000000e+00 0.000000000000000000e+00 0.000000000000000000e+00 0.000000000000000000e+00 5.093288759805344457e-01 0.000000000000000000e+00 8.313798590684465806e-01 0.000000000000000000e+00 0.000000000000000000e+00
1.703482333026846041e+00 0.000000000000000000e+00 0.000000000000000000e+00 0.000000000000000000e+00 0.000000000000000000e+00 0.000000000000000000e+00 0.000000000000000000e+00 2.570317329871366074e-01 0.000000000000000000e+00 2.230333586148339986e+00 0.000000000000000000e+00 1.610303443150020997e-01 0.000000000000000000e+00 0.000000000000000000e+00 0.000000000000000000e+00 0.000000000000000000e+00 0.000000000000000000e+00 0.000000000000000000e+00 0.000000000000000000e+00 6.297577631389823516e-01 0.000000000000000000e+00 1.941397078766664008e-01 2.121262348491918193e+00 0.000000000000000000e+00 0.000000000000000000e+00
0.000000000000000000e+00 1.942477874718884889e+00 0.000000000000000000e+00 0.000000000000000000e+00 0.000000000000000000e+00 0.000000000000000000e+00 7.528243469674441579e-01 0.000000000000000000e+00 1.684831588185002005e+00 0.000000000000000000e+00 1.379045468244848027e-01 0.000000000000000000e+00 0.000000000000000000e+00 0.000000000000000000e+00 0.000000000000000000e+00 3.372466270266615274e-01 0.000000000000000000e+00 0.000000000000000000e+00 0.000000000000000000e+00 0.000000000000000000e+00 1.545450060624803043e-02 0.000000000000000000e+00 0.000000000000000000e+00 8.569920478113781659e-01 0.000000000000000000e+00
1.352641017591498906e+00 0.000000000000000000e+00 2.799803368358029787e-01 0.000000000000000000e+00 8.291118782813187149e-01 0.000000000000000000e+00 0.000000000000000000e+00 0.000000000000000000e+00 0.000000000000000000e+00 0.000000000000000000e+00 0.000000000000000000e+00 0.000000000000000000e+00 0.000000000000000000e+00 0.000000000000000000e+00 0.000000000000000000e+00 0.000000000000000000e+00 0.000000000000000000e+00 0.000000000000000000e+00 0.000000000000000000e+00 0.000000000000000000e+00 0.000000000000000000e+00 1.045082755551991038e+00 2.146201820013765027e-01 0.000000000000000000e+00 0.000000000000000000e+00
5.932291855529890912e-01 0.000000000000000000e+00 0.000000000000000000e+00 0.000000000000000000e+00 1.645776633957100887e-01 9.176377988733290803e-01 0.000000000000000000e+00 0.000000000000000000e+00 0.000000000000000000e+00 1.512927717194707977e+00 0.000000000000000000e+00 1.081015259630260017e+00 0.000000000000000000e+00 1.170473072686277094e+00 0.000000000000000000e+00 0.000000000000000000e+00 0.000000000000000000e+00 0.000000000000000000e+00 1.953536938985913074e-01 0.000000000000000000e+00 5.315154112939918241e-01 0.000000000000000000e+00 0.000000000000000000e+00 0.000000000000000000e+00 0.000000000000000000e+00
9.425839112578219270e-01 0.000000000000000000e+00 0.000000000000000000e+00 0.000000000000000000e+00 0.000000000000000000e+00 1.073888424795529928e-02 1.764577698767244018e-01 8.523404543776206266e-01 0.000000000000000000e+00 0.000000000000000000e+00 1.118959801326752102e+00 4.572468258471267255e-01 3.708070213792721836e-01 0.000000000000000000e+00 0.000000000000000000e+00 3.775697448545363155e-01 0.000000000000000000e+00 1.303948145877426024e+00 0.000000000000000000e+00 0.000000000000000000e+00 0.000000000000000000e+00 0.000000000000000000e+00 0.000000000000000000e+00 0.000000000000000000e+00 0.000000000000000000e+00
0.000000000000000000e+00 1.818966887819180922e+00 0.000000000000000000e+00 0.000000000000000000e+00 4.432315637780667728e-01 0.000000000000000000e+00 5.569806227888366434e-01 1.014370606408047937e-02 5.299656530666221194e-02 2.200558963620704023e-01 0.000000000000000000e+00 0.000000000000000000e+00 1.696366365574910051e-01 0.000000000000000000e+00 0.000000000000000000e+00 7.127165295487191132e-01 0.000000000000000000e+00 7.219210371783049696e-02 0.000000000000000000e+00 0.000000000000000000e+00 0.000000000000000000e+00 0.000000000000000000e+00 3.837828823940284129e-01 0.000000000000000000e+00 0.000000000000000000e+00
0.000000000000000000e+00 0.000000000000000000e+00 0.000000000000000000e+00 1.284841338369999031e+00 0.000000000000000000e+00 1.952615854838000986e-01 4.191655782070540792e-01 0.000000000000000000e+00 6.523451070143545527e-01 0.000000000000000000e+00 0.000000000000000000e+00 0.000000000000000000e+00 0.000000000000000000e+00 0.000000000000000000e+00 0.000000000000000000e+00 0.000000000000000000e+00 1.532425208464026911e-01 0.000000000000000000e+00 1.368628282884744030e+00 0.000000000000000000e+00 0.000000000000000000e+00 0.000000000000000000e+00 0.000000000000000000e+00 5.144819598728251897e-01 0.000000000000000000e+00
0.000000000000000000e+00 1.325829930918543953e+00 7.723300564078359187e-01 0.000000000000000000e+00 0.000000000000000000e+00 1.297946631512119919e-01 0.000000000000000000e+00 0.000000000000000000e+00 0.000000000000000000e+00 0.000000000000000000e+00 2.625167526345830726e-01 0.000000000000000000e+00 0.000000000000000000e+00 0.000000000000000000e+00 0.000000000000000000e+00 0.000000000000000000e+00 2.580057123341197856e-01 0.000000000000000000e+00 0.000000000000000000e+00 6.056117245164902574e-01 0.000000000000000000e+00 0.000000000000000000e+00 9.011044003443282602e-01 4.959641779933630090e-01 0.000000000000000000e+00
0.000000000000000000e+00 0.000000000000000000e+00 0.000000000000000000e+00 0.000000000000000000e+00 0.000000000000000000e+00 7.146433917117862578e-01 0.000000000000000000e+00 0.000000000000000000e+00 0.000000000000000000e+00 6.854912728171731473e-01 7.056742018696483820e-02 0.000000000000000000e+00 4.426618070384750192e-01 0.000000000000000000e+00 2.963011308301732871e-01 0.000000000000000000e+00 0.000000000000000000e+00 0.000000000000000000e+00 3.980972264635742053e-01 2.031575463091793043e+00 0.000000000000000000e+00 0.000000000000000000e+00 0.000000000000000000e+00 0.000000000000000000e+00 2.285507793839676172e+00
0.000000000000000000e+00 9.505175664874957464e-01 7.684182217482693478e-01 0.000000000000000000e+00 0.000000000000000000e+00 6.988420488059905455e-01 0.000000000000000000e+00 4.353345692843504922e-01 3.779148849652104181e-01 0.000000000000000000e+00 4.661910805163371752e-01 0.000000000000000000e+00 0.000000000000000000e+00 0.000000000000000000e+00 0.000000000000000000e+00 0.000000000000000000e+00 0.000000000000000000e+00 2.621180252316160919e-01 0.000000000000000000e+00 0.000000000000000000e+00 0.000000000000000000e+00 0.000000000000000000e+00 0.000000000000000000e+00 7.231309422553644506e-01 0.000000000000000000e+00
1.126694507775219067e+00 0.000000000000000000e+00 3.779837005866282240e-01 0.000000000000000000e+00 1.074078008392727046e+00 0.000000000000000000e+00 0.000000000000000000e+00 0.000000000000000000e+00 0.000000000000000000e+00 0.000000000000000000e+00 0.000000000000000000e+00 0.000000000000000000e+00 0.000000000000000000e+00 1.262440331275875016e-01 0.000000000000000000e+00 0.000000000000000000e+00 0.000000000000000000e+00 0.000000000000000000e+00 0.000000000000000000e+00 0.000000000000000000e+00 0.000000000000000000e+00 0.000000000000000000e+00 0.000000000000000000e+00 2.300411143000712921e-01 0.000000000000000000e+00
9.481122216563501182e-01 0.000000000000000000e+00 0.000000000000000000e+00 0.000000000000000000e+00 8.704777113950881162e-01 0.000000000000000000e+00 0.000000000000000000e+00 0.000000000000000000e+00 0.000000000000000000e+00 9.125724898867284551e-01 1.429923161834960876e-01 0.000000000000000000e+00 0.000000000000000000e+00 0.000000000000000000e+00 0.000000000000000000e+00 0.000000000000000000e+00 0.000000000000000000e+00 0.000000000000000000e+00 0.000000000000000000e+00 1.655365635714065864e-01 0.000000000000000000e+00 0.000000000000000000e+00 0.000000000000000000e+00 0.000000000000000000e+00 1.569763440385516073e+00
0.000000000000000000e+00 9.152302848009773450e-01 1.366335560934854032e-01 0.000000000000000000e+00 0.000000000000000000e+00 0.000000000000000000e+00 5.623810438500822517e-01 0.000000000000000000e+00 0.000000000000000000e+00 4.379948750548258163e-01 0.000000000000000000e+00 0.000000000000000000e+00 4.082630770984430058e-01 0.000000000000000000e+00 0.000000000000000000e+00 0.000000000000000000e+00 0.000000000000000000e+00 0.000000000000000000e+00 0.000000000000000000e+00 0.000000000000000000e+00 1.174069726223667898e+00 0.000000000000000000e+00 2.646657265569373751e-01 0.000000000000000000e+00 0.000000000000000000e+00
0.000000000000000000e+00 6.565496708747374788e-01 0.000000000000000000e+00 0.000000000000000000e+00 0.000000000000000000e+00 0.000000000000000000e+00 0.000000000000000000e+00 0.000000000000000000e+00 1.269092397847203957e+00 1.631248631235888980e-01 1.060492547736898938e+00 0.000000000000000000e+00 0.000000000000000000e+00 0.000000000000000000e+00 3.650325723329708727e-01 0.000000000000000000e+00 0.000000000000000000e+00 0.000000000000000000e+00 0.000000000000000000e+00 0.000000000000000000e+00 0.000000000000000000e+00 1.659591674108429060e-01 0.000000000000000000e+00 0.000000000000000000e+00 0.000000000000000000e+00
0.000000000000000000e+00 0.000000000000000000e+00 0.000000000000000000e+00 7.526319860211475588e-01 2.259829903469380008e-01 0.000000000000000000e+00 0.000000000000000000e+00 7.190217679175446852e-01 4.306859369668162851e-01 0.000000000000000000e+00 0.000000000000000000e+00 0.000000000000000000e+00 1.381065274079444072e-01 0.000000000000000000e+00 9.567715763372018900e-01 0.000000000000000000e+00 0.000000000000000000e+00 0.000000000000000000e+00 0.000000000000000000e+00 0.000000000000000000e+00 0.000000000000000000e+00 0.000000000000000000e+00 0.000000000000000000e+00 0.000000000000000000e+00 3.204257593121909165e-01
6.704196135529677525e-01 0.000000000000000000e+00 2.708645014310658850e-01 0.000000000000000000e+00 0.000000000000000000e+00 0.000000000000000000e+00 0.000000000000000000e+00 7.645083110364192525e-01 7.535195824923393570e-02 0.000000000000000000e+00 1.053481302440498979e+00 0.000000000000000000e+00 4.817905214048147089e-01 0.000000000000000000e+00 0.000000000000000000e+00 0.000000000000000000e+00 0.000000000000000000e+00 7.249916689936093395e-01 0.000000000000000000e+00 0.000000000000000000e+00 0.000000000000000000e+00 0.000000000000000000e+00 0.000000000000000000e+00 0.000000000000000000e+00 0.000000000000000000e+00
0.000000000000000000e+00 0.000000000000000000e+00 0.000000000000000000e+00 1.110294371915470979e+00 0.000000000000000000e+00 1.483228111156524032e-01 4.156150456534944970e-01 0.000000000000000000e+00 1.617934663857442945e-01 0.000000000000000000e+00 0.000000000000000000e+00 0.000000000000000000e+00 0.000000000000000000e+00 0.000000000000000000e+00 0.000000000000000000e+00 0.000000000000000000e+00 0.000000000000000000e+00 6.371531967834441479e-02 2.873019378934971169e-01 0.000000000000000000e+00 3.423001660968219007e-01 0.000000000000000000e+00 0.000000000000000000e+00 0.000000000000000000e+00 0.000000000000000000e+00
0.000000000000000000e+00 1.115734588634019975e+00 0.000000000000000000e+00 0.000000000000000000e+00 0.000000000000000000e+00 7.893598771580911944e-01 0.000000000000000000e+00 0.000000000000000000e+00 0.000000000000000000e+00 0.000000000000000000e+00 0.000000000000000000e+00 0.000000000000000000e+00 0.000000000000000000e+00 3.395119875187797009e-01 0.000000000000000000e+00 0.000000000000000000e+00 0.000000000000000000e+00 0.000000000000000000e+00 0.000000000000000000e+00 2.199434402539482969e-01 0.000000000000000000e+00 0.000000000000000000e+00 0.000000000000000000e+00 0.000000000000000000e+00 0.000000000000000000e+00
