# # File created on Thu Mar 28 00:12:36 2024
# 
1 1 0 0 0 1 0 0 1 1 0 1 1 1 0 1 1 0 1 1 1 0 1 1 0
0 0 0 1 1 0 0 0 1 1 0 0 0 1 1 0 0 0 1 0 0 1 1 0 0
0 0 1 0 1 0 1 1 0 1 1 1 0 0 0 1 1 0 1 1 0 1 0 1 0
0 0 0 1 0 0 0 1 1 0 0 0 1 0 1 0 0 1 1 0 1 0 1 0 1
0 0 1 1 1 1 1 0 1 1 1 0 0 0 1 1 0 0 1 0 0 0 0 1 1
1 1 1 1 0 0 0 0 0 1 1 1 0 0 0 1 0 0 0 1 0 0 1 0 1
0 0 0 1 1 0 0 1 0 1 1 1 0 1 0 0 1 1 1 0 0 0 1 1 1
1 0 1 0 1 1 1 1 0 1 1 0 1 0 0 1 1 1 1 1 1 0 1 1 0
0 0 0 1 1 1 0 1 0 0 0 1 1 1 1 1 0 0 1 0 0 1 1 0 1
1 1 1 0 0 1 0 1 0 1 1 0 0 0 0 0 0 0 1 0 0 0 1 1 0
1 1 0 1 1 0 1 0 1 0 0 1 1 1 1 0 1 1 0 1 0 0 1 1 0
0 1 1 0 1 1 1 1 1 0 1 0 0 1 0 1 0 0 0 0 1 1 1 1 1
1 1 0 1 1 0 1 1 0 1 0 1 1 0 1 1 1 0 0 0 1 0 1 0 1
0 1 0 1 1 0 0 1 1 1 0 0 0 0 0 1 0 0 0 1 1 0 0 1 1
0 0 0 1 1 1 0 1 1 0 0 0 0 0 1 0 0 1 1 1 0 1 0 1 0
1 1 1 0 0 0 0 0 1 1 1 0 0 1 0 1 0 1 0 0 0 1 1 0 0
0 0 1 1 1 0 0 1 1 1 1 0 1 1 0 1 0 0 0 0 1 1 1 1 0
0 0 1 1 0 1 1 1 1 0 1 0 1 1 1 1 1 0 1 1 1 1 0 1 1
1 1 1 1 1 1 1 1 1 0 1 1 0 1 0 1 1 1 0 1 1 0 1 1 0
1 1 1 0 1 0 0 0 0 1 0 0 0 0 0 0 1 1 1 1 1 1 1 1 1
1 0 0 0 0 0 0 0 1 0 0 0 0 1 0 1 0 1 0 0 0 0 1 0 0
0 1 1 1 1 1 0 1 1 1 1 0 1 0 1 0 1 1 1 0 1 0 0 1 1
0 1 1 1 0 0 1 1 1 1 1 1 1 1 1 1 0 0 0 1 0 0 0 1 1
0 1 0 1 0 1 0 0 1 0 1 1 0 1 0 0 1 0 0 0 0 0 1 1 1
0 0 1 0 1 1 1 1 1 0 1 0 1 1 1 1 0 1 0 1 1 1 0 0 0
