# # File created on Fri Mar 29 03:54:58 2024
# 
0 1 1 1 0 1 0 0 1 0 1 0 0 0 1 1 1 1 1 1 1 1 0 1 1
0 1 1 1 0 1 0 1 0 0 0 1 1 0 0 0 0 0 1 0 1 0 1 1 1
1 1 0 1 1 0 0 0 1 0 1 1 0 0 1 0 1 1 1 0 0 0 1 0 1
0 0 1 0 1 0 0 1 1 0 0 0 1 0 1 1 0 0 1 1 1 0 0 0 1
1 1 0 0 1 1 0 0 0 0 0 1 1 1 1 1 0 1 0 0 0 1 1 1 1
0 1 0 1 1 1 1 0 0 1 0 1 0 1 0 0 0 1 1 0 0 1 0 0 0
0 0 0 1 1 0 1 1 1 1 0 0 0 1 0 0 1 1 0 0 1 0 0 1 1
1 0 1 1 0 1 1 0 0 0 0 0 0 1 1 1 0 0 0 1 0 0 0 0 0
0 1 0 1 1 0 0 1 0 0 0 1 1 0 1 0 1 1 1 0 1 0 0 1 0
0 0 1 0 0 1 0 0 1 0 1 0 1 0 1 1 0 1 0 1 0 0 0 0 0
1 0 1 1 1 1 0 1 0 0 1 0 1 1 0 0 0 1 0 1 1 0 1 0 0
1 1 0 1 1 0 1 0 0 0 0 1 0 0 1 0 1 0 1 0 1 1 0 0 0
1 0 1 1 0 1 0 0 0 0 1 1 1 1 0 0 1 0 0 0 0 0 0 0 1
0 0 1 0 1 1 1 1 0 1 1 0 0 1 1 0 1 0 1 1 1 1 1 0 1
0 1 1 1 1 0 0 0 0 1 1 1 0 0 0 0 0 0 0 0 0 1 0 1 0
0 1 1 0 1 0 0 0 0 0 1 0 1 0 1 1 0 0 0 1 1 1 0 0 0
0 1 0 0 1 1 1 0 1 1 1 1 1 1 1 1 1 1 1 0 1 0 0 0 1
1 1 0 1 1 1 1 1 0 0 1 1 1 1 1 0 0 1 0 1 1 1 0 0 1
1 0 1 1 0 1 0 1 1 0 0 0 1 0 1 1 0 1 0 1 0 0 0 1 1
0 1 0 1 1 1 0 0 1 1 0 1 1 0 0 1 0 1 1 0 0 0 0 1 0
1 1 0 0 0 0 1 1 0 0 0 0 1 1 1 1 1 1 1 1 0 0 1 0 1
0 1 0 1 0 1 0 0 1 1 0 0 0 0 1 0 0 0 1 0 1 1 0 1 0
0 1 0 1 1 1 0 1 1 1 0 1 0 0 0 1 1 0 0 1 0 0 0 0 0
1 1 0 0 0 1 1 1 1 1 0 0 0 1 0 0 0 0 1 0 0 1 0 1 1
0 0 1 0 1 1 0 0 0 1 1 0 1 0 1 0 1 1 1 1 0 0 1 0 0
