# # # File created on Tue Apr 30 07:28:03 2024
#  #  # The following metaparameters were used for this matrix optimization : gamma0 = 0.5; alpha0 = 0; sigma0 = 0.25; l0 = 1;p = 1; R0 = 1; S0 = 0.05; NR = 25; NS = 25; matrix path = matrices/Nr25_Nc25/consumption/RandTrix_Nr25_Nc25_Nest0.3_Conn0.1776.txt; convergence threshold = 1e-08
# 
4.740311158437394146e-01 0.000000000000000000e+00 0.000000000000000000e+00 4.053566134848218816e-01 0.000000000000000000e+00 0.000000000000000000e+00 1.032936362389246909e+00 0.000000000000000000e+00 0.000000000000000000e+00 0.000000000000000000e+00 0.000000000000000000e+00 6.002049359689183294e-01 2.259298599443035072e-01 9.943346220239211997e-01 0.000000000000000000e+00 6.224945148831921848e-01 0.000000000000000000e+00 0.000000000000000000e+00 0.000000000000000000e+00 0.000000000000000000e+00 0.000000000000000000e+00 0.000000000000000000e+00 0.000000000000000000e+00 0.000000000000000000e+00 0.000000000000000000e+00
4.097488906195200231e-01 0.000000000000000000e+00 0.000000000000000000e+00 0.000000000000000000e+00 0.000000000000000000e+00 0.000000000000000000e+00 0.000000000000000000e+00 0.000000000000000000e+00 0.000000000000000000e+00 8.372384351248745027e-01 0.000000000000000000e+00 7.389001697071329033e-01 0.000000000000000000e+00 0.000000000000000000e+00 5.187253906178063839e-02 3.549148527590962887e-01 1.014682215621049099e+00 0.000000000000000000e+00 0.000000000000000000e+00 1.644413835476959962e+00 0.000000000000000000e+00 0.000000000000000000e+00 0.000000000000000000e+00 6.101907829114675552e-01 0.000000000000000000e+00
3.275968223462726869e-01 7.052765170215693491e-01 2.432401564894662027e-01 0.000000000000000000e+00 0.000000000000000000e+00 1.948059015781430925e-01 0.000000000000000000e+00 2.248287973440868948e-01 3.868641739885643749e-01 2.445567581746012076e-01 0.000000000000000000e+00 0.000000000000000000e+00 0.000000000000000000e+00 0.000000000000000000e+00 4.958798081101293276e-01 0.000000000000000000e+00 0.000000000000000000e+00 0.000000000000000000e+00 6.607491038910431880e-02 3.408931267550914246e-01 0.000000000000000000e+00 0.000000000000000000e+00 8.117037042778282863e-02 0.000000000000000000e+00 0.000000000000000000e+00
0.000000000000000000e+00 0.000000000000000000e+00 5.100681127343342780e-01 5.404725550894213804e-01 0.000000000000000000e+00 3.973784815928300129e-01 0.000000000000000000e+00 0.000000000000000000e+00 3.462272937327802724e-01 0.000000000000000000e+00 4.519407588321350255e-01 0.000000000000000000e+00 0.000000000000000000e+00 0.000000000000000000e+00 0.000000000000000000e+00 0.000000000000000000e+00 0.000000000000000000e+00 0.000000000000000000e+00 0.000000000000000000e+00 0.000000000000000000e+00 0.000000000000000000e+00 0.000000000000000000e+00 4.569109673637539726e-01 5.634287884765355053e-02 5.447066829983554515e-01
0.000000000000000000e+00 0.000000000000000000e+00 7.841492292488398963e-01 6.048653564404676830e-01 5.027212328879379077e-01 0.000000000000000000e+00 0.000000000000000000e+00 2.796552496288313150e-01 0.000000000000000000e+00 0.000000000000000000e+00 0.000000000000000000e+00 0.000000000000000000e+00 0.000000000000000000e+00 0.000000000000000000e+00 0.000000000000000000e+00 0.000000000000000000e+00 0.000000000000000000e+00 0.000000000000000000e+00 1.714259690601908082e-01 8.337613037780977621e-02 0.000000000000000000e+00 0.000000000000000000e+00 0.000000000000000000e+00 1.099603970610479042e-01 0.000000000000000000e+00
2.458290679591441097e-01 0.000000000000000000e+00 0.000000000000000000e+00 5.348011144519819737e-01 0.000000000000000000e+00 0.000000000000000000e+00 4.488236495778116231e-01 0.000000000000000000e+00 0.000000000000000000e+00 0.000000000000000000e+00 2.994931910519252893e-01 2.147719374283890981e-01 0.000000000000000000e+00 7.165316028716981478e-01 0.000000000000000000e+00 0.000000000000000000e+00 0.000000000000000000e+00 0.000000000000000000e+00 0.000000000000000000e+00 0.000000000000000000e+00 0.000000000000000000e+00 0.000000000000000000e+00 0.000000000000000000e+00 2.331436563103068127e-01 2.262195635487326051e+00
0.000000000000000000e+00 0.000000000000000000e+00 0.000000000000000000e+00 0.000000000000000000e+00 0.000000000000000000e+00 0.000000000000000000e+00 5.450895291590664993e-01 0.000000000000000000e+00 0.000000000000000000e+00 0.000000000000000000e+00 0.000000000000000000e+00 0.000000000000000000e+00 0.000000000000000000e+00 0.000000000000000000e+00 0.000000000000000000e+00 0.000000000000000000e+00 2.342928075965928017e-02 3.195511344138594056e-01 0.000000000000000000e+00 4.913105675172513842e-01 0.000000000000000000e+00 0.000000000000000000e+00 0.000000000000000000e+00 3.873773797108693850e-01 1.244878212436492992e+00
1.881232184400339902e-01 0.000000000000000000e+00 0.000000000000000000e+00 0.000000000000000000e+00 0.000000000000000000e+00 0.000000000000000000e+00 7.007917563860527332e-01 0.000000000000000000e+00 0.000000000000000000e+00 0.000000000000000000e+00 8.661684552288261285e-01 0.000000000000000000e+00 0.000000000000000000e+00 0.000000000000000000e+00 5.449639234646168617e-01 0.000000000000000000e+00 0.000000000000000000e+00 0.000000000000000000e+00 0.000000000000000000e+00 0.000000000000000000e+00 0.000000000000000000e+00 4.481622104411884799e-01 0.000000000000000000e+00 6.341753192414978368e-01 3.648661471368362941e-01
0.000000000000000000e+00 5.839063905987909031e-01 0.000000000000000000e+00 4.713432511321988261e-01 0.000000000000000000e+00 0.000000000000000000e+00 5.804277832306730112e-01 3.695595937348112869e-01 0.000000000000000000e+00 0.000000000000000000e+00 0.000000000000000000e+00 0.000000000000000000e+00 0.000000000000000000e+00 0.000000000000000000e+00 0.000000000000000000e+00 0.000000000000000000e+00 0.000000000000000000e+00 0.000000000000000000e+00 0.000000000000000000e+00 0.000000000000000000e+00 0.000000000000000000e+00 0.000000000000000000e+00 3.937715845200753795e-01 0.000000000000000000e+00 0.000000000000000000e+00
0.000000000000000000e+00 8.631023625274553135e-01 0.000000000000000000e+00 3.634323947783716924e-01 0.000000000000000000e+00 0.000000000000000000e+00 0.000000000000000000e+00 0.000000000000000000e+00 0.000000000000000000e+00 8.384011437840607206e-01 0.000000000000000000e+00 0.000000000000000000e+00 0.000000000000000000e+00 7.293721935803850753e-01 0.000000000000000000e+00 0.000000000000000000e+00 2.320394323015738114e-01 0.000000000000000000e+00 0.000000000000000000e+00 5.908959121142647319e-01 0.000000000000000000e+00 0.000000000000000000e+00 0.000000000000000000e+00 0.000000000000000000e+00 0.000000000000000000e+00
4.357943743489680055e-01 0.000000000000000000e+00 0.000000000000000000e+00 5.749421690578528921e-01 0.000000000000000000e+00 0.000000000000000000e+00 0.000000000000000000e+00 3.629141185053568752e-01 5.148926763958138197e-01 0.000000000000000000e+00 0.000000000000000000e+00 0.000000000000000000e+00 0.000000000000000000e+00 0.000000000000000000e+00 0.000000000000000000e+00 0.000000000000000000e+00 0.000000000000000000e+00 0.000000000000000000e+00 0.000000000000000000e+00 0.000000000000000000e+00 0.000000000000000000e+00 0.000000000000000000e+00 8.012757611675164204e-02 0.000000000000000000e+00 0.000000000000000000e+00
0.000000000000000000e+00 0.000000000000000000e+00 1.015138910039403985e-01 7.747726893934797632e-01 5.680238477267084418e-01 7.985806833567973828e-02 2.610843552890271813e-01 0.000000000000000000e+00 0.000000000000000000e+00 0.000000000000000000e+00 0.000000000000000000e+00 0.000000000000000000e+00 0.000000000000000000e+00 0.000000000000000000e+00 1.602049561450603898e-01 0.000000000000000000e+00 0.000000000000000000e+00 3.538507611482963888e-01 0.000000000000000000e+00 0.000000000000000000e+00 5.321018005425954822e-01 0.000000000000000000e+00 0.000000000000000000e+00 0.000000000000000000e+00 0.000000000000000000e+00
0.000000000000000000e+00 5.994892573997663288e-01 8.599194373051368689e-01 0.000000000000000000e+00 0.000000000000000000e+00 0.000000000000000000e+00 0.000000000000000000e+00 0.000000000000000000e+00 0.000000000000000000e+00 0.000000000000000000e+00 0.000000000000000000e+00 0.000000000000000000e+00 0.000000000000000000e+00 2.076659703918121852e-02 0.000000000000000000e+00 0.000000000000000000e+00 0.000000000000000000e+00 6.827133038069389537e-01 0.000000000000000000e+00 0.000000000000000000e+00 0.000000000000000000e+00 0.000000000000000000e+00 4.197332662502811784e-02 0.000000000000000000e+00 0.000000000000000000e+00
3.819130376864495746e-01 0.000000000000000000e+00 0.000000000000000000e+00 0.000000000000000000e+00 0.000000000000000000e+00 4.053953008230816724e-01 5.729904229895319556e-01 0.000000000000000000e+00 0.000000000000000000e+00 0.000000000000000000e+00 0.000000000000000000e+00 0.000000000000000000e+00 0.000000000000000000e+00 0.000000000000000000e+00 4.122218952218263954e-01 4.039553611639364050e-02 0.000000000000000000e+00 4.288828881519753805e-02 0.000000000000000000e+00 0.000000000000000000e+00 0.000000000000000000e+00 0.000000000000000000e+00 0.000000000000000000e+00 0.000000000000000000e+00 2.548437852761835098e-01
0.000000000000000000e+00 0.000000000000000000e+00 0.000000000000000000e+00 0.000000000000000000e+00 3.251642258330649793e-01 3.232941542309635263e-01 0.000000000000000000e+00 0.000000000000000000e+00 0.000000000000000000e+00 7.270545807162424046e-01 0.000000000000000000e+00 0.000000000000000000e+00 0.000000000000000000e+00 0.000000000000000000e+00 0.000000000000000000e+00 0.000000000000000000e+00 0.000000000000000000e+00 0.000000000000000000e+00 0.000000000000000000e+00 0.000000000000000000e+00 0.000000000000000000e+00 0.000000000000000000e+00 0.000000000000000000e+00 0.000000000000000000e+00 0.000000000000000000e+00
6.677699538092326526e-01 5.364421711790630098e-01 0.000000000000000000e+00 0.000000000000000000e+00 0.000000000000000000e+00 0.000000000000000000e+00 0.000000000000000000e+00 0.000000000000000000e+00 0.000000000000000000e+00 0.000000000000000000e+00 1.697419651528060958e-01 0.000000000000000000e+00 0.000000000000000000e+00 0.000000000000000000e+00 0.000000000000000000e+00 0.000000000000000000e+00 0.000000000000000000e+00 0.000000000000000000e+00 0.000000000000000000e+00 0.000000000000000000e+00 0.000000000000000000e+00 0.000000000000000000e+00 0.000000000000000000e+00 0.000000000000000000e+00 0.000000000000000000e+00
0.000000000000000000e+00 3.808174903868987160e-01 0.000000000000000000e+00 0.000000000000000000e+00 4.930137047135997874e-01 0.000000000000000000e+00 0.000000000000000000e+00 0.000000000000000000e+00 0.000000000000000000e+00 0.000000000000000000e+00 0.000000000000000000e+00 0.000000000000000000e+00 0.000000000000000000e+00 0.000000000000000000e+00 0.000000000000000000e+00 0.000000000000000000e+00 4.466252061980151011e-01 1.031973193141063061e-01 0.000000000000000000e+00 0.000000000000000000e+00 0.000000000000000000e+00 0.000000000000000000e+00 0.000000000000000000e+00 0.000000000000000000e+00 1.457308885951441035e-01
0.000000000000000000e+00 0.000000000000000000e+00 1.818576730760309013e-01 0.000000000000000000e+00 0.000000000000000000e+00 3.026540191604454866e-01 0.000000000000000000e+00 0.000000000000000000e+00 0.000000000000000000e+00 0.000000000000000000e+00 0.000000000000000000e+00 0.000000000000000000e+00 0.000000000000000000e+00 5.869849847981525176e-02 2.663882009974066212e-01 0.000000000000000000e+00 0.000000000000000000e+00 0.000000000000000000e+00 0.000000000000000000e+00 0.000000000000000000e+00 0.000000000000000000e+00 0.000000000000000000e+00 0.000000000000000000e+00 0.000000000000000000e+00 0.000000000000000000e+00
0.000000000000000000e+00 4.116181543575994084e-01 0.000000000000000000e+00 0.000000000000000000e+00 4.623464221835181798e-01 0.000000000000000000e+00 0.000000000000000000e+00 0.000000000000000000e+00 0.000000000000000000e+00 0.000000000000000000e+00 0.000000000000000000e+00 0.000000000000000000e+00 0.000000000000000000e+00 0.000000000000000000e+00 0.000000000000000000e+00 0.000000000000000000e+00 0.000000000000000000e+00 0.000000000000000000e+00 0.000000000000000000e+00 0.000000000000000000e+00 0.000000000000000000e+00 0.000000000000000000e+00 0.000000000000000000e+00 0.000000000000000000e+00 0.000000000000000000e+00
2.722628391929255987e-01 0.000000000000000000e+00 0.000000000000000000e+00 4.104795601519273807e-01 0.000000000000000000e+00 0.000000000000000000e+00 1.417983242331589122e-01 0.000000000000000000e+00 0.000000000000000000e+00 0.000000000000000000e+00 6.585015748422896886e-02 0.000000000000000000e+00 0.000000000000000000e+00 0.000000000000000000e+00 0.000000000000000000e+00 0.000000000000000000e+00 0.000000000000000000e+00 0.000000000000000000e+00 0.000000000000000000e+00 0.000000000000000000e+00 0.000000000000000000e+00 0.000000000000000000e+00 0.000000000000000000e+00 0.000000000000000000e+00 2.118854814111582052e-01
5.859077005385552317e-01 0.000000000000000000e+00 0.000000000000000000e+00 0.000000000000000000e+00 0.000000000000000000e+00 0.000000000000000000e+00 0.000000000000000000e+00 0.000000000000000000e+00 0.000000000000000000e+00 0.000000000000000000e+00 0.000000000000000000e+00 0.000000000000000000e+00 0.000000000000000000e+00 0.000000000000000000e+00 0.000000000000000000e+00 0.000000000000000000e+00 0.000000000000000000e+00 0.000000000000000000e+00 0.000000000000000000e+00 0.000000000000000000e+00 0.000000000000000000e+00 0.000000000000000000e+00 0.000000000000000000e+00 0.000000000000000000e+00 0.000000000000000000e+00
3.227233468052734255e-01 3.597473998533782802e-01 0.000000000000000000e+00 0.000000000000000000e+00 0.000000000000000000e+00 0.000000000000000000e+00 0.000000000000000000e+00 0.000000000000000000e+00 0.000000000000000000e+00 0.000000000000000000e+00 2.035959078280945023e-01 0.000000000000000000e+00 0.000000000000000000e+00 0.000000000000000000e+00 0.000000000000000000e+00 0.000000000000000000e+00 0.000000000000000000e+00 0.000000000000000000e+00 0.000000000000000000e+00 0.000000000000000000e+00 0.000000000000000000e+00 0.000000000000000000e+00 0.000000000000000000e+00 0.000000000000000000e+00 4.253176897301033099e-01
0.000000000000000000e+00 5.110474626811001286e-01 0.000000000000000000e+00 0.000000000000000000e+00 0.000000000000000000e+00 0.000000000000000000e+00 0.000000000000000000e+00 0.000000000000000000e+00 0.000000000000000000e+00 3.107846340615007166e-03 0.000000000000000000e+00 0.000000000000000000e+00 0.000000000000000000e+00 0.000000000000000000e+00 4.497609192332481243e-01 0.000000000000000000e+00 0.000000000000000000e+00 0.000000000000000000e+00 0.000000000000000000e+00 0.000000000000000000e+00 0.000000000000000000e+00 0.000000000000000000e+00 0.000000000000000000e+00 0.000000000000000000e+00 4.633757853066814980e-01
0.000000000000000000e+00 0.000000000000000000e+00 0.000000000000000000e+00 0.000000000000000000e+00 0.000000000000000000e+00 0.000000000000000000e+00 0.000000000000000000e+00 3.453184632300785872e-01 0.000000000000000000e+00 0.000000000000000000e+00 0.000000000000000000e+00 0.000000000000000000e+00 0.000000000000000000e+00 0.000000000000000000e+00 0.000000000000000000e+00 0.000000000000000000e+00 0.000000000000000000e+00 0.000000000000000000e+00 0.000000000000000000e+00 0.000000000000000000e+00 0.000000000000000000e+00 0.000000000000000000e+00 0.000000000000000000e+00 0.000000000000000000e+00 0.000000000000000000e+00
0.000000000000000000e+00 0.000000000000000000e+00 0.000000000000000000e+00 3.155707144340789139e-01 0.000000000000000000e+00 0.000000000000000000e+00 0.000000000000000000e+00 0.000000000000000000e+00 0.000000000000000000e+00 0.000000000000000000e+00 0.000000000000000000e+00 0.000000000000000000e+00 0.000000000000000000e+00 0.000000000000000000e+00 0.000000000000000000e+00 0.000000000000000000e+00 0.000000000000000000e+00 0.000000000000000000e+00 0.000000000000000000e+00 1.365968130392853086e-01 0.000000000000000000e+00 0.000000000000000000e+00 0.000000000000000000e+00 0.000000000000000000e+00 0.000000000000000000e+00
