# File created on Fri May 17 15:42:05 2024
# The following metaparameters were used for this matrix optimization : gamma0 = 0.5; alpha0 = 0; sigma0 = 0.25; l0 = 1;p = 1; R0 = 1; S0 = 0.05; NR = 25; NS = 25; matrix path = matrices/Nr25_Nc25/consumption/RandTrix_Nr25_Nc25_Nest0.45_Conn0.1232.txt; convergence threshold = 1e-08
0.000000000000000e+00 0.000000000000000e+00 3.003025339149254e-03 3.636601033383278e-03 0.000000000000000e+00 8.872219155869535e-04 4.362379819504761e-03 3.622094625651125e-03 0.000000000000000e+00 0.000000000000000e+00 0.000000000000000e+00 2.618655939586763e-03 0.000000000000000e+00 0.000000000000000e+00 0.000000000000000e+00 0.000000000000000e+00 4.248558725394838e-03 2.998477767157727e-03 1.386408678905132e-03 0.000000000000000e+00 7.361306888978600e-04 2.642346602977104e-03 0.000000000000000e+00 1.034962636230450e-03 3.469531048790422e-03 
0.000000000000000e+00 3.139515401016128e-03 2.566392357179208e-03 1.643329084053236e-03 3.241002419652717e-03 0.000000000000000e+00 1.421078223213514e-03 0.000000000000000e+00 0.000000000000000e+00 0.000000000000000e+00 1.258565999749522e-03 2.350944979533347e-03 0.000000000000000e+00 0.000000000000000e+00 0.000000000000000e+00 5.553478744467776e-05 0.000000000000000e+00 0.000000000000000e+00 3.434746623018324e-03 0.000000000000000e+00 0.000000000000000e+00 0.000000000000000e+00 3.899158792884312e-03 1.022977964233235e-03 0.000000000000000e+00 
0.000000000000000e+00 0.000000000000000e+00 0.000000000000000e+00 3.109929466388898e-03 2.662223989930225e-03 0.000000000000000e+00 2.020133616121078e-03 1.530579752784056e-03 8.904390087764943e-04 0.000000000000000e+00 0.000000000000000e+00 3.904594236516816e-03 0.000000000000000e+00 0.000000000000000e+00 0.000000000000000e+00 0.000000000000000e+00 0.000000000000000e+00 0.000000000000000e+00 0.000000000000000e+00 2.688819015908741e-03 0.000000000000000e+00 1.575383051788375e-04 0.000000000000000e+00 1.720372621028040e-04 0.000000000000000e+00 
0.000000000000000e+00 0.000000000000000e+00 0.000000000000000e+00 0.000000000000000e+00 3.362280419531948e-04 4.206747341285972e-03 0.000000000000000e+00 0.000000000000000e+00 2.900456888271878e-03 3.503785576187538e-03 0.000000000000000e+00 2.639744429780425e-03 4.970756167951365e-03 0.000000000000000e+00 2.624624373292816e-03 0.000000000000000e+00 0.000000000000000e+00 1.279441627689002e-04 1.051819595350449e-05 0.000000000000000e+00 0.000000000000000e+00 4.473034964341858e-03 4.218061488068675e-03 4.140348938611241e-03 0.000000000000000e+00 
0.000000000000000e+00 4.895069573959830e-03 0.000000000000000e+00 2.544411956585503e-04 0.000000000000000e+00 3.292807989674092e-04 0.000000000000000e+00 4.666492812650588e-03 4.275852841392273e-03 0.000000000000000e+00 4.742814437314250e-03 0.000000000000000e+00 0.000000000000000e+00 0.000000000000000e+00 1.677135979632704e-03 0.000000000000000e+00 0.000000000000000e+00 4.907994985645604e-03 4.457798789434151e-03 1.637619309806103e-03 0.000000000000000e+00 0.000000000000000e+00 0.000000000000000e+00 1.463119441219422e-03 0.000000000000000e+00 
0.000000000000000e+00 4.837929159107547e-03 0.000000000000000e+00 0.000000000000000e+00 0.000000000000000e+00 2.585601317204542e-03 0.000000000000000e+00 0.000000000000000e+00 0.000000000000000e+00 2.855223619617868e-03 3.253343989032012e-03 0.000000000000000e+00 2.673300576580294e-03 0.000000000000000e+00 0.000000000000000e+00 1.853611976675406e-03 2.616858257744432e-03 0.000000000000000e+00 3.595693198099834e-03 0.000000000000000e+00 0.000000000000000e+00 0.000000000000000e+00 2.414867730209145e-03 1.587422333229587e-03 0.000000000000000e+00 
3.566285448328833e-03 2.795900078545285e-03 2.925592838706065e-03 0.000000000000000e+00 0.000000000000000e+00 4.911072586034016e-03 0.000000000000000e+00 1.234004793458383e-03 3.818511348005891e-03 1.857551833680405e-03 0.000000000000000e+00 0.000000000000000e+00 0.000000000000000e+00 0.000000000000000e+00 0.000000000000000e+00 0.000000000000000e+00 2.192797654950923e-03 4.900127084525999e-04 0.000000000000000e+00 2.367512232020502e-03 0.000000000000000e+00 1.029588116026586e-03 0.000000000000000e+00 0.000000000000000e+00 4.796671780782714e-03 
1.570090184169551e-03 6.877829311935456e-04 0.000000000000000e+00 4.160718367631860e-03 7.585996205875105e-05 3.652382336174646e-03 0.000000000000000e+00 0.000000000000000e+00 3.498524785572531e-03 3.940212566279773e-03 0.000000000000000e+00 3.917236065877144e-03 0.000000000000000e+00 3.926064620562408e-03 0.000000000000000e+00 0.000000000000000e+00 2.928520175044398e-03 0.000000000000000e+00 0.000000000000000e+00 4.015187024328387e-03 7.285041840035199e-04 4.109473159328587e-04 0.000000000000000e+00 0.000000000000000e+00 4.791891442111572e-03 
0.000000000000000e+00 0.000000000000000e+00 0.000000000000000e+00 0.000000000000000e+00 0.000000000000000e+00 1.282454379539768e-03 0.000000000000000e+00 2.442999054008953e-03 0.000000000000000e+00 4.610431174645274e-03 2.200737231632878e-03 0.000000000000000e+00 0.000000000000000e+00 0.000000000000000e+00 0.000000000000000e+00 0.000000000000000e+00 0.000000000000000e+00 5.474810221060830e-04 0.000000000000000e+00 0.000000000000000e+00 0.000000000000000e+00 0.000000000000000e+00 2.933546088507931e-03 0.000000000000000e+00 4.181398681630060e-03 
3.449028365835548e-03 0.000000000000000e+00 3.392483688839377e-03 0.000000000000000e+00 4.048861439435421e-03 0.000000000000000e+00 0.000000000000000e+00 0.000000000000000e+00 0.000000000000000e+00 2.781271680959553e-03 0.000000000000000e+00 3.626845320479696e-03 0.000000000000000e+00 0.000000000000000e+00 7.534443562108364e-04 0.000000000000000e+00 2.585106794904471e-03 2.453077549427879e-03 3.301785739758520e-03 6.207937846852772e-04 1.211361108338055e-03 3.321178265715768e-03 4.538262286505199e-03 5.578412401182338e-04 0.000000000000000e+00 
0.000000000000000e+00 2.908848205973227e-03 1.360946493957470e-05 2.036362564351282e-03 0.000000000000000e+00 1.630157243705310e-03 0.000000000000000e+00 0.000000000000000e+00 0.000000000000000e+00 0.000000000000000e+00 1.662239557112815e-03 0.000000000000000e+00 0.000000000000000e+00 0.000000000000000e+00 2.912489001895382e-03 1.809154212536047e-03 1.749647492333730e-05 4.427230003016145e-03 3.220978085439559e-03 2.307512585758328e-03 0.000000000000000e+00 0.000000000000000e+00 0.000000000000000e+00 0.000000000000000e+00 4.215242291875595e-03 
0.000000000000000e+00 0.000000000000000e+00 1.667069251403944e-03 0.000000000000000e+00 1.859137532153727e-03 0.000000000000000e+00 2.406727564006684e-03 4.474904689890438e-03 3.531875976264564e-03 0.000000000000000e+00 2.320957142549695e-03 2.557642974905919e-03 3.158492189190019e-03 2.057592850152559e-03 6.108899416670253e-04 3.581602792223019e-03 2.678641501758785e-03 0.000000000000000e+00 0.000000000000000e+00 3.775512524036020e-03 0.000000000000000e+00 2.780521893393771e-03 2.579860027968345e-03 4.398397759283619e-03 0.000000000000000e+00 
4.951635594746394e-03 2.555745423753983e-03 0.000000000000000e+00 2.038127697165033e-03 0.000000000000000e+00 0.000000000000000e+00 4.249932069567453e-03 0.000000000000000e+00 3.852308777759723e-03 0.000000000000000e+00 0.000000000000000e+00 1.283826026282626e-03 0.000000000000000e+00 0.000000000000000e+00 0.000000000000000e+00 0.000000000000000e+00 1.291716585640907e-03 0.000000000000000e+00 1.983933064848972e-03 0.000000000000000e+00 0.000000000000000e+00 9.785050022332652e-04 2.680129197534761e-03 4.846854045270353e-04 0.000000000000000e+00 
0.000000000000000e+00 0.000000000000000e+00 0.000000000000000e+00 3.424596989388714e-03 0.000000000000000e+00 0.000000000000000e+00 3.445925134541737e-03 3.951109470736178e-03 3.157476735831346e-03 4.730648750679071e-03 5.743579470439858e-04 3.234678748213133e-03 0.000000000000000e+00 2.227753163399092e-03 2.985201283972000e-03 0.000000000000000e+00 0.000000000000000e+00 0.000000000000000e+00 0.000000000000000e+00 3.979544552119063e-03 4.994467705226149e-03 9.863296640718002e-05 2.471050306822429e-03 4.271201383937906e-03 1.760213731031419e-04 
0.000000000000000e+00 1.888782779687304e-03 9.217888214409843e-04 0.000000000000000e+00 1.102731910435127e-03 1.420536796505921e-03 0.000000000000000e+00 1.450770345823562e-03 3.410375333230955e-03 0.000000000000000e+00 3.122417734512627e-03 0.000000000000000e+00 2.804301824963862e-03 2.026731104754926e-03 0.000000000000000e+00 0.000000000000000e+00 3.195922062232459e-03 4.476373508196615e-03 0.000000000000000e+00 0.000000000000000e+00 3.167547193044520e-03 0.000000000000000e+00 0.000000000000000e+00 0.000000000000000e+00 3.945820000331205e-03 
1.710494339160877e-03 0.000000000000000e+00 4.808457553695205e-03 0.000000000000000e+00 0.000000000000000e+00 0.000000000000000e+00 0.000000000000000e+00 3.903301140724367e-03 0.000000000000000e+00 0.000000000000000e+00 3.236541322035181e-03 4.180948085124918e-03 1.847631216095288e-03 9.730479309586867e-04 0.000000000000000e+00 0.000000000000000e+00 0.000000000000000e+00 3.509920176453241e-03 2.135833041052970e-03 0.000000000000000e+00 0.000000000000000e+00 0.000000000000000e+00 0.000000000000000e+00 3.250339727133298e-04 3.133757536797165e-03 
4.875906543051880e-03 4.077829367610210e-03 2.487107204385325e-03 4.127330106449108e-04 0.000000000000000e+00 0.000000000000000e+00 0.000000000000000e+00 0.000000000000000e+00 2.783739414388974e-03 2.548215890740419e-03 0.000000000000000e+00 1.133289832076707e-03 0.000000000000000e+00 1.169886772243850e-03 3.379908850857949e-03 0.000000000000000e+00 0.000000000000000e+00 0.000000000000000e+00 0.000000000000000e+00 0.000000000000000e+00 0.000000000000000e+00 4.447845285279641e-03 0.000000000000000e+00 4.662895273673836e-03 0.000000000000000e+00 
2.825974372056021e-03 0.000000000000000e+00 0.000000000000000e+00 2.627963921941689e-03 0.000000000000000e+00 3.951839030848970e-03 0.000000000000000e+00 0.000000000000000e+00 4.136205416180835e-03 9.134512048041901e-04 0.000000000000000e+00 0.000000000000000e+00 2.668162819111928e-03 3.203969286210104e-03 0.000000000000000e+00 2.331657267232392e-03 0.000000000000000e+00 0.000000000000000e+00 9.646409240261044e-04 0.000000000000000e+00 9.720279785432905e-04 2.113205431866035e-03 0.000000000000000e+00 4.863256016635759e-03 0.000000000000000e+00 
0.000000000000000e+00 0.000000000000000e+00 0.000000000000000e+00 4.558664558263511e-03 0.000000000000000e+00 0.000000000000000e+00 2.546346693881148e-03 0.000000000000000e+00 0.000000000000000e+00 0.000000000000000e+00 0.000000000000000e+00 0.000000000000000e+00 0.000000000000000e+00 3.257577839285605e-03 2.740843652087827e-03 0.000000000000000e+00 0.000000000000000e+00 0.000000000000000e+00 0.000000000000000e+00 2.879569232178362e-03 0.000000000000000e+00 0.000000000000000e+00 3.621727084617158e-03 0.000000000000000e+00 1.887489680688399e-03 
0.000000000000000e+00 3.089024756080045e-03 3.356228987062162e-03 4.397985493127467e-03 0.000000000000000e+00 9.330744728065097e-04 0.000000000000000e+00 0.000000000000000e+00 8.408223530233737e-04 2.869952878033072e-03 2.437890085087729e-03 0.000000000000000e+00 0.000000000000000e+00 4.233155412511530e-03 1.671993803060911e-03 1.884243822205454e-03 0.000000000000000e+00 3.844656769755517e-03 0.000000000000000e+00 8.096447157056629e-04 0.000000000000000e+00 4.262299931977704e-03 0.000000000000000e+00 0.000000000000000e+00 0.000000000000000e+00 
0.000000000000000e+00 0.000000000000000e+00 2.855341472016963e-03 1.431181778978034e-03 7.196947216917024e-04 4.387227675059919e-03 0.000000000000000e+00 4.144402219392642e-03 3.189082342755603e-03 4.087595315120665e-03 7.739186141224426e-04 0.000000000000000e+00 2.583112867798281e-03 0.000000000000000e+00 0.000000000000000e+00 8.753592230716252e-04 0.000000000000000e+00 1.961155571610814e-03 0.000000000000000e+00 0.000000000000000e+00 0.000000000000000e+00 0.000000000000000e+00 0.000000000000000e+00 0.000000000000000e+00 0.000000000000000e+00 
3.278097777288084e-03 3.810795103363824e-03 0.000000000000000e+00 0.000000000000000e+00 0.000000000000000e+00 0.000000000000000e+00 0.000000000000000e+00 2.262658599570734e-03 0.000000000000000e+00 0.000000000000000e+00 1.750756822894132e-03 3.325254174813932e-04 0.000000000000000e+00 0.000000000000000e+00 4.582028575169073e-03 3.778286954501869e-03 1.492322852405464e-03 0.000000000000000e+00 0.000000000000000e+00 0.000000000000000e+00 1.841248117628778e-04 0.000000000000000e+00 0.000000000000000e+00 1.063285680336236e-03 5.079719739493597e-04 
6.170775611875102e-04 0.000000000000000e+00 0.000000000000000e+00 0.000000000000000e+00 0.000000000000000e+00 3.476866354606020e-03 1.401125645118262e-03 9.120618519290317e-04 0.000000000000000e+00 3.241962615100087e-03 3.855115817794363e-03 2.739121538646447e-03 9.237892963469542e-04 0.000000000000000e+00 1.775093236505812e-03 1.850066588008310e-03 0.000000000000000e+00 4.339313660179315e-03 2.672036617641878e-03 0.000000000000000e+00 0.000000000000000e+00 0.000000000000000e+00 2.927252567320988e-03 0.000000000000000e+00 0.000000000000000e+00 
3.291430425642921e-04 1.113959908793513e-03 0.000000000000000e+00 3.744484488658554e-03 2.230580601163614e-03 2.312583595867948e-03 6.240675809023696e-04 1.807723734227094e-03 4.789902190046166e-03 0.000000000000000e+00 1.876129510283146e-03 3.920058464277083e-04 0.000000000000000e+00 0.000000000000000e+00 8.814894054229894e-04 1.913162840382663e-03 9.920514424858532e-04 0.000000000000000e+00 4.585356889622738e-03 4.092147450778432e-03 2.188883814930173e-03 1.232071783732926e-03 0.000000000000000e+00 2.810984987108212e-03 0.000000000000000e+00 
0.000000000000000e+00 0.000000000000000e+00 4.070018863297896e-03 0.000000000000000e+00 0.000000000000000e+00 0.000000000000000e+00 4.714719764678390e-03 3.596738767106228e-03 2.108000771853606e-03 0.000000000000000e+00 1.740227508410046e-03 2.728742682523209e-03 2.427021343814799e-03 0.000000000000000e+00 0.000000000000000e+00 0.000000000000000e+00 7.060404413926338e-04 3.264272141617913e-03 2.219116175198581e-03 0.000000000000000e+00 3.607344740656490e-03 2.171426842547988e-03 0.000000000000000e+00 0.000000000000000e+00 2.897762208456250e-03 