# File created on Fri May 17 15:42:04 2024
# The following metaparameters were used for this matrix optimization : gamma0 = 0.5; alpha0 = 0; sigma0 = 0.25; l0 = 1;p = 1; R0 = 1; S0 = 0.05; NR = 25; NS = 25; matrix path = matrices/Nr25_Nc25/consumption/RandTrix_Nr25_Nc25_Nest0.35_Conn0.3216.txt; convergence threshold = 1e-08
8.382101229333342e-04 4.762809206202836e-03 0.000000000000000e+00 0.000000000000000e+00 4.319887079640152e-03 2.031505649402545e-03 0.000000000000000e+00 0.000000000000000e+00 2.868678673178976e-03 1.045648465454611e-03 0.000000000000000e+00 4.709087494064073e-03 0.000000000000000e+00 0.000000000000000e+00 5.072589488724978e-04 0.000000000000000e+00 0.000000000000000e+00 1.674092748107114e-03 0.000000000000000e+00 0.000000000000000e+00 0.000000000000000e+00 7.944478325095318e-04 0.000000000000000e+00 0.000000000000000e+00 2.438243307541310e-03 
2.041748233167235e-03 1.145268000810221e-03 0.000000000000000e+00 2.894159298832670e-03 0.000000000000000e+00 3.504430216480583e-03 0.000000000000000e+00 0.000000000000000e+00 0.000000000000000e+00 0.000000000000000e+00 3.843723000795444e-03 2.169033353330130e-03 0.000000000000000e+00 2.376096821344430e-03 0.000000000000000e+00 0.000000000000000e+00 0.000000000000000e+00 0.000000000000000e+00 3.360528142332044e-03 0.000000000000000e+00 0.000000000000000e+00 4.417930996320024e-03 3.164063449325091e-03 0.000000000000000e+00 2.664090632342649e-04 
0.000000000000000e+00 4.173686973397347e-03 1.000337626765127e-04 4.661314806304169e-04 3.378744307111718e-03 1.437004901485694e-03 2.408753218830473e-03 0.000000000000000e+00 2.557900296941466e-03 4.121523930167201e-03 0.000000000000000e+00 3.582300919515112e-03 4.788446781716553e-04 3.478885453779907e-04 4.662259006316007e-03 1.812934831424204e-03 2.884201916269072e-03 0.000000000000000e+00 0.000000000000000e+00 4.424692554035375e-03 0.000000000000000e+00 2.804375413013867e-03 3.990593900384599e-03 0.000000000000000e+00 3.367318094615426e-03 
0.000000000000000e+00 3.317227855711105e-03 0.000000000000000e+00 1.880339206334731e-03 3.185174940063428e-03 0.000000000000000e+00 0.000000000000000e+00 7.266728600943880e-04 4.363143440603748e-03 0.000000000000000e+00 2.974454969554274e-03 2.726245251112171e-03 0.000000000000000e+00 0.000000000000000e+00 3.030949990129464e-03 0.000000000000000e+00 4.677584297304535e-03 0.000000000000000e+00 3.650219335447992e-03 0.000000000000000e+00 1.299082822979626e-03 0.000000000000000e+00 0.000000000000000e+00 6.095204757389308e-04 7.870696994164706e-04 
0.000000000000000e+00 0.000000000000000e+00 3.658841258440691e-03 0.000000000000000e+00 2.743891656013194e-03 0.000000000000000e+00 2.122079823311201e-03 3.926268494071446e-03 0.000000000000000e+00 8.762418680495406e-04 1.496081012285859e-03 1.415630346775843e-04 0.000000000000000e+00 0.000000000000000e+00 1.602639062287789e-03 4.240868998969849e-03 4.449507027494334e-03 0.000000000000000e+00 3.565839029712743e-03 6.609703091342045e-04 4.044018576839644e-03 2.960391048824673e-03 1.105736227437494e-04 3.592375004781347e-03 0.000000000000000e+00 
0.000000000000000e+00 0.000000000000000e+00 0.000000000000000e+00 0.000000000000000e+00 1.403064041204793e-03 4.466084433417664e-03 0.000000000000000e+00 0.000000000000000e+00 2.755593926914045e-03 0.000000000000000e+00 0.000000000000000e+00 0.000000000000000e+00 2.067074385552887e-03 3.060613120635405e-03 0.000000000000000e+00 0.000000000000000e+00 0.000000000000000e+00 6.102352655540579e-04 3.995500710194748e-03 4.024100473922460e-03 0.000000000000000e+00 0.000000000000000e+00 2.234756875380676e-03 4.893905868318033e-03 0.000000000000000e+00 
0.000000000000000e+00 0.000000000000000e+00 0.000000000000000e+00 9.214036956789111e-04 1.601620544039132e-03 4.838783651897777e-03 4.119083910228733e-03 2.552304078167310e-04 2.150637859365119e-03 2.438706251472410e-05 3.121212650921902e-03 4.164420465950549e-03 4.447696181958709e-03 0.000000000000000e+00 0.000000000000000e+00 0.000000000000000e+00 7.336490628632722e-04 0.000000000000000e+00 0.000000000000000e+00 1.732779540677435e-03 0.000000000000000e+00 3.887293633143151e-03 0.000000000000000e+00 4.809441795604364e-03 0.000000000000000e+00 
0.000000000000000e+00 0.000000000000000e+00 2.527315101542243e-03 4.041004930661485e-03 0.000000000000000e+00 0.000000000000000e+00 3.459713656935401e-03 0.000000000000000e+00 4.382326174849583e-03 0.000000000000000e+00 0.000000000000000e+00 2.578487447147108e-03 1.660454861689776e-03 2.730354865589865e-03 4.922662073755177e-03 1.206128431512121e-03 4.886313011005001e-03 4.027179012543205e-03 1.435547301120981e-03 0.000000000000000e+00 0.000000000000000e+00 0.000000000000000e+00 0.000000000000000e+00 0.000000000000000e+00 0.000000000000000e+00 
2.381108764431809e-03 3.545715425306282e-03 0.000000000000000e+00 3.984646520064456e-03 3.786729279924356e-03 0.000000000000000e+00 4.700946327803042e-03 2.272270408795074e-03 0.000000000000000e+00 0.000000000000000e+00 0.000000000000000e+00 0.000000000000000e+00 4.582569442336242e-03 2.628151448373975e-03 0.000000000000000e+00 0.000000000000000e+00 1.469111576497734e-04 2.771888052152174e-03 9.869913648450458e-04 7.567206140451739e-04 0.000000000000000e+00 1.342131108442504e-03 3.831524327544724e-03 4.646930548739564e-03 4.683162673790967e-03 
0.000000000000000e+00 0.000000000000000e+00 4.519058663875333e-03 1.799919533625955e-03 4.514575028069775e-03 0.000000000000000e+00 4.015351288484090e-03 1.124924155292867e-03 0.000000000000000e+00 1.311306747279443e-03 0.000000000000000e+00 0.000000000000000e+00 0.000000000000000e+00 0.000000000000000e+00 0.000000000000000e+00 2.870369427791737e-05 2.831195175736559e-03 4.670221872563422e-03 0.000000000000000e+00 3.707972477080646e-03 9.635818784046452e-05 0.000000000000000e+00 0.000000000000000e+00 1.422572984348191e-03 2.992872901685788e-03 
0.000000000000000e+00 4.056412631016714e-03 0.000000000000000e+00 4.594829572604619e-04 2.246054395694748e-03 0.000000000000000e+00 0.000000000000000e+00 0.000000000000000e+00 0.000000000000000e+00 3.000315097301428e-03 0.000000000000000e+00 2.908767416420094e-03 0.000000000000000e+00 4.324117919187459e-03 2.804683867200224e-03 0.000000000000000e+00 0.000000000000000e+00 4.633970261536679e-03 0.000000000000000e+00 1.347468890968678e-03 4.848989904867801e-03 4.698366807830151e-03 1.736163943602250e-03 0.000000000000000e+00 0.000000000000000e+00 
1.472931491396953e-03 2.294672236529408e-05 4.266791265667219e-03 2.551484935578496e-03 4.370370089413103e-03 2.666938065533162e-03 0.000000000000000e+00 3.888474665846960e-03 1.189580076855403e-03 0.000000000000000e+00 1.669079044153998e-03 4.903646224573147e-03 2.116657206755236e-03 1.497917442728883e-03 1.969132568267291e-03 0.000000000000000e+00 4.487714511533765e-03 0.000000000000000e+00 0.000000000000000e+00 0.000000000000000e+00 0.000000000000000e+00 0.000000000000000e+00 0.000000000000000e+00 0.000000000000000e+00 0.000000000000000e+00 
1.349715276552671e-03 0.000000000000000e+00 4.980945801316964e-03 3.099718965590568e-03 2.646218258298311e-03 1.755754052104191e-03 1.652980617819141e-03 3.763320980812901e-03 2.088585593273397e-03 1.178776141122811e-03 3.624584946558636e-03 0.000000000000000e+00 0.000000000000000e+00 0.000000000000000e+00 1.019047850762834e-03 3.424326153002862e-03 0.000000000000000e+00 4.941711368502302e-03 0.000000000000000e+00 1.520110676614542e-03 0.000000000000000e+00 9.017275826274158e-04 2.693852595322916e-03 3.484172159921124e-03 0.000000000000000e+00 
2.324742233548809e-03 2.923905841281313e-03 0.000000000000000e+00 3.279758314842612e-03 0.000000000000000e+00 4.088106252713241e-03 4.928253636612750e-03 3.896252689571599e-04 0.000000000000000e+00 1.871685323054692e-04 2.310810346967917e-03 2.155897333954393e-03 0.000000000000000e+00 1.694050970277645e-03 4.450607037636391e-03 0.000000000000000e+00 0.000000000000000e+00 4.263199315230152e-03 4.318131558213358e-03 3.115334433090202e-03 1.873009007209913e-03 0.000000000000000e+00 0.000000000000000e+00 3.846896070310717e-03 0.000000000000000e+00 
0.000000000000000e+00 0.000000000000000e+00 1.604660391357962e-03 0.000000000000000e+00 0.000000000000000e+00 0.000000000000000e+00 0.000000000000000e+00 1.114971128250520e-03 2.184903724175669e-03 3.038581685273529e-03 0.000000000000000e+00 0.000000000000000e+00 4.609232323262653e-03 0.000000000000000e+00 1.006362512652836e-03 0.000000000000000e+00 4.968610445182116e-03 2.878745846349347e-03 0.000000000000000e+00 3.405028328818004e-03 0.000000000000000e+00 0.000000000000000e+00 4.779844083206188e-03 7.929226270933985e-04 2.742142056590271e-05 
5.100711317786714e-04 0.000000000000000e+00 2.405377274114800e-03 0.000000000000000e+00 1.188743707994499e-03 0.000000000000000e+00 3.547143349124051e-03 0.000000000000000e+00 0.000000000000000e+00 4.836161811471043e-03 0.000000000000000e+00 0.000000000000000e+00 0.000000000000000e+00 1.149296044146385e-03 1.930820135013035e-04 0.000000000000000e+00 2.039387298867608e-04 4.065305259097958e-03 0.000000000000000e+00 2.018841415188131e-03 4.103398642977738e-04 0.000000000000000e+00 0.000000000000000e+00 0.000000000000000e+00 0.000000000000000e+00 
3.718147703186354e-03 2.668672563294960e-03 0.000000000000000e+00 4.396316758157492e-03 3.289171013054495e-03 0.000000000000000e+00 0.000000000000000e+00 3.310820926084338e-03 0.000000000000000e+00 0.000000000000000e+00 0.000000000000000e+00 3.777534195661974e-03 0.000000000000000e+00 3.709347325871325e-03 1.927985465533842e-03 1.660077296786701e-03 0.000000000000000e+00 3.219846860570670e-03 4.931426931719217e-03 1.823805147630940e-03 2.228410751674031e-03 0.000000000000000e+00 0.000000000000000e+00 0.000000000000000e+00 0.000000000000000e+00 
2.821684345482198e-03 0.000000000000000e+00 1.295470135861014e-03 2.276137226453153e-03 0.000000000000000e+00 0.000000000000000e+00 1.971346503083872e-03 0.000000000000000e+00 1.534154355080874e-03 0.000000000000000e+00 0.000000000000000e+00 7.704797570777199e-04 3.660940271471129e-03 0.000000000000000e+00 1.898325330951950e-03 1.445745488608672e-03 2.426366328665479e-03 0.000000000000000e+00 1.284051047006692e-03 0.000000000000000e+00 4.643904493141997e-03 0.000000000000000e+00 4.416770705720772e-03 4.511652922121710e-04 2.071831397420930e-03 
0.000000000000000e+00 0.000000000000000e+00 3.510412091661980e-03 0.000000000000000e+00 2.770438625178854e-03 4.524161025649269e-03 0.000000000000000e+00 0.000000000000000e+00 0.000000000000000e+00 0.000000000000000e+00 0.000000000000000e+00 7.365121911529811e-05 2.335184155751231e-03 0.000000000000000e+00 1.074850881174622e-03 0.000000000000000e+00 0.000000000000000e+00 0.000000000000000e+00 0.000000000000000e+00 7.728892410047540e-04 0.000000000000000e+00 1.658639383335667e-03 0.000000000000000e+00 3.484858886830380e-03 0.000000000000000e+00 
0.000000000000000e+00 1.989234482961561e-03 0.000000000000000e+00 0.000000000000000e+00 3.819214050867621e-03 6.672019002335906e-04 4.695643426828654e-04 4.928247246774610e-03 4.935623322446552e-03 3.277403350658650e-03 0.000000000000000e+00 5.020480871574977e-04 0.000000000000000e+00 0.000000000000000e+00 7.615168975559148e-04 4.887181726809858e-03 1.261823192166406e-03 0.000000000000000e+00 7.992298374308022e-04 3.838574385307243e-03 1.669878238976723e-03 1.023914275984394e-03 0.000000000000000e+00 2.058683061650878e-03 0.000000000000000e+00 
0.000000000000000e+00 5.004500605809524e-04 0.000000000000000e+00 1.819348707565912e-03 1.607566695013990e-03 1.414092847267362e-03 0.000000000000000e+00 0.000000000000000e+00 0.000000000000000e+00 0.000000000000000e+00 0.000000000000000e+00 2.393090007784723e-04 1.440695876215331e-03 4.813972307944845e-03 0.000000000000000e+00 0.000000000000000e+00 2.024564582868788e-03 1.391691687478371e-03 0.000000000000000e+00 0.000000000000000e+00 0.000000000000000e+00 0.000000000000000e+00 3.680947163026161e-03 0.000000000000000e+00 0.000000000000000e+00 
0.000000000000000e+00 4.973736911652665e-03 4.049278604880630e-04 4.397558195760904e-03 1.354996754910605e-03 0.000000000000000e+00 0.000000000000000e+00 4.513036305268892e-04 1.145828363306730e-03 0.000000000000000e+00 3.620603800669793e-03 0.000000000000000e+00 4.591889931474970e-03 0.000000000000000e+00 0.000000000000000e+00 0.000000000000000e+00 1.405960035489833e-03 0.000000000000000e+00 0.000000000000000e+00 0.000000000000000e+00 4.513169932845315e-03 0.000000000000000e+00 3.575772818431912e-03 3.375363134645619e-03 0.000000000000000e+00 
7.136670182712307e-04 0.000000000000000e+00 0.000000000000000e+00 0.000000000000000e+00 0.000000000000000e+00 8.292499568192564e-05 0.000000000000000e+00 1.884491423205979e-03 0.000000000000000e+00 2.504762619839280e-04 4.089996944963774e-03 0.000000000000000e+00 1.792316145635379e-05 0.000000000000000e+00 0.000000000000000e+00 1.016161363508946e-03 1.591237226586014e-03 4.863717909647758e-03 3.773799223935057e-03 0.000000000000000e+00 3.153222017373964e-03 3.561289190970432e-03 0.000000000000000e+00 0.000000000000000e+00 3.607495013618156e-03 
0.000000000000000e+00 1.882396015665215e-03 0.000000000000000e+00 3.120653532274438e-05 0.000000000000000e+00 0.000000000000000e+00 1.257121053636583e-03 4.799543516297919e-04 3.438257626349361e-03 2.822002137400086e-03 0.000000000000000e+00 0.000000000000000e+00 0.000000000000000e+00 0.000000000000000e+00 0.000000000000000e+00 4.857946792490957e-03 0.000000000000000e+00 3.004821845089265e-03 1.026617939288259e-03 0.000000000000000e+00 0.000000000000000e+00 0.000000000000000e+00 3.747786044065799e-03 2.938108820995984e-04 0.000000000000000e+00 
1.366133354153237e-03 1.996932676568483e-03 9.165936900917601e-04 0.000000000000000e+00 0.000000000000000e+00 1.897404231028450e-03 0.000000000000000e+00 0.000000000000000e+00 0.000000000000000e+00 0.000000000000000e+00 0.000000000000000e+00 3.377941117809294e-03 9.981297994315611e-04 4.635625928751691e-03 4.372767504798666e-03 4.682721908326974e-03 1.338101423349898e-03 3.522183630885444e-03 0.000000000000000e+00 0.000000000000000e+00 0.000000000000000e+00 0.000000000000000e+00 0.000000000000000e+00 2.785686575069222e-03 4.086044993804897e-03 