# # File created on Fri May 17 15:42:01 2024
#  # The following metaparameters were used for this matrix optimization : gamma0 = 0.5; alpha0 = 0; sigma0 = 0.25; l0 = 1;p = 1; R0 = 1; S0 = 0.05; NR = 25; NS = 25; matrix path = matrices/Nr25_Nc25/consumption/RandTrix_Nr25_Nc25_Nest0.25_Conn0.2336.txt; convergence threshold = 1e-08
# 
9.226743122824258934e-04 0.000000000000000000e+00 0.000000000000000000e+00 0.000000000000000000e+00 4.633352964722917307e-03 2.547006421529544114e-04 4.318995196654468703e-03 0.000000000000000000e+00 3.380934856356022054e-03 0.000000000000000000e+00 4.845966040016960394e-03 4.094084199683404256e-04 0.000000000000000000e+00 0.000000000000000000e+00 1.850424845353489936e-03 0.000000000000000000e+00 3.635951333908005959e-03 3.550038990763653129e-03 0.000000000000000000e+00 0.000000000000000000e+00 0.000000000000000000e+00 2.565740617189731995e-03 4.918408023904756628e-03 0.000000000000000000e+00 4.565826276619284162e-03
1.870596082299074000e-03 3.574598049889445017e-03 0.000000000000000000e+00 0.000000000000000000e+00 0.000000000000000000e+00 1.635598554699566921e-03 0.000000000000000000e+00 2.362671868792878078e-04 3.634746417174236893e-04 7.043374526489116279e-05 0.000000000000000000e+00 3.355538018170971162e-03 3.295989365057437007e-03 0.000000000000000000e+00 1.136952040254149074e-03 2.691459561804090007e-03 1.119365417727401051e-03 0.000000000000000000e+00 2.339669912054229833e-03 0.000000000000000000e+00 3.790014617120111059e-03 4.671885046011946610e-03 1.744279875174826924e-04 4.573409458199863969e-03 0.000000000000000000e+00
0.000000000000000000e+00 2.665273172424167947e-03 1.641087663299527991e-03 0.000000000000000000e+00 0.000000000000000000e+00 0.000000000000000000e+00 3.957581072331978894e-03 0.000000000000000000e+00 0.000000000000000000e+00 0.000000000000000000e+00 4.479044486947709319e-03 1.785620408827949925e-03 0.000000000000000000e+00 0.000000000000000000e+00 0.000000000000000000e+00 2.688110297396675819e-04 0.000000000000000000e+00 2.962923966811195132e-04 1.017664618263542081e-03 0.000000000000000000e+00 1.775884739285183995e-03 3.755495333195444947e-03 0.000000000000000000e+00 0.000000000000000000e+00 0.000000000000000000e+00
3.725639710022850184e-03 1.339807051001276053e-03 0.000000000000000000e+00 0.000000000000000000e+00 0.000000000000000000e+00 0.000000000000000000e+00 2.756943714303681180e-04 4.281675824169403274e-03 4.343946502522996744e-03 9.136400741452190585e-05 0.000000000000000000e+00 0.000000000000000000e+00 0.000000000000000000e+00 0.000000000000000000e+00 3.541585602434456793e-03 6.565144881928202314e-04 0.000000000000000000e+00 2.763864528737934069e-03 2.139093696113418053e-04 0.000000000000000000e+00 1.279289920690042078e-03 6.921783206507908575e-04 3.253961555095304017e-03 2.778110116571871815e-03 2.549437572719187063e-03
0.000000000000000000e+00 3.170183259123696053e-03 3.635048200310304900e-03 4.305912905660942355e-03 4.280984354924437761e-03 1.507690804094534887e-04 1.489468302103907947e-03 1.027152444706440002e-03 0.000000000000000000e+00 0.000000000000000000e+00 0.000000000000000000e+00 3.193817157804573065e-03 0.000000000000000000e+00 4.641954345710296980e-04 0.000000000000000000e+00 0.000000000000000000e+00 0.000000000000000000e+00 0.000000000000000000e+00 0.000000000000000000e+00 0.000000000000000000e+00 0.000000000000000000e+00 3.368339221569017182e-03 4.212955772503687753e-03 7.280753173049172699e-04 4.135194505096950399e-03
0.000000000000000000e+00 0.000000000000000000e+00 0.000000000000000000e+00 0.000000000000000000e+00 2.530084212333691147e-03 0.000000000000000000e+00 5.660593706139384600e-04 0.000000000000000000e+00 3.051520812524677155e-03 9.142277305804701309e-04 4.223737329722009222e-03 1.963990460139947072e-03 0.000000000000000000e+00 0.000000000000000000e+00 3.385695679519881967e-03 0.000000000000000000e+00 2.861848889740648081e-03 1.956832604787390995e-04 0.000000000000000000e+00 0.000000000000000000e+00 4.186264925540524734e-03 3.791405164823154986e-03 3.331182898021004804e-04 0.000000000000000000e+00 0.000000000000000000e+00
0.000000000000000000e+00 1.441549628059889988e-03 2.531204334723299865e-03 0.000000000000000000e+00 2.706993295595790019e-03 0.000000000000000000e+00 0.000000000000000000e+00 2.560633549533755833e-03 4.370757145170072432e-03 2.036228701232877056e-03 0.000000000000000000e+00 2.857208141052397163e-03 0.000000000000000000e+00 0.000000000000000000e+00 3.157076313608047930e-03 0.000000000000000000e+00 0.000000000000000000e+00 0.000000000000000000e+00 9.946661563297271112e-04 3.815131812897228081e-03 5.828926531218018691e-04 1.133969867694772015e-03 0.000000000000000000e+00 3.312413853637059206e-03 0.000000000000000000e+00
0.000000000000000000e+00 0.000000000000000000e+00 2.373764651876365817e-03 4.555895070244813348e-03 2.078116181727872845e-03 4.586918169245735206e-03 0.000000000000000000e+00 0.000000000000000000e+00 0.000000000000000000e+00 0.000000000000000000e+00 1.186244637021960065e-03 0.000000000000000000e+00 0.000000000000000000e+00 0.000000000000000000e+00 0.000000000000000000e+00 2.096920187627064006e-03 0.000000000000000000e+00 2.185491983795581801e-03 2.850871329142445117e-03 0.000000000000000000e+00 0.000000000000000000e+00 0.000000000000000000e+00 2.323122485353918028e-03 0.000000000000000000e+00 0.000000000000000000e+00
1.123322737293168090e-03 0.000000000000000000e+00 6.560971194036021486e-04 0.000000000000000000e+00 2.555512623122071971e-03 0.000000000000000000e+00 0.000000000000000000e+00 2.396879702348289967e-03 0.000000000000000000e+00 3.594957964207193876e-03 2.856251972541847916e-04 9.970753967335892491e-05 0.000000000000000000e+00 3.477889002521369032e-03 4.152946450901200300e-03 3.164139286883384944e-03 0.000000000000000000e+00 3.947371673416001647e-03 3.011561978760600184e-03 2.926341199615611205e-03 0.000000000000000000e+00 3.706992138403298904e-03 0.000000000000000000e+00 3.304050976974461182e-03 3.919659163720652303e-03
0.000000000000000000e+00 3.136174521198512120e-03 0.000000000000000000e+00 2.895236255182855132e-03 4.640058277051061636e-03 2.835231215625976832e-03 0.000000000000000000e+00 0.000000000000000000e+00 0.000000000000000000e+00 3.832327791696522965e-03 0.000000000000000000e+00 0.000000000000000000e+00 1.451746161221228928e-03 0.000000000000000000e+00 3.792561588029947067e-03 4.321483968943136758e-04 0.000000000000000000e+00 0.000000000000000000e+00 2.245764194361803048e-03 0.000000000000000000e+00 0.000000000000000000e+00 0.000000000000000000e+00 0.000000000000000000e+00 0.000000000000000000e+00 1.260417101363826896e-04
0.000000000000000000e+00 3.117604141695493828e-03 1.474399876541736916e-03 2.467844803209732086e-03 0.000000000000000000e+00 4.109152275515019249e-03 5.680040148094022854e-04 0.000000000000000000e+00 0.000000000000000000e+00 0.000000000000000000e+00 0.000000000000000000e+00 8.823310329653381206e-04 0.000000000000000000e+00 3.006332518521902079e-03 3.506792870741745963e-03 0.000000000000000000e+00 1.404715601473049058e-03 0.000000000000000000e+00 1.442339603774937980e-03 3.832302013372979233e-06 4.822111108859925867e-03 0.000000000000000000e+00 0.000000000000000000e+00 0.000000000000000000e+00 2.985914309122713207e-03
0.000000000000000000e+00 0.000000000000000000e+00 4.181217063258474941e-03 1.289888738808475871e-04 3.327277170194702961e-03 0.000000000000000000e+00 0.000000000000000000e+00 0.000000000000000000e+00 1.872094759027561001e-03 0.000000000000000000e+00 2.053801938524427943e-03 1.266034286120941909e-03 0.000000000000000000e+00 0.000000000000000000e+00 0.000000000000000000e+00 4.806562772975694203e-03 0.000000000000000000e+00 0.000000000000000000e+00 1.864545134190423101e-03 0.000000000000000000e+00 2.673691653429983908e-03 0.000000000000000000e+00 0.000000000000000000e+00 0.000000000000000000e+00 2.527763763185315003e-03
0.000000000000000000e+00 0.000000000000000000e+00 0.000000000000000000e+00 0.000000000000000000e+00 0.000000000000000000e+00 5.989100209667617709e-04 0.000000000000000000e+00 1.335542978339952997e-03 3.474673333059878026e-04 2.908658802841735096e-03 4.601199372274076410e-03 0.000000000000000000e+00 0.000000000000000000e+00 0.000000000000000000e+00 0.000000000000000000e+00 9.117639849780921494e-04 0.000000000000000000e+00 2.616634075881297834e-03 0.000000000000000000e+00 0.000000000000000000e+00 0.000000000000000000e+00 0.000000000000000000e+00 0.000000000000000000e+00 3.285410467879981179e-03 0.000000000000000000e+00
1.240543216139357047e-03 0.000000000000000000e+00 4.872243377778241909e-03 0.000000000000000000e+00 1.168645112554196055e-03 0.000000000000000000e+00 2.729155608356648947e-03 0.000000000000000000e+00 4.511794665620989277e-03 4.016191322066081822e-03 0.000000000000000000e+00 1.079303703819618895e-03 0.000000000000000000e+00 2.445608335945446965e-03 4.452711467834625896e-03 0.000000000000000000e+00 2.762041541714266128e-03 4.683097269665265593e-03 5.933467069070340154e-04 1.548995352917498019e-03 0.000000000000000000e+00 1.159142789755448913e-03 0.000000000000000000e+00 0.000000000000000000e+00 2.273375051486582147e-03
7.779379334247828095e-04 0.000000000000000000e+00 3.582894115943991049e-03 0.000000000000000000e+00 1.884681707169201048e-03 0.000000000000000000e+00 0.000000000000000000e+00 0.000000000000000000e+00 4.120060334963922093e-04 2.774400888456925868e-03 1.691220411503134092e-03 1.094045770957812001e-03 0.000000000000000000e+00 0.000000000000000000e+00 0.000000000000000000e+00 4.355332232806855344e-03 0.000000000000000000e+00 2.914284963658426986e-03 6.970752578869446716e-04 0.000000000000000000e+00 0.000000000000000000e+00 0.000000000000000000e+00 0.000000000000000000e+00 4.030157232439643411e-03 2.204432126464598001e-03
2.532267290103458121e-03 7.077289222880480410e-04 4.908935579571028877e-04 1.315996445772590982e-03 0.000000000000000000e+00 0.000000000000000000e+00 1.531442798363731941e-03 0.000000000000000000e+00 0.000000000000000000e+00 3.654474955226528089e-03 0.000000000000000000e+00 0.000000000000000000e+00 0.000000000000000000e+00 0.000000000000000000e+00 2.391792138223995936e-05 0.000000000000000000e+00 1.868481554758705948e-03 0.000000000000000000e+00 0.000000000000000000e+00 0.000000000000000000e+00 3.678245946340857799e-04 0.000000000000000000e+00 1.199767650952552949e-03 1.438123380314793899e-03 0.000000000000000000e+00
0.000000000000000000e+00 1.684046874230041898e-03 0.000000000000000000e+00 2.392760766719979892e-03 8.659974220341572649e-04 9.263339685421664946e-04 4.241119241252734595e-03 0.000000000000000000e+00 0.000000000000000000e+00 0.000000000000000000e+00 5.384029439816471899e-04 0.000000000000000000e+00 2.701816497321725147e-03 1.081529892644257033e-03 0.000000000000000000e+00 1.785436429662018909e-03 0.000000000000000000e+00 3.659000564678899052e-03 0.000000000000000000e+00 1.135950543480739082e-03 0.000000000000000000e+00 0.000000000000000000e+00 0.000000000000000000e+00 3.998155707602758270e-03 0.000000000000000000e+00
0.000000000000000000e+00 2.820019544450504210e-03 0.000000000000000000e+00 3.390491275995178785e-03 1.195513824337637014e-04 9.241804615353461060e-04 0.000000000000000000e+00 3.408605273118055830e-03 0.000000000000000000e+00 0.000000000000000000e+00 0.000000000000000000e+00 0.000000000000000000e+00 0.000000000000000000e+00 0.000000000000000000e+00 0.000000000000000000e+00 0.000000000000000000e+00 4.009620046510012185e-03 0.000000000000000000e+00 0.000000000000000000e+00 0.000000000000000000e+00 0.000000000000000000e+00 0.000000000000000000e+00 0.000000000000000000e+00 0.000000000000000000e+00 3.002728154081010185e-03
0.000000000000000000e+00 1.424181327248899044e-03 0.000000000000000000e+00 1.333119280373206003e-04 4.312201977869867427e-03 7.924513450502066207e-04 2.393379584458235881e-03 4.928802507138214592e-03 2.020863236973501065e-03 0.000000000000000000e+00 3.234939753722914854e-03 0.000000000000000000e+00 0.000000000000000000e+00 2.625119698062733896e-03 1.411003913711205088e-03 6.516479187317769520e-04 0.000000000000000000e+00 0.000000000000000000e+00 0.000000000000000000e+00 0.000000000000000000e+00 0.000000000000000000e+00 0.000000000000000000e+00 2.679964854322692842e-03 0.000000000000000000e+00 0.000000000000000000e+00
1.492544122058414970e-03 0.000000000000000000e+00 3.437041385706393962e-03 0.000000000000000000e+00 4.831432790551290317e-03 0.000000000000000000e+00 2.840636746921009100e-03 0.000000000000000000e+00 0.000000000000000000e+00 1.457884338881576015e-03 0.000000000000000000e+00 3.086301419592432042e-03 0.000000000000000000e+00 1.716599864893774948e-03 3.716592928511639870e-03 4.021074565131703936e-03 6.348922561999573730e-04 0.000000000000000000e+00 0.000000000000000000e+00 2.026056562042259125e-03 0.000000000000000000e+00 0.000000000000000000e+00 0.000000000000000000e+00 8.688553509693222710e-06 3.609621962332127103e-03
0.000000000000000000e+00 2.591033497985820947e-03 0.000000000000000000e+00 0.000000000000000000e+00 3.098281162264207968e-04 3.685361883639901113e-03 0.000000000000000000e+00 4.596730070656010816e-03 0.000000000000000000e+00 0.000000000000000000e+00 8.748231040264000660e-05 0.000000000000000000e+00 3.790407208084936846e-03 0.000000000000000000e+00 3.476559290247639017e-03 0.000000000000000000e+00 0.000000000000000000e+00 2.601744269662873213e-03 2.176574170846449965e-03 3.696197383565614190e-03 2.941600167657076968e-03 0.000000000000000000e+00 4.268792929245444033e-03 1.970302299091785791e-03 0.000000000000000000e+00
0.000000000000000000e+00 4.914155574040843417e-03 0.000000000000000000e+00 1.834077669748389056e-03 0.000000000000000000e+00 3.607844024681967215e-03 0.000000000000000000e+00 0.000000000000000000e+00 0.000000000000000000e+00 2.638770178694872185e-03 4.733184918403838745e-03 0.000000000000000000e+00 1.322214615712516070e-03 0.000000000000000000e+00 7.036249210731908331e-04 0.000000000000000000e+00 1.291950650752651027e-03 1.728960815487861897e-04 2.032802458239637861e-03 3.606155054820070135e-03 0.000000000000000000e+00 0.000000000000000000e+00 5.420425668963946937e-04 1.896877547449436924e-06 1.146732852093499029e-04
0.000000000000000000e+00 4.214663920684428222e-04 0.000000000000000000e+00 3.151069410051873798e-03 0.000000000000000000e+00 0.000000000000000000e+00 0.000000000000000000e+00 0.000000000000000000e+00 0.000000000000000000e+00 0.000000000000000000e+00 0.000000000000000000e+00 4.240834906089257844e-04 1.298316922823009945e-03 4.596538127615960173e-03 9.625225791229405998e-05 2.411436656507664946e-03 3.587417773982614732e-04 3.134144728938353854e-03 3.355814771294286184e-03 0.000000000000000000e+00 2.450762772157966032e-03 3.322522963535801989e-03 2.964519324232843794e-03 0.000000000000000000e+00 0.000000000000000000e+00
1.798928639136073912e-03 8.872882307613624581e-04 0.000000000000000000e+00 9.894931654047074351e-04 3.381650208055763957e-03 6.856671491036805130e-04 2.936245840397230192e-03 0.000000000000000000e+00 1.494722942943009026e-03 1.327429460644996952e-03 0.000000000000000000e+00 0.000000000000000000e+00 0.000000000000000000e+00 0.000000000000000000e+00 1.285505128699980949e-03 0.000000000000000000e+00 2.999594303863050131e-03 3.825033573367551173e-03 3.326136256321003855e-03 0.000000000000000000e+00 1.727685111997713909e-03 0.000000000000000000e+00 4.465115804187697740e-03 3.623610358102925116e-03 0.000000000000000000e+00
4.558368969461263037e-04 0.000000000000000000e+00 0.000000000000000000e+00 0.000000000000000000e+00 3.687866279685877904e-03 0.000000000000000000e+00 0.000000000000000000e+00 0.000000000000000000e+00 0.000000000000000000e+00 0.000000000000000000e+00 0.000000000000000000e+00 2.024074108664921951e-03 2.954854832730961908e-05 7.781042926811753595e-04 0.000000000000000000e+00 0.000000000000000000e+00 4.352803688284181960e-03 1.338993958056110918e-03 0.000000000000000000e+00 4.881823411478815843e-03 2.018661397645039879e-03 0.000000000000000000e+00 3.966567290257913894e-03 9.921259963681971009e-04 2.386550682753868936e-03
