# File created on Fri May 17 15:42:04 2024
# The following metaparameters were used for this matrix optimization : gamma0 = 0.5; alpha0 = 0; sigma0 = 0.25; l0 = 1;p = 1; R0 = 1; S0 = 0.05; NR = 25; NS = 25; matrix path = matrices/Nr25_Nc25/consumption/RandTrix_Nr25_Nc25_Nest0.55_Conn0.3824.txt; convergence threshold = 1e-08
0.000000000000000e+00 1.474720413099422e-03 0.000000000000000e+00 2.174732040137534e-03 4.437968469187542e-03 1.882957541334643e-03 0.000000000000000e+00 8.870418264649647e-04 0.000000000000000e+00 0.000000000000000e+00 0.000000000000000e+00 1.042440982605245e-03 0.000000000000000e+00 0.000000000000000e+00 0.000000000000000e+00 2.639382232210689e-03 0.000000000000000e+00 1.382553183505029e-03 3.658406852530773e-03 5.423803340828944e-04 5.429982878982511e-04 7.227140285538625e-04 4.894674012057156e-04 3.508843292383270e-03 1.121458954384170e-03 
0.000000000000000e+00 0.000000000000000e+00 0.000000000000000e+00 0.000000000000000e+00 0.000000000000000e+00 4.635331601177255e-03 0.000000000000000e+00 0.000000000000000e+00 3.575581068878347e-03 0.000000000000000e+00 1.372456115764456e-05 3.973454938935668e-03 0.000000000000000e+00 1.557079025496437e-03 0.000000000000000e+00 1.837412635370173e-03 0.000000000000000e+00 0.000000000000000e+00 0.000000000000000e+00 1.049239155276959e-03 0.000000000000000e+00 4.441184500141023e-04 2.848737607517596e-03 3.453527032985786e-03 0.000000000000000e+00 
4.109080750893474e-03 0.000000000000000e+00 0.000000000000000e+00 0.000000000000000e+00 2.210976053670805e-03 1.584359371831327e-03 0.000000000000000e+00 0.000000000000000e+00 0.000000000000000e+00 2.567771195388034e-03 0.000000000000000e+00 0.000000000000000e+00 0.000000000000000e+00 4.065058545182503e-03 3.910959283352678e-03 0.000000000000000e+00 1.364488169911872e-03 1.837921656245131e-03 4.435093070397984e-03 4.318520197731862e-04 1.387173364818840e-03 0.000000000000000e+00 1.772534318370938e-03 2.038031207888028e-03 0.000000000000000e+00 
1.514950322092455e-05 0.000000000000000e+00 4.843504033109384e-04 1.127914857279141e-03 2.193637272853209e-03 0.000000000000000e+00 0.000000000000000e+00 0.000000000000000e+00 0.000000000000000e+00 0.000000000000000e+00 0.000000000000000e+00 2.822416315530152e-03 1.692058359567017e-03 0.000000000000000e+00 8.850797869705832e-04 0.000000000000000e+00 4.709983343813252e-03 0.000000000000000e+00 0.000000000000000e+00 4.268032529007908e-03 0.000000000000000e+00 0.000000000000000e+00 2.603740455330322e-03 0.000000000000000e+00 3.238108289552017e-03 
3.396784089196754e-03 1.570851784724496e-03 1.153223991644395e-03 0.000000000000000e+00 3.313443684031982e-03 9.968149714036057e-06 4.263281637455884e-03 0.000000000000000e+00 5.074626806820230e-04 4.483241468831060e-03 0.000000000000000e+00 0.000000000000000e+00 6.164234515404855e-04 0.000000000000000e+00 7.127369761338778e-05 4.006029982085784e-03 8.628580529948665e-04 3.099358653770901e-03 0.000000000000000e+00 4.275107391030033e-03 2.708721631794671e-03 0.000000000000000e+00 2.068191000050239e-03 4.503333461596626e-03 4.442941538375366e-04 
0.000000000000000e+00 4.672324100633255e-03 0.000000000000000e+00 0.000000000000000e+00 3.259049058930917e-03 4.224394239783470e-03 3.459315481915393e-03 0.000000000000000e+00 0.000000000000000e+00 4.979921788827541e-03 2.786672282111817e-03 0.000000000000000e+00 0.000000000000000e+00 0.000000000000000e+00 0.000000000000000e+00 0.000000000000000e+00 8.414663081345673e-04 0.000000000000000e+00 2.314001201904985e-03 0.000000000000000e+00 3.220659098321184e-03 2.429607673858216e-04 0.000000000000000e+00 0.000000000000000e+00 0.000000000000000e+00 
0.000000000000000e+00 0.000000000000000e+00 3.647848418718147e-03 0.000000000000000e+00 4.001331317320752e-03 3.331903704136529e-04 2.071620512268916e-03 4.649371150250773e-03 0.000000000000000e+00 3.228301939969942e-03 4.628260927307708e-03 0.000000000000000e+00 0.000000000000000e+00 0.000000000000000e+00 2.398973225317838e-03 0.000000000000000e+00 0.000000000000000e+00 0.000000000000000e+00 0.000000000000000e+00 0.000000000000000e+00 0.000000000000000e+00 3.351401544785047e-03 0.000000000000000e+00 0.000000000000000e+00 0.000000000000000e+00 
5.238581904561293e-05 2.010590040439970e-03 0.000000000000000e+00 0.000000000000000e+00 3.123785086339868e-03 1.507036616940181e-03 4.317745641634572e-03 0.000000000000000e+00 1.524075307040128e-03 4.833664489046809e-03 0.000000000000000e+00 4.951024347095741e-03 0.000000000000000e+00 3.738569107604018e-03 0.000000000000000e+00 4.015901421785876e-03 0.000000000000000e+00 0.000000000000000e+00 2.648653862232440e-03 2.907563634947968e-03 4.912601679644664e-03 2.518447031651265e-03 0.000000000000000e+00 2.223307863614000e-03 1.825819561888471e-03 
0.000000000000000e+00 2.869886216099028e-03 3.840928374687274e-03 4.262618466025850e-03 0.000000000000000e+00 0.000000000000000e+00 2.809505622303962e-03 2.262818591334798e-03 0.000000000000000e+00 0.000000000000000e+00 6.286874863176350e-04 4.442041529759687e-03 0.000000000000000e+00 6.542941312095881e-04 0.000000000000000e+00 4.840301136162784e-05 3.705001569051516e-03 0.000000000000000e+00 0.000000000000000e+00 3.924670398020669e-03 0.000000000000000e+00 4.117001642623156e-03 0.000000000000000e+00 0.000000000000000e+00 0.000000000000000e+00 
2.433559383163558e-03 0.000000000000000e+00 0.000000000000000e+00 0.000000000000000e+00 2.788252509459335e-03 0.000000000000000e+00 1.049095443239966e-03 4.548831900914054e-03 0.000000000000000e+00 3.183387202357288e-03 2.483709615575717e-03 2.559904217151647e-03 2.571588334222884e-04 0.000000000000000e+00 0.000000000000000e+00 0.000000000000000e+00 4.485230768076410e-03 2.255924116370585e-03 0.000000000000000e+00 1.138031830299486e-03 0.000000000000000e+00 0.000000000000000e+00 0.000000000000000e+00 3.572119428696585e-03 0.000000000000000e+00 
0.000000000000000e+00 1.084617131763765e-03 0.000000000000000e+00 4.671539151593125e-03 0.000000000000000e+00 0.000000000000000e+00 0.000000000000000e+00 0.000000000000000e+00 0.000000000000000e+00 0.000000000000000e+00 0.000000000000000e+00 0.000000000000000e+00 3.843614518580437e-03 0.000000000000000e+00 0.000000000000000e+00 0.000000000000000e+00 2.036241848416046e-04 2.927747232908498e-03 2.987344856957339e-03 1.248288928396217e-03 2.586549596642189e-03 1.896945518579437e-03 2.252617047179069e-03 2.220409992234522e-03 0.000000000000000e+00 
0.000000000000000e+00 0.000000000000000e+00 3.221466155266806e-03 3.367726639959428e-03 0.000000000000000e+00 4.069192814885282e-03 5.438836023081776e-04 1.775042133775812e-03 0.000000000000000e+00 2.082127098991601e-03 0.000000000000000e+00 1.707313976361180e-03 0.000000000000000e+00 0.000000000000000e+00 0.000000000000000e+00 0.000000000000000e+00 0.000000000000000e+00 1.266019295106347e-03 2.753849452933879e-03 3.299088469694752e-03 0.000000000000000e+00 2.551147359719665e-03 7.090603834603686e-04 0.000000000000000e+00 0.000000000000000e+00 
3.704988017226898e-03 2.795721316441620e-04 4.361588084174499e-03 0.000000000000000e+00 4.656929649956251e-03 1.759390310363261e-03 0.000000000000000e+00 0.000000000000000e+00 2.466355184926999e-04 1.822008019221277e-03 3.737445031445528e-03 0.000000000000000e+00 0.000000000000000e+00 4.477075664427324e-03 1.282310021218340e-03 0.000000000000000e+00 1.066527207633833e-03 5.880140155706671e-04 3.572866331086508e-03 2.822264214699320e-03 0.000000000000000e+00 0.000000000000000e+00 0.000000000000000e+00 3.635090420668118e-03 0.000000000000000e+00 
2.117406169269916e-03 0.000000000000000e+00 4.785292960393708e-03 4.713177007410297e-03 8.448723777763139e-04 0.000000000000000e+00 2.440569371945189e-03 0.000000000000000e+00 4.348773489067275e-03 3.128670151161494e-03 0.000000000000000e+00 2.733459937020437e-03 2.599351967406959e-03 0.000000000000000e+00 0.000000000000000e+00 0.000000000000000e+00 2.166734534245799e-03 9.516392862247300e-04 0.000000000000000e+00 3.789279721925951e-03 0.000000000000000e+00 0.000000000000000e+00 0.000000000000000e+00 2.714710445018544e-03 0.000000000000000e+00 
0.000000000000000e+00 1.802807322182523e-04 0.000000000000000e+00 0.000000000000000e+00 0.000000000000000e+00 0.000000000000000e+00 0.000000000000000e+00 1.512712140644615e-04 0.000000000000000e+00 0.000000000000000e+00 0.000000000000000e+00 3.406476593616309e-04 4.058643226778602e-04 9.912946133440681e-04 1.506106809289959e-03 0.000000000000000e+00 0.000000000000000e+00 0.000000000000000e+00 0.000000000000000e+00 1.584355833246645e-03 3.576709540006360e-03 3.887953929858292e-03 0.000000000000000e+00 1.098449774117293e-03 0.000000000000000e+00 
3.842595953597712e-03 2.761329973685680e-03 3.778892052210503e-03 0.000000000000000e+00 0.000000000000000e+00 1.466025078864736e-03 0.000000000000000e+00 0.000000000000000e+00 0.000000000000000e+00 7.829922187854129e-04 2.391468807356345e-03 0.000000000000000e+00 4.144056150889972e-03 2.009995321702619e-03 0.000000000000000e+00 0.000000000000000e+00 2.720737700080412e-03 4.931107390184341e-03 4.534957752510374e-04 0.000000000000000e+00 4.196206237693207e-03 0.000000000000000e+00 3.927362190141870e-03 0.000000000000000e+00 0.000000000000000e+00 
3.140042724520411e-03 6.120601307716125e-04 4.545348341596614e-03 2.255159584987177e-03 3.157478180868550e-04 2.102441088272268e-03 2.305274634860682e-04 1.519011194482671e-03 4.294986815942752e-03 0.000000000000000e+00 0.000000000000000e+00 3.069859707731249e-03 1.285825243962987e-03 0.000000000000000e+00 0.000000000000000e+00 0.000000000000000e+00 0.000000000000000e+00 0.000000000000000e+00 0.000000000000000e+00 3.674100881944078e-03 0.000000000000000e+00 3.354702573100488e-03 0.000000000000000e+00 0.000000000000000e+00 3.348923471403172e-03 
2.608243800822093e-04 1.364016403281931e-03 1.405546168455408e-03 6.966979122126790e-04 0.000000000000000e+00 4.290952233799255e-03 4.020377137326971e-04 0.000000000000000e+00 0.000000000000000e+00 2.503567530223199e-03 1.441558146704264e-03 0.000000000000000e+00 0.000000000000000e+00 0.000000000000000e+00 5.611867167042291e-04 4.195496484101343e-03 0.000000000000000e+00 1.372763288801790e-03 1.048516592027356e-03 0.000000000000000e+00 0.000000000000000e+00 2.228155505340334e-03 1.590566724598765e-03 2.341921083689402e-03 0.000000000000000e+00 
0.000000000000000e+00 0.000000000000000e+00 0.000000000000000e+00 0.000000000000000e+00 0.000000000000000e+00 3.977589123933232e-03 0.000000000000000e+00 1.294165879084453e-03 0.000000000000000e+00 0.000000000000000e+00 2.474637921881415e-03 0.000000000000000e+00 0.000000000000000e+00 2.317870373664919e-03 0.000000000000000e+00 1.634690292764783e-03 0.000000000000000e+00 1.510584963317114e-03 2.999955784211586e-03 0.000000000000000e+00 0.000000000000000e+00 0.000000000000000e+00 0.000000000000000e+00 0.000000000000000e+00 0.000000000000000e+00 
0.000000000000000e+00 3.060064572655422e-03 2.031257724912813e-04 1.674689262274805e-03 2.201418101135518e-03 3.805330628717174e-03 0.000000000000000e+00 4.778802541287125e-04 1.139973696448801e-03 2.549812572774340e-03 0.000000000000000e+00 1.412581031535297e-03 0.000000000000000e+00 0.000000000000000e+00 3.947490784136894e-03 0.000000000000000e+00 9.542177574140469e-04 0.000000000000000e+00 0.000000000000000e+00 0.000000000000000e+00 0.000000000000000e+00 1.727442279165025e-03 0.000000000000000e+00 1.076244835218457e-04 3.340599306077227e-03 
2.145489519675115e-04 3.443024584659251e-03 2.952699617086157e-03 2.282904922657492e-03 0.000000000000000e+00 0.000000000000000e+00 4.549333239127519e-03 2.617945956117609e-04 0.000000000000000e+00 5.111838101823612e-05 0.000000000000000e+00 4.699227655095493e-03 0.000000000000000e+00 0.000000000000000e+00 2.563717884293792e-03 0.000000000000000e+00 0.000000000000000e+00 1.664817813095277e-03 0.000000000000000e+00 0.000000000000000e+00 3.868356377188351e-03 0.000000000000000e+00 0.000000000000000e+00 2.639170571453441e-03 1.391728420419221e-03 
0.000000000000000e+00 0.000000000000000e+00 4.157697873089976e-03 0.000000000000000e+00 0.000000000000000e+00 0.000000000000000e+00 0.000000000000000e+00 0.000000000000000e+00 1.537496656325203e-03 0.000000000000000e+00 4.954173091955817e-03 0.000000000000000e+00 2.742850520654482e-03 2.348406546988362e-03 0.000000000000000e+00 0.000000000000000e+00 4.461547968953565e-03 2.151332801667596e-03 0.000000000000000e+00 0.000000000000000e+00 2.894306462091079e-03 2.953175207959683e-04 0.000000000000000e+00 0.000000000000000e+00 4.734897274556142e-03 
0.000000000000000e+00 1.604944490269269e-03 3.772094234672303e-03 3.557350133484344e-03 2.827159174478702e-03 9.173707642059337e-04 0.000000000000000e+00 0.000000000000000e+00 4.900519755256912e-03 0.000000000000000e+00 7.089861893974722e-04 0.000000000000000e+00 0.000000000000000e+00 0.000000000000000e+00 0.000000000000000e+00 0.000000000000000e+00 0.000000000000000e+00 0.000000000000000e+00 0.000000000000000e+00 4.072783656168562e-03 0.000000000000000e+00 0.000000000000000e+00 5.137571747634189e-04 0.000000000000000e+00 0.000000000000000e+00 
2.857496769439996e-03 1.742666181002601e-03 0.000000000000000e+00 0.000000000000000e+00 0.000000000000000e+00 0.000000000000000e+00 0.000000000000000e+00 0.000000000000000e+00 0.000000000000000e+00 1.122977240839949e-03 0.000000000000000e+00 0.000000000000000e+00 2.216535435650034e-03 0.000000000000000e+00 3.319878538049668e-03 0.000000000000000e+00 0.000000000000000e+00 2.244564159324200e-03 3.837799299450019e-03 3.475634107434770e-03 0.000000000000000e+00 0.000000000000000e+00 3.186374291157650e-03 1.269185422187562e-03 6.153363775531165e-04 
0.000000000000000e+00 4.672223615554584e-03 0.000000000000000e+00 4.091115843479939e-04 1.072621473129381e-03 0.000000000000000e+00 0.000000000000000e+00 0.000000000000000e+00 0.000000000000000e+00 4.074295586094899e-03 0.000000000000000e+00 2.406689855951766e-03 0.000000000000000e+00 4.598624444491032e-03 3.165079408584446e-03 4.498712786003361e-03 4.231452582440918e-03 3.432929727357476e-03 2.511834784494957e-03 4.504346036555033e-03 3.738051982889361e-03 8.735373433115625e-04 0.000000000000000e+00 1.606672795609709e-03 0.000000000000000e+00 