# # File created on Tue Apr 30 18:34:55 2024
#  # The following metaparameters were used for this matrix optimization : gamma0 = 0.5; alpha0 = 0; sigma0 = 0.25; l0 = 1;p = 1; R0 = 1; S0 = 0.05; NR = 25; NS = 25; matrix path = matrices/Nr25_Nc25/consumption/RandTrix_Nr25_Nc25_Nest0.35_Conn0.272.txt; convergence threshold = 1e-08
# 
0.000000000000000000e+00 0.000000000000000000e+00 0.000000000000000000e+00 6.432971939278946394e-01 0.000000000000000000e+00 1.254338480177846105e+00 0.000000000000000000e+00 0.000000000000000000e+00 0.000000000000000000e+00 0.000000000000000000e+00 0.000000000000000000e+00 0.000000000000000000e+00 0.000000000000000000e+00 0.000000000000000000e+00 0.000000000000000000e+00 0.000000000000000000e+00 0.000000000000000000e+00 0.000000000000000000e+00 1.727050838216080964e+00 7.194451854158006032e-01 1.154719581778058890e+00 0.000000000000000000e+00 0.000000000000000000e+00 0.000000000000000000e+00 0.000000000000000000e+00
0.000000000000000000e+00 0.000000000000000000e+00 0.000000000000000000e+00 0.000000000000000000e+00 7.008842744929076884e-01 0.000000000000000000e+00 0.000000000000000000e+00 0.000000000000000000e+00 0.000000000000000000e+00 1.857537884838428965e+00 0.000000000000000000e+00 0.000000000000000000e+00 0.000000000000000000e+00 3.919021917825148832e-02 0.000000000000000000e+00 0.000000000000000000e+00 0.000000000000000000e+00 1.777371531007289063e+00 9.333622141190416333e-01 0.000000000000000000e+00 6.115768956712627213e-01 0.000000000000000000e+00 0.000000000000000000e+00 3.377322766831321044e-01 0.000000000000000000e+00
0.000000000000000000e+00 0.000000000000000000e+00 0.000000000000000000e+00 0.000000000000000000e+00 0.000000000000000000e+00 2.538947529155609062e-01 1.384378599428638112e-01 9.522655063276781462e-01 0.000000000000000000e+00 0.000000000000000000e+00 0.000000000000000000e+00 0.000000000000000000e+00 0.000000000000000000e+00 0.000000000000000000e+00 0.000000000000000000e+00 0.000000000000000000e+00 8.428995872706668280e-01 0.000000000000000000e+00 0.000000000000000000e+00 1.145791723383722038e+00 1.152832953753516909e+00 7.714807682227224975e-03 0.000000000000000000e+00 0.000000000000000000e+00 0.000000000000000000e+00
4.977431152979052142e-01 4.436214406656269205e-01 0.000000000000000000e+00 0.000000000000000000e+00 8.481577842444305848e-03 0.000000000000000000e+00 2.529513047012187932e-01 0.000000000000000000e+00 1.323956125122045968e+00 0.000000000000000000e+00 1.207797560495442069e+00 5.043040912434436640e-01 0.000000000000000000e+00 3.916716611797264047e-01 0.000000000000000000e+00 0.000000000000000000e+00 0.000000000000000000e+00 0.000000000000000000e+00 0.000000000000000000e+00 0.000000000000000000e+00 0.000000000000000000e+00 0.000000000000000000e+00 0.000000000000000000e+00 0.000000000000000000e+00 0.000000000000000000e+00
4.961606785250651797e-01 0.000000000000000000e+00 1.859549339099265952e-01 8.725069384320305321e-01 0.000000000000000000e+00 0.000000000000000000e+00 0.000000000000000000e+00 0.000000000000000000e+00 0.000000000000000000e+00 0.000000000000000000e+00 0.000000000000000000e+00 0.000000000000000000e+00 3.558987280303586020e-01 0.000000000000000000e+00 0.000000000000000000e+00 9.462761547015264840e-01 0.000000000000000000e+00 0.000000000000000000e+00 1.670225362614966014e-01 0.000000000000000000e+00 0.000000000000000000e+00 0.000000000000000000e+00 0.000000000000000000e+00 0.000000000000000000e+00 0.000000000000000000e+00
0.000000000000000000e+00 0.000000000000000000e+00 0.000000000000000000e+00 0.000000000000000000e+00 8.313556293820985044e-01 0.000000000000000000e+00 0.000000000000000000e+00 1.176909741317724079e+00 0.000000000000000000e+00 0.000000000000000000e+00 0.000000000000000000e+00 0.000000000000000000e+00 1.298582753442673043e-01 0.000000000000000000e+00 1.438465707506055014e-01 6.912205667462957281e-01 0.000000000000000000e+00 0.000000000000000000e+00 0.000000000000000000e+00 6.861551115499678888e-01 0.000000000000000000e+00 0.000000000000000000e+00 0.000000000000000000e+00 5.620215562292495415e-01 5.873635069529273833e-01
0.000000000000000000e+00 7.396877068090004226e-01 0.000000000000000000e+00 3.536554199217326055e-01 0.000000000000000000e+00 0.000000000000000000e+00 0.000000000000000000e+00 0.000000000000000000e+00 0.000000000000000000e+00 0.000000000000000000e+00 9.236613956203104658e-02 0.000000000000000000e+00 0.000000000000000000e+00 0.000000000000000000e+00 0.000000000000000000e+00 0.000000000000000000e+00 6.061779679529829545e-01 0.000000000000000000e+00 6.687661151350928757e-01 2.672314049733381047e+00 6.314481816563982663e-01 0.000000000000000000e+00 0.000000000000000000e+00 1.367206496507719971e+00 0.000000000000000000e+00
0.000000000000000000e+00 0.000000000000000000e+00 0.000000000000000000e+00 0.000000000000000000e+00 0.000000000000000000e+00 4.368371662087718876e-01 9.005770376666120125e-01 2.938791809609681005e-01 0.000000000000000000e+00 0.000000000000000000e+00 4.509665352699779861e-01 0.000000000000000000e+00 0.000000000000000000e+00 0.000000000000000000e+00 0.000000000000000000e+00 0.000000000000000000e+00 2.109008571859715131e-01 2.272605164311544967e-01 0.000000000000000000e+00 0.000000000000000000e+00 0.000000000000000000e+00 1.627022876127141027e+00 0.000000000000000000e+00 0.000000000000000000e+00 0.000000000000000000e+00
0.000000000000000000e+00 0.000000000000000000e+00 0.000000000000000000e+00 0.000000000000000000e+00 0.000000000000000000e+00 5.010216411533653380e-01 0.000000000000000000e+00 0.000000000000000000e+00 0.000000000000000000e+00 2.216891958071602053e-01 2.630210805534082819e-01 8.154490447046004453e-01 3.632493203646158242e-01 0.000000000000000000e+00 0.000000000000000000e+00 0.000000000000000000e+00 0.000000000000000000e+00 0.000000000000000000e+00 0.000000000000000000e+00 0.000000000000000000e+00 0.000000000000000000e+00 4.910748788898053885e-01 0.000000000000000000e+00 0.000000000000000000e+00 8.897807149880248012e-01
0.000000000000000000e+00 3.726854848136802734e-02 0.000000000000000000e+00 1.012378865621974100e+00 0.000000000000000000e+00 0.000000000000000000e+00 0.000000000000000000e+00 0.000000000000000000e+00 4.027550159281956810e-01 7.391269646959857109e-01 1.264121988387736095e-01 0.000000000000000000e+00 0.000000000000000000e+00 0.000000000000000000e+00 0.000000000000000000e+00 0.000000000000000000e+00 0.000000000000000000e+00 0.000000000000000000e+00 1.564656199145076920e-01 3.981732832130877031e-01 0.000000000000000000e+00 0.000000000000000000e+00 0.000000000000000000e+00 0.000000000000000000e+00 0.000000000000000000e+00
6.874089567784469335e-01 0.000000000000000000e+00 0.000000000000000000e+00 0.000000000000000000e+00 0.000000000000000000e+00 2.530601850651088003e-01 1.819193845426461120e-01 0.000000000000000000e+00 0.000000000000000000e+00 0.000000000000000000e+00 0.000000000000000000e+00 0.000000000000000000e+00 0.000000000000000000e+00 1.700097964572581943e-01 0.000000000000000000e+00 0.000000000000000000e+00 0.000000000000000000e+00 0.000000000000000000e+00 9.133541251924236493e-01 2.147991658439799001e-01 0.000000000000000000e+00 1.620884825710221078e+00 0.000000000000000000e+00 0.000000000000000000e+00 0.000000000000000000e+00
0.000000000000000000e+00 0.000000000000000000e+00 7.649576502808950185e-01 0.000000000000000000e+00 2.274929840328578090e-01 3.415079240404306771e-01 0.000000000000000000e+00 5.400716880108467205e-02 0.000000000000000000e+00 0.000000000000000000e+00 0.000000000000000000e+00 0.000000000000000000e+00 0.000000000000000000e+00 7.127871553729728804e-01 0.000000000000000000e+00 0.000000000000000000e+00 0.000000000000000000e+00 0.000000000000000000e+00 0.000000000000000000e+00 1.571284571192992918e-01 0.000000000000000000e+00 0.000000000000000000e+00 5.138533660512887291e-01 0.000000000000000000e+00 0.000000000000000000e+00
0.000000000000000000e+00 5.814729651495755824e-01 0.000000000000000000e+00 0.000000000000000000e+00 0.000000000000000000e+00 0.000000000000000000e+00 0.000000000000000000e+00 0.000000000000000000e+00 0.000000000000000000e+00 0.000000000000000000e+00 0.000000000000000000e+00 0.000000000000000000e+00 0.000000000000000000e+00 0.000000000000000000e+00 0.000000000000000000e+00 1.815508494421418095e-01 4.926965825770764917e-01 0.000000000000000000e+00 1.418257368169389132e-01 0.000000000000000000e+00 0.000000000000000000e+00 0.000000000000000000e+00 3.914099782393150040e-01 2.432023256767363861e-01 0.000000000000000000e+00
0.000000000000000000e+00 0.000000000000000000e+00 0.000000000000000000e+00 0.000000000000000000e+00 2.033959128021781970e-01 0.000000000000000000e+00 3.530824482285743748e-01 0.000000000000000000e+00 0.000000000000000000e+00 0.000000000000000000e+00 0.000000000000000000e+00 8.560191298987553932e-01 0.000000000000000000e+00 0.000000000000000000e+00 0.000000000000000000e+00 0.000000000000000000e+00 0.000000000000000000e+00 0.000000000000000000e+00 0.000000000000000000e+00 7.050961651433721444e-01 0.000000000000000000e+00 0.000000000000000000e+00 0.000000000000000000e+00 2.849721175491404940e-02 9.123772023335047221e-01
0.000000000000000000e+00 0.000000000000000000e+00 0.000000000000000000e+00 0.000000000000000000e+00 0.000000000000000000e+00 1.391774072829060904e-01 5.665980344324431650e-01 0.000000000000000000e+00 0.000000000000000000e+00 0.000000000000000000e+00 0.000000000000000000e+00 0.000000000000000000e+00 0.000000000000000000e+00 0.000000000000000000e+00 0.000000000000000000e+00 9.733303086725755282e-01 0.000000000000000000e+00 5.385517261798560273e-01 0.000000000000000000e+00 0.000000000000000000e+00 0.000000000000000000e+00 0.000000000000000000e+00 2.000151711670350094e-02 0.000000000000000000e+00 0.000000000000000000e+00
0.000000000000000000e+00 0.000000000000000000e+00 0.000000000000000000e+00 0.000000000000000000e+00 0.000000000000000000e+00 0.000000000000000000e+00 0.000000000000000000e+00 6.838269130162532017e-01 0.000000000000000000e+00 0.000000000000000000e+00 0.000000000000000000e+00 0.000000000000000000e+00 0.000000000000000000e+00 7.622187489702892949e-01 0.000000000000000000e+00 0.000000000000000000e+00 0.000000000000000000e+00 4.651963932677695146e-01 0.000000000000000000e+00 6.709786081519054646e-01 0.000000000000000000e+00 0.000000000000000000e+00 0.000000000000000000e+00 0.000000000000000000e+00 0.000000000000000000e+00
0.000000000000000000e+00 0.000000000000000000e+00 0.000000000000000000e+00 0.000000000000000000e+00 4.596821409747378073e-01 1.393551809308909983e-01 0.000000000000000000e+00 0.000000000000000000e+00 2.161483303522173938e-01 0.000000000000000000e+00 0.000000000000000000e+00 0.000000000000000000e+00 0.000000000000000000e+00 2.368328290049883100e-01 0.000000000000000000e+00 0.000000000000000000e+00 0.000000000000000000e+00 0.000000000000000000e+00 0.000000000000000000e+00 0.000000000000000000e+00 9.577038602886509544e-01 0.000000000000000000e+00 0.000000000000000000e+00 0.000000000000000000e+00 0.000000000000000000e+00
0.000000000000000000e+00 0.000000000000000000e+00 0.000000000000000000e+00 0.000000000000000000e+00 0.000000000000000000e+00 0.000000000000000000e+00 0.000000000000000000e+00 0.000000000000000000e+00 0.000000000000000000e+00 2.764112707093138166e-01 0.000000000000000000e+00 9.997781457949383999e-02 0.000000000000000000e+00 0.000000000000000000e+00 0.000000000000000000e+00 8.735640862817349861e-01 0.000000000000000000e+00 0.000000000000000000e+00 4.609991644788479226e-01 0.000000000000000000e+00 0.000000000000000000e+00 3.613005760385875065e-01 0.000000000000000000e+00 5.489666830001983522e-01 0.000000000000000000e+00
0.000000000000000000e+00 0.000000000000000000e+00 1.167325583988298998e+00 0.000000000000000000e+00 0.000000000000000000e+00 0.000000000000000000e+00 0.000000000000000000e+00 0.000000000000000000e+00 1.812241851965837036e-01 0.000000000000000000e+00 0.000000000000000000e+00 0.000000000000000000e+00 0.000000000000000000e+00 0.000000000000000000e+00 8.082434562743207040e-01 0.000000000000000000e+00 0.000000000000000000e+00 0.000000000000000000e+00 0.000000000000000000e+00 0.000000000000000000e+00 1.952296767338426997e-01 0.000000000000000000e+00 0.000000000000000000e+00 0.000000000000000000e+00 0.000000000000000000e+00
0.000000000000000000e+00 0.000000000000000000e+00 0.000000000000000000e+00 0.000000000000000000e+00 0.000000000000000000e+00 0.000000000000000000e+00 0.000000000000000000e+00 0.000000000000000000e+00 0.000000000000000000e+00 0.000000000000000000e+00 0.000000000000000000e+00 0.000000000000000000e+00 2.405248982985923045e-01 0.000000000000000000e+00 0.000000000000000000e+00 0.000000000000000000e+00 0.000000000000000000e+00 0.000000000000000000e+00 0.000000000000000000e+00 0.000000000000000000e+00 3.642848668288072855e-01 0.000000000000000000e+00 0.000000000000000000e+00 0.000000000000000000e+00 0.000000000000000000e+00
0.000000000000000000e+00 0.000000000000000000e+00 0.000000000000000000e+00 0.000000000000000000e+00 1.132085143147089079e+00 0.000000000000000000e+00 0.000000000000000000e+00 5.307718674823852512e-01 0.000000000000000000e+00 0.000000000000000000e+00 0.000000000000000000e+00 0.000000000000000000e+00 0.000000000000000000e+00 0.000000000000000000e+00 6.747952051304608734e-01 0.000000000000000000e+00 0.000000000000000000e+00 0.000000000000000000e+00 0.000000000000000000e+00 0.000000000000000000e+00 0.000000000000000000e+00 0.000000000000000000e+00 0.000000000000000000e+00 0.000000000000000000e+00 0.000000000000000000e+00
0.000000000000000000e+00 0.000000000000000000e+00 4.238303915184192805e-01 5.721222664799312518e-01 6.302391921696846033e-01 0.000000000000000000e+00 0.000000000000000000e+00 0.000000000000000000e+00 0.000000000000000000e+00 0.000000000000000000e+00 0.000000000000000000e+00 0.000000000000000000e+00 0.000000000000000000e+00 0.000000000000000000e+00 0.000000000000000000e+00 0.000000000000000000e+00 0.000000000000000000e+00 0.000000000000000000e+00 0.000000000000000000e+00 0.000000000000000000e+00 0.000000000000000000e+00 0.000000000000000000e+00 0.000000000000000000e+00 0.000000000000000000e+00 0.000000000000000000e+00
9.918578847701853274e-02 0.000000000000000000e+00 0.000000000000000000e+00 0.000000000000000000e+00 5.089839637883795120e-01 0.000000000000000000e+00 0.000000000000000000e+00 1.508423097349300968e-01 0.000000000000000000e+00 0.000000000000000000e+00 0.000000000000000000e+00 0.000000000000000000e+00 0.000000000000000000e+00 0.000000000000000000e+00 6.403834320910875011e-01 0.000000000000000000e+00 0.000000000000000000e+00 6.531073217954004584e-02 0.000000000000000000e+00 5.699159959547058785e-01 0.000000000000000000e+00 0.000000000000000000e+00 0.000000000000000000e+00 0.000000000000000000e+00 1.765142584346447996e-01
0.000000000000000000e+00 0.000000000000000000e+00 0.000000000000000000e+00 1.852833683586337099e-01 0.000000000000000000e+00 0.000000000000000000e+00 0.000000000000000000e+00 4.017415285792507729e-01 0.000000000000000000e+00 3.925625838442701743e-01 0.000000000000000000e+00 8.290344059737550508e-02 3.481582407667824786e-01 7.195344950711600740e-01 0.000000000000000000e+00 0.000000000000000000e+00 0.000000000000000000e+00 0.000000000000000000e+00 0.000000000000000000e+00 0.000000000000000000e+00 0.000000000000000000e+00 0.000000000000000000e+00 3.674225817198302768e-01 0.000000000000000000e+00 0.000000000000000000e+00
0.000000000000000000e+00 0.000000000000000000e+00 0.000000000000000000e+00 0.000000000000000000e+00 5.180559209719559632e-01 0.000000000000000000e+00 0.000000000000000000e+00 0.000000000000000000e+00 0.000000000000000000e+00 0.000000000000000000e+00 0.000000000000000000e+00 0.000000000000000000e+00 0.000000000000000000e+00 1.161230173936742965e-01 0.000000000000000000e+00 0.000000000000000000e+00 0.000000000000000000e+00 0.000000000000000000e+00 0.000000000000000000e+00 0.000000000000000000e+00 0.000000000000000000e+00 0.000000000000000000e+00 0.000000000000000000e+00 5.015605591707226335e-02 0.000000000000000000e+00
