# # # File created on Tue Apr 30 20:27:49 2024
#  #  # The following metaparameters were used for this matrix optimization : gamma0 = 0.5; alpha0 = 0; sigma0 = 0.25; l0 = 1;p = 1; R0 = 1; S0 = 0.05; NR = 25; NS = 25; matrix path = matrices/Nr25_Nc25/consumption/RandTrix_Nr25_Nc25_Nest0.4_Conn0.3312.txt; convergence threshold = 1e-08
# 
0.000000000000000000e+00 0.000000000000000000e+00 0.000000000000000000e+00 7.937783529996108589e-01 0.000000000000000000e+00 3.137928992136643225e-01 1.001162454288839987e+00 1.309210106258464901e+00 9.093356217151417342e-02 0.000000000000000000e+00 4.072945339502009876e-01 3.816861825171586897e-01 5.886146992175615988e-01 0.000000000000000000e+00 0.000000000000000000e+00 0.000000000000000000e+00 3.535719960380037108e-01 6.677806239180511527e-01 0.000000000000000000e+00 0.000000000000000000e+00 0.000000000000000000e+00 0.000000000000000000e+00 5.825876747767013697e-01 9.707365467416238791e-02 0.000000000000000000e+00
7.596498046171850094e-01 2.884806712971281217e-01 0.000000000000000000e+00 0.000000000000000000e+00 0.000000000000000000e+00 0.000000000000000000e+00 5.419357042914724198e-01 4.612452372887138052e-01 0.000000000000000000e+00 1.196068596394338046e+00 4.621091035709474215e-01 0.000000000000000000e+00 0.000000000000000000e+00 0.000000000000000000e+00 0.000000000000000000e+00 7.260838959781265034e-01 5.524692802502055855e-01 0.000000000000000000e+00 0.000000000000000000e+00 0.000000000000000000e+00 0.000000000000000000e+00 0.000000000000000000e+00 0.000000000000000000e+00 3.889776927610507085e-01 0.000000000000000000e+00
0.000000000000000000e+00 0.000000000000000000e+00 0.000000000000000000e+00 1.010907960367817937e+00 0.000000000000000000e+00 9.653760775610472633e-01 0.000000000000000000e+00 0.000000000000000000e+00 5.612294050787181021e-01 0.000000000000000000e+00 0.000000000000000000e+00 0.000000000000000000e+00 0.000000000000000000e+00 9.287441149777698746e-01 0.000000000000000000e+00 0.000000000000000000e+00 0.000000000000000000e+00 0.000000000000000000e+00 2.097486814339430128e-01 0.000000000000000000e+00 0.000000000000000000e+00 0.000000000000000000e+00 7.212972029093206450e-01 0.000000000000000000e+00 1.071993084757089099e+00
0.000000000000000000e+00 4.176862880374481168e-01 3.427631013916238034e-01 0.000000000000000000e+00 5.948696036857431535e-01 0.000000000000000000e+00 0.000000000000000000e+00 0.000000000000000000e+00 1.308418056108509864e-01 0.000000000000000000e+00 0.000000000000000000e+00 0.000000000000000000e+00 0.000000000000000000e+00 0.000000000000000000e+00 1.423787584857018951e+00 1.016330492570276967e+00 0.000000000000000000e+00 0.000000000000000000e+00 0.000000000000000000e+00 2.087075937361060063e-01 0.000000000000000000e+00 2.532328478197777843e-01 0.000000000000000000e+00 0.000000000000000000e+00 0.000000000000000000e+00
3.611749039680655082e-01 0.000000000000000000e+00 0.000000000000000000e+00 0.000000000000000000e+00 1.369278774519018027e+00 0.000000000000000000e+00 0.000000000000000000e+00 2.935482373294108216e-01 0.000000000000000000e+00 0.000000000000000000e+00 1.053577160783156996e+00 6.584530470677001368e-01 0.000000000000000000e+00 0.000000000000000000e+00 0.000000000000000000e+00 0.000000000000000000e+00 0.000000000000000000e+00 0.000000000000000000e+00 1.194931299893227106e+00 0.000000000000000000e+00 0.000000000000000000e+00 0.000000000000000000e+00 0.000000000000000000e+00 0.000000000000000000e+00 0.000000000000000000e+00
4.407627498119688902e-01 0.000000000000000000e+00 0.000000000000000000e+00 0.000000000000000000e+00 1.108369378778389924e+00 0.000000000000000000e+00 0.000000000000000000e+00 0.000000000000000000e+00 8.144953021527213677e-01 0.000000000000000000e+00 0.000000000000000000e+00 3.536282271840954783e-01 0.000000000000000000e+00 0.000000000000000000e+00 4.396502699727606878e-01 8.142468361568251378e-01 0.000000000000000000e+00 9.592258944210605431e-01 0.000000000000000000e+00 0.000000000000000000e+00 0.000000000000000000e+00 0.000000000000000000e+00 0.000000000000000000e+00 0.000000000000000000e+00 0.000000000000000000e+00
0.000000000000000000e+00 2.286374991405046020e-01 0.000000000000000000e+00 4.245492398510370968e-01 2.062831074629628003e-01 5.188734507462401391e-01 0.000000000000000000e+00 0.000000000000000000e+00 7.089035831641625485e-02 0.000000000000000000e+00 0.000000000000000000e+00 0.000000000000000000e+00 0.000000000000000000e+00 9.967727155350530888e-01 6.059331932323344660e-02 0.000000000000000000e+00 0.000000000000000000e+00 3.575685403328692780e-01 0.000000000000000000e+00 1.068284683654135980e-01 0.000000000000000000e+00 0.000000000000000000e+00 0.000000000000000000e+00 1.294324466434237930e+00 5.476014042025261208e-01
0.000000000000000000e+00 3.665313966259080014e-01 4.557444811502283089e-01 1.149358026435332025e+00 0.000000000000000000e+00 0.000000000000000000e+00 0.000000000000000000e+00 0.000000000000000000e+00 0.000000000000000000e+00 5.661842342130761763e-01 0.000000000000000000e+00 0.000000000000000000e+00 5.694736004928846462e-01 5.506025374793146465e-01 0.000000000000000000e+00 0.000000000000000000e+00 0.000000000000000000e+00 0.000000000000000000e+00 0.000000000000000000e+00 7.229519190309018351e-01 0.000000000000000000e+00 1.250666144693811932e-01 0.000000000000000000e+00 0.000000000000000000e+00 0.000000000000000000e+00
0.000000000000000000e+00 2.639622550740622908e-01 0.000000000000000000e+00 6.528640320180914003e-01 0.000000000000000000e+00 7.848762645904524549e-01 0.000000000000000000e+00 8.734577117297169790e-01 0.000000000000000000e+00 0.000000000000000000e+00 0.000000000000000000e+00 5.287819798241677471e-01 0.000000000000000000e+00 8.664369695594577037e-01 0.000000000000000000e+00 0.000000000000000000e+00 0.000000000000000000e+00 1.662895022370899090e-01 0.000000000000000000e+00 0.000000000000000000e+00 0.000000000000000000e+00 0.000000000000000000e+00 3.826558743247169270e-01 0.000000000000000000e+00 0.000000000000000000e+00
4.872204355127525144e-01 0.000000000000000000e+00 0.000000000000000000e+00 0.000000000000000000e+00 0.000000000000000000e+00 0.000000000000000000e+00 0.000000000000000000e+00 3.277354446400784771e-01 4.625287869622479175e-01 0.000000000000000000e+00 0.000000000000000000e+00 0.000000000000000000e+00 0.000000000000000000e+00 2.887956495637492016e-01 3.460761829742901030e-01 6.764309399762955533e-01 5.623255710971639676e-01 0.000000000000000000e+00 1.581965530789697094e-01 5.088214385125237049e-01 0.000000000000000000e+00 0.000000000000000000e+00 0.000000000000000000e+00 0.000000000000000000e+00 0.000000000000000000e+00
3.840088595764611923e-01 0.000000000000000000e+00 0.000000000000000000e+00 0.000000000000000000e+00 0.000000000000000000e+00 0.000000000000000000e+00 0.000000000000000000e+00 0.000000000000000000e+00 0.000000000000000000e+00 3.930575294839190881e-01 0.000000000000000000e+00 0.000000000000000000e+00 2.467016162404482016e-01 5.184570109511197344e-01 0.000000000000000000e+00 7.756026222583635166e-01 0.000000000000000000e+00 0.000000000000000000e+00 0.000000000000000000e+00 9.456452973840615561e-01 0.000000000000000000e+00 3.056395050555013038e-01 2.713975893828308728e-01 0.000000000000000000e+00 0.000000000000000000e+00
0.000000000000000000e+00 0.000000000000000000e+00 0.000000000000000000e+00 8.783387260949038211e-01 0.000000000000000000e+00 7.756689670651879531e-01 0.000000000000000000e+00 4.456503230784856773e-01 0.000000000000000000e+00 0.000000000000000000e+00 0.000000000000000000e+00 0.000000000000000000e+00 0.000000000000000000e+00 9.009851588570767511e-01 0.000000000000000000e+00 0.000000000000000000e+00 0.000000000000000000e+00 9.986834957796214551e-02 0.000000000000000000e+00 0.000000000000000000e+00 0.000000000000000000e+00 2.651095428537421084e-01 4.923233678701571248e-01 8.761010389552296163e-01 4.613102988201921995e-01
0.000000000000000000e+00 0.000000000000000000e+00 5.927431100680565779e-01 0.000000000000000000e+00 0.000000000000000000e+00 3.939796379943952820e-01 5.225623245324462207e-01 0.000000000000000000e+00 0.000000000000000000e+00 0.000000000000000000e+00 0.000000000000000000e+00 9.034674010376406716e-01 0.000000000000000000e+00 0.000000000000000000e+00 0.000000000000000000e+00 0.000000000000000000e+00 0.000000000000000000e+00 0.000000000000000000e+00 0.000000000000000000e+00 0.000000000000000000e+00 8.325143870330283802e-01 0.000000000000000000e+00 0.000000000000000000e+00 0.000000000000000000e+00 0.000000000000000000e+00
1.003333082914480007e-01 0.000000000000000000e+00 0.000000000000000000e+00 4.577345028975199903e-01 0.000000000000000000e+00 3.934355767639117762e-01 4.738087345701396114e-01 4.325543201875248212e-01 0.000000000000000000e+00 5.424628104205035939e-01 0.000000000000000000e+00 4.173489885661129106e-01 0.000000000000000000e+00 0.000000000000000000e+00 0.000000000000000000e+00 0.000000000000000000e+00 0.000000000000000000e+00 0.000000000000000000e+00 0.000000000000000000e+00 0.000000000000000000e+00 0.000000000000000000e+00 0.000000000000000000e+00 7.048098077137401329e-01 5.353458084211964313e-02 0.000000000000000000e+00
3.184607660495114012e-01 0.000000000000000000e+00 0.000000000000000000e+00 8.079364068092605988e-01 0.000000000000000000e+00 5.329869164442084806e-01 9.460667382179914764e-01 5.428224579474146827e-01 0.000000000000000000e+00 0.000000000000000000e+00 0.000000000000000000e+00 0.000000000000000000e+00 0.000000000000000000e+00 0.000000000000000000e+00 2.816927938990116953e-01 0.000000000000000000e+00 0.000000000000000000e+00 0.000000000000000000e+00 0.000000000000000000e+00 2.697716366347128747e-01 1.854553845182085048e-01 0.000000000000000000e+00 0.000000000000000000e+00 0.000000000000000000e+00 0.000000000000000000e+00
0.000000000000000000e+00 8.150510150667480413e-01 0.000000000000000000e+00 0.000000000000000000e+00 0.000000000000000000e+00 0.000000000000000000e+00 0.000000000000000000e+00 0.000000000000000000e+00 0.000000000000000000e+00 4.473921151509582805e-01 0.000000000000000000e+00 8.228205101650680753e-01 0.000000000000000000e+00 0.000000000000000000e+00 0.000000000000000000e+00 0.000000000000000000e+00 3.953213627211411008e-01 0.000000000000000000e+00 0.000000000000000000e+00 0.000000000000000000e+00 4.116744941255923163e-01 2.329400990695282003e-01 0.000000000000000000e+00 0.000000000000000000e+00 0.000000000000000000e+00
0.000000000000000000e+00 3.652789634073080882e-01 0.000000000000000000e+00 0.000000000000000000e+00 3.788584857595760913e-01 3.032587326281103723e-01 0.000000000000000000e+00 0.000000000000000000e+00 0.000000000000000000e+00 0.000000000000000000e+00 0.000000000000000000e+00 0.000000000000000000e+00 4.776076639733983775e-01 0.000000000000000000e+00 0.000000000000000000e+00 0.000000000000000000e+00 0.000000000000000000e+00 6.396830996409673675e-01 5.254656865173855662e-01 3.680203315507318829e-02 4.221059021740455192e-02 0.000000000000000000e+00 0.000000000000000000e+00 8.463542707330472536e-01 0.000000000000000000e+00
0.000000000000000000e+00 4.117828426700365085e-01 4.583179153585109078e-01 0.000000000000000000e+00 4.202096576291231012e-01 4.708946202321586116e-01 0.000000000000000000e+00 4.841149253625923188e-01 0.000000000000000000e+00 0.000000000000000000e+00 0.000000000000000000e+00 0.000000000000000000e+00 0.000000000000000000e+00 8.141204724298201079e-01 0.000000000000000000e+00 0.000000000000000000e+00 6.248355309372419786e-01 0.000000000000000000e+00 0.000000000000000000e+00 0.000000000000000000e+00 0.000000000000000000e+00 0.000000000000000000e+00 0.000000000000000000e+00 0.000000000000000000e+00 1.464384719820135128e-01
4.815473712996714006e-01 9.656201139304697589e-01 0.000000000000000000e+00 0.000000000000000000e+00 0.000000000000000000e+00 2.416974508924837894e-02 0.000000000000000000e+00 0.000000000000000000e+00 0.000000000000000000e+00 0.000000000000000000e+00 0.000000000000000000e+00 0.000000000000000000e+00 0.000000000000000000e+00 0.000000000000000000e+00 0.000000000000000000e+00 0.000000000000000000e+00 4.456595942318792858e-01 0.000000000000000000e+00 3.473560050789465947e-01 7.644121015731827340e-01 0.000000000000000000e+00 0.000000000000000000e+00 0.000000000000000000e+00 0.000000000000000000e+00 0.000000000000000000e+00
0.000000000000000000e+00 4.823841404187371729e-01 0.000000000000000000e+00 0.000000000000000000e+00 1.875701325186913127e-01 0.000000000000000000e+00 0.000000000000000000e+00 0.000000000000000000e+00 0.000000000000000000e+00 1.118451555910060069e+00 0.000000000000000000e+00 0.000000000000000000e+00 0.000000000000000000e+00 0.000000000000000000e+00 0.000000000000000000e+00 2.286371546665529053e-01 0.000000000000000000e+00 0.000000000000000000e+00 0.000000000000000000e+00 0.000000000000000000e+00 0.000000000000000000e+00 3.100432470890783221e-01 0.000000000000000000e+00 2.111174172789838099e-01 0.000000000000000000e+00
2.110336552558453871e-01 0.000000000000000000e+00 0.000000000000000000e+00 0.000000000000000000e+00 0.000000000000000000e+00 0.000000000000000000e+00 1.034411764607116035e-01 0.000000000000000000e+00 1.699298884475312077e-01 1.010271690034566072e+00 2.926636897475382026e-01 0.000000000000000000e+00 0.000000000000000000e+00 3.372033587939368138e-01 0.000000000000000000e+00 0.000000000000000000e+00 0.000000000000000000e+00 0.000000000000000000e+00 7.946895384366866599e-01 0.000000000000000000e+00 0.000000000000000000e+00 0.000000000000000000e+00 0.000000000000000000e+00 0.000000000000000000e+00 0.000000000000000000e+00
0.000000000000000000e+00 0.000000000000000000e+00 0.000000000000000000e+00 0.000000000000000000e+00 0.000000000000000000e+00 0.000000000000000000e+00 0.000000000000000000e+00 0.000000000000000000e+00 0.000000000000000000e+00 0.000000000000000000e+00 8.953872961565811917e-01 0.000000000000000000e+00 0.000000000000000000e+00 0.000000000000000000e+00 0.000000000000000000e+00 0.000000000000000000e+00 5.002996644179279195e-02 0.000000000000000000e+00 3.549112426510708795e-01 0.000000000000000000e+00 0.000000000000000000e+00 0.000000000000000000e+00 0.000000000000000000e+00 7.912580536461211178e-01 0.000000000000000000e+00
1.227123465586748077e-02 0.000000000000000000e+00 0.000000000000000000e+00 0.000000000000000000e+00 0.000000000000000000e+00 0.000000000000000000e+00 2.782488746176517980e-01 0.000000000000000000e+00 0.000000000000000000e+00 0.000000000000000000e+00 1.082500815710204067e+00 0.000000000000000000e+00 0.000000000000000000e+00 0.000000000000000000e+00 0.000000000000000000e+00 0.000000000000000000e+00 0.000000000000000000e+00 0.000000000000000000e+00 0.000000000000000000e+00 3.277384643773125217e-01 0.000000000000000000e+00 7.385243673963691746e-01 3.390700988082603201e-02 0.000000000000000000e+00 0.000000000000000000e+00
0.000000000000000000e+00 0.000000000000000000e+00 0.000000000000000000e+00 5.075477711540411496e-01 0.000000000000000000e+00 0.000000000000000000e+00 0.000000000000000000e+00 0.000000000000000000e+00 5.137284108914614844e-01 1.239338746907109101e+00 0.000000000000000000e+00 0.000000000000000000e+00 3.885462308906965090e-01 0.000000000000000000e+00 0.000000000000000000e+00 0.000000000000000000e+00 0.000000000000000000e+00 0.000000000000000000e+00 0.000000000000000000e+00 0.000000000000000000e+00 0.000000000000000000e+00 0.000000000000000000e+00 0.000000000000000000e+00 0.000000000000000000e+00 0.000000000000000000e+00
4.334598074281736935e-01 0.000000000000000000e+00 0.000000000000000000e+00 0.000000000000000000e+00 4.574201165774304800e-01 0.000000000000000000e+00 3.627353594381693136e-01 0.000000000000000000e+00 0.000000000000000000e+00 0.000000000000000000e+00 5.725098928759154993e-02 0.000000000000000000e+00 0.000000000000000000e+00 0.000000000000000000e+00 0.000000000000000000e+00 0.000000000000000000e+00 2.062830119747917912e-01 0.000000000000000000e+00 0.000000000000000000e+00 4.896751519867491020e-01 0.000000000000000000e+00 0.000000000000000000e+00 0.000000000000000000e+00 0.000000000000000000e+00 0.000000000000000000e+00
