# File created on Tue Apr 30 20:27:49 2024
# The following metaparameters were used for this matrix optimization : gamma0 = 0.5; alpha0 = 0; sigma0 = 0.25; l0 = 1;p = 1; R0 = 1; S0 = 0.05; NR = 25; NS = 25; matrix path = matrices/Nr25_Nc25/consumption/RandTrix_Nr25_Nc25_Nest0.4_Conn0.3312.txt; convergence threshold = 1e-08
0.000000000000000e+00 0.000000000000000e+00 0.000000000000000e+00 7.937783529996109e-01 0.000000000000000e+00 3.137928992136643e-01 1.001162454288840e+00 1.309210106258465e+00 9.093356217151417e-02 0.000000000000000e+00 4.072945339502010e-01 3.816861825171587e-01 5.886146992175616e-01 0.000000000000000e+00 0.000000000000000e+00 0.000000000000000e+00 3.535719960380037e-01 6.677806239180511e-01 0.000000000000000e+00 0.000000000000000e+00 0.000000000000000e+00 0.000000000000000e+00 5.825876747767014e-01 9.707365467416239e-02 0.000000000000000e+00 
7.596498046171850e-01 2.884806712971281e-01 0.000000000000000e+00 0.000000000000000e+00 0.000000000000000e+00 0.000000000000000e+00 5.419357042914724e-01 4.612452372887138e-01 0.000000000000000e+00 1.196068596394338e+00 4.621091035709474e-01 0.000000000000000e+00 0.000000000000000e+00 0.000000000000000e+00 0.000000000000000e+00 7.260838959781265e-01 5.524692802502056e-01 0.000000000000000e+00 0.000000000000000e+00 0.000000000000000e+00 0.000000000000000e+00 0.000000000000000e+00 0.000000000000000e+00 3.889776927610507e-01 0.000000000000000e+00 
0.000000000000000e+00 0.000000000000000e+00 0.000000000000000e+00 1.010907960367818e+00 0.000000000000000e+00 9.653760775610473e-01 0.000000000000000e+00 0.000000000000000e+00 5.612294050787181e-01 0.000000000000000e+00 0.000000000000000e+00 0.000000000000000e+00 0.000000000000000e+00 9.287441149777699e-01 0.000000000000000e+00 0.000000000000000e+00 0.000000000000000e+00 0.000000000000000e+00 2.097486814339430e-01 0.000000000000000e+00 0.000000000000000e+00 0.000000000000000e+00 7.212972029093207e-01 0.000000000000000e+00 1.071993084757089e+00 
0.000000000000000e+00 4.176862880374481e-01 3.427631013916238e-01 0.000000000000000e+00 5.948696036857432e-01 0.000000000000000e+00 0.000000000000000e+00 0.000000000000000e+00 1.308418056108510e-01 0.000000000000000e+00 0.000000000000000e+00 0.000000000000000e+00 0.000000000000000e+00 0.000000000000000e+00 1.423787584857019e+00 1.016330492570277e+00 0.000000000000000e+00 0.000000000000000e+00 0.000000000000000e+00 2.087075937361060e-01 0.000000000000000e+00 2.532328478197778e-01 0.000000000000000e+00 0.000000000000000e+00 0.000000000000000e+00 
3.611749039680655e-01 0.000000000000000e+00 0.000000000000000e+00 0.000000000000000e+00 1.369278774519018e+00 0.000000000000000e+00 0.000000000000000e+00 2.935482373294108e-01 0.000000000000000e+00 0.000000000000000e+00 1.053577160783157e+00 6.584530470677001e-01 0.000000000000000e+00 0.000000000000000e+00 0.000000000000000e+00 0.000000000000000e+00 0.000000000000000e+00 0.000000000000000e+00 1.194931299893227e+00 0.000000000000000e+00 0.000000000000000e+00 0.000000000000000e+00 0.000000000000000e+00 0.000000000000000e+00 0.000000000000000e+00 
4.407627498119689e-01 0.000000000000000e+00 0.000000000000000e+00 0.000000000000000e+00 1.108369378778390e+00 0.000000000000000e+00 0.000000000000000e+00 0.000000000000000e+00 8.144953021527214e-01 0.000000000000000e+00 0.000000000000000e+00 3.536282271840955e-01 0.000000000000000e+00 0.000000000000000e+00 4.396502699727607e-01 8.142468361568251e-01 0.000000000000000e+00 9.592258944210605e-01 0.000000000000000e+00 0.000000000000000e+00 0.000000000000000e+00 0.000000000000000e+00 0.000000000000000e+00 0.000000000000000e+00 0.000000000000000e+00 
0.000000000000000e+00 2.286374991405046e-01 0.000000000000000e+00 4.245492398510371e-01 2.062831074629628e-01 5.188734507462401e-01 0.000000000000000e+00 0.000000000000000e+00 7.089035831641626e-02 0.000000000000000e+00 0.000000000000000e+00 0.000000000000000e+00 0.000000000000000e+00 9.967727155350531e-01 6.059331932323345e-02 0.000000000000000e+00 0.000000000000000e+00 3.575685403328693e-01 0.000000000000000e+00 1.068284683654136e-01 0.000000000000000e+00 0.000000000000000e+00 0.000000000000000e+00 1.294324466434238e+00 5.476014042025261e-01 
0.000000000000000e+00 3.665313966259080e-01 4.557444811502283e-01 1.149358026435332e+00 0.000000000000000e+00 0.000000000000000e+00 0.000000000000000e+00 0.000000000000000e+00 0.000000000000000e+00 5.661842342130762e-01 0.000000000000000e+00 0.000000000000000e+00 5.694736004928847e-01 5.506025374793146e-01 0.000000000000000e+00 0.000000000000000e+00 0.000000000000000e+00 0.000000000000000e+00 0.000000000000000e+00 7.229519190309018e-01 0.000000000000000e+00 1.250666144693812e-01 0.000000000000000e+00 0.000000000000000e+00 0.000000000000000e+00 
0.000000000000000e+00 2.639622550740623e-01 0.000000000000000e+00 6.528640320180914e-01 0.000000000000000e+00 7.848762645904525e-01 0.000000000000000e+00 8.734577117297170e-01 0.000000000000000e+00 0.000000000000000e+00 0.000000000000000e+00 5.287819798241677e-01 0.000000000000000e+00 8.664369695594577e-01 0.000000000000000e+00 0.000000000000000e+00 0.000000000000000e+00 1.662895022370899e-01 0.000000000000000e+00 0.000000000000000e+00 0.000000000000000e+00 0.000000000000000e+00 3.826558743247169e-01 0.000000000000000e+00 0.000000000000000e+00 
4.872204355127525e-01 0.000000000000000e+00 0.000000000000000e+00 0.000000000000000e+00 0.000000000000000e+00 0.000000000000000e+00 0.000000000000000e+00 3.277354446400785e-01 4.625287869622479e-01 0.000000000000000e+00 0.000000000000000e+00 0.000000000000000e+00 0.000000000000000e+00 2.887956495637492e-01 3.460761829742901e-01 6.764309399762955e-01 5.623255710971640e-01 0.000000000000000e+00 1.581965530789697e-01 5.088214385125237e-01 0.000000000000000e+00 0.000000000000000e+00 0.000000000000000e+00 0.000000000000000e+00 0.000000000000000e+00 
3.840088595764612e-01 0.000000000000000e+00 0.000000000000000e+00 0.000000000000000e+00 0.000000000000000e+00 0.000000000000000e+00 0.000000000000000e+00 0.000000000000000e+00 0.000000000000000e+00 3.930575294839191e-01 0.000000000000000e+00 0.000000000000000e+00 2.467016162404482e-01 5.184570109511197e-01 0.000000000000000e+00 7.756026222583635e-01 0.000000000000000e+00 0.000000000000000e+00 0.000000000000000e+00 9.456452973840616e-01 0.000000000000000e+00 3.056395050555013e-01 2.713975893828309e-01 0.000000000000000e+00 0.000000000000000e+00 
0.000000000000000e+00 0.000000000000000e+00 0.000000000000000e+00 8.783387260949038e-01 0.000000000000000e+00 7.756689670651879e-01 0.000000000000000e+00 4.456503230784857e-01 0.000000000000000e+00 0.000000000000000e+00 0.000000000000000e+00 0.000000000000000e+00 0.000000000000000e+00 9.009851588570767e-01 0.000000000000000e+00 0.000000000000000e+00 0.000000000000000e+00 9.986834957796215e-02 0.000000000000000e+00 0.000000000000000e+00 0.000000000000000e+00 2.651095428537421e-01 4.923233678701571e-01 8.761010389552296e-01 4.613102988201922e-01 
0.000000000000000e+00 0.000000000000000e+00 5.927431100680566e-01 0.000000000000000e+00 0.000000000000000e+00 3.939796379943953e-01 5.225623245324462e-01 0.000000000000000e+00 0.000000000000000e+00 0.000000000000000e+00 0.000000000000000e+00 9.034674010376407e-01 0.000000000000000e+00 0.000000000000000e+00 0.000000000000000e+00 0.000000000000000e+00 0.000000000000000e+00 0.000000000000000e+00 0.000000000000000e+00 0.000000000000000e+00 8.325143870330284e-01 0.000000000000000e+00 0.000000000000000e+00 0.000000000000000e+00 0.000000000000000e+00 
1.003333082914480e-01 0.000000000000000e+00 0.000000000000000e+00 4.577345028975200e-01 0.000000000000000e+00 3.934355767639118e-01 4.738087345701396e-01 4.325543201875248e-01 0.000000000000000e+00 5.424628104205036e-01 0.000000000000000e+00 4.173489885661129e-01 0.000000000000000e+00 0.000000000000000e+00 0.000000000000000e+00 0.000000000000000e+00 0.000000000000000e+00 0.000000000000000e+00 0.000000000000000e+00 0.000000000000000e+00 0.000000000000000e+00 0.000000000000000e+00 7.048098077137401e-01 5.353458084211964e-02 0.000000000000000e+00 
3.184607660495114e-01 0.000000000000000e+00 0.000000000000000e+00 8.079364068092606e-01 0.000000000000000e+00 5.329869164442085e-01 9.460667382179915e-01 5.428224579474147e-01 0.000000000000000e+00 0.000000000000000e+00 0.000000000000000e+00 0.000000000000000e+00 0.000000000000000e+00 0.000000000000000e+00 2.816927938990117e-01 0.000000000000000e+00 0.000000000000000e+00 0.000000000000000e+00 0.000000000000000e+00 2.697716366347129e-01 1.854553845182085e-01 0.000000000000000e+00 0.000000000000000e+00 0.000000000000000e+00 0.000000000000000e+00 
0.000000000000000e+00 8.150510150667480e-01 0.000000000000000e+00 0.000000000000000e+00 0.000000000000000e+00 0.000000000000000e+00 0.000000000000000e+00 0.000000000000000e+00 0.000000000000000e+00 4.473921151509583e-01 0.000000000000000e+00 8.228205101650681e-01 0.000000000000000e+00 0.000000000000000e+00 0.000000000000000e+00 0.000000000000000e+00 3.953213627211411e-01 0.000000000000000e+00 0.000000000000000e+00 0.000000000000000e+00 4.116744941255923e-01 2.329400990695282e-01 0.000000000000000e+00 0.000000000000000e+00 0.000000000000000e+00 
0.000000000000000e+00 3.652789634073081e-01 0.000000000000000e+00 0.000000000000000e+00 3.788584857595761e-01 3.032587326281104e-01 0.000000000000000e+00 0.000000000000000e+00 0.000000000000000e+00 0.000000000000000e+00 0.000000000000000e+00 0.000000000000000e+00 4.776076639733984e-01 0.000000000000000e+00 0.000000000000000e+00 0.000000000000000e+00 0.000000000000000e+00 6.396830996409674e-01 5.254656865173856e-01 3.680203315507319e-02 4.221059021740455e-02 0.000000000000000e+00 0.000000000000000e+00 8.463542707330473e-01 0.000000000000000e+00 
0.000000000000000e+00 4.117828426700365e-01 4.583179153585109e-01 0.000000000000000e+00 4.202096576291231e-01 4.708946202321586e-01 0.000000000000000e+00 4.841149253625923e-01 0.000000000000000e+00 0.000000000000000e+00 0.000000000000000e+00 0.000000000000000e+00 0.000000000000000e+00 8.141204724298201e-01 0.000000000000000e+00 0.000000000000000e+00 6.248355309372420e-01 0.000000000000000e+00 0.000000000000000e+00 0.000000000000000e+00 0.000000000000000e+00 0.000000000000000e+00 0.000000000000000e+00 0.000000000000000e+00 1.464384719820135e-01 
4.815473712996714e-01 9.656201139304698e-01 0.000000000000000e+00 0.000000000000000e+00 0.000000000000000e+00 2.416974508924838e-02 0.000000000000000e+00 0.000000000000000e+00 0.000000000000000e+00 0.000000000000000e+00 0.000000000000000e+00 0.000000000000000e+00 0.000000000000000e+00 0.000000000000000e+00 0.000000000000000e+00 0.000000000000000e+00 4.456595942318793e-01 0.000000000000000e+00 3.473560050789466e-01 7.644121015731827e-01 0.000000000000000e+00 0.000000000000000e+00 0.000000000000000e+00 0.000000000000000e+00 0.000000000000000e+00 
0.000000000000000e+00 4.823841404187372e-01 0.000000000000000e+00 0.000000000000000e+00 1.875701325186913e-01 0.000000000000000e+00 0.000000000000000e+00 0.000000000000000e+00 0.000000000000000e+00 1.118451555910060e+00 0.000000000000000e+00 0.000000000000000e+00 0.000000000000000e+00 0.000000000000000e+00 0.000000000000000e+00 2.286371546665529e-01 0.000000000000000e+00 0.000000000000000e+00 0.000000000000000e+00 0.000000000000000e+00 0.000000000000000e+00 3.100432470890783e-01 0.000000000000000e+00 2.111174172789838e-01 0.000000000000000e+00 
2.110336552558454e-01 0.000000000000000e+00 0.000000000000000e+00 0.000000000000000e+00 0.000000000000000e+00 0.000000000000000e+00 1.034411764607116e-01 0.000000000000000e+00 1.699298884475312e-01 1.010271690034566e+00 2.926636897475382e-01 0.000000000000000e+00 0.000000000000000e+00 3.372033587939368e-01 0.000000000000000e+00 0.000000000000000e+00 0.000000000000000e+00 0.000000000000000e+00 7.946895384366867e-01 0.000000000000000e+00 0.000000000000000e+00 0.000000000000000e+00 0.000000000000000e+00 0.000000000000000e+00 0.000000000000000e+00 
0.000000000000000e+00 0.000000000000000e+00 0.000000000000000e+00 0.000000000000000e+00 0.000000000000000e+00 0.000000000000000e+00 0.000000000000000e+00 0.000000000000000e+00 0.000000000000000e+00 0.000000000000000e+00 8.953872961565812e-01 0.000000000000000e+00 0.000000000000000e+00 0.000000000000000e+00 0.000000000000000e+00 0.000000000000000e+00 5.002996644179279e-02 0.000000000000000e+00 3.549112426510709e-01 0.000000000000000e+00 0.000000000000000e+00 0.000000000000000e+00 0.000000000000000e+00 7.912580536461211e-01 0.000000000000000e+00 
1.227123465586748e-02 0.000000000000000e+00 0.000000000000000e+00 0.000000000000000e+00 0.000000000000000e+00 0.000000000000000e+00 2.782488746176518e-01 0.000000000000000e+00 0.000000000000000e+00 0.000000000000000e+00 1.082500815710204e+00 0.000000000000000e+00 0.000000000000000e+00 0.000000000000000e+00 0.000000000000000e+00 0.000000000000000e+00 0.000000000000000e+00 0.000000000000000e+00 0.000000000000000e+00 3.277384643773125e-01 0.000000000000000e+00 7.385243673963692e-01 3.390700988082603e-02 0.000000000000000e+00 0.000000000000000e+00 
0.000000000000000e+00 0.000000000000000e+00 0.000000000000000e+00 5.075477711540411e-01 0.000000000000000e+00 0.000000000000000e+00 0.000000000000000e+00 0.000000000000000e+00 5.137284108914615e-01 1.239338746907109e+00 0.000000000000000e+00 0.000000000000000e+00 3.885462308906965e-01 0.000000000000000e+00 0.000000000000000e+00 0.000000000000000e+00 0.000000000000000e+00 0.000000000000000e+00 0.000000000000000e+00 0.000000000000000e+00 0.000000000000000e+00 0.000000000000000e+00 0.000000000000000e+00 0.000000000000000e+00 0.000000000000000e+00 
4.334598074281737e-01 0.000000000000000e+00 0.000000000000000e+00 0.000000000000000e+00 4.574201165774305e-01 0.000000000000000e+00 3.627353594381693e-01 0.000000000000000e+00 0.000000000000000e+00 0.000000000000000e+00 5.725098928759155e-02 0.000000000000000e+00 0.000000000000000e+00 0.000000000000000e+00 0.000000000000000e+00 0.000000000000000e+00 2.062830119747918e-01 0.000000000000000e+00 0.000000000000000e+00 4.896751519867491e-01 0.000000000000000e+00 0.000000000000000e+00 0.000000000000000e+00 0.000000000000000e+00 0.000000000000000e+00 