# File created on Fri May 17 15:41:56 2024
# The following metaparameters were used for this matrix optimization : gamma0 = 0.5; alpha0 = 0; sigma0 = 0.25; l0 = 1;p = 1; R0 = 1; S0 = 0.05; NR = 25; NS = 25; matrix path = matrices/Nr25_Nc25/consumption/RandTrix_Nr25_Nc25_Nest0.35_Conn0.2208.txt; convergence threshold = 1e-08
0.000000000000000e+00 2.343954142144478e-03 1.133854048207427e-03 0.000000000000000e+00 2.492824694054496e-03 0.000000000000000e+00 3.673349327158077e-03 4.692876809093284e-04 0.000000000000000e+00 0.000000000000000e+00 0.000000000000000e+00 0.000000000000000e+00 4.880233728744475e-03 2.240702881186674e-03 2.446894746587762e-03 0.000000000000000e+00 6.327632441736962e-04 0.000000000000000e+00 0.000000000000000e+00 0.000000000000000e+00 2.871935935736749e-03 0.000000000000000e+00 0.000000000000000e+00 0.000000000000000e+00 0.000000000000000e+00 
4.355670336982481e-03 0.000000000000000e+00 0.000000000000000e+00 0.000000000000000e+00 0.000000000000000e+00 0.000000000000000e+00 3.679561508524750e-04 0.000000000000000e+00 0.000000000000000e+00 2.512260439479711e-03 1.643174527913475e-03 1.922781557522527e-03 1.615857579583981e-03 0.000000000000000e+00 0.000000000000000e+00 0.000000000000000e+00 0.000000000000000e+00 0.000000000000000e+00 0.000000000000000e+00 0.000000000000000e+00 9.543420002248453e-04 0.000000000000000e+00 8.406735303033621e-04 0.000000000000000e+00 0.000000000000000e+00 
0.000000000000000e+00 2.461268356925050e-03 1.073670063523218e-03 4.175376233133799e-03 6.161741151912197e-04 0.000000000000000e+00 4.382931446924852e-03 0.000000000000000e+00 8.580688468473286e-04 6.664404729051766e-04 2.329083950543238e-03 0.000000000000000e+00 0.000000000000000e+00 2.950008144895274e-03 3.410957772428697e-03 0.000000000000000e+00 4.113062051032730e-03 0.000000000000000e+00 9.334326214350097e-05 4.078614638124988e-03 0.000000000000000e+00 2.903261032608494e-03 2.486092823097664e-03 1.972689921565515e-04 4.726714966301309e-03 
0.000000000000000e+00 0.000000000000000e+00 0.000000000000000e+00 2.415449875001312e-03 0.000000000000000e+00 0.000000000000000e+00 4.657088471264169e-03 0.000000000000000e+00 5.691872807793715e-04 0.000000000000000e+00 0.000000000000000e+00 0.000000000000000e+00 3.864423546600025e-03 2.915392975496866e-03 0.000000000000000e+00 6.333054039059765e-04 0.000000000000000e+00 0.000000000000000e+00 3.674834774056190e-03 1.466560532417482e-03 0.000000000000000e+00 0.000000000000000e+00 4.173360593246552e-03 0.000000000000000e+00 0.000000000000000e+00 
3.015883003030575e-03 0.000000000000000e+00 1.112953404772315e-03 5.620135562838222e-04 0.000000000000000e+00 0.000000000000000e+00 2.934266280598535e-03 3.245060719573372e-03 0.000000000000000e+00 0.000000000000000e+00 3.032332337144138e-03 6.981756800471902e-04 4.402750007683110e-04 3.613093896711501e-03 0.000000000000000e+00 4.846108231542084e-03 4.092843157457135e-03 0.000000000000000e+00 1.513581198868243e-03 3.375814636999174e-03 1.631026106607311e-03 0.000000000000000e+00 8.383050914651345e-04 4.108339370123247e-03 0.000000000000000e+00 
0.000000000000000e+00 3.556532831489051e-03 2.747628058891121e-03 3.895850836875681e-03 0.000000000000000e+00 0.000000000000000e+00 0.000000000000000e+00 4.820418820481663e-03 0.000000000000000e+00 3.332604684075408e-04 0.000000000000000e+00 0.000000000000000e+00 1.333598641028606e-03 0.000000000000000e+00 6.143509829654229e-04 0.000000000000000e+00 3.718755763280745e-03 4.428689757445877e-03 9.513936974660262e-04 2.635524634075477e-05 0.000000000000000e+00 0.000000000000000e+00 0.000000000000000e+00 0.000000000000000e+00 4.697422967630353e-03 
3.453095977842617e-03 4.347312239572106e-03 0.000000000000000e+00 0.000000000000000e+00 0.000000000000000e+00 4.695205032955856e-03 3.257744259164076e-03 3.450457973751160e-03 0.000000000000000e+00 5.229918515903334e-05 2.133335190243729e-04 2.340648211624963e-03 2.830205281966160e-03 4.543071108190272e-03 0.000000000000000e+00 0.000000000000000e+00 0.000000000000000e+00 0.000000000000000e+00 2.835672997455669e-03 0.000000000000000e+00 0.000000000000000e+00 3.406442546117120e-03 0.000000000000000e+00 8.576195715784114e-04 2.213866230694642e-03 
1.912460199637178e-04 3.520713433893407e-03 0.000000000000000e+00 2.186427375652766e-03 0.000000000000000e+00 0.000000000000000e+00 0.000000000000000e+00 1.855157999257983e-03 0.000000000000000e+00 0.000000000000000e+00 0.000000000000000e+00 0.000000000000000e+00 0.000000000000000e+00 4.358271901327357e-03 0.000000000000000e+00 4.940407490580762e-03 1.403280230675693e-03 0.000000000000000e+00 0.000000000000000e+00 1.277081764854646e-04 4.144762107272633e-03 4.891498003140394e-03 0.000000000000000e+00 0.000000000000000e+00 1.417821642727075e-03 
0.000000000000000e+00 0.000000000000000e+00 0.000000000000000e+00 0.000000000000000e+00 1.274071405241973e-03 2.860098170470760e-03 4.739225892059269e-03 0.000000000000000e+00 1.535458246884483e-03 1.635720055492595e-03 2.448572009097887e-03 0.000000000000000e+00 0.000000000000000e+00 2.440124048365383e-04 0.000000000000000e+00 9.047783906177102e-04 0.000000000000000e+00 0.000000000000000e+00 4.921477144607700e-03 5.548896226181427e-04 1.662761287912438e-03 0.000000000000000e+00 1.161760528337108e-03 0.000000000000000e+00 1.039274018568819e-05 
0.000000000000000e+00 2.703514596724268e-03 0.000000000000000e+00 0.000000000000000e+00 0.000000000000000e+00 0.000000000000000e+00 0.000000000000000e+00 2.224642518559375e-03 9.142829726372832e-04 1.707962494138216e-03 0.000000000000000e+00 0.000000000000000e+00 0.000000000000000e+00 1.300578174962846e-03 0.000000000000000e+00 0.000000000000000e+00 7.384152617733599e-04 0.000000000000000e+00 3.118912045895228e-03 2.116320420695092e-03 0.000000000000000e+00 0.000000000000000e+00 5.549316621600909e-04 0.000000000000000e+00 0.000000000000000e+00 
3.194421164252331e-04 8.288778092653522e-04 0.000000000000000e+00 0.000000000000000e+00 1.539623979934586e-03 9.692811241830736e-04 0.000000000000000e+00 3.338413668557646e-03 5.037387085481977e-04 3.399267537351792e-03 6.276820345712162e-04 4.241141200921389e-03 1.586034713341249e-03 2.816811059813858e-03 0.000000000000000e+00 6.262777964311869e-04 4.367360244545126e-03 4.212286062093388e-04 2.581423907198102e-03 2.222959352297119e-04 0.000000000000000e+00 3.984208154065814e-03 0.000000000000000e+00 1.765973326003334e-03 3.070608541934672e-04 
2.019841191227207e-03 3.653094103044585e-03 0.000000000000000e+00 2.244397118012911e-03 4.240520514721445e-03 0.000000000000000e+00 0.000000000000000e+00 0.000000000000000e+00 2.600882950780029e-03 3.392773126928826e-03 0.000000000000000e+00 0.000000000000000e+00 2.159079283349852e-03 0.000000000000000e+00 0.000000000000000e+00 3.101370007381728e-03 2.756978015233955e-03 3.467240535382543e-04 3.316600903613509e-03 0.000000000000000e+00 0.000000000000000e+00 0.000000000000000e+00 0.000000000000000e+00 0.000000000000000e+00 2.661479344818873e-03 
4.233966246425053e-03 0.000000000000000e+00 4.278590341866547e-03 2.493000527282145e-03 1.321840230013985e-03 3.948086929820831e-03 0.000000000000000e+00 4.888263288146794e-03 4.818907401963258e-03 3.786768149192870e-03 3.277459390225844e-03 2.932107117344870e-04 0.000000000000000e+00 1.092178898241447e-03 4.781655568410186e-03 0.000000000000000e+00 0.000000000000000e+00 1.627493209448551e-03 1.943084492816923e-03 0.000000000000000e+00 0.000000000000000e+00 0.000000000000000e+00 0.000000000000000e+00 0.000000000000000e+00 4.933560812532951e-03 
0.000000000000000e+00 0.000000000000000e+00 9.114742457542310e-05 1.540735896930869e-03 0.000000000000000e+00 1.861276197935397e-03 0.000000000000000e+00 2.649651912361768e-03 0.000000000000000e+00 3.208776504473791e-03 3.911470207336375e-03 2.609733708792041e-03 1.076761268503036e-03 0.000000000000000e+00 0.000000000000000e+00 0.000000000000000e+00 0.000000000000000e+00 0.000000000000000e+00 0.000000000000000e+00 0.000000000000000e+00 0.000000000000000e+00 0.000000000000000e+00 0.000000000000000e+00 2.092519398214860e-03 1.862470764870252e-03 
0.000000000000000e+00 9.418162722069156e-04 3.250105380040090e-03 0.000000000000000e+00 3.234505519797261e-03 1.738588249191025e-03 7.211155257533868e-04 0.000000000000000e+00 0.000000000000000e+00 4.753658668771887e-04 0.000000000000000e+00 0.000000000000000e+00 1.987340753543882e-03 0.000000000000000e+00 0.000000000000000e+00 0.000000000000000e+00 0.000000000000000e+00 6.593130139558257e-04 0.000000000000000e+00 3.195720879022735e-04 0.000000000000000e+00 1.232194523603405e-03 4.171904653939092e-04 0.000000000000000e+00 5.138695400582909e-04 
2.593799419334517e-03 3.056456840238639e-03 4.541647361464780e-03 4.795010299379403e-03 0.000000000000000e+00 0.000000000000000e+00 2.126880913938697e-03 0.000000000000000e+00 0.000000000000000e+00 0.000000000000000e+00 4.576713516672135e-03 0.000000000000000e+00 0.000000000000000e+00 0.000000000000000e+00 0.000000000000000e+00 3.870797191161981e-04 4.579537975220156e-03 0.000000000000000e+00 2.208378212085194e-03 4.429274253997884e-03 3.936203356498657e-05 3.654723395847302e-03 0.000000000000000e+00 0.000000000000000e+00 1.656991106683665e-03 
0.000000000000000e+00 1.235534270971462e-04 3.753958045097651e-03 0.000000000000000e+00 0.000000000000000e+00 8.573015330978415e-04 4.817030243609132e-03 0.000000000000000e+00 9.449582576879467e-04 0.000000000000000e+00 3.477410417025715e-03 0.000000000000000e+00 0.000000000000000e+00 0.000000000000000e+00 0.000000000000000e+00 3.120610816872068e-03 4.782425281763569e-03 4.460676359709999e-04 4.365538594277046e-03 0.000000000000000e+00 0.000000000000000e+00 0.000000000000000e+00 3.305201401101509e-03 0.000000000000000e+00 0.000000000000000e+00 
4.479998938213693e-03 0.000000000000000e+00 8.981017471328376e-04 2.619228692487323e-03 1.500779990143998e-04 0.000000000000000e+00 0.000000000000000e+00 0.000000000000000e+00 4.510228852606077e-04 3.592144806019067e-03 1.855866045508381e-03 0.000000000000000e+00 1.635798031969052e-03 0.000000000000000e+00 4.192199047740523e-03 3.480315128672906e-03 0.000000000000000e+00 3.229781232018629e-03 0.000000000000000e+00 0.000000000000000e+00 0.000000000000000e+00 1.726318421046597e-05 3.445655484726634e-03 1.512415827521825e-03 0.000000000000000e+00 
9.131988889399998e-05 0.000000000000000e+00 4.940999180370583e-03 0.000000000000000e+00 2.568644718099917e-03 3.762343305199935e-03 4.766349775128678e-03 2.078048706638286e-03 0.000000000000000e+00 0.000000000000000e+00 0.000000000000000e+00 6.784230204354043e-04 0.000000000000000e+00 6.929313532711545e-04 3.600966033287894e-04 5.148327370111778e-04 4.876424587893603e-05 2.310694916791142e-03 0.000000000000000e+00 0.000000000000000e+00 1.880729842898068e-04 0.000000000000000e+00 3.051306776524336e-03 4.827229368937032e-03 0.000000000000000e+00 
0.000000000000000e+00 0.000000000000000e+00 0.000000000000000e+00 1.050406672645852e-03 0.000000000000000e+00 4.160483035610957e-03 0.000000000000000e+00 2.914216112375835e-03 2.285697986641975e-03 1.883423320905135e-03 1.262544358790703e-03 2.925753054933418e-03 0.000000000000000e+00 2.978055752481876e-03 0.000000000000000e+00 0.000000000000000e+00 3.350983711801855e-03 0.000000000000000e+00 3.053056098923467e-03 0.000000000000000e+00 4.011488923170478e-03 0.000000000000000e+00 0.000000000000000e+00 0.000000000000000e+00 1.203547068705279e-03 
0.000000000000000e+00 2.387910586398059e-03 1.769116980601296e-03 0.000000000000000e+00 4.491395674659790e-03 8.998888983132149e-04 0.000000000000000e+00 2.926842763255225e-03 0.000000000000000e+00 3.120554812057922e-03 0.000000000000000e+00 3.383358512261007e-03 0.000000000000000e+00 2.493719830172182e-03 1.098456554186999e-03 0.000000000000000e+00 0.000000000000000e+00 2.699805091188814e-03 2.953817890837634e-04 0.000000000000000e+00 0.000000000000000e+00 0.000000000000000e+00 4.599152352169172e-03 0.000000000000000e+00 0.000000000000000e+00 
2.713052419314284e-03 0.000000000000000e+00 3.617631853756808e-03 0.000000000000000e+00 0.000000000000000e+00 0.000000000000000e+00 1.531432219574854e-03 3.576299601032006e-03 0.000000000000000e+00 1.834642217814271e-03 3.147390972317926e-04 4.331753197920366e-04 0.000000000000000e+00 0.000000000000000e+00 0.000000000000000e+00 0.000000000000000e+00 4.765329451739694e-04 0.000000000000000e+00 0.000000000000000e+00 0.000000000000000e+00 0.000000000000000e+00 0.000000000000000e+00 0.000000000000000e+00 1.999816626031257e-03 2.347719550344863e-03 
3.470797378854932e-04 0.000000000000000e+00 0.000000000000000e+00 0.000000000000000e+00 1.109971242757456e-03 1.210956549770879e-03 3.049447719995916e-03 4.964481778598138e-04 0.000000000000000e+00 4.817980971267208e-03 2.928122633665322e-03 4.879824339413900e-03 2.628974986995950e-03 1.590545776782721e-03 0.000000000000000e+00 0.000000000000000e+00 0.000000000000000e+00 0.000000000000000e+00 0.000000000000000e+00 0.000000000000000e+00 3.340329226361584e-03 0.000000000000000e+00 2.452833932778529e-03 0.000000000000000e+00 2.499008426169458e-03 
0.000000000000000e+00 0.000000000000000e+00 4.851551197578784e-03 3.453240916504233e-03 1.019684622759589e-03 3.224929488637959e-03 0.000000000000000e+00 4.024996390888270e-03 9.349848147891517e-04 8.659926784675960e-04 0.000000000000000e+00 2.421093290907510e-03 1.122570975273600e-03 0.000000000000000e+00 4.894853067979887e-03 0.000000000000000e+00 0.000000000000000e+00 0.000000000000000e+00 2.119923211060809e-03 0.000000000000000e+00 0.000000000000000e+00 0.000000000000000e+00 2.339047822792758e-03 0.000000000000000e+00 2.205967248013590e-03 
1.388553776984886e-04 0.000000000000000e+00 4.000771630614932e-03 1.076566854497132e-03 0.000000000000000e+00 2.723898893420267e-03 1.791022303696494e-04 0.000000000000000e+00 1.490269165331667e-03 0.000000000000000e+00 0.000000000000000e+00 2.317979455623963e-03 0.000000000000000e+00 2.128109742459572e-04 0.000000000000000e+00 0.000000000000000e+00 0.000000000000000e+00 4.292273714624315e-03 0.000000000000000e+00 1.159719210686203e-03 1.571709332609491e-03 0.000000000000000e+00 1.440612688775897e-03 2.659071349297015e-03 3.779167081185699e-03 