# File created on Fri May 17 15:41:58 2024
# The following metaparameters were used for this matrix optimization : gamma0 = 0.5; alpha0 = 0; sigma0 = 0.25; l0 = 1;p = 1; R0 = 1; S0 = 0.05; NR = 25; NS = 25; matrix path = matrices/Nr25_Nc25/consumption/RandTrix_Nr25_Nc25_Nest0.45_Conn0.424.txt; convergence threshold = 1e-08
2.884563824322721e-03 3.453023325187492e-03 2.724340652574104e-03 0.000000000000000e+00 0.000000000000000e+00 4.117135639416295e-03 3.701911920846143e-03 2.614830276134373e-03 0.000000000000000e+00 0.000000000000000e+00 1.053910950864012e-03 1.137052009056152e-04 0.000000000000000e+00 0.000000000000000e+00 0.000000000000000e+00 2.817190326459090e-03 0.000000000000000e+00 3.117101714220724e-03 0.000000000000000e+00 3.954407529669111e-04 0.000000000000000e+00 3.306221372593345e-03 0.000000000000000e+00 0.000000000000000e+00 0.000000000000000e+00 
3.147959347367883e-05 2.725408189344044e-03 0.000000000000000e+00 0.000000000000000e+00 1.807887348993829e-03 0.000000000000000e+00 1.125141515237830e-03 4.181524019272488e-03 0.000000000000000e+00 0.000000000000000e+00 0.000000000000000e+00 0.000000000000000e+00 0.000000000000000e+00 1.465136158191870e-03 0.000000000000000e+00 0.000000000000000e+00 1.068906808286656e-03 1.777188559175582e-03 0.000000000000000e+00 0.000000000000000e+00 1.623351538134599e-03 0.000000000000000e+00 0.000000000000000e+00 0.000000000000000e+00 0.000000000000000e+00 
0.000000000000000e+00 0.000000000000000e+00 2.980343154748788e-03 0.000000000000000e+00 0.000000000000000e+00 7.792623668049851e-04 0.000000000000000e+00 3.653799926463402e-03 2.720601671207016e-03 1.416190345853098e-03 0.000000000000000e+00 7.136602093114266e-05 0.000000000000000e+00 4.011240498946769e-03 4.082845501001147e-03 4.550284193693324e-03 7.248667046176822e-04 0.000000000000000e+00 0.000000000000000e+00 2.366835958872835e-03 4.382087368609311e-03 2.144282779053266e-03 4.966012834177163e-03 0.000000000000000e+00 0.000000000000000e+00 
1.800474821370746e-03 3.308285505912609e-03 4.685420663611590e-03 0.000000000000000e+00 0.000000000000000e+00 7.263411751453203e-04 7.624119019667686e-04 0.000000000000000e+00 0.000000000000000e+00 0.000000000000000e+00 0.000000000000000e+00 0.000000000000000e+00 4.811864661928765e-03 0.000000000000000e+00 1.798956530830908e-03 0.000000000000000e+00 0.000000000000000e+00 2.769606678119911e-03 0.000000000000000e+00 0.000000000000000e+00 0.000000000000000e+00 0.000000000000000e+00 0.000000000000000e+00 0.000000000000000e+00 4.700529755467298e-03 
1.300444186235435e-03 0.000000000000000e+00 0.000000000000000e+00 1.176290741158672e-03 4.045324461591659e-03 0.000000000000000e+00 0.000000000000000e+00 1.496468740671439e-03 0.000000000000000e+00 0.000000000000000e+00 2.256544304404354e-03 3.832244852722919e-03 0.000000000000000e+00 0.000000000000000e+00 7.491418676452116e-04 4.257003264777631e-03 4.669971013676572e-03 0.000000000000000e+00 0.000000000000000e+00 0.000000000000000e+00 4.591252803757787e-03 0.000000000000000e+00 0.000000000000000e+00 8.018737547096770e-04 2.628315037324220e-03 
0.000000000000000e+00 8.877571242607850e-04 3.726151271748342e-03 3.787200674543816e-03 2.352354812643716e-03 4.606123745084760e-05 0.000000000000000e+00 1.491609293505192e-03 4.250044625444381e-03 0.000000000000000e+00 4.218912090723076e-03 0.000000000000000e+00 2.536431911974175e-04 2.503584652695247e-03 3.006326639544264e-04 0.000000000000000e+00 0.000000000000000e+00 0.000000000000000e+00 0.000000000000000e+00 0.000000000000000e+00 3.058836992771000e-03 1.158473820842482e-03 0.000000000000000e+00 0.000000000000000e+00 2.051038175802599e-03 
3.909725482330440e-03 0.000000000000000e+00 1.005840468264290e-03 0.000000000000000e+00 4.549327475379466e-03 3.714915811170338e-03 0.000000000000000e+00 0.000000000000000e+00 3.385113215714831e-03 0.000000000000000e+00 0.000000000000000e+00 3.492875145840878e-03 1.643051998973490e-03 0.000000000000000e+00 0.000000000000000e+00 0.000000000000000e+00 0.000000000000000e+00 0.000000000000000e+00 0.000000000000000e+00 0.000000000000000e+00 4.846721808481964e-03 0.000000000000000e+00 2.741717024242608e-04 0.000000000000000e+00 2.077765084238924e-03 
0.000000000000000e+00 0.000000000000000e+00 2.053492914644195e-03 0.000000000000000e+00 2.367622875809468e-03 0.000000000000000e+00 0.000000000000000e+00 0.000000000000000e+00 1.724755683659148e-03 0.000000000000000e+00 0.000000000000000e+00 0.000000000000000e+00 0.000000000000000e+00 0.000000000000000e+00 3.469916639067166e-03 2.948803223345973e-03 3.551561036682707e-03 1.386388715801920e-03 0.000000000000000e+00 4.798498932681469e-03 1.318813220073902e-03 2.277526095418938e-03 2.625705717933495e-03 4.533642730297886e-03 0.000000000000000e+00 
0.000000000000000e+00 2.495561620236648e-03 3.156118107628274e-03 0.000000000000000e+00 4.279641665722971e-03 4.039682171356402e-03 3.375650645161507e-03 0.000000000000000e+00 1.834204203485362e-03 0.000000000000000e+00 3.045218660483465e-03 0.000000000000000e+00 0.000000000000000e+00 1.936500281591705e-04 1.257576031567957e-03 0.000000000000000e+00 0.000000000000000e+00 0.000000000000000e+00 3.123297033433116e-03 0.000000000000000e+00 4.007985054115707e-03 4.675734027172183e-03 0.000000000000000e+00 0.000000000000000e+00 0.000000000000000e+00 
0.000000000000000e+00 0.000000000000000e+00 0.000000000000000e+00 0.000000000000000e+00 0.000000000000000e+00 0.000000000000000e+00 0.000000000000000e+00 2.822635555223589e-04 0.000000000000000e+00 2.074829104528836e-03 0.000000000000000e+00 0.000000000000000e+00 3.270753309189696e-03 8.389871236139923e-04 0.000000000000000e+00 0.000000000000000e+00 0.000000000000000e+00 4.400872978176263e-03 3.927504049890177e-03 4.125502581509126e-03 4.198829744871561e-03 1.278475047238313e-03 0.000000000000000e+00 7.457770352837552e-04 0.000000000000000e+00 
3.728899644253368e-03 4.316918033568661e-03 0.000000000000000e+00 4.035312449221543e-03 0.000000000000000e+00 2.462626805482132e-04 0.000000000000000e+00 0.000000000000000e+00 3.852354097738068e-03 0.000000000000000e+00 0.000000000000000e+00 0.000000000000000e+00 0.000000000000000e+00 3.404552517083797e-03 1.085915007977922e-03 3.907600368047201e-03 1.833452648814441e-03 2.123193815834671e-03 2.861883100986616e-03 4.345825008113477e-03 0.000000000000000e+00 0.000000000000000e+00 0.000000000000000e+00 4.581271134736841e-03 0.000000000000000e+00 
9.686995548213823e-04 1.005083997883949e-03 2.526242338728921e-03 0.000000000000000e+00 0.000000000000000e+00 3.322749251743592e-03 1.288723486126070e-03 3.244980503437839e-04 0.000000000000000e+00 0.000000000000000e+00 0.000000000000000e+00 5.435824408542015e-04 0.000000000000000e+00 0.000000000000000e+00 7.390206735368031e-05 3.879347436595520e-03 1.695114320462891e-03 0.000000000000000e+00 6.798697725528786e-04 4.822609093275275e-03 2.898422918093733e-03 4.470974895640384e-03 4.991048715458751e-04 0.000000000000000e+00 3.762041065313502e-03 
0.000000000000000e+00 0.000000000000000e+00 3.683720410940946e-03 8.924973441193311e-04 1.925554777835465e-03 0.000000000000000e+00 2.430184098907827e-03 3.833192407135621e-03 0.000000000000000e+00 0.000000000000000e+00 0.000000000000000e+00 1.351158508935598e-03 0.000000000000000e+00 3.006066865980056e-03 3.541754781913300e-03 2.274246151525424e-03 0.000000000000000e+00 3.447958151588904e-03 0.000000000000000e+00 0.000000000000000e+00 3.269947418609177e-03 0.000000000000000e+00 0.000000000000000e+00 0.000000000000000e+00 8.181238439241904e-04 
0.000000000000000e+00 0.000000000000000e+00 0.000000000000000e+00 0.000000000000000e+00 3.193880645788352e-04 0.000000000000000e+00 4.962362129412375e-03 1.040046977037411e-03 0.000000000000000e+00 1.124502516470018e-03 0.000000000000000e+00 2.088960254260018e-03 0.000000000000000e+00 8.569097749803496e-04 0.000000000000000e+00 0.000000000000000e+00 3.109424547658824e-03 7.132687843107717e-04 0.000000000000000e+00 0.000000000000000e+00 9.648393692942198e-04 0.000000000000000e+00 4.714015893403810e-03 3.678553791619045e-03 0.000000000000000e+00 
1.643801925220122e-03 2.226636950707910e-03 4.983064828196824e-03 7.728185880484357e-04 0.000000000000000e+00 0.000000000000000e+00 1.547016556621291e-03 3.543094432397729e-03 5.115135521283103e-04 4.144607531466171e-03 1.153778493242961e-04 2.888244931231741e-03 3.137127245793799e-03 0.000000000000000e+00 4.065068446575818e-03 0.000000000000000e+00 4.519826933722189e-03 0.000000000000000e+00 4.447463641047872e-03 0.000000000000000e+00 0.000000000000000e+00 0.000000000000000e+00 8.936932295740987e-04 2.798060364169574e-04 0.000000000000000e+00 
0.000000000000000e+00 0.000000000000000e+00 1.546535072116637e-03 4.984168456895789e-03 0.000000000000000e+00 0.000000000000000e+00 2.931106788367918e-03 2.239840216378195e-03 1.429001894132311e-03 0.000000000000000e+00 0.000000000000000e+00 2.052778244440940e-03 2.498377575466990e-03 4.222536563350820e-03 0.000000000000000e+00 3.404346177026717e-03 4.708329860931719e-03 3.712105700463891e-03 0.000000000000000e+00 0.000000000000000e+00 0.000000000000000e+00 4.039212270950142e-03 0.000000000000000e+00 0.000000000000000e+00 4.779874526156487e-04 
0.000000000000000e+00 0.000000000000000e+00 2.186260781174930e-03 0.000000000000000e+00 4.988220586540873e-03 0.000000000000000e+00 0.000000000000000e+00 1.300719540164818e-03 0.000000000000000e+00 2.755982993145952e-03 0.000000000000000e+00 1.876099887994291e-03 2.113448828735826e-03 0.000000000000000e+00 0.000000000000000e+00 1.294757338562209e-03 0.000000000000000e+00 2.432001970603688e-03 0.000000000000000e+00 1.091737106323813e-03 4.986741517340174e-03 3.044870745447499e-03 0.000000000000000e+00 1.090364388590915e-03 0.000000000000000e+00 
0.000000000000000e+00 1.550497010271760e-03 2.149883413015654e-03 4.983122255044270e-03 0.000000000000000e+00 4.567721562362947e-03 4.284025472007297e-03 0.000000000000000e+00 8.635759219274536e-04 1.214740280802199e-03 3.520505960502744e-03 0.000000000000000e+00 0.000000000000000e+00 3.625921913670671e-03 9.869484204830623e-04 0.000000000000000e+00 0.000000000000000e+00 0.000000000000000e+00 1.864705374848234e-03 0.000000000000000e+00 0.000000000000000e+00 0.000000000000000e+00 4.014728209086296e-03 4.342562122137288e-03 2.362238937301812e-03 
6.160583641081516e-05 0.000000000000000e+00 0.000000000000000e+00 0.000000000000000e+00 0.000000000000000e+00 1.805236482207139e-03 0.000000000000000e+00 3.913300313100510e-03 0.000000000000000e+00 0.000000000000000e+00 0.000000000000000e+00 0.000000000000000e+00 0.000000000000000e+00 1.171541659210635e-03 1.833702935873491e-05 0.000000000000000e+00 0.000000000000000e+00 0.000000000000000e+00 0.000000000000000e+00 1.711190769982659e-04 1.829239381286471e-03 0.000000000000000e+00 1.742440934855091e-06 4.904828468953644e-03 0.000000000000000e+00 
0.000000000000000e+00 0.000000000000000e+00 0.000000000000000e+00 4.097518614034478e-03 0.000000000000000e+00 3.892135462346250e-03 0.000000000000000e+00 2.910861144199227e-03 0.000000000000000e+00 4.418997879215515e-03 0.000000000000000e+00 0.000000000000000e+00 2.467907938998212e-03 2.879167184909191e-03 3.456161564510792e-03 2.559518111678698e-03 0.000000000000000e+00 0.000000000000000e+00 4.686391942309710e-03 2.065831093547134e-03 0.000000000000000e+00 0.000000000000000e+00 0.000000000000000e+00 4.621316929589000e-03 3.584785092266369e-03 
0.000000000000000e+00 0.000000000000000e+00 0.000000000000000e+00 1.064110869130783e-03 0.000000000000000e+00 0.000000000000000e+00 0.000000000000000e+00 0.000000000000000e+00 0.000000000000000e+00 1.263150932927682e-03 0.000000000000000e+00 2.082102150861664e-03 0.000000000000000e+00 2.716233299231817e-03 4.627765397922271e-03 1.056408639458891e-03 0.000000000000000e+00 3.501617842248599e-03 4.700394774834530e-03 0.000000000000000e+00 1.253345365427126e-03 0.000000000000000e+00 0.000000000000000e+00 0.000000000000000e+00 0.000000000000000e+00 
0.000000000000000e+00 0.000000000000000e+00 0.000000000000000e+00 4.180874201073350e-03 0.000000000000000e+00 2.961082244744937e-03 1.654390033095307e-03 0.000000000000000e+00 0.000000000000000e+00 2.227270574676632e-03 4.214861773176056e-03 0.000000000000000e+00 0.000000000000000e+00 0.000000000000000e+00 0.000000000000000e+00 1.829990262184489e-03 0.000000000000000e+00 0.000000000000000e+00 2.568112731489226e-05 1.881467178661978e-03 0.000000000000000e+00 8.618295352270073e-04 8.117687085808911e-05 1.353353498052712e-03 0.000000000000000e+00 
0.000000000000000e+00 0.000000000000000e+00 1.163173637994614e-03 3.717135118618235e-03 0.000000000000000e+00 2.355130245063151e-03 1.861189305208965e-03 3.361909390412694e-03 0.000000000000000e+00 0.000000000000000e+00 0.000000000000000e+00 4.742305792045936e-03 0.000000000000000e+00 0.000000000000000e+00 3.589565056488068e-03 1.246026914905004e-03 2.853344700292341e-03 0.000000000000000e+00 2.945356496789501e-04 3.371618640273562e-03 0.000000000000000e+00 1.626168272469727e-03 0.000000000000000e+00 3.673689871821717e-04 6.975342706571047e-05 
0.000000000000000e+00 3.200979148429461e-03 3.187314110813734e-03 5.309790501441952e-04 0.000000000000000e+00 5.285156336017874e-04 4.659189869690963e-03 0.000000000000000e+00 4.674954054139710e-03 1.946869995421657e-03 0.000000000000000e+00 0.000000000000000e+00 0.000000000000000e+00 4.736430551690457e-03 0.000000000000000e+00 0.000000000000000e+00 0.000000000000000e+00 3.655032371507439e-03 0.000000000000000e+00 4.647480390277544e-03 0.000000000000000e+00 2.372493380905580e-03 2.238553981094421e-03 0.000000000000000e+00 0.000000000000000e+00 
0.000000000000000e+00 8.575776998397177e-05 0.000000000000000e+00 0.000000000000000e+00 0.000000000000000e+00 0.000000000000000e+00 0.000000000000000e+00 3.093542569824210e-03 0.000000000000000e+00 4.560935288873429e-03 3.893154127640235e-03 3.258873496904762e-03 0.000000000000000e+00 4.264426941409440e-03 0.000000000000000e+00 0.000000000000000e+00 2.414957635687095e-03 3.616086560711145e-03 1.163852822918189e-03 1.084803467139767e-03 0.000000000000000e+00 0.000000000000000e+00 6.070851380107684e-04 0.000000000000000e+00 2.128104919748756e-03 