# File created on Tue Apr 30 09:40:15 2024
# The following metaparameters were used for this matrix optimization : gamma0 = 0.5; alpha0 = 0; sigma0 = 0.25; l0 = 1;p = 1; R0 = 1; S0 = 0.05; NR = 25; NS = 25; matrix path = matrices/Nr25_Nc25/consumption/RandTrix_Nr25_Nc25_Nest0.3_Conn0.2272.txt; convergence threshold = 1e-08
0.000000000000000e+00 3.809726900079813e-01 0.000000000000000e+00 5.563949139610861e-01 3.935242263291344e-01 4.951941092632641e-01 0.000000000000000e+00 7.190941665680446e-01 0.000000000000000e+00 0.000000000000000e+00 0.000000000000000e+00 0.000000000000000e+00 0.000000000000000e+00 0.000000000000000e+00 0.000000000000000e+00 1.073906994956920e-01 3.583560687091183e-01 6.795579155715457e-01 1.914203236148974e-01 1.368879933307053e-01 0.000000000000000e+00 0.000000000000000e+00 0.000000000000000e+00 0.000000000000000e+00 0.000000000000000e+00 
0.000000000000000e+00 5.805453185635944e-01 6.594672062726792e-01 0.000000000000000e+00 2.621835772357184e-01 0.000000000000000e+00 0.000000000000000e+00 0.000000000000000e+00 0.000000000000000e+00 3.886639457781572e-01 0.000000000000000e+00 0.000000000000000e+00 0.000000000000000e+00 1.229208902378703e+00 0.000000000000000e+00 0.000000000000000e+00 2.752468748020935e-03 0.000000000000000e+00 0.000000000000000e+00 0.000000000000000e+00 0.000000000000000e+00 7.351673409488083e-01 0.000000000000000e+00 0.000000000000000e+00 0.000000000000000e+00 
0.000000000000000e+00 0.000000000000000e+00 4.734247092291213e-01 0.000000000000000e+00 1.572170900083340e-01 8.816072573677983e-01 0.000000000000000e+00 0.000000000000000e+00 0.000000000000000e+00 1.703313519457456e-01 0.000000000000000e+00 5.091602843801364e-01 0.000000000000000e+00 0.000000000000000e+00 5.824315349484208e-01 4.093339140736130e-01 8.979821110772094e-02 0.000000000000000e+00 0.000000000000000e+00 4.295230661906789e-01 0.000000000000000e+00 0.000000000000000e+00 0.000000000000000e+00 0.000000000000000e+00 0.000000000000000e+00 
0.000000000000000e+00 0.000000000000000e+00 0.000000000000000e+00 3.293427443139774e-01 0.000000000000000e+00 0.000000000000000e+00 8.641155917642560e-01 0.000000000000000e+00 0.000000000000000e+00 5.026966953920072e-01 0.000000000000000e+00 0.000000000000000e+00 0.000000000000000e+00 0.000000000000000e+00 5.512815945581370e-01 4.986280272837403e-01 1.041067011370484e+00 0.000000000000000e+00 0.000000000000000e+00 0.000000000000000e+00 0.000000000000000e+00 0.000000000000000e+00 0.000000000000000e+00 0.000000000000000e+00 0.000000000000000e+00 
3.947099063215815e-01 0.000000000000000e+00 0.000000000000000e+00 5.395829147982034e-01 0.000000000000000e+00 0.000000000000000e+00 0.000000000000000e+00 6.970780804986485e-01 0.000000000000000e+00 8.888573737583341e-01 3.098703990964007e-01 0.000000000000000e+00 0.000000000000000e+00 0.000000000000000e+00 0.000000000000000e+00 0.000000000000000e+00 0.000000000000000e+00 0.000000000000000e+00 0.000000000000000e+00 0.000000000000000e+00 6.088366427990607e-02 0.000000000000000e+00 5.198609115912926e-01 0.000000000000000e+00 0.000000000000000e+00 
7.919950703058798e-01 0.000000000000000e+00 4.700749481938438e-01 0.000000000000000e+00 0.000000000000000e+00 0.000000000000000e+00 0.000000000000000e+00 1.330583960284150e+00 0.000000000000000e+00 5.333476333581845e-01 0.000000000000000e+00 0.000000000000000e+00 0.000000000000000e+00 0.000000000000000e+00 0.000000000000000e+00 0.000000000000000e+00 0.000000000000000e+00 0.000000000000000e+00 0.000000000000000e+00 0.000000000000000e+00 0.000000000000000e+00 0.000000000000000e+00 1.092699856740176e+00 0.000000000000000e+00 0.000000000000000e+00 
0.000000000000000e+00 7.794957125498205e-01 3.118456882012518e-01 0.000000000000000e+00 2.683272041967568e-01 0.000000000000000e+00 0.000000000000000e+00 1.248017916563652e-01 0.000000000000000e+00 5.477529814733276e-01 5.058733942647436e-01 0.000000000000000e+00 5.227351198337733e-01 0.000000000000000e+00 0.000000000000000e+00 0.000000000000000e+00 2.085338883367160e-01 0.000000000000000e+00 0.000000000000000e+00 7.657082481710856e-02 0.000000000000000e+00 0.000000000000000e+00 0.000000000000000e+00 0.000000000000000e+00 0.000000000000000e+00 
0.000000000000000e+00 0.000000000000000e+00 4.563254410696539e-01 0.000000000000000e+00 0.000000000000000e+00 0.000000000000000e+00 0.000000000000000e+00 7.033566156129030e-01 4.337539199868143e-01 0.000000000000000e+00 0.000000000000000e+00 0.000000000000000e+00 0.000000000000000e+00 0.000000000000000e+00 1.386155923373307e-01 1.866742152943207e-01 0.000000000000000e+00 0.000000000000000e+00 0.000000000000000e+00 0.000000000000000e+00 0.000000000000000e+00 2.635645027864632e-01 0.000000000000000e+00 1.356213638184525e+00 0.000000000000000e+00 
3.921626952206042e-01 0.000000000000000e+00 0.000000000000000e+00 2.880763042308268e-01 0.000000000000000e+00 0.000000000000000e+00 0.000000000000000e+00 4.385354420590285e-01 7.092468345429911e-01 0.000000000000000e+00 3.609780286715778e-01 6.356624658362983e-01 0.000000000000000e+00 0.000000000000000e+00 0.000000000000000e+00 0.000000000000000e+00 0.000000000000000e+00 0.000000000000000e+00 0.000000000000000e+00 0.000000000000000e+00 5.249081098019601e-01 0.000000000000000e+00 0.000000000000000e+00 0.000000000000000e+00 0.000000000000000e+00 
3.888078904768060e-01 1.601962925789163e-01 0.000000000000000e+00 0.000000000000000e+00 0.000000000000000e+00 0.000000000000000e+00 3.709310248011970e-01 0.000000000000000e+00 0.000000000000000e+00 0.000000000000000e+00 0.000000000000000e+00 0.000000000000000e+00 7.897106639367102e-01 1.423255107276744e-01 0.000000000000000e+00 3.462348940473612e-01 4.064627969747485e-01 0.000000000000000e+00 0.000000000000000e+00 0.000000000000000e+00 0.000000000000000e+00 0.000000000000000e+00 0.000000000000000e+00 0.000000000000000e+00 0.000000000000000e+00 
5.540544467212215e-01 0.000000000000000e+00 7.225115273968879e-01 1.303655293271398e-01 9.405312106013546e-01 0.000000000000000e+00 0.000000000000000e+00 0.000000000000000e+00 0.000000000000000e+00 0.000000000000000e+00 0.000000000000000e+00 0.000000000000000e+00 0.000000000000000e+00 0.000000000000000e+00 0.000000000000000e+00 0.000000000000000e+00 0.000000000000000e+00 0.000000000000000e+00 0.000000000000000e+00 0.000000000000000e+00 0.000000000000000e+00 2.034674163366738e-01 0.000000000000000e+00 4.474373438017209e-01 0.000000000000000e+00 
2.881065348292315e-01 0.000000000000000e+00 0.000000000000000e+00 0.000000000000000e+00 2.099816394061346e-01 0.000000000000000e+00 0.000000000000000e+00 0.000000000000000e+00 0.000000000000000e+00 0.000000000000000e+00 5.313632865934035e-01 4.754126920461415e-01 0.000000000000000e+00 0.000000000000000e+00 6.760926990165153e-01 2.714973896709601e-01 0.000000000000000e+00 0.000000000000000e+00 0.000000000000000e+00 9.858253937317464e-01 6.082799644129564e-01 0.000000000000000e+00 3.723017501060169e-01 0.000000000000000e+00 0.000000000000000e+00 
0.000000000000000e+00 4.737654129265941e-01 0.000000000000000e+00 2.051380970823215e-01 5.478184686378048e-01 0.000000000000000e+00 0.000000000000000e+00 0.000000000000000e+00 5.911246170585387e-01 0.000000000000000e+00 0.000000000000000e+00 0.000000000000000e+00 0.000000000000000e+00 0.000000000000000e+00 0.000000000000000e+00 0.000000000000000e+00 0.000000000000000e+00 0.000000000000000e+00 0.000000000000000e+00 0.000000000000000e+00 0.000000000000000e+00 0.000000000000000e+00 0.000000000000000e+00 4.372421219851802e-01 6.863324869743505e-01 
0.000000000000000e+00 0.000000000000000e+00 0.000000000000000e+00 0.000000000000000e+00 6.103338291831012e-01 2.090565561010683e-01 3.474872995994469e-01 0.000000000000000e+00 0.000000000000000e+00 0.000000000000000e+00 0.000000000000000e+00 0.000000000000000e+00 0.000000000000000e+00 0.000000000000000e+00 0.000000000000000e+00 8.407321272917833e-01 0.000000000000000e+00 0.000000000000000e+00 0.000000000000000e+00 0.000000000000000e+00 0.000000000000000e+00 0.000000000000000e+00 4.648944602734372e-01 4.359583544754221e-01 0.000000000000000e+00 
0.000000000000000e+00 0.000000000000000e+00 0.000000000000000e+00 0.000000000000000e+00 0.000000000000000e+00 5.512178641132783e-01 0.000000000000000e+00 0.000000000000000e+00 2.075047612183894e-01 0.000000000000000e+00 0.000000000000000e+00 3.713109198430588e-01 0.000000000000000e+00 0.000000000000000e+00 4.899354511463599e-01 0.000000000000000e+00 6.532346684001128e-01 0.000000000000000e+00 0.000000000000000e+00 0.000000000000000e+00 0.000000000000000e+00 0.000000000000000e+00 0.000000000000000e+00 6.456357425541847e-01 0.000000000000000e+00 
0.000000000000000e+00 0.000000000000000e+00 0.000000000000000e+00 0.000000000000000e+00 8.002382873394658e-01 7.109150025056434e-01 0.000000000000000e+00 0.000000000000000e+00 5.027440205421390e-01 0.000000000000000e+00 5.572075700389091e-02 0.000000000000000e+00 0.000000000000000e+00 0.000000000000000e+00 0.000000000000000e+00 0.000000000000000e+00 0.000000000000000e+00 0.000000000000000e+00 0.000000000000000e+00 0.000000000000000e+00 0.000000000000000e+00 0.000000000000000e+00 0.000000000000000e+00 6.601718346099358e-01 0.000000000000000e+00 
0.000000000000000e+00 0.000000000000000e+00 5.223599991854978e-01 0.000000000000000e+00 0.000000000000000e+00 0.000000000000000e+00 0.000000000000000e+00 0.000000000000000e+00 3.328261913808449e-01 0.000000000000000e+00 0.000000000000000e+00 0.000000000000000e+00 0.000000000000000e+00 0.000000000000000e+00 4.840735645641954e-01 0.000000000000000e+00 5.239261476034346e-01 0.000000000000000e+00 4.778961635999357e-01 0.000000000000000e+00 0.000000000000000e+00 0.000000000000000e+00 0.000000000000000e+00 0.000000000000000e+00 0.000000000000000e+00 
0.000000000000000e+00 0.000000000000000e+00 4.123719951034836e-01 0.000000000000000e+00 7.697213414246337e-01 0.000000000000000e+00 0.000000000000000e+00 6.018540257720323e-01 0.000000000000000e+00 0.000000000000000e+00 0.000000000000000e+00 3.323231632293886e-01 0.000000000000000e+00 0.000000000000000e+00 0.000000000000000e+00 0.000000000000000e+00 0.000000000000000e+00 0.000000000000000e+00 0.000000000000000e+00 0.000000000000000e+00 0.000000000000000e+00 0.000000000000000e+00 0.000000000000000e+00 0.000000000000000e+00 0.000000000000000e+00 
0.000000000000000e+00 5.443515419584159e-01 0.000000000000000e+00 0.000000000000000e+00 0.000000000000000e+00 0.000000000000000e+00 0.000000000000000e+00 6.019421804548791e-01 0.000000000000000e+00 0.000000000000000e+00 0.000000000000000e+00 0.000000000000000e+00 0.000000000000000e+00 0.000000000000000e+00 0.000000000000000e+00 0.000000000000000e+00 0.000000000000000e+00 4.072225548567920e-02 0.000000000000000e+00 3.217526000922529e-01 0.000000000000000e+00 0.000000000000000e+00 0.000000000000000e+00 0.000000000000000e+00 0.000000000000000e+00 
0.000000000000000e+00 6.554022203555982e-01 0.000000000000000e+00 0.000000000000000e+00 0.000000000000000e+00 0.000000000000000e+00 0.000000000000000e+00 0.000000000000000e+00 0.000000000000000e+00 5.201460304721087e-02 4.325771864907623e-01 0.000000000000000e+00 0.000000000000000e+00 0.000000000000000e+00 0.000000000000000e+00 0.000000000000000e+00 0.000000000000000e+00 3.367581060798856e-01 0.000000000000000e+00 0.000000000000000e+00 0.000000000000000e+00 0.000000000000000e+00 2.177648403458646e-01 0.000000000000000e+00 0.000000000000000e+00 
0.000000000000000e+00 0.000000000000000e+00 4.417876162369682e-01 0.000000000000000e+00 0.000000000000000e+00 5.314151962637269e-01 0.000000000000000e+00 0.000000000000000e+00 0.000000000000000e+00 4.335946312830188e-01 0.000000000000000e+00 0.000000000000000e+00 0.000000000000000e+00 0.000000000000000e+00 0.000000000000000e+00 0.000000000000000e+00 0.000000000000000e+00 0.000000000000000e+00 0.000000000000000e+00 0.000000000000000e+00 0.000000000000000e+00 0.000000000000000e+00 0.000000000000000e+00 0.000000000000000e+00 0.000000000000000e+00 
4.118778191938647e-01 0.000000000000000e+00 0.000000000000000e+00 0.000000000000000e+00 0.000000000000000e+00 3.653266947473140e-03 7.080423961313332e-01 0.000000000000000e+00 0.000000000000000e+00 0.000000000000000e+00 0.000000000000000e+00 0.000000000000000e+00 0.000000000000000e+00 0.000000000000000e+00 0.000000000000000e+00 0.000000000000000e+00 0.000000000000000e+00 0.000000000000000e+00 0.000000000000000e+00 0.000000000000000e+00 6.323760228850459e-01 0.000000000000000e+00 0.000000000000000e+00 0.000000000000000e+00 0.000000000000000e+00 
0.000000000000000e+00 4.229067903131281e-01 0.000000000000000e+00 0.000000000000000e+00 0.000000000000000e+00 0.000000000000000e+00 0.000000000000000e+00 0.000000000000000e+00 0.000000000000000e+00 0.000000000000000e+00 0.000000000000000e+00 0.000000000000000e+00 0.000000000000000e+00 0.000000000000000e+00 0.000000000000000e+00 0.000000000000000e+00 0.000000000000000e+00 0.000000000000000e+00 0.000000000000000e+00 0.000000000000000e+00 0.000000000000000e+00 5.874518040516862e-01 0.000000000000000e+00 0.000000000000000e+00 0.000000000000000e+00 
0.000000000000000e+00 0.000000000000000e+00 0.000000000000000e+00 0.000000000000000e+00 0.000000000000000e+00 0.000000000000000e+00 0.000000000000000e+00 0.000000000000000e+00 0.000000000000000e+00 0.000000000000000e+00 0.000000000000000e+00 0.000000000000000e+00 2.084476077824627e-01 0.000000000000000e+00 0.000000000000000e+00 0.000000000000000e+00 0.000000000000000e+00 0.000000000000000e+00 0.000000000000000e+00 0.000000000000000e+00 0.000000000000000e+00 0.000000000000000e+00 0.000000000000000e+00 0.000000000000000e+00 0.000000000000000e+00 
2.981802110620105e-01 0.000000000000000e+00 0.000000000000000e+00 0.000000000000000e+00 0.000000000000000e+00 0.000000000000000e+00 0.000000000000000e+00 0.000000000000000e+00 0.000000000000000e+00 0.000000000000000e+00 0.000000000000000e+00 0.000000000000000e+00 0.000000000000000e+00 0.000000000000000e+00 0.000000000000000e+00 0.000000000000000e+00 0.000000000000000e+00 0.000000000000000e+00 0.000000000000000e+00 0.000000000000000e+00 1.771018198397558e-01 0.000000000000000e+00 0.000000000000000e+00 0.000000000000000e+00 0.000000000000000e+00 