# # File created on Fri Mar 29 07:45:53 2024
# 
1 0 0 0 0 0 1 1 0 1 1 1 0 0 0 0 1 1 1 1 0 0 0 1 1
1 0 0 0 0 0 0 0 1 0 1 1 1 0 1 0 0 1 1 0 0 0 1 1 1
1 0 1 1 0 1 0 0 0 0 1 1 1 1 1 1 1 1 1 1 1 1 1 0 1
1 1 0 0 1 1 0 0 0 1 1 0 0 0 1 1 1 0 1 0 1 1 1 0 1
0 0 1 1 0 0 1 0 0 0 1 1 1 1 0 0 1 0 0 1 1 1 1 1 1
1 0 0 1 1 1 0 0 1 0 0 0 0 0 0 1 0 0 1 1 1 1 1 0 0
0 1 0 0 0 1 1 0 1 0 1 1 1 1 1 0 0 1 0 1 1 0 1 0 0
0 0 1 1 0 0 1 1 0 0 1 0 0 1 0 1 0 1 0 0 0 1 1 1 1
0 0 1 1 0 1 0 1 0 0 1 1 0 1 0 0 0 1 1 1 1 1 0 1 1
0 1 0 0 1 0 0 0 1 1 1 0 1 0 1 1 1 0 0 0 1 0 0 0 1
1 1 1 1 0 0 1 1 1 0 1 1 1 1 0 1 0 1 1 1 0 0 0 1 0
1 1 0 1 1 0 1 0 1 1 0 1 1 1 1 0 0 1 1 0 0 0 0 0 0
1 1 1 1 0 1 1 1 0 1 1 1 1 0 0 1 1 0 0 0 0 1 0 0 0
0 0 0 1 1 1 1 1 1 1 1 0 0 0 1 1 0 1 0 1 0 1 0 1 0
1 0 0 0 1 0 0 0 0 0 1 0 0 1 1 1 0 1 1 0 1 1 0 0 1
0 1 1 0 0 0 1 1 0 1 1 0 0 1 1 1 1 0 1 0 1 1 0 1 1
0 0 1 0 0 0 1 0 1 1 0 1 0 1 0 1 1 0 1 0 0 1 0 0 0
0 1 0 0 0 1 0 0 1 1 0 1 0 0 1 1 1 1 1 1 1 0 1 0 1
1 1 1 1 0 1 1 1 0 0 0 0 1 0 0 0 1 1 1 1 0 0 1 1 0
1 1 1 0 1 0 1 1 0 1 0 1 1 0 1 1 1 0 1 0 0 1 1 1 0
0 0 0 1 0 1 1 1 1 1 0 0 0 0 0 1 0 1 0 0 1 0 1 1 0
1 1 0 0 0 1 1 1 0 1 0 0 1 0 1 1 0 1 0 0 1 0 0 0 1
0 0 0 1 1 0 0 1 1 1 0 0 1 0 0 0 0 1 1 1 0 0 1 0 0
0 1 1 1 0 1 0 0 1 0 1 0 1 0 0 0 1 0 1 0 1 0 0 0 0
0 1 1 0 1 0 1 1 0 1 1 0 0 0 0 0 0 0 1 1 0 1 1 1 0
