# # File created on Fri May 17 15:41:54 2024
#  # The following metaparameters were used for this matrix optimization : gamma0 = 0.5; alpha0 = 0; sigma0 = 0.25; l0 = 1;p = 1; R0 = 1; S0 = 0.05; NR = 25; NS = 25; matrix path = matrices/Nr25_Nc25/consumption/RandTrix_Nr25_Nc25_Nest0.6_Conn0.12.txt; convergence threshold = 1e-08
# 
0.000000000000000000e+00 0.000000000000000000e+00 0.000000000000000000e+00 4.540943306673046742e-03 0.000000000000000000e+00 0.000000000000000000e+00 1.804574729295660949e-03 0.000000000000000000e+00 3.291531290334736171e-03 2.080487474084671915e-03 7.939317223976255500e-04 1.118575800854049054e-04 4.016979968712007694e-03 4.927749971433118990e-04 0.000000000000000000e+00 0.000000000000000000e+00 0.000000000000000000e+00 3.484380171694816813e-03 1.773350407056545135e-04 4.985614380086295962e-03 0.000000000000000000e+00 0.000000000000000000e+00 0.000000000000000000e+00 0.000000000000000000e+00 0.000000000000000000e+00
7.167416083706109557e-05 1.286863251736177979e-03 0.000000000000000000e+00 4.299556229528429959e-04 0.000000000000000000e+00 0.000000000000000000e+00 1.108444688019460077e-03 2.138040117830275824e-03 0.000000000000000000e+00 0.000000000000000000e+00 0.000000000000000000e+00 2.550260617585892089e-03 0.000000000000000000e+00 7.940716191276528261e-04 9.286910080047041478e-04 0.000000000000000000e+00 1.234443249566987083e-03 1.035448443782336031e-04 0.000000000000000000e+00 5.490259922519477847e-04 0.000000000000000000e+00 3.699985089719372809e-03 2.837926557420051795e-04 0.000000000000000000e+00 2.611576379577844852e-03
4.047268260947257425e-03 0.000000000000000000e+00 0.000000000000000000e+00 0.000000000000000000e+00 2.108404131879763974e-03 0.000000000000000000e+00 0.000000000000000000e+00 0.000000000000000000e+00 1.067302280557164964e-03 3.783457812971392949e-03 0.000000000000000000e+00 0.000000000000000000e+00 0.000000000000000000e+00 0.000000000000000000e+00 0.000000000000000000e+00 0.000000000000000000e+00 0.000000000000000000e+00 7.056010513475881102e-04 0.000000000000000000e+00 0.000000000000000000e+00 0.000000000000000000e+00 0.000000000000000000e+00 0.000000000000000000e+00 0.000000000000000000e+00 1.884301211177023903e-03
0.000000000000000000e+00 0.000000000000000000e+00 1.514139136388507976e-03 0.000000000000000000e+00 4.815535927831502729e-03 0.000000000000000000e+00 0.000000000000000000e+00 2.221452893526831146e-03 0.000000000000000000e+00 7.966891845019760362e-04 4.890991045808699630e-03 4.240711576319762185e-03 0.000000000000000000e+00 2.946442052727963126e-04 0.000000000000000000e+00 1.671970959745131078e-03 0.000000000000000000e+00 0.000000000000000000e+00 0.000000000000000000e+00 4.283207237903921202e-03 3.264191003872150918e-03 1.996656443562052838e-03 4.312515684941948917e-03 1.274121298391717009e-05 2.586375767115798967e-03
3.122304708453719959e-03 3.443018346182857067e-03 0.000000000000000000e+00 3.051474116187660821e-03 3.195223485183936070e-03 0.000000000000000000e+00 2.213335140303666123e-03 0.000000000000000000e+00 2.253605584169570135e-04 4.695266355736051967e-04 4.851403984949624040e-04 0.000000000000000000e+00 2.634967283762597832e-03 0.000000000000000000e+00 0.000000000000000000e+00 1.786388499523082051e-03 8.563177780918089412e-05 2.713743678087572001e-03 0.000000000000000000e+00 0.000000000000000000e+00 3.475088145952025948e-03 0.000000000000000000e+00 1.035436063484701909e-03 0.000000000000000000e+00 0.000000000000000000e+00
0.000000000000000000e+00 0.000000000000000000e+00 0.000000000000000000e+00 9.448773661479884477e-04 4.064110289630561840e-03 0.000000000000000000e+00 2.045815456592894009e-03 2.517191170508600948e-03 0.000000000000000000e+00 2.039026302153551084e-03 3.461385318739695210e-03 0.000000000000000000e+00 0.000000000000000000e+00 3.815267051792020116e-03 1.172704930931416914e-03 2.119318773241092059e-03 0.000000000000000000e+00 2.683311738394584915e-03 0.000000000000000000e+00 3.009672330745589899e-03 3.812290790177919921e-03 1.679858682505817056e-03 0.000000000000000000e+00 1.263386716984634013e-03 0.000000000000000000e+00
0.000000000000000000e+00 0.000000000000000000e+00 0.000000000000000000e+00 0.000000000000000000e+00 1.362120964230192953e-03 0.000000000000000000e+00 0.000000000000000000e+00 3.605568990944447993e-03 3.816454521924765066e-03 0.000000000000000000e+00 3.068492334526586041e-03 0.000000000000000000e+00 3.135392702922741798e-04 0.000000000000000000e+00 4.500026417727540778e-03 0.000000000000000000e+00 0.000000000000000000e+00 4.499786933959750985e-04 0.000000000000000000e+00 0.000000000000000000e+00 0.000000000000000000e+00 0.000000000000000000e+00 4.009601279329414424e-03 3.019032454143521019e-03 4.341673237805696896e-03
4.130284917142745989e-03 0.000000000000000000e+00 2.379187885448222177e-03 0.000000000000000000e+00 3.669093060786068027e-03 0.000000000000000000e+00 6.169622366108700904e-04 9.116117999945676578e-04 3.620449436293873835e-03 0.000000000000000000e+00 0.000000000000000000e+00 0.000000000000000000e+00 2.086522761086279012e-03 0.000000000000000000e+00 4.991304026724974890e-03 4.584104595681385598e-03 0.000000000000000000e+00 0.000000000000000000e+00 0.000000000000000000e+00 0.000000000000000000e+00 0.000000000000000000e+00 3.814644229169452793e-03 0.000000000000000000e+00 4.814174331080804323e-03 1.405445118127633067e-03
2.131222220181917850e-05 0.000000000000000000e+00 0.000000000000000000e+00 2.724604997402371026e-03 2.707634329092116834e-03 0.000000000000000000e+00 4.833365172524080149e-03 0.000000000000000000e+00 2.374979495088643845e-03 3.815349785957967109e-03 0.000000000000000000e+00 3.904177961469876799e-03 4.900120505225838592e-03 0.000000000000000000e+00 1.289719551365147918e-03 4.722127114530579040e-03 0.000000000000000000e+00 4.155860754749001948e-03 2.168538982632927086e-03 0.000000000000000000e+00 3.702966458956468126e-03 0.000000000000000000e+00 4.549491691819906934e-04 0.000000000000000000e+00 3.737441471403470171e-04
4.076328812354497629e-03 0.000000000000000000e+00 0.000000000000000000e+00 0.000000000000000000e+00 0.000000000000000000e+00 7.743103224333134792e-05 0.000000000000000000e+00 1.985422935877181937e-04 3.090390275519956827e-03 0.000000000000000000e+00 0.000000000000000000e+00 1.336249304734700005e-03 2.682455807717162074e-03 0.000000000000000000e+00 3.825996181246983912e-03 3.365794777133087994e-03 0.000000000000000000e+00 0.000000000000000000e+00 0.000000000000000000e+00 0.000000000000000000e+00 6.760057893958436445e-04 0.000000000000000000e+00 0.000000000000000000e+00 8.110018764508070003e-04 0.000000000000000000e+00
3.130337795023490147e-03 8.130339185638234267e-04 2.557569188105319070e-03 1.759088834870725085e-03 3.923370446097166828e-03 0.000000000000000000e+00 3.069434811966142984e-03 1.135292940965017044e-03 6.524101004135320590e-04 0.000000000000000000e+00 0.000000000000000000e+00 0.000000000000000000e+00 2.328513888366017838e-03 0.000000000000000000e+00 0.000000000000000000e+00 0.000000000000000000e+00 0.000000000000000000e+00 0.000000000000000000e+00 2.322540009613579138e-03 5.987939108985158203e-04 3.198738823715325998e-03 4.963070522175074863e-03 0.000000000000000000e+00 0.000000000000000000e+00 3.892253500932483894e-03
7.400147597041318442e-04 2.533908296392925041e-03 3.092875388485411946e-03 3.875763959839031991e-03 7.483234422564391097e-04 4.746251718168390150e-03 0.000000000000000000e+00 5.456941816685144300e-04 2.124767084300825930e-03 8.664503773544641367e-04 6.377125621933072298e-04 2.241228691067222167e-03 4.085768068538533828e-04 4.637661093338203873e-03 4.607176268829045115e-03 0.000000000000000000e+00 4.964293349793429296e-03 0.000000000000000000e+00 0.000000000000000000e+00 0.000000000000000000e+00 0.000000000000000000e+00 0.000000000000000000e+00 0.000000000000000000e+00 0.000000000000000000e+00 0.000000000000000000e+00
1.172651339625271081e-03 0.000000000000000000e+00 0.000000000000000000e+00 0.000000000000000000e+00 4.452300849492434910e-03 0.000000000000000000e+00 1.807985968158552044e-03 1.875153457638474054e-03 0.000000000000000000e+00 0.000000000000000000e+00 4.391322167053232813e-03 2.913519069401880124e-04 0.000000000000000000e+00 0.000000000000000000e+00 0.000000000000000000e+00 4.716501243371362673e-03 0.000000000000000000e+00 0.000000000000000000e+00 4.982557976389572797e-03 1.091761176905002052e-03 2.078857776714666036e-03 2.129691472213183882e-03 9.388057683664522996e-04 4.386316228392484091e-03 0.000000000000000000e+00
2.330615022842164215e-03 0.000000000000000000e+00 0.000000000000000000e+00 0.000000000000000000e+00 3.729298512025411901e-03 1.535832289686260002e-03 4.904415386803598342e-03 0.000000000000000000e+00 0.000000000000000000e+00 0.000000000000000000e+00 2.620710948884647125e-03 0.000000000000000000e+00 2.442182138451831803e-03 2.408936263577669216e-03 4.676679205966913222e-03 1.938346453852316052e-03 0.000000000000000000e+00 2.852731236253457179e-03 1.379655080382434030e-03 3.905228383086720070e-03 0.000000000000000000e+00 4.852121689201399114e-03 7.888329389576335406e-05 2.218393586525110091e-03 0.000000000000000000e+00
0.000000000000000000e+00 0.000000000000000000e+00 0.000000000000000000e+00 4.352890281242165725e-03 4.391819791798048066e-03 2.835050435636738038e-03 4.236519284963261977e-04 0.000000000000000000e+00 1.710534647164233977e-03 7.129260517786867096e-04 2.079539201696400073e-03 0.000000000000000000e+00 0.000000000000000000e+00 0.000000000000000000e+00 4.570888417137447361e-03 0.000000000000000000e+00 2.022295815793663000e-03 4.380473032728236099e-03 2.542114129892283827e-03 2.300643478819231879e-03 7.866230291246930750e-04 0.000000000000000000e+00 2.730043908683995810e-03 0.000000000000000000e+00 0.000000000000000000e+00
0.000000000000000000e+00 7.799524812575794582e-04 5.686468566602098000e-04 0.000000000000000000e+00 3.552798127237426998e-03 4.339792082404427334e-03 0.000000000000000000e+00 2.781190300379222154e-03 0.000000000000000000e+00 0.000000000000000000e+00 5.096607368408599160e-04 2.600978726319331819e-03 2.465904148985322009e-03 1.449541462866387950e-03 3.002984036485690112e-03 0.000000000000000000e+00 3.017398361709527042e-03 3.967619581490448161e-03 1.105596250354283017e-03 0.000000000000000000e+00 1.660289746835989007e-03 4.826880420838935287e-03 1.312376846656470924e-03 0.000000000000000000e+00 0.000000000000000000e+00
0.000000000000000000e+00 1.820691250825863050e-03 9.742788781850034207e-04 0.000000000000000000e+00 2.048645571188709158e-03 2.009348017434230051e-03 0.000000000000000000e+00 4.967876873455225224e-03 4.766372702249267908e-03 1.451037915220401925e-03 1.202277458692539974e-03 1.202546286515236967e-03 0.000000000000000000e+00 0.000000000000000000e+00 3.622417759868493820e-03 2.517042274609112944e-03 1.442611317021036919e-03 3.358459196623370959e-04 0.000000000000000000e+00 0.000000000000000000e+00 0.000000000000000000e+00 0.000000000000000000e+00 0.000000000000000000e+00 2.339259839655808207e-03 0.000000000000000000e+00
3.150405357781752794e-03 0.000000000000000000e+00 2.703738022454822958e-03 4.814473577087638955e-04 1.660779364088087998e-04 1.941806506031114061e-03 0.000000000000000000e+00 4.251857085039205224e-03 4.445496553896622315e-03 0.000000000000000000e+00 0.000000000000000000e+00 0.000000000000000000e+00 0.000000000000000000e+00 0.000000000000000000e+00 0.000000000000000000e+00 4.444068296635688038e-03 0.000000000000000000e+00 0.000000000000000000e+00 0.000000000000000000e+00 0.000000000000000000e+00 0.000000000000000000e+00 0.000000000000000000e+00 0.000000000000000000e+00 0.000000000000000000e+00 2.699866110614161045e-03
1.171575120439885933e-03 1.172630039651823084e-03 2.510289298110072835e-03 1.917261209382192973e-03 0.000000000000000000e+00 2.245639666954677045e-03 0.000000000000000000e+00 3.022809529275161892e-03 3.258996398777910114e-03 0.000000000000000000e+00 0.000000000000000000e+00 7.852761827965268381e-04 3.092232521076649157e-03 1.911178748465518001e-03 0.000000000000000000e+00 0.000000000000000000e+00 1.658381725406668982e-03 2.693539247060968908e-03 3.326829377085008949e-03 4.721621460221278252e-03 1.595357386093387017e-03 3.909868664596070388e-03 0.000000000000000000e+00 0.000000000000000000e+00 0.000000000000000000e+00
0.000000000000000000e+00 0.000000000000000000e+00 0.000000000000000000e+00 0.000000000000000000e+00 0.000000000000000000e+00 3.477018760898020061e-04 4.971378155616407168e-03 0.000000000000000000e+00 4.540779381075132383e-03 0.000000000000000000e+00 2.835205097095983093e-03 2.423110496318645925e-03 2.259259434773082127e-03 0.000000000000000000e+00 0.000000000000000000e+00 3.253104772063267203e-03 1.020109247164736974e-03 1.070717796701969914e-03 0.000000000000000000e+00 0.000000000000000000e+00 3.313820874928057828e-03 0.000000000000000000e+00 0.000000000000000000e+00 0.000000000000000000e+00 4.942690440453753782e-03
0.000000000000000000e+00 0.000000000000000000e+00 0.000000000000000000e+00 4.352315625059844859e-03 1.841442762036587036e-03 0.000000000000000000e+00 0.000000000000000000e+00 2.216486702326219901e-03 0.000000000000000000e+00 1.986635729633162966e-03 3.903224712843770833e-03 6.800426554389292109e-04 0.000000000000000000e+00 4.993560369217492703e-03 1.131089313125269906e-03 4.081623567281662118e-03 3.991775994897775633e-03 0.000000000000000000e+00 0.000000000000000000e+00 4.448586476791932358e-03 0.000000000000000000e+00 3.795086724907940998e-03 0.000000000000000000e+00 0.000000000000000000e+00 1.513032805983586062e-04
0.000000000000000000e+00 8.462783257851490791e-04 0.000000000000000000e+00 0.000000000000000000e+00 0.000000000000000000e+00 1.018486982895943976e-03 0.000000000000000000e+00 3.139011700340208822e-04 1.565198646991288085e-03 0.000000000000000000e+00 0.000000000000000000e+00 2.839454549737543184e-03 0.000000000000000000e+00 0.000000000000000000e+00 1.857354426969117910e-03 0.000000000000000000e+00 0.000000000000000000e+00 1.857277726649445102e-03 2.591178596636082090e-03 1.077989309124329984e-03 0.000000000000000000e+00 0.000000000000000000e+00 1.238493098774085931e-03 0.000000000000000000e+00 0.000000000000000000e+00
0.000000000000000000e+00 0.000000000000000000e+00 2.360645497808312992e-03 2.194351857533379142e-03 7.836274958700472368e-04 0.000000000000000000e+00 3.832473648539356202e-03 0.000000000000000000e+00 0.000000000000000000e+00 2.738352422830491861e-03 4.071598203793576906e-04 0.000000000000000000e+00 3.603288699363852918e-03 4.368645433474588682e-03 0.000000000000000000e+00 2.303352446303725144e-03 0.000000000000000000e+00 0.000000000000000000e+00 0.000000000000000000e+00 3.656495419382176180e-03 0.000000000000000000e+00 0.000000000000000000e+00 6.105989393781119834e-05 0.000000000000000000e+00 0.000000000000000000e+00
0.000000000000000000e+00 0.000000000000000000e+00 0.000000000000000000e+00 0.000000000000000000e+00 0.000000000000000000e+00 0.000000000000000000e+00 0.000000000000000000e+00 3.965347789871506018e-03 2.724655395761404857e-03 0.000000000000000000e+00 1.492057832929705001e-03 0.000000000000000000e+00 0.000000000000000000e+00 2.890147778859633067e-03 8.244928863126127321e-04 0.000000000000000000e+00 0.000000000000000000e+00 3.358206392490215107e-03 0.000000000000000000e+00 3.513341018369372983e-03 5.339242882864908904e-04 7.349293465088601761e-04 3.568128059002250840e-03 4.050175473652957610e-03 4.103376378132899717e-03
0.000000000000000000e+00 1.704523173399089897e-03 4.466699639350762627e-03 5.702266580952816775e-04 0.000000000000000000e+00 4.130414722089226741e-03 0.000000000000000000e+00 3.966946245665453098e-03 0.000000000000000000e+00 7.968401997581001919e-04 2.346093643140713912e-03 0.000000000000000000e+00 1.104276983253848089e-03 0.000000000000000000e+00 0.000000000000000000e+00 0.000000000000000000e+00 0.000000000000000000e+00 4.120801926275192290e-03 9.355816510197154578e-04 0.000000000000000000e+00 0.000000000000000000e+00 3.553207989318819208e-03 3.312877167870030039e-03 1.812968041397003969e-03 1.761143795132645009e-03
