# File created on Mon Apr 29 22:00:54 2024
# The following metaparameters were used for this matrix optimization : gamma0 = 0.5; alpha0 = 0; sigma0 = 0.25; l0 = 1;p = 1; R0 = 1; S0 = 0.05; NR = 25; NS = 25; matrix path = matrices/Nr25_Nc25/consumption/RandTrix_Nr25_Nc25_Nest0.6_Conn0.44.txt; convergence threshold = 1e-08
0.000000000000000e+00 1.050121059895278e+00 5.874547146190866e-01 2.013074052281166e+00 1.053463128327542e+00 6.078303975383115e-01 0.000000000000000e+00 0.000000000000000e+00 6.017107771977376e-01 0.000000000000000e+00 0.000000000000000e+00 0.000000000000000e+00 0.000000000000000e+00 0.000000000000000e+00 0.000000000000000e+00 0.000000000000000e+00 0.000000000000000e+00 0.000000000000000e+00 1.005928960631805e+00 0.000000000000000e+00 0.000000000000000e+00 0.000000000000000e+00 0.000000000000000e+00 5.508527876459801e-01 0.000000000000000e+00 
1.685578003087749e-01 9.372787361886546e-01 0.000000000000000e+00 5.380742110376619e-01 0.000000000000000e+00 6.156758435605902e-01 9.726323355054978e-02 1.388918105454665e+00 1.044150734128356e+00 0.000000000000000e+00 5.013840548049875e-01 0.000000000000000e+00 1.185201779264657e+00 0.000000000000000e+00 2.599580709885122e-01 5.432312251146079e-01 0.000000000000000e+00 7.769596397778765e-01 0.000000000000000e+00 0.000000000000000e+00 8.688281876659205e-01 0.000000000000000e+00 0.000000000000000e+00 0.000000000000000e+00 0.000000000000000e+00 
1.868251158537416e-01 0.000000000000000e+00 1.351766085905992e+00 0.000000000000000e+00 0.000000000000000e+00 3.037044135393882e-01 1.079756294155204e+00 3.140231685516600e-01 2.093224752302865e+00 0.000000000000000e+00 5.925307847922268e-02 5.978517208831871e-01 0.000000000000000e+00 0.000000000000000e+00 0.000000000000000e+00 0.000000000000000e+00 2.153731584912109e-01 9.628736983121659e-01 2.889535490284423e-01 0.000000000000000e+00 0.000000000000000e+00 5.446465754147909e-01 0.000000000000000e+00 0.000000000000000e+00 0.000000000000000e+00 
0.000000000000000e+00 0.000000000000000e+00 5.648525260000511e-01 0.000000000000000e+00 1.807348069161433e+00 1.379742877515552e+00 0.000000000000000e+00 0.000000000000000e+00 0.000000000000000e+00 0.000000000000000e+00 0.000000000000000e+00 7.175399248669745e-01 0.000000000000000e+00 2.927549407442117e-01 0.000000000000000e+00 6.567665378698715e-01 7.750854197634127e-02 0.000000000000000e+00 0.000000000000000e+00 6.882589825786542e-01 0.000000000000000e+00 0.000000000000000e+00 0.000000000000000e+00 0.000000000000000e+00 5.753265229889104e-01 
0.000000000000000e+00 0.000000000000000e+00 0.000000000000000e+00 1.113379503475942e+00 0.000000000000000e+00 0.000000000000000e+00 0.000000000000000e+00 0.000000000000000e+00 0.000000000000000e+00 2.535552622422720e+00 0.000000000000000e+00 4.490031615235125e-01 2.167349432461370e+00 0.000000000000000e+00 0.000000000000000e+00 0.000000000000000e+00 8.929273860564714e-01 0.000000000000000e+00 0.000000000000000e+00 0.000000000000000e+00 4.967923850960058e-01 0.000000000000000e+00 1.258887796405665e+00 0.000000000000000e+00 0.000000000000000e+00 
1.017239229300311e+00 0.000000000000000e+00 0.000000000000000e+00 8.973461109954116e-01 0.000000000000000e+00 1.246366779763614e-01 4.778593957195506e-01 7.199786540829315e-01 4.641131461687719e-01 1.113113268216009e+00 0.000000000000000e+00 0.000000000000000e+00 2.504843506441764e-01 0.000000000000000e+00 0.000000000000000e+00 0.000000000000000e+00 0.000000000000000e+00 5.297194259083670e-01 0.000000000000000e+00 0.000000000000000e+00 0.000000000000000e+00 3.345671393749609e-01 0.000000000000000e+00 5.931647311332670e-01 0.000000000000000e+00 
1.543103484659095e+00 0.000000000000000e+00 0.000000000000000e+00 0.000000000000000e+00 2.081716269273196e+00 0.000000000000000e+00 0.000000000000000e+00 0.000000000000000e+00 0.000000000000000e+00 0.000000000000000e+00 7.499528119334910e-01 0.000000000000000e+00 0.000000000000000e+00 0.000000000000000e+00 0.000000000000000e+00 0.000000000000000e+00 0.000000000000000e+00 0.000000000000000e+00 0.000000000000000e+00 4.922938655830349e-01 0.000000000000000e+00 0.000000000000000e+00 0.000000000000000e+00 0.000000000000000e+00 1.106832735571064e+00 
0.000000000000000e+00 0.000000000000000e+00 7.067784443750399e-01 7.213740763830828e-01 0.000000000000000e+00 2.242467244699101e+00 0.000000000000000e+00 0.000000000000000e+00 0.000000000000000e+00 0.000000000000000e+00 0.000000000000000e+00 5.414016244443546e-01 0.000000000000000e+00 0.000000000000000e+00 5.980791185194804e-01 0.000000000000000e+00 0.000000000000000e+00 0.000000000000000e+00 1.051085454973090e+00 3.918739726749409e-01 0.000000000000000e+00 6.259317279487221e-01 0.000000000000000e+00 0.000000000000000e+00 0.000000000000000e+00 
4.247515494695251e-01 0.000000000000000e+00 0.000000000000000e+00 0.000000000000000e+00 0.000000000000000e+00 0.000000000000000e+00 1.271535812207054e+00 0.000000000000000e+00 0.000000000000000e+00 0.000000000000000e+00 0.000000000000000e+00 1.206099392489646e+00 5.502521977429975e-01 0.000000000000000e+00 4.039160825010140e-01 0.000000000000000e+00 0.000000000000000e+00 9.618671191861389e-01 0.000000000000000e+00 0.000000000000000e+00 1.027511165105332e+00 0.000000000000000e+00 0.000000000000000e+00 0.000000000000000e+00 1.147393944060745e+00 
0.000000000000000e+00 0.000000000000000e+00 6.838102371251506e-01 0.000000000000000e+00 0.000000000000000e+00 1.080687630514948e+00 0.000000000000000e+00 0.000000000000000e+00 0.000000000000000e+00 1.017457970681561e+00 0.000000000000000e+00 0.000000000000000e+00 0.000000000000000e+00 0.000000000000000e+00 0.000000000000000e+00 0.000000000000000e+00 2.015957799701673e-04 0.000000000000000e+00 1.351624488845325e+00 0.000000000000000e+00 7.413491368604729e-01 0.000000000000000e+00 7.060082315525803e-01 1.079118510021012e-01 0.000000000000000e+00 
1.420943519466870e+00 6.757321529063274e-01 0.000000000000000e+00 0.000000000000000e+00 2.294700035451407e-01 0.000000000000000e+00 8.843203454940612e-01 0.000000000000000e+00 0.000000000000000e+00 0.000000000000000e+00 0.000000000000000e+00 0.000000000000000e+00 8.940930697154217e-01 0.000000000000000e+00 0.000000000000000e+00 0.000000000000000e+00 0.000000000000000e+00 0.000000000000000e+00 0.000000000000000e+00 4.847223089331785e-01 0.000000000000000e+00 8.182287196843724e-01 0.000000000000000e+00 0.000000000000000e+00 0.000000000000000e+00 
2.039851906067337e-01 0.000000000000000e+00 3.764952852845990e-01 4.393130040117661e-01 0.000000000000000e+00 0.000000000000000e+00 0.000000000000000e+00 7.064202796786514e-01 7.420606332223224e-02 0.000000000000000e+00 2.831705339863847e-01 1.189274965591356e+00 9.140094987621957e-01 0.000000000000000e+00 0.000000000000000e+00 0.000000000000000e+00 0.000000000000000e+00 7.636482216879898e-01 5.758155780954082e-01 0.000000000000000e+00 6.046656190227741e-02 0.000000000000000e+00 0.000000000000000e+00 0.000000000000000e+00 0.000000000000000e+00 
8.175190427556717e-01 0.000000000000000e+00 1.090621227261813e+00 0.000000000000000e+00 1.004927294176941e+00 0.000000000000000e+00 0.000000000000000e+00 5.008004138401017e-02 6.822946065231594e-01 8.168436644303659e-01 0.000000000000000e+00 0.000000000000000e+00 7.273126245926478e-02 0.000000000000000e+00 0.000000000000000e+00 0.000000000000000e+00 0.000000000000000e+00 0.000000000000000e+00 0.000000000000000e+00 2.390719114072290e-01 0.000000000000000e+00 0.000000000000000e+00 1.327141839925193e-01 0.000000000000000e+00 0.000000000000000e+00 
0.000000000000000e+00 8.225858024420730e-01 0.000000000000000e+00 0.000000000000000e+00 0.000000000000000e+00 0.000000000000000e+00 0.000000000000000e+00 0.000000000000000e+00 8.652780158276093e-01 0.000000000000000e+00 6.940982763181341e-01 0.000000000000000e+00 0.000000000000000e+00 0.000000000000000e+00 0.000000000000000e+00 0.000000000000000e+00 6.953461735305220e-01 3.889964234102909e-01 6.750893858003428e-01 1.233863938675368e-01 0.000000000000000e+00 0.000000000000000e+00 0.000000000000000e+00 4.875377283830287e-01 0.000000000000000e+00 
5.147792498375515e-01 1.747988931736424e-01 5.782592994822274e-01 0.000000000000000e+00 5.875109294800999e-01 0.000000000000000e+00 0.000000000000000e+00 0.000000000000000e+00 0.000000000000000e+00 0.000000000000000e+00 0.000000000000000e+00 2.415978147282188e-01 8.786512775973331e-01 0.000000000000000e+00 0.000000000000000e+00 0.000000000000000e+00 0.000000000000000e+00 0.000000000000000e+00 0.000000000000000e+00 0.000000000000000e+00 0.000000000000000e+00 5.654675890517681e-01 0.000000000000000e+00 9.277209293539443e-01 8.115567899892842e-01 
7.439708613735789e-01 0.000000000000000e+00 0.000000000000000e+00 1.136349217389239e+00 9.830836987253632e-01 0.000000000000000e+00 0.000000000000000e+00 0.000000000000000e+00 0.000000000000000e+00 0.000000000000000e+00 0.000000000000000e+00 3.953597685805049e-01 0.000000000000000e+00 0.000000000000000e+00 0.000000000000000e+00 0.000000000000000e+00 0.000000000000000e+00 0.000000000000000e+00 1.028283537038592e-01 2.787453729599790e-01 0.000000000000000e+00 0.000000000000000e+00 0.000000000000000e+00 0.000000000000000e+00 0.000000000000000e+00 
0.000000000000000e+00 0.000000000000000e+00 5.061637204073764e-01 1.281981561497639e+00 0.000000000000000e+00 8.289607460072809e-01 0.000000000000000e+00 0.000000000000000e+00 1.928841798571950e-01 0.000000000000000e+00 0.000000000000000e+00 0.000000000000000e+00 1.589364277350417e-01 0.000000000000000e+00 0.000000000000000e+00 0.000000000000000e+00 0.000000000000000e+00 2.596233647587634e-02 1.696944806739232e+00 0.000000000000000e+00 0.000000000000000e+00 0.000000000000000e+00 0.000000000000000e+00 0.000000000000000e+00 5.361520161174037e-01 
0.000000000000000e+00 9.875082723437399e-01 9.828125211189100e-01 0.000000000000000e+00 0.000000000000000e+00 0.000000000000000e+00 0.000000000000000e+00 0.000000000000000e+00 3.391688806697109e-01 0.000000000000000e+00 5.804543730275868e-01 0.000000000000000e+00 0.000000000000000e+00 0.000000000000000e+00 0.000000000000000e+00 4.819712344067081e-01 0.000000000000000e+00 0.000000000000000e+00 0.000000000000000e+00 0.000000000000000e+00 0.000000000000000e+00 0.000000000000000e+00 0.000000000000000e+00 0.000000000000000e+00 0.000000000000000e+00 
2.530727799896481e-01 0.000000000000000e+00 9.842325356212863e-01 0.000000000000000e+00 0.000000000000000e+00 4.695279728215237e-01 0.000000000000000e+00 0.000000000000000e+00 0.000000000000000e+00 4.380395521109915e-01 0.000000000000000e+00 0.000000000000000e+00 4.341500646122243e-01 0.000000000000000e+00 0.000000000000000e+00 7.285096750855758e-01 2.704474328221420e-01 0.000000000000000e+00 0.000000000000000e+00 0.000000000000000e+00 0.000000000000000e+00 0.000000000000000e+00 0.000000000000000e+00 0.000000000000000e+00 0.000000000000000e+00 
0.000000000000000e+00 0.000000000000000e+00 6.453427168982106e-01 0.000000000000000e+00 0.000000000000000e+00 1.009277793330762e+00 0.000000000000000e+00 0.000000000000000e+00 0.000000000000000e+00 7.908701202522605e-01 0.000000000000000e+00 0.000000000000000e+00 0.000000000000000e+00 0.000000000000000e+00 3.512347768350146e-01 0.000000000000000e+00 0.000000000000000e+00 0.000000000000000e+00 0.000000000000000e+00 0.000000000000000e+00 1.196576536989771e+00 0.000000000000000e+00 1.152303666692215e-01 0.000000000000000e+00 0.000000000000000e+00 
0.000000000000000e+00 7.144276781719044e-01 1.914706313055775e-02 0.000000000000000e+00 0.000000000000000e+00 3.576507682461258e-01 0.000000000000000e+00 0.000000000000000e+00 1.250176226383302e+00 0.000000000000000e+00 0.000000000000000e+00 0.000000000000000e+00 0.000000000000000e+00 0.000000000000000e+00 9.678754230781210e-01 0.000000000000000e+00 0.000000000000000e+00 0.000000000000000e+00 0.000000000000000e+00 0.000000000000000e+00 0.000000000000000e+00 0.000000000000000e+00 0.000000000000000e+00 3.865001089804880e-01 0.000000000000000e+00 
0.000000000000000e+00 5.568323022440186e-01 1.607108307237299e+00 0.000000000000000e+00 0.000000000000000e+00 0.000000000000000e+00 0.000000000000000e+00 0.000000000000000e+00 5.995167740121215e-01 1.244399743420801e-01 0.000000000000000e+00 0.000000000000000e+00 0.000000000000000e+00 0.000000000000000e+00 0.000000000000000e+00 0.000000000000000e+00 0.000000000000000e+00 0.000000000000000e+00 0.000000000000000e+00 0.000000000000000e+00 0.000000000000000e+00 0.000000000000000e+00 0.000000000000000e+00 1.490665176711537e-01 0.000000000000000e+00 
4.362036170878337e-01 7.058405860796334e-01 3.142183856501884e-01 0.000000000000000e+00 0.000000000000000e+00 0.000000000000000e+00 5.738436946982727e-01 4.931814854796502e-02 2.162522805594207e-02 0.000000000000000e+00 0.000000000000000e+00 0.000000000000000e+00 0.000000000000000e+00 0.000000000000000e+00 4.185880178816581e-01 0.000000000000000e+00 0.000000000000000e+00 0.000000000000000e+00 0.000000000000000e+00 0.000000000000000e+00 5.692594825296864e-01 0.000000000000000e+00 0.000000000000000e+00 0.000000000000000e+00 0.000000000000000e+00 
0.000000000000000e+00 0.000000000000000e+00 0.000000000000000e+00 7.609666952627674e-01 0.000000000000000e+00 1.959622771016946e-01 0.000000000000000e+00 0.000000000000000e+00 0.000000000000000e+00 0.000000000000000e+00 0.000000000000000e+00 0.000000000000000e+00 0.000000000000000e+00 0.000000000000000e+00 7.157028163635232e-01 0.000000000000000e+00 0.000000000000000e+00 0.000000000000000e+00 0.000000000000000e+00 0.000000000000000e+00 1.289634994773810e+00 0.000000000000000e+00 0.000000000000000e+00 0.000000000000000e+00 0.000000000000000e+00 
3.551022493129228e-01 0.000000000000000e+00 0.000000000000000e+00 0.000000000000000e+00 0.000000000000000e+00 4.432790476629439e-01 7.075134298634523e-01 0.000000000000000e+00 0.000000000000000e+00 0.000000000000000e+00 0.000000000000000e+00 0.000000000000000e+00 0.000000000000000e+00 0.000000000000000e+00 6.606592083465735e-01 0.000000000000000e+00 3.334122434446419e-01 0.000000000000000e+00 0.000000000000000e+00 0.000000000000000e+00 0.000000000000000e+00 0.000000000000000e+00 0.000000000000000e+00 0.000000000000000e+00 0.000000000000000e+00 