# # # File created on Mon Apr 29 21:22:01 2024
#  #  # The following metaparameters were used for this matrix optimization : gamma0 = 0.5; alpha0 = 0; sigma0 = 0.25; l0 = 1;p = 1; R0 = 1; S0 = 0.05; NR = 25; NS = 25; matrix path = matrices/Nr25_Nc25/consumption/RandTrix_Nr25_Nc25_Nest0.5_Conn0.2928.txt; convergence threshold = 1e-08
# 
9.972299995281731499e-01 1.541806143144694108e+00 5.993888196330973139e-01 0.000000000000000000e+00 0.000000000000000000e+00 0.000000000000000000e+00 0.000000000000000000e+00 4.661765450826298868e-02 0.000000000000000000e+00 0.000000000000000000e+00 0.000000000000000000e+00 0.000000000000000000e+00 0.000000000000000000e+00 4.189342217889572839e-01 6.823890521889528493e-01 7.586711563673617098e-01 0.000000000000000000e+00 6.820400893152711586e-02 0.000000000000000000e+00 0.000000000000000000e+00 0.000000000000000000e+00 0.000000000000000000e+00 0.000000000000000000e+00 0.000000000000000000e+00 0.000000000000000000e+00
0.000000000000000000e+00 0.000000000000000000e+00 0.000000000000000000e+00 0.000000000000000000e+00 1.166288044601677898e+00 0.000000000000000000e+00 0.000000000000000000e+00 4.908374789059848919e-01 1.986473599627212039e-01 1.264609022858321996e+00 1.074269024573969000e+00 0.000000000000000000e+00 0.000000000000000000e+00 0.000000000000000000e+00 8.961025263657146356e-01 0.000000000000000000e+00 8.290497647125328884e-01 9.271724646132265546e-01 8.551485799982517788e-01 1.591406577703814995e-01 0.000000000000000000e+00 4.579840494625003755e-01 1.282363986677327095e+00 0.000000000000000000e+00 0.000000000000000000e+00
4.440070965105410994e-01 8.163403471647564524e-01 5.428057837851831824e-01 0.000000000000000000e+00 3.088535521574271026e-01 2.857010183506252798e-01 2.488215924642460941e-01 7.701615888750307226e-01 0.000000000000000000e+00 3.016351649758090003e-01 8.387495170979883397e-02 7.958397118099763690e-01 0.000000000000000000e+00 0.000000000000000000e+00 3.022171810448460172e-01 0.000000000000000000e+00 0.000000000000000000e+00 0.000000000000000000e+00 0.000000000000000000e+00 4.766910917052580854e-01 0.000000000000000000e+00 0.000000000000000000e+00 0.000000000000000000e+00 0.000000000000000000e+00 0.000000000000000000e+00
0.000000000000000000e+00 0.000000000000000000e+00 1.005514423962853982e-01 0.000000000000000000e+00 9.224896514001840186e-01 4.653610070159521772e-01 2.979115076405566276e-01 0.000000000000000000e+00 9.604083097443919526e-01 5.536432887266699021e-01 0.000000000000000000e+00 9.049058159365791498e-01 0.000000000000000000e+00 0.000000000000000000e+00 0.000000000000000000e+00 0.000000000000000000e+00 4.808726344503699845e-01 1.270778779768392930e+00 0.000000000000000000e+00 0.000000000000000000e+00 0.000000000000000000e+00 1.396962502096467995e+00 0.000000000000000000e+00 0.000000000000000000e+00 7.939293279230691391e-01
0.000000000000000000e+00 0.000000000000000000e+00 0.000000000000000000e+00 0.000000000000000000e+00 0.000000000000000000e+00 4.718810644318476855e-01 0.000000000000000000e+00 1.093748627253336103e+00 0.000000000000000000e+00 1.391448482517203100e+00 0.000000000000000000e+00 0.000000000000000000e+00 0.000000000000000000e+00 5.751697293678638134e-01 1.631430636482094965e+00 0.000000000000000000e+00 0.000000000000000000e+00 0.000000000000000000e+00 0.000000000000000000e+00 1.102616971256722977e-01 0.000000000000000000e+00 0.000000000000000000e+00 0.000000000000000000e+00 0.000000000000000000e+00 4.026101843168006233e-01
0.000000000000000000e+00 0.000000000000000000e+00 0.000000000000000000e+00 4.192678475630288726e-01 3.172027786271475747e-01 8.409065965368659468e-01 6.567290231607452178e-01 0.000000000000000000e+00 1.438802103761573081e-01 0.000000000000000000e+00 0.000000000000000000e+00 0.000000000000000000e+00 9.448711289095620414e-01 0.000000000000000000e+00 0.000000000000000000e+00 0.000000000000000000e+00 0.000000000000000000e+00 8.554141357479094765e-01 0.000000000000000000e+00 0.000000000000000000e+00 0.000000000000000000e+00 0.000000000000000000e+00 0.000000000000000000e+00 1.961120809552812094e+00 8.156340631639187322e-01
8.971084465099186112e-01 0.000000000000000000e+00 6.669413826016434843e-01 9.678982764930129656e-01 0.000000000000000000e+00 0.000000000000000000e+00 0.000000000000000000e+00 3.145404099613410050e-04 0.000000000000000000e+00 0.000000000000000000e+00 4.490323124054251269e-01 2.828085590164601260e-01 0.000000000000000000e+00 0.000000000000000000e+00 2.709581907893583996e-01 0.000000000000000000e+00 0.000000000000000000e+00 0.000000000000000000e+00 0.000000000000000000e+00 0.000000000000000000e+00 0.000000000000000000e+00 0.000000000000000000e+00 1.390072683005622034e+00 0.000000000000000000e+00 0.000000000000000000e+00
0.000000000000000000e+00 0.000000000000000000e+00 0.000000000000000000e+00 5.177902848266137115e-01 7.181358290798606214e-01 3.213193698480078242e-02 1.901316652381770111e-01 1.444450531761815038e-01 1.668862897128936984e+00 0.000000000000000000e+00 0.000000000000000000e+00 0.000000000000000000e+00 3.268007705392882989e-01 0.000000000000000000e+00 0.000000000000000000e+00 0.000000000000000000e+00 4.842205719957825005e-01 0.000000000000000000e+00 1.352484787771035979e+00 0.000000000000000000e+00 0.000000000000000000e+00 0.000000000000000000e+00 0.000000000000000000e+00 0.000000000000000000e+00 3.841526774671978894e-01
3.995627248955562760e-01 3.071959121443968987e-01 0.000000000000000000e+00 2.280171101603264971e-01 2.730149346767348773e-01 0.000000000000000000e+00 1.150414180991543023e-01 3.329210587343998107e-01 4.186525088078117962e-01 0.000000000000000000e+00 0.000000000000000000e+00 3.055809957773514274e-01 0.000000000000000000e+00 0.000000000000000000e+00 4.633307539635836969e-01 0.000000000000000000e+00 1.700126881022782088e-01 0.000000000000000000e+00 0.000000000000000000e+00 6.295986899171435169e-01 0.000000000000000000e+00 5.974416624318223956e-01 0.000000000000000000e+00 0.000000000000000000e+00 0.000000000000000000e+00
6.875237617749269114e-01 0.000000000000000000e+00 0.000000000000000000e+00 0.000000000000000000e+00 0.000000000000000000e+00 0.000000000000000000e+00 0.000000000000000000e+00 8.425223907063419393e-01 0.000000000000000000e+00 4.658567211461560054e-01 0.000000000000000000e+00 0.000000000000000000e+00 0.000000000000000000e+00 0.000000000000000000e+00 4.480646369520068784e-01 0.000000000000000000e+00 0.000000000000000000e+00 3.030312629058952156e-01 0.000000000000000000e+00 0.000000000000000000e+00 3.194888434762174767e-01 2.949787901559450254e-01 0.000000000000000000e+00 0.000000000000000000e+00 6.980835255981749921e-01
1.969129252774126995e-02 0.000000000000000000e+00 0.000000000000000000e+00 0.000000000000000000e+00 4.808004465613752165e-01 3.974998424235205996e-01 0.000000000000000000e+00 9.564752389028076118e-01 8.209781102993067847e-01 0.000000000000000000e+00 0.000000000000000000e+00 0.000000000000000000e+00 0.000000000000000000e+00 0.000000000000000000e+00 0.000000000000000000e+00 7.459442086173997399e-01 2.270356260759961997e-01 1.052937841939858954e+00 0.000000000000000000e+00 0.000000000000000000e+00 6.147155618221659124e-01 0.000000000000000000e+00 2.589288234758867907e-02 0.000000000000000000e+00 6.824314921717673510e-01
3.354079423492606904e-01 0.000000000000000000e+00 0.000000000000000000e+00 0.000000000000000000e+00 4.880048318603599222e-01 5.267470554093491852e-01 0.000000000000000000e+00 0.000000000000000000e+00 2.671814061135992929e-02 0.000000000000000000e+00 0.000000000000000000e+00 0.000000000000000000e+00 0.000000000000000000e+00 0.000000000000000000e+00 0.000000000000000000e+00 1.112333568698645969e+00 0.000000000000000000e+00 0.000000000000000000e+00 0.000000000000000000e+00 8.873960107729863545e-01 0.000000000000000000e+00 0.000000000000000000e+00 0.000000000000000000e+00 3.909700534521595161e-01 1.240319249414439939e+00
0.000000000000000000e+00 0.000000000000000000e+00 6.280216253858309505e-01 1.027311553943788036e+00 3.216546641021587050e-01 0.000000000000000000e+00 5.618799516760685231e-01 0.000000000000000000e+00 0.000000000000000000e+00 0.000000000000000000e+00 0.000000000000000000e+00 0.000000000000000000e+00 0.000000000000000000e+00 0.000000000000000000e+00 0.000000000000000000e+00 0.000000000000000000e+00 0.000000000000000000e+00 6.317646446695007745e-01 0.000000000000000000e+00 0.000000000000000000e+00 0.000000000000000000e+00 9.482180192693793197e-01 0.000000000000000000e+00 0.000000000000000000e+00 0.000000000000000000e+00
0.000000000000000000e+00 0.000000000000000000e+00 0.000000000000000000e+00 0.000000000000000000e+00 0.000000000000000000e+00 1.019533243041564896e+00 8.723444494126005866e-01 0.000000000000000000e+00 0.000000000000000000e+00 0.000000000000000000e+00 0.000000000000000000e+00 7.914592675995916204e-01 0.000000000000000000e+00 3.460832018629927259e-02 0.000000000000000000e+00 0.000000000000000000e+00 0.000000000000000000e+00 0.000000000000000000e+00 3.956405765971856003e-01 0.000000000000000000e+00 0.000000000000000000e+00 0.000000000000000000e+00 0.000000000000000000e+00 1.505905037374019040e+00 0.000000000000000000e+00
0.000000000000000000e+00 0.000000000000000000e+00 0.000000000000000000e+00 0.000000000000000000e+00 0.000000000000000000e+00 0.000000000000000000e+00 4.504576571228808834e-01 0.000000000000000000e+00 9.129296037188093793e-01 8.304359139829899927e-01 6.132165935896614073e-01 0.000000000000000000e+00 3.573290379106062176e-01 2.177674247429224955e-02 0.000000000000000000e+00 0.000000000000000000e+00 0.000000000000000000e+00 0.000000000000000000e+00 0.000000000000000000e+00 0.000000000000000000e+00 0.000000000000000000e+00 0.000000000000000000e+00 0.000000000000000000e+00 0.000000000000000000e+00 0.000000000000000000e+00
0.000000000000000000e+00 0.000000000000000000e+00 2.754007376338828972e-01 5.701861930355838215e-01 5.296454988689260901e-01 5.066462245715196433e-01 0.000000000000000000e+00 0.000000000000000000e+00 0.000000000000000000e+00 3.516773614893607958e-01 0.000000000000000000e+00 0.000000000000000000e+00 0.000000000000000000e+00 0.000000000000000000e+00 2.302917726360428075e-01 0.000000000000000000e+00 0.000000000000000000e+00 0.000000000000000000e+00 0.000000000000000000e+00 0.000000000000000000e+00 0.000000000000000000e+00 0.000000000000000000e+00 0.000000000000000000e+00 0.000000000000000000e+00 0.000000000000000000e+00
3.995594737944285213e-01 0.000000000000000000e+00 0.000000000000000000e+00 0.000000000000000000e+00 5.114278952846349480e-01 4.390893558015053211e-01 0.000000000000000000e+00 0.000000000000000000e+00 5.860117610205940464e-01 0.000000000000000000e+00 0.000000000000000000e+00 0.000000000000000000e+00 0.000000000000000000e+00 6.543167204503966827e-01 0.000000000000000000e+00 0.000000000000000000e+00 0.000000000000000000e+00 0.000000000000000000e+00 0.000000000000000000e+00 3.792171194187345107e-02 0.000000000000000000e+00 3.503297797624274068e-01 0.000000000000000000e+00 0.000000000000000000e+00 0.000000000000000000e+00
0.000000000000000000e+00 5.474544800349127049e-01 3.535348907990720768e-01 3.430855129129085079e-01 4.718037579454977815e-01 2.081834348831695103e-01 0.000000000000000000e+00 0.000000000000000000e+00 0.000000000000000000e+00 0.000000000000000000e+00 0.000000000000000000e+00 0.000000000000000000e+00 0.000000000000000000e+00 6.697034479443424448e-01 0.000000000000000000e+00 0.000000000000000000e+00 0.000000000000000000e+00 0.000000000000000000e+00 0.000000000000000000e+00 3.352830029309496890e-02 0.000000000000000000e+00 0.000000000000000000e+00 0.000000000000000000e+00 0.000000000000000000e+00 0.000000000000000000e+00
7.229939035390428037e-01 0.000000000000000000e+00 0.000000000000000000e+00 0.000000000000000000e+00 0.000000000000000000e+00 0.000000000000000000e+00 0.000000000000000000e+00 4.448280832185456113e-01 0.000000000000000000e+00 0.000000000000000000e+00 0.000000000000000000e+00 0.000000000000000000e+00 0.000000000000000000e+00 1.789596716254961972e-01 0.000000000000000000e+00 0.000000000000000000e+00 0.000000000000000000e+00 0.000000000000000000e+00 0.000000000000000000e+00 4.004059106726332029e-01 0.000000000000000000e+00 0.000000000000000000e+00 0.000000000000000000e+00 0.000000000000000000e+00 1.143390266002958011e+00
6.771449058932726972e-01 0.000000000000000000e+00 5.793224321207566217e-03 5.442160692931162780e-01 0.000000000000000000e+00 0.000000000000000000e+00 0.000000000000000000e+00 0.000000000000000000e+00 3.686632671216323875e-01 3.849728708644645780e-01 0.000000000000000000e+00 0.000000000000000000e+00 0.000000000000000000e+00 0.000000000000000000e+00 0.000000000000000000e+00 0.000000000000000000e+00 0.000000000000000000e+00 0.000000000000000000e+00 0.000000000000000000e+00 0.000000000000000000e+00 0.000000000000000000e+00 0.000000000000000000e+00 0.000000000000000000e+00 0.000000000000000000e+00 0.000000000000000000e+00
0.000000000000000000e+00 0.000000000000000000e+00 0.000000000000000000e+00 2.239327640888298110e-01 0.000000000000000000e+00 0.000000000000000000e+00 0.000000000000000000e+00 0.000000000000000000e+00 0.000000000000000000e+00 0.000000000000000000e+00 2.898497838064617027e-01 0.000000000000000000e+00 0.000000000000000000e+00 0.000000000000000000e+00 0.000000000000000000e+00 2.834511139369499944e-01 0.000000000000000000e+00 0.000000000000000000e+00 0.000000000000000000e+00 0.000000000000000000e+00 0.000000000000000000e+00 5.330624055624580970e-01 0.000000000000000000e+00 0.000000000000000000e+00 0.000000000000000000e+00
4.897941542222338795e-01 0.000000000000000000e+00 0.000000000000000000e+00 0.000000000000000000e+00 0.000000000000000000e+00 0.000000000000000000e+00 0.000000000000000000e+00 1.324558447450991105e-01 0.000000000000000000e+00 0.000000000000000000e+00 0.000000000000000000e+00 3.217321283075759153e-01 0.000000000000000000e+00 0.000000000000000000e+00 0.000000000000000000e+00 0.000000000000000000e+00 7.362197525697556921e-01 0.000000000000000000e+00 0.000000000000000000e+00 0.000000000000000000e+00 0.000000000000000000e+00 0.000000000000000000e+00 0.000000000000000000e+00 0.000000000000000000e+00 0.000000000000000000e+00
0.000000000000000000e+00 0.000000000000000000e+00 4.324327138300101958e-01 0.000000000000000000e+00 0.000000000000000000e+00 0.000000000000000000e+00 0.000000000000000000e+00 0.000000000000000000e+00 5.456177494098255476e-01 0.000000000000000000e+00 6.324131943324382346e-03 0.000000000000000000e+00 0.000000000000000000e+00 0.000000000000000000e+00 0.000000000000000000e+00 0.000000000000000000e+00 0.000000000000000000e+00 0.000000000000000000e+00 0.000000000000000000e+00 0.000000000000000000e+00 0.000000000000000000e+00 0.000000000000000000e+00 0.000000000000000000e+00 0.000000000000000000e+00 0.000000000000000000e+00
0.000000000000000000e+00 3.412994004332828846e-01 0.000000000000000000e+00 0.000000000000000000e+00 6.484116466528214717e-01 0.000000000000000000e+00 8.578688297400756391e-02 0.000000000000000000e+00 0.000000000000000000e+00 0.000000000000000000e+00 0.000000000000000000e+00 0.000000000000000000e+00 0.000000000000000000e+00 1.386214829008382970e-02 0.000000000000000000e+00 0.000000000000000000e+00 0.000000000000000000e+00 0.000000000000000000e+00 0.000000000000000000e+00 0.000000000000000000e+00 0.000000000000000000e+00 0.000000000000000000e+00 0.000000000000000000e+00 0.000000000000000000e+00 0.000000000000000000e+00
3.365711989863798825e-01 0.000000000000000000e+00 0.000000000000000000e+00 0.000000000000000000e+00 0.000000000000000000e+00 0.000000000000000000e+00 3.290829453654844222e-02 0.000000000000000000e+00 0.000000000000000000e+00 0.000000000000000000e+00 0.000000000000000000e+00 0.000000000000000000e+00 0.000000000000000000e+00 0.000000000000000000e+00 0.000000000000000000e+00 0.000000000000000000e+00 1.280913811389111090e-01 0.000000000000000000e+00 0.000000000000000000e+00 0.000000000000000000e+00 0.000000000000000000e+00 1.693230675242033897e-02 0.000000000000000000e+00 3.408882425468937744e-02 0.000000000000000000e+00
