# # File created on Mon Apr 29 20:09:43 2024
#  # The following metaparameters were used for this matrix optimization : gamma0 = 0.5; alpha0 = 0; sigma0 = 0.25; l0 = 1;p = 1; R0 = 1; S0 = 0.05; NR = 25; NS = 25; matrix path = matrices/Nr25_Nc25/consumption/RandTrix_Nr25_Nc25_Nest0.4_Conn0.272.txt; convergence threshold = 1e-08
# 
7.366389886888431437e-01 0.000000000000000000e+00 5.641092656257729043e-01 2.343982032100722923e-01 7.149664891013538526e-01 0.000000000000000000e+00 4.626563561991384743e-01 0.000000000000000000e+00 0.000000000000000000e+00 3.628849848511433995e-01 0.000000000000000000e+00 4.652104283603493151e-01 0.000000000000000000e+00 0.000000000000000000e+00 0.000000000000000000e+00 6.402494886469247692e-01 2.593857320296728136e-02 0.000000000000000000e+00 1.188580802425371008e+00 0.000000000000000000e+00 0.000000000000000000e+00 0.000000000000000000e+00 0.000000000000000000e+00 0.000000000000000000e+00 0.000000000000000000e+00
9.429555004134998475e-01 9.259915336926759499e-01 0.000000000000000000e+00 0.000000000000000000e+00 0.000000000000000000e+00 1.698608605413184092e-01 1.960678505093650936e-01 0.000000000000000000e+00 7.361370028081356542e-01 5.142162470880629055e-01 0.000000000000000000e+00 0.000000000000000000e+00 0.000000000000000000e+00 2.242572791238653107e-01 3.557268161164284792e-01 9.126192075393289027e-01 0.000000000000000000e+00 0.000000000000000000e+00 0.000000000000000000e+00 0.000000000000000000e+00 0.000000000000000000e+00 0.000000000000000000e+00 9.297768592239187557e-02 0.000000000000000000e+00 2.791131402789071014e-02
5.766327879952145574e-01 0.000000000000000000e+00 0.000000000000000000e+00 0.000000000000000000e+00 0.000000000000000000e+00 1.001754016613753961e+00 0.000000000000000000e+00 1.146785416534606084e+00 0.000000000000000000e+00 0.000000000000000000e+00 0.000000000000000000e+00 1.362037830099968039e-01 0.000000000000000000e+00 0.000000000000000000e+00 3.808627764854066733e-01 0.000000000000000000e+00 0.000000000000000000e+00 8.084956769025347656e-01 1.255527347030276075e-01 0.000000000000000000e+00 0.000000000000000000e+00 6.560526107083373970e-02 0.000000000000000000e+00 0.000000000000000000e+00 0.000000000000000000e+00
0.000000000000000000e+00 0.000000000000000000e+00 1.001681966608316099e+00 0.000000000000000000e+00 4.031760527042608788e-01 0.000000000000000000e+00 0.000000000000000000e+00 0.000000000000000000e+00 0.000000000000000000e+00 0.000000000000000000e+00 1.070389102510328927e+00 6.211159829573627000e-01 0.000000000000000000e+00 0.000000000000000000e+00 0.000000000000000000e+00 0.000000000000000000e+00 4.746989684611762073e-01 0.000000000000000000e+00 0.000000000000000000e+00 0.000000000000000000e+00 0.000000000000000000e+00 0.000000000000000000e+00 0.000000000000000000e+00 5.398997911415249762e-01 0.000000000000000000e+00
3.087572991906317177e-01 0.000000000000000000e+00 1.028847011694840052e+00 0.000000000000000000e+00 8.495260069106292944e-01 0.000000000000000000e+00 0.000000000000000000e+00 0.000000000000000000e+00 0.000000000000000000e+00 7.221933283564708761e-01 0.000000000000000000e+00 1.212795710038832908e+00 0.000000000000000000e+00 0.000000000000000000e+00 0.000000000000000000e+00 0.000000000000000000e+00 0.000000000000000000e+00 0.000000000000000000e+00 4.677253256438119733e-01 2.355824745003897991e-01 0.000000000000000000e+00 0.000000000000000000e+00 0.000000000000000000e+00 0.000000000000000000e+00 0.000000000000000000e+00
2.137944915148176916e-01 0.000000000000000000e+00 2.605616261818513024e-01 2.786359284685038795e-01 7.213718109728709527e-01 0.000000000000000000e+00 3.273659586131045796e-01 0.000000000000000000e+00 0.000000000000000000e+00 0.000000000000000000e+00 5.804627923158155456e-01 6.897219270062113217e-02 7.661258439627065542e-01 0.000000000000000000e+00 0.000000000000000000e+00 0.000000000000000000e+00 0.000000000000000000e+00 1.838958877626951094e-01 3.701992260459448930e-02 4.741206774340167018e-01 0.000000000000000000e+00 7.369337514565825753e-01 0.000000000000000000e+00 0.000000000000000000e+00 0.000000000000000000e+00
0.000000000000000000e+00 0.000000000000000000e+00 0.000000000000000000e+00 3.142583160444584744e-01 2.469779693463466097e-01 3.112125690235134079e-01 0.000000000000000000e+00 6.631940982376559601e-01 0.000000000000000000e+00 1.259083734923133018e-03 7.371850652599801768e-01 0.000000000000000000e+00 1.106802587844641028e+00 7.355689958363000047e-02 0.000000000000000000e+00 0.000000000000000000e+00 0.000000000000000000e+00 0.000000000000000000e+00 0.000000000000000000e+00 1.547202395867640079e-01 4.326851814818066799e-01 3.468494428082810055e-01 0.000000000000000000e+00 0.000000000000000000e+00 1.626437958299006947e+00
8.459029287109183226e-01 0.000000000000000000e+00 4.031019146662649932e-01 7.851087057440435391e-02 5.568364919857937689e-01 0.000000000000000000e+00 0.000000000000000000e+00 0.000000000000000000e+00 3.498963860462876996e-01 0.000000000000000000e+00 0.000000000000000000e+00 7.455527135386390281e-02 0.000000000000000000e+00 4.956322172311962149e-01 4.777686221174937131e-01 2.179916284213193889e-01 2.773821573248129169e-01 0.000000000000000000e+00 0.000000000000000000e+00 0.000000000000000000e+00 0.000000000000000000e+00 0.000000000000000000e+00 0.000000000000000000e+00 0.000000000000000000e+00 0.000000000000000000e+00
3.666681430820810106e-01 5.194774424178708605e-01 0.000000000000000000e+00 0.000000000000000000e+00 5.155630935101866985e-01 0.000000000000000000e+00 6.436796277503027408e-01 0.000000000000000000e+00 0.000000000000000000e+00 6.007038546544035684e-01 0.000000000000000000e+00 4.909244135250135921e-01 0.000000000000000000e+00 0.000000000000000000e+00 0.000000000000000000e+00 0.000000000000000000e+00 0.000000000000000000e+00 3.514042767406064804e-01 0.000000000000000000e+00 0.000000000000000000e+00 4.162360197647220206e-01 0.000000000000000000e+00 1.232714255783922963e-01 0.000000000000000000e+00 0.000000000000000000e+00
9.519435639640241309e-01 0.000000000000000000e+00 0.000000000000000000e+00 0.000000000000000000e+00 4.605553138739847951e-01 0.000000000000000000e+00 0.000000000000000000e+00 0.000000000000000000e+00 4.577034800307415163e-01 0.000000000000000000e+00 0.000000000000000000e+00 0.000000000000000000e+00 0.000000000000000000e+00 0.000000000000000000e+00 4.715124373527911916e-01 0.000000000000000000e+00 0.000000000000000000e+00 0.000000000000000000e+00 4.395069711070880847e-01 0.000000000000000000e+00 0.000000000000000000e+00 0.000000000000000000e+00 0.000000000000000000e+00 0.000000000000000000e+00 5.553103615928175474e-01
0.000000000000000000e+00 0.000000000000000000e+00 0.000000000000000000e+00 6.172173066087862647e-01 0.000000000000000000e+00 0.000000000000000000e+00 1.874335853455383061e-01 8.003061867799639018e-01 0.000000000000000000e+00 0.000000000000000000e+00 0.000000000000000000e+00 2.235267274891480915e-01 2.382892424467326076e-01 5.719835510008010049e-01 0.000000000000000000e+00 0.000000000000000000e+00 6.231106956592663559e-01 0.000000000000000000e+00 0.000000000000000000e+00 0.000000000000000000e+00 0.000000000000000000e+00 0.000000000000000000e+00 0.000000000000000000e+00 0.000000000000000000e+00 0.000000000000000000e+00
1.050320655963844940e+00 4.279700473537704775e-01 0.000000000000000000e+00 0.000000000000000000e+00 0.000000000000000000e+00 4.265487523357063271e-01 0.000000000000000000e+00 0.000000000000000000e+00 0.000000000000000000e+00 0.000000000000000000e+00 0.000000000000000000e+00 0.000000000000000000e+00 0.000000000000000000e+00 0.000000000000000000e+00 5.853935875830381663e-01 0.000000000000000000e+00 4.414798856924672110e-01 0.000000000000000000e+00 0.000000000000000000e+00 0.000000000000000000e+00 0.000000000000000000e+00 0.000000000000000000e+00 0.000000000000000000e+00 0.000000000000000000e+00 0.000000000000000000e+00
0.000000000000000000e+00 0.000000000000000000e+00 2.124318763229935125e-01 0.000000000000000000e+00 4.702274623284962152e-01 0.000000000000000000e+00 0.000000000000000000e+00 0.000000000000000000e+00 0.000000000000000000e+00 0.000000000000000000e+00 0.000000000000000000e+00 7.944026147199011456e-01 0.000000000000000000e+00 0.000000000000000000e+00 0.000000000000000000e+00 0.000000000000000000e+00 3.777373455271277880e-01 7.245822561573590503e-01 0.000000000000000000e+00 0.000000000000000000e+00 0.000000000000000000e+00 0.000000000000000000e+00 0.000000000000000000e+00 6.633834888458641776e-01 5.750049775477840130e-01
5.896053165202960189e-01 0.000000000000000000e+00 0.000000000000000000e+00 0.000000000000000000e+00 0.000000000000000000e+00 9.741933601064800552e-01 0.000000000000000000e+00 0.000000000000000000e+00 6.307248526805825373e-01 0.000000000000000000e+00 0.000000000000000000e+00 0.000000000000000000e+00 0.000000000000000000e+00 0.000000000000000000e+00 0.000000000000000000e+00 0.000000000000000000e+00 0.000000000000000000e+00 0.000000000000000000e+00 0.000000000000000000e+00 0.000000000000000000e+00 0.000000000000000000e+00 3.552490104368661861e-01 0.000000000000000000e+00 0.000000000000000000e+00 0.000000000000000000e+00
0.000000000000000000e+00 6.059150584057726441e-01 4.215840056049198759e-01 5.663080428899166519e-01 4.704901436671102832e-01 0.000000000000000000e+00 0.000000000000000000e+00 0.000000000000000000e+00 5.605430820983298146e-01 0.000000000000000000e+00 0.000000000000000000e+00 0.000000000000000000e+00 0.000000000000000000e+00 0.000000000000000000e+00 0.000000000000000000e+00 0.000000000000000000e+00 0.000000000000000000e+00 0.000000000000000000e+00 0.000000000000000000e+00 0.000000000000000000e+00 0.000000000000000000e+00 0.000000000000000000e+00 0.000000000000000000e+00 0.000000000000000000e+00 0.000000000000000000e+00
0.000000000000000000e+00 0.000000000000000000e+00 0.000000000000000000e+00 0.000000000000000000e+00 0.000000000000000000e+00 5.512296324243672885e-01 0.000000000000000000e+00 0.000000000000000000e+00 2.893960033588124925e-01 0.000000000000000000e+00 0.000000000000000000e+00 8.760889638259421464e-01 0.000000000000000000e+00 5.285212654719988468e-01 0.000000000000000000e+00 0.000000000000000000e+00 0.000000000000000000e+00 0.000000000000000000e+00 1.139097884488989021e-01 0.000000000000000000e+00 0.000000000000000000e+00 0.000000000000000000e+00 7.199111346027325942e-01 0.000000000000000000e+00 0.000000000000000000e+00
0.000000000000000000e+00 7.232706777582965652e-01 0.000000000000000000e+00 3.710826793534262036e-01 3.367835263255791189e-01 2.580676618977216230e-01 0.000000000000000000e+00 0.000000000000000000e+00 0.000000000000000000e+00 8.056046953843579161e-02 0.000000000000000000e+00 0.000000000000000000e+00 0.000000000000000000e+00 1.323261966360496089e-01 0.000000000000000000e+00 0.000000000000000000e+00 0.000000000000000000e+00 0.000000000000000000e+00 3.324046254359642738e-01 0.000000000000000000e+00 0.000000000000000000e+00 1.084079595968990006e-01 0.000000000000000000e+00 0.000000000000000000e+00 0.000000000000000000e+00
0.000000000000000000e+00 5.232260595334025099e-01 5.161006497032366580e-01 0.000000000000000000e+00 0.000000000000000000e+00 4.153525472337407098e-01 0.000000000000000000e+00 0.000000000000000000e+00 4.807392440370512193e-02 0.000000000000000000e+00 0.000000000000000000e+00 0.000000000000000000e+00 0.000000000000000000e+00 0.000000000000000000e+00 0.000000000000000000e+00 0.000000000000000000e+00 4.233163478456737905e-01 0.000000000000000000e+00 0.000000000000000000e+00 0.000000000000000000e+00 0.000000000000000000e+00 0.000000000000000000e+00 0.000000000000000000e+00 0.000000000000000000e+00 0.000000000000000000e+00
7.817680588475613979e-01 0.000000000000000000e+00 0.000000000000000000e+00 4.004620079037599090e-01 0.000000000000000000e+00 0.000000000000000000e+00 0.000000000000000000e+00 0.000000000000000000e+00 1.841327991563133926e-01 0.000000000000000000e+00 0.000000000000000000e+00 2.115729854929717935e-01 0.000000000000000000e+00 0.000000000000000000e+00 0.000000000000000000e+00 0.000000000000000000e+00 0.000000000000000000e+00 0.000000000000000000e+00 0.000000000000000000e+00 0.000000000000000000e+00 0.000000000000000000e+00 3.251326949555326251e-02 0.000000000000000000e+00 0.000000000000000000e+00 0.000000000000000000e+00
0.000000000000000000e+00 4.730797795666870087e-01 0.000000000000000000e+00 0.000000000000000000e+00 6.095341475025445321e-01 0.000000000000000000e+00 5.445228608865754216e-01 3.667950062127994793e-01 0.000000000000000000e+00 0.000000000000000000e+00 0.000000000000000000e+00 0.000000000000000000e+00 0.000000000000000000e+00 0.000000000000000000e+00 0.000000000000000000e+00 0.000000000000000000e+00 0.000000000000000000e+00 0.000000000000000000e+00 0.000000000000000000e+00 0.000000000000000000e+00 0.000000000000000000e+00 0.000000000000000000e+00 0.000000000000000000e+00 0.000000000000000000e+00 0.000000000000000000e+00
0.000000000000000000e+00 0.000000000000000000e+00 5.036940284188361483e-01 0.000000000000000000e+00 3.760296672768829729e-01 0.000000000000000000e+00 0.000000000000000000e+00 0.000000000000000000e+00 0.000000000000000000e+00 0.000000000000000000e+00 0.000000000000000000e+00 0.000000000000000000e+00 0.000000000000000000e+00 5.102389989070084120e-01 0.000000000000000000e+00 3.666530931819471095e-01 0.000000000000000000e+00 0.000000000000000000e+00 0.000000000000000000e+00 0.000000000000000000e+00 0.000000000000000000e+00 0.000000000000000000e+00 0.000000000000000000e+00 0.000000000000000000e+00 0.000000000000000000e+00
0.000000000000000000e+00 4.197780212378148246e-01 0.000000000000000000e+00 0.000000000000000000e+00 0.000000000000000000e+00 0.000000000000000000e+00 0.000000000000000000e+00 0.000000000000000000e+00 6.351351759438887967e-01 0.000000000000000000e+00 2.604049313914694186e-01 0.000000000000000000e+00 0.000000000000000000e+00 0.000000000000000000e+00 3.225033707015628748e-01 0.000000000000000000e+00 0.000000000000000000e+00 0.000000000000000000e+00 0.000000000000000000e+00 0.000000000000000000e+00 0.000000000000000000e+00 0.000000000000000000e+00 0.000000000000000000e+00 0.000000000000000000e+00 0.000000000000000000e+00
0.000000000000000000e+00 0.000000000000000000e+00 3.708735312827963759e-01 5.383773253943379133e-01 8.597529459367397875e-02 0.000000000000000000e+00 0.000000000000000000e+00 3.201131175726967260e-01 0.000000000000000000e+00 0.000000000000000000e+00 0.000000000000000000e+00 0.000000000000000000e+00 0.000000000000000000e+00 0.000000000000000000e+00 4.975369944678745271e-01 0.000000000000000000e+00 0.000000000000000000e+00 0.000000000000000000e+00 0.000000000000000000e+00 0.000000000000000000e+00 0.000000000000000000e+00 0.000000000000000000e+00 0.000000000000000000e+00 0.000000000000000000e+00 0.000000000000000000e+00
4.019472089804954767e-02 4.882896787100852731e-01 0.000000000000000000e+00 0.000000000000000000e+00 0.000000000000000000e+00 0.000000000000000000e+00 0.000000000000000000e+00 0.000000000000000000e+00 0.000000000000000000e+00 0.000000000000000000e+00 0.000000000000000000e+00 0.000000000000000000e+00 4.306511628513571277e-01 0.000000000000000000e+00 5.053509050271790537e-01 0.000000000000000000e+00 0.000000000000000000e+00 0.000000000000000000e+00 1.975924133694213075e-02 0.000000000000000000e+00 0.000000000000000000e+00 0.000000000000000000e+00 0.000000000000000000e+00 0.000000000000000000e+00 0.000000000000000000e+00
0.000000000000000000e+00 4.142029314876335966e-01 0.000000000000000000e+00 0.000000000000000000e+00 0.000000000000000000e+00 0.000000000000000000e+00 0.000000000000000000e+00 0.000000000000000000e+00 0.000000000000000000e+00 0.000000000000000000e+00 0.000000000000000000e+00 0.000000000000000000e+00 0.000000000000000000e+00 0.000000000000000000e+00 0.000000000000000000e+00 0.000000000000000000e+00 0.000000000000000000e+00 1.824896192457267918e-01 0.000000000000000000e+00 0.000000000000000000e+00 0.000000000000000000e+00 0.000000000000000000e+00 0.000000000000000000e+00 0.000000000000000000e+00 0.000000000000000000e+00
