# # File created on Fri May 17 15:41:52 2024
#  # The following metaparameters were used for this matrix optimization : gamma0 = 0.5; alpha0 = 0; sigma0 = 0.25; l0 = 1;p = 1; R0 = 1; S0 = 0.05; NR = 25; NS = 25; matrix path = matrices/Nr25_Nc25/consumption/RandTrix_Nr25_Nc25_Nest0.6_Conn0.2048.txt; convergence threshold = 1e-08
# 
2.529634679206039941e-04 0.000000000000000000e+00 3.480226907945742788e-03 0.000000000000000000e+00 0.000000000000000000e+00 0.000000000000000000e+00 0.000000000000000000e+00 5.340223880313843584e-04 4.618025184336000018e-03 3.476319990645496908e-03 0.000000000000000000e+00 0.000000000000000000e+00 0.000000000000000000e+00 0.000000000000000000e+00 4.932770593945370700e-03 0.000000000000000000e+00 2.321497300375530929e-03 2.833703816291156981e-03 0.000000000000000000e+00 0.000000000000000000e+00 9.544023651369994404e-04 0.000000000000000000e+00 0.000000000000000000e+00 3.439957053422349007e-03 5.337896923130232155e-04
0.000000000000000000e+00 0.000000000000000000e+00 3.739067602478815967e-03 0.000000000000000000e+00 2.392738393337643862e-03 2.102402965826779841e-03 0.000000000000000000e+00 0.000000000000000000e+00 5.290799450416722313e-05 2.956956488747883045e-03 0.000000000000000000e+00 0.000000000000000000e+00 0.000000000000000000e+00 0.000000000000000000e+00 0.000000000000000000e+00 1.558536066355194032e-03 0.000000000000000000e+00 0.000000000000000000e+00 1.131281386829193067e-03 4.917658924721368154e-03 4.832670734679180187e-03 3.592680314607155003e-03 0.000000000000000000e+00 3.137356596283541205e-03 0.000000000000000000e+00
2.079016914818415836e-03 0.000000000000000000e+00 4.170057302737108403e-03 8.283809538104120341e-04 3.504132873626921753e-04 0.000000000000000000e+00 5.788593750795960937e-05 0.000000000000000000e+00 2.459271941681726806e-03 0.000000000000000000e+00 2.592431074668602974e-03 0.000000000000000000e+00 2.230120351072898115e-03 8.220747487966545679e-04 0.000000000000000000e+00 1.824194526920383096e-03 0.000000000000000000e+00 1.416409998912531018e-03 0.000000000000000000e+00 0.000000000000000000e+00 0.000000000000000000e+00 0.000000000000000000e+00 0.000000000000000000e+00 2.282604439064929089e-03 0.000000000000000000e+00
0.000000000000000000e+00 4.278692072637392367e-03 0.000000000000000000e+00 0.000000000000000000e+00 1.601134663887382069e-04 0.000000000000000000e+00 0.000000000000000000e+00 0.000000000000000000e+00 3.691431472583132142e-03 2.030185080552342897e-03 0.000000000000000000e+00 3.158872692109153911e-03 0.000000000000000000e+00 5.757723823540986888e-04 0.000000000000000000e+00 2.419313432144215136e-03 4.947847830655036951e-03 1.720606963323075998e-03 1.393617303182329925e-03 0.000000000000000000e+00 3.107538703817401028e-03 0.000000000000000000e+00 1.624998789256444003e-04 3.298902894852229900e-03 8.845589301533828344e-04
1.571508951656743966e-03 0.000000000000000000e+00 1.550902286709373960e-03 1.535650952047863020e-03 2.461057547046091804e-04 0.000000000000000000e+00 0.000000000000000000e+00 2.365975044097344895e-03 0.000000000000000000e+00 0.000000000000000000e+00 5.016320576859400202e-04 0.000000000000000000e+00 0.000000000000000000e+00 4.747458342419050119e-03 0.000000000000000000e+00 7.884405213654062036e-04 1.941146994391224024e-03 4.780376462040461689e-03 0.000000000000000000e+00 1.570909085923717901e-03 0.000000000000000000e+00 0.000000000000000000e+00 2.405923988215027953e-03 0.000000000000000000e+00 9.804284432579032406e-04
1.514124202092706007e-03 0.000000000000000000e+00 0.000000000000000000e+00 0.000000000000000000e+00 0.000000000000000000e+00 7.883537128553406124e-04 9.419334976523256481e-04 0.000000000000000000e+00 0.000000000000000000e+00 5.265224811663999889e-04 6.130005807265389520e-04 1.400227814919525939e-03 4.259406971088538010e-03 0.000000000000000000e+00 0.000000000000000000e+00 0.000000000000000000e+00 0.000000000000000000e+00 0.000000000000000000e+00 1.441368159452812066e-04 1.304717261289220021e-03 0.000000000000000000e+00 0.000000000000000000e+00 0.000000000000000000e+00 0.000000000000000000e+00 0.000000000000000000e+00
2.943769503724576967e-03 1.905401823552231979e-03 0.000000000000000000e+00 0.000000000000000000e+00 0.000000000000000000e+00 0.000000000000000000e+00 4.676333410997226235e-03 3.538089455127155919e-03 0.000000000000000000e+00 0.000000000000000000e+00 3.609169700628407033e-03 0.000000000000000000e+00 3.873236667074412805e-04 0.000000000000000000e+00 2.175719825371015895e-03 1.274387047351544107e-04 0.000000000000000000e+00 0.000000000000000000e+00 0.000000000000000000e+00 0.000000000000000000e+00 0.000000000000000000e+00 0.000000000000000000e+00 0.000000000000000000e+00 2.387934166355594207e-03 0.000000000000000000e+00
8.737782335576294761e-04 0.000000000000000000e+00 0.000000000000000000e+00 0.000000000000000000e+00 0.000000000000000000e+00 0.000000000000000000e+00 1.310279268742010981e-03 2.343326544863617075e-03 0.000000000000000000e+00 0.000000000000000000e+00 0.000000000000000000e+00 8.479489930937418509e-04 3.537335685859949955e-03 3.019866285174505928e-03 1.180435163848901972e-03 0.000000000000000000e+00 0.000000000000000000e+00 1.644823676714242053e-03 4.810304632704941880e-03 3.044076648670492047e-03 3.973617501443199064e-03 0.000000000000000000e+00 0.000000000000000000e+00 0.000000000000000000e+00 8.664074818352294040e-04
2.402434505607556857e-03 3.907516261895765258e-03 0.000000000000000000e+00 0.000000000000000000e+00 0.000000000000000000e+00 0.000000000000000000e+00 4.302874635605444947e-03 0.000000000000000000e+00 0.000000000000000000e+00 4.893383668284594611e-03 2.781159151259991139e-03 0.000000000000000000e+00 0.000000000000000000e+00 0.000000000000000000e+00 0.000000000000000000e+00 1.765565113395014055e-03 3.649117593759153831e-04 0.000000000000000000e+00 1.830613481511192929e-03 0.000000000000000000e+00 2.711223736683420014e-03 1.305433358947805014e-03 0.000000000000000000e+00 0.000000000000000000e+00 9.505237421977225445e-04
4.057670524422477215e-04 0.000000000000000000e+00 0.000000000000000000e+00 0.000000000000000000e+00 4.891091343566590297e-03 0.000000000000000000e+00 0.000000000000000000e+00 5.364403298485967940e-04 8.871085829659598526e-04 1.425572050195488992e-03 3.193725943271899081e-03 0.000000000000000000e+00 0.000000000000000000e+00 0.000000000000000000e+00 1.352825159676162908e-03 0.000000000000000000e+00 2.684668339821527985e-03 0.000000000000000000e+00 4.479200215922634828e-03 0.000000000000000000e+00 0.000000000000000000e+00 2.894463750855068990e-03 0.000000000000000000e+00 1.404541063484086947e-03 4.007279612002597781e-03
0.000000000000000000e+00 0.000000000000000000e+00 4.032796334215043611e-03 4.724556429415376936e-03 4.569831784854028883e-03 1.088157363910562895e-03 0.000000000000000000e+00 0.000000000000000000e+00 0.000000000000000000e+00 4.410408855976651749e-03 0.000000000000000000e+00 3.645851945073998852e-04 0.000000000000000000e+00 2.116617549723487975e-03 1.703947233390212031e-03 0.000000000000000000e+00 1.195463859940614935e-03 0.000000000000000000e+00 0.000000000000000000e+00 0.000000000000000000e+00 3.575890254121863064e-04 0.000000000000000000e+00 1.853562036506438068e-03 1.466918841017709899e-03 1.974408000717164154e-03
1.194595484896129010e-03 1.781119772017751004e-03 3.106632071414256791e-04 2.107050166986147201e-03 2.918671510237222117e-03 3.220401006007283986e-03 4.254159474903499751e-03 0.000000000000000000e+00 7.368180587003736958e-05 5.623606923714059928e-05 4.121104126207386989e-03 0.000000000000000000e+00 0.000000000000000000e+00 2.950159360100151028e-03 2.058720262425736897e-04 4.848718672283509369e-03 0.000000000000000000e+00 0.000000000000000000e+00 7.414827712866813459e-04 0.000000000000000000e+00 0.000000000000000000e+00 1.937314711132532945e-03 4.506292138658394945e-03 2.746300924565013153e-05 0.000000000000000000e+00
2.533348549770162925e-03 0.000000000000000000e+00 1.895444811636153937e-03 3.658787804562719983e-03 0.000000000000000000e+00 2.927793647190621122e-03 0.000000000000000000e+00 0.000000000000000000e+00 2.480993908835946084e-03 4.981050928566946312e-03 0.000000000000000000e+00 0.000000000000000000e+00 4.435730385271941661e-03 4.019474522814967844e-03 5.240934115197868866e-04 3.062658454289593143e-03 0.000000000000000000e+00 4.511273950701562285e-03 3.980502355858107216e-03 0.000000000000000000e+00 9.549328065527565735e-04 0.000000000000000000e+00 3.617647178480160215e-03 0.000000000000000000e+00 7.602742768093174574e-04
4.256199738666734123e-03 0.000000000000000000e+00 1.551360495969411049e-03 0.000000000000000000e+00 0.000000000000000000e+00 3.106251855275129776e-04 0.000000000000000000e+00 0.000000000000000000e+00 4.117752636989675981e-03 3.539569163652024012e-03 0.000000000000000000e+00 0.000000000000000000e+00 5.766285881045532654e-04 4.421932330741649075e-04 0.000000000000000000e+00 1.118147356481894025e-03 1.057798760229994935e-04 1.367937490369215995e-03 0.000000000000000000e+00 0.000000000000000000e+00 0.000000000000000000e+00 4.364416985627533017e-03 0.000000000000000000e+00 3.623379526772877086e-04 0.000000000000000000e+00
0.000000000000000000e+00 0.000000000000000000e+00 2.003374147637643904e-03 0.000000000000000000e+00 0.000000000000000000e+00 0.000000000000000000e+00 0.000000000000000000e+00 4.182521872291130628e-03 0.000000000000000000e+00 4.926851027490539679e-03 7.308830378278622774e-05 5.038081827786539861e-04 3.133319975664950168e-03 2.674153489166611157e-03 0.000000000000000000e+00 0.000000000000000000e+00 0.000000000000000000e+00 0.000000000000000000e+00 0.000000000000000000e+00 0.000000000000000000e+00 4.622497233451410698e-03 0.000000000000000000e+00 0.000000000000000000e+00 0.000000000000000000e+00 0.000000000000000000e+00
0.000000000000000000e+00 0.000000000000000000e+00 0.000000000000000000e+00 1.058577291990794959e-04 2.639820425528883151e-03 1.869870897750214051e-03 0.000000000000000000e+00 1.354956321185162927e-03 2.796274086807709093e-03 0.000000000000000000e+00 0.000000000000000000e+00 0.000000000000000000e+00 0.000000000000000000e+00 3.452271070648312967e-03 0.000000000000000000e+00 1.583859106048462074e-03 0.000000000000000000e+00 0.000000000000000000e+00 0.000000000000000000e+00 0.000000000000000000e+00 3.231980670635840880e-04 0.000000000000000000e+00 0.000000000000000000e+00 0.000000000000000000e+00 0.000000000000000000e+00
0.000000000000000000e+00 0.000000000000000000e+00 0.000000000000000000e+00 4.723991527175264681e-03 0.000000000000000000e+00 0.000000000000000000e+00 4.671782913777428048e-03 0.000000000000000000e+00 0.000000000000000000e+00 0.000000000000000000e+00 0.000000000000000000e+00 0.000000000000000000e+00 0.000000000000000000e+00 0.000000000000000000e+00 2.335628203500896005e-04 0.000000000000000000e+00 5.815264075021151700e-05 0.000000000000000000e+00 1.627894131554378024e-03 0.000000000000000000e+00 0.000000000000000000e+00 9.716731846287209951e-04 1.798015412615388935e-03 8.053303409654681696e-05 0.000000000000000000e+00
0.000000000000000000e+00 0.000000000000000000e+00 0.000000000000000000e+00 3.263413273515024162e-03 0.000000000000000000e+00 0.000000000000000000e+00 0.000000000000000000e+00 4.657595548075888110e-03 4.279203759903119249e-03 0.000000000000000000e+00 0.000000000000000000e+00 5.165992554942090871e-04 1.546886736758240925e-03 2.763257836801538952e-03 1.098830224728946899e-03 0.000000000000000000e+00 0.000000000000000000e+00 0.000000000000000000e+00 3.551300703818835100e-03 0.000000000000000000e+00 0.000000000000000000e+00 2.464477302739775163e-03 4.075600074464324866e-03 2.029398528414322030e-04 0.000000000000000000e+00
5.262082398756986372e-04 0.000000000000000000e+00 8.760678072868481419e-05 4.868656860327447156e-03 4.373782198357017113e-03 7.642925243530062935e-04 4.057114411522736797e-04 2.086067606076370015e-04 1.150669653275379969e-03 2.083073328091353087e-04 0.000000000000000000e+00 0.000000000000000000e+00 1.648754289527240991e-04 0.000000000000000000e+00 2.492351893734953087e-03 0.000000000000000000e+00 1.400080032221906945e-03 5.529137860377431784e-04 0.000000000000000000e+00 0.000000000000000000e+00 0.000000000000000000e+00 0.000000000000000000e+00 0.000000000000000000e+00 2.689424979584634917e-03 2.552660794612990856e-03
0.000000000000000000e+00 0.000000000000000000e+00 3.411912821778741861e-03 3.563052930980649055e-03 0.000000000000000000e+00 2.589662569141307821e-03 4.714141708489063241e-03 0.000000000000000000e+00 0.000000000000000000e+00 0.000000000000000000e+00 0.000000000000000000e+00 3.603033537613620132e-03 4.143332154509595661e-03 4.917449126721616659e-03 1.722151267912724014e-03 0.000000000000000000e+00 0.000000000000000000e+00 2.874269043173068895e-03 0.000000000000000000e+00 2.797616894874651108e-03 0.000000000000000000e+00 2.921854786235785883e-03 3.563088415022856205e-03 2.564147004902824802e-03 4.320932739643019993e-03
0.000000000000000000e+00 0.000000000000000000e+00 0.000000000000000000e+00 6.920425266210411801e-04 4.059852473634053931e-03 0.000000000000000000e+00 4.033839686112483669e-03 2.763499490719658908e-03 0.000000000000000000e+00 8.380682448918013632e-04 0.000000000000000000e+00 0.000000000000000000e+00 3.855413887546402935e-03 0.000000000000000000e+00 0.000000000000000000e+00 0.000000000000000000e+00 0.000000000000000000e+00 0.000000000000000000e+00 2.399840905680837057e-03 0.000000000000000000e+00 0.000000000000000000e+00 3.605131899594814140e-03 0.000000000000000000e+00 4.692143521709070983e-04 4.417441963977233356e-03
4.367055306633843212e-03 2.435510151573385892e-03 1.755436304746553055e-03 2.158488204122636835e-03 1.405458135798028909e-03 0.000000000000000000e+00 2.108786997232172788e-03 1.475147428710709948e-03 0.000000000000000000e+00 9.614161573423102812e-04 5.701188639445059882e-04 1.998158599333815962e-03 1.515765129985951988e-03 5.073792466609608302e-04 3.181761302928797028e-03 0.000000000000000000e+00 0.000000000000000000e+00 3.813689609598121862e-03 5.927406024795747134e-04 3.138288393621531131e-03 0.000000000000000000e+00 3.208211393862322840e-03 2.068210694072539040e-03 0.000000000000000000e+00 0.000000000000000000e+00
1.173189051720991034e-03 0.000000000000000000e+00 1.999067082506785097e-05 0.000000000000000000e+00 3.591195507532994081e-03 0.000000000000000000e+00 0.000000000000000000e+00 0.000000000000000000e+00 0.000000000000000000e+00 3.198327438716790810e-04 1.153271903531071993e-03 3.261257252299781806e-03 1.586711973397087090e-03 1.475390376136274072e-03 0.000000000000000000e+00 1.927984597362241911e-03 0.000000000000000000e+00 1.316811801410962962e-03 0.000000000000000000e+00 0.000000000000000000e+00 0.000000000000000000e+00 1.743093631958358937e-03 0.000000000000000000e+00 2.213161819934600198e-03 0.000000000000000000e+00
4.160885385129244052e-03 4.290297851175429826e-03 0.000000000000000000e+00 0.000000000000000000e+00 1.826723774113349092e-03 0.000000000000000000e+00 3.735753861471200876e-03 0.000000000000000000e+00 1.882341577838313922e-03 4.745881865607451573e-03 2.740759649701053212e-04 2.805917998532778818e-03 2.261372908813293059e-03 0.000000000000000000e+00 0.000000000000000000e+00 4.434919321866124739e-03 3.650274203207612856e-03 3.929124286429564947e-03 1.154994692478181900e-03 4.214025061879517718e-03 0.000000000000000000e+00 0.000000000000000000e+00 0.000000000000000000e+00 0.000000000000000000e+00 0.000000000000000000e+00
0.000000000000000000e+00 2.944003442258299151e-03 0.000000000000000000e+00 0.000000000000000000e+00 0.000000000000000000e+00 1.246456425735071065e-03 0.000000000000000000e+00 0.000000000000000000e+00 0.000000000000000000e+00 2.679914214478055796e-03 0.000000000000000000e+00 0.000000000000000000e+00 2.675416255340420913e-04 0.000000000000000000e+00 2.103298638594018784e-03 0.000000000000000000e+00 0.000000000000000000e+00 0.000000000000000000e+00 0.000000000000000000e+00 2.350295526198844989e-03 0.000000000000000000e+00 2.117642400229065042e-03 0.000000000000000000e+00 0.000000000000000000e+00 3.908758226066950774e-03
