# # File created on Fri May 17 15:41:52 2024
#  # The following metaparameters were used for this matrix optimization : gamma0 = 0.5; alpha0 = 0; sigma0 = 0.25; l0 = 1;p = 1; R0 = 1; S0 = 0.05; NR = 25; NS = 25; matrix path = matrices/Nr25_Nc25/consumption/RandTrix_Nr25_Nc25_Nest0.4_Conn0.3712.txt; convergence threshold = 1e-08
# 
0.000000000000000000e+00 0.000000000000000000e+00 3.403229779948402107e-03 0.000000000000000000e+00 0.000000000000000000e+00 0.000000000000000000e+00 3.658657904261565855e-03 0.000000000000000000e+00 0.000000000000000000e+00 0.000000000000000000e+00 7.388378948719355596e-04 0.000000000000000000e+00 4.358107278190906896e-03 3.702431474564605880e-03 2.177791161274469900e-04 0.000000000000000000e+00 1.986072244267654031e-03 4.428871340169934778e-03 3.732747279673946129e-03 0.000000000000000000e+00 3.135351026744778030e-03 0.000000000000000000e+00 2.541002581018705041e-03 4.471413470487267672e-03 0.000000000000000000e+00
4.044513629336808809e-03 0.000000000000000000e+00 0.000000000000000000e+00 0.000000000000000000e+00 1.728096393510834090e-03 4.104135371398751238e-03 3.371481060552489195e-03 4.389980741632237317e-03 0.000000000000000000e+00 3.097283269924225920e-03 0.000000000000000000e+00 1.811795990581977064e-03 0.000000000000000000e+00 1.426426294794973975e-03 1.090648288114259932e-03 2.690671419726901187e-03 0.000000000000000000e+00 0.000000000000000000e+00 8.670239321582275289e-04 0.000000000000000000e+00 0.000000000000000000e+00 1.961781913216819988e-03 3.270437703237683100e-03 1.012529379842462898e-03 0.000000000000000000e+00
2.422312136809122982e-04 4.125286640023657046e-03 1.246095880340836919e-03 2.512912233045036785e-03 0.000000000000000000e+00 4.709666270320970842e-03 0.000000000000000000e+00 2.404950723974389869e-03 0.000000000000000000e+00 0.000000000000000000e+00 2.002531698769197989e-03 4.914023816393484935e-03 0.000000000000000000e+00 4.694511222138008678e-03 0.000000000000000000e+00 9.372486327941267860e-04 4.261253581002579817e-03 0.000000000000000000e+00 0.000000000000000000e+00 0.000000000000000000e+00 4.264803956813684009e-03 0.000000000000000000e+00 1.419280872630807001e-03 1.057411757693140940e-03 0.000000000000000000e+00
0.000000000000000000e+00 3.352621043295760822e-04 0.000000000000000000e+00 0.000000000000000000e+00 0.000000000000000000e+00 6.144720716404788357e-04 3.123612670341354910e-03 1.540558447094464998e-03 2.825042697398309072e-03 3.920303724253560752e-03 0.000000000000000000e+00 5.218136330491131162e-04 0.000000000000000000e+00 0.000000000000000000e+00 2.238645493949204934e-03 0.000000000000000000e+00 0.000000000000000000e+00 4.704283754418943191e-03 0.000000000000000000e+00 0.000000000000000000e+00 3.265850850020809212e-03 3.545199403648151108e-03 3.942137553170839935e-03 3.862780262103733802e-03 1.034789074564561057e-03
4.495605185376743860e-04 2.430349865334423959e-03 0.000000000000000000e+00 2.193868576577173019e-03 0.000000000000000000e+00 0.000000000000000000e+00 0.000000000000000000e+00 0.000000000000000000e+00 9.500578680839518635e-04 3.569675797623541019e-03 0.000000000000000000e+00 9.540535230474124105e-04 0.000000000000000000e+00 0.000000000000000000e+00 0.000000000000000000e+00 1.055020831436426047e-03 5.049708460077083176e-04 3.167826145492486870e-03 0.000000000000000000e+00 0.000000000000000000e+00 3.388543977713551116e-03 9.017264405301087492e-04 0.000000000000000000e+00 0.000000000000000000e+00 4.016078859691449288e-03
0.000000000000000000e+00 0.000000000000000000e+00 0.000000000000000000e+00 3.603415623300726140e-03 1.261883464606490968e-03 0.000000000000000000e+00 0.000000000000000000e+00 1.600324910176402103e-03 0.000000000000000000e+00 0.000000000000000000e+00 0.000000000000000000e+00 3.672310839978046239e-04 0.000000000000000000e+00 0.000000000000000000e+00 1.228506283790162029e-03 1.089119382933728068e-03 0.000000000000000000e+00 0.000000000000000000e+00 8.605603428799169646e-04 3.702235588132075060e-03 0.000000000000000000e+00 3.762865960615477141e-03 4.583920320670007917e-03 0.000000000000000000e+00 0.000000000000000000e+00
0.000000000000000000e+00 0.000000000000000000e+00 0.000000000000000000e+00 0.000000000000000000e+00 2.763477436505311791e-03 1.268085042423220928e-03 4.218865269471645113e-03 1.785908468820325990e-03 0.000000000000000000e+00 0.000000000000000000e+00 0.000000000000000000e+00 0.000000000000000000e+00 0.000000000000000000e+00 0.000000000000000000e+00 0.000000000000000000e+00 4.505383313148232996e-03 4.998284233319398064e-03 3.456061903346561905e-03 0.000000000000000000e+00 0.000000000000000000e+00 0.000000000000000000e+00 0.000000000000000000e+00 0.000000000000000000e+00 0.000000000000000000e+00 0.000000000000000000e+00
1.965890211927005977e-03 0.000000000000000000e+00 0.000000000000000000e+00 2.761009477004733054e-03 0.000000000000000000e+00 0.000000000000000000e+00 0.000000000000000000e+00 0.000000000000000000e+00 0.000000000000000000e+00 2.362629524602402088e-03 0.000000000000000000e+00 0.000000000000000000e+00 9.011421466714870617e-05 0.000000000000000000e+00 0.000000000000000000e+00 1.399625369898527000e-03 2.400097516413142191e-03 1.762332548884567055e-03 0.000000000000000000e+00 3.535386820401829108e-03 1.354557512686097942e-03 1.311256420063344904e-04 3.152175111082039082e-03 3.473759794421537109e-03 4.692755240700258179e-03
0.000000000000000000e+00 3.115654841817151830e-03 2.586173467967967099e-03 2.838047334661481912e-04 1.758518027472252918e-03 0.000000000000000000e+00 8.567444485861467392e-04 2.628051179241542787e-03 0.000000000000000000e+00 0.000000000000000000e+00 0.000000000000000000e+00 0.000000000000000000e+00 1.058127935082395048e-03 3.899364085222079175e-03 0.000000000000000000e+00 0.000000000000000000e+00 4.005624951455785850e-03 0.000000000000000000e+00 0.000000000000000000e+00 0.000000000000000000e+00 0.000000000000000000e+00 0.000000000000000000e+00 0.000000000000000000e+00 4.320713499276930894e-03 0.000000000000000000e+00
0.000000000000000000e+00 7.545718170203746366e-04 1.294832408694084102e-03 0.000000000000000000e+00 8.973574571868662671e-04 0.000000000000000000e+00 0.000000000000000000e+00 1.946843567073644086e-03 2.750566441044154185e-03 0.000000000000000000e+00 0.000000000000000000e+00 0.000000000000000000e+00 0.000000000000000000e+00 0.000000000000000000e+00 9.888915989491788711e-04 0.000000000000000000e+00 3.397354074895271841e-03 2.680339834443205838e-03 0.000000000000000000e+00 0.000000000000000000e+00 1.917009417847483077e-03 0.000000000000000000e+00 3.673505042674178080e-03 0.000000000000000000e+00 0.000000000000000000e+00
1.364357102031819912e-03 0.000000000000000000e+00 3.717405722582464798e-03 2.827351791949997851e-03 4.319011167260913657e-03 3.521883640197513883e-03 0.000000000000000000e+00 2.329464001243077963e-03 5.284877736592892040e-04 0.000000000000000000e+00 4.738137072328509080e-04 4.925030811741822143e-04 0.000000000000000000e+00 0.000000000000000000e+00 0.000000000000000000e+00 0.000000000000000000e+00 0.000000000000000000e+00 0.000000000000000000e+00 0.000000000000000000e+00 0.000000000000000000e+00 9.766915595501171957e-04 0.000000000000000000e+00 0.000000000000000000e+00 0.000000000000000000e+00 0.000000000000000000e+00
0.000000000000000000e+00 0.000000000000000000e+00 0.000000000000000000e+00 1.853427290056346936e-03 4.438674842725927328e-03 0.000000000000000000e+00 0.000000000000000000e+00 1.821177698759692952e-04 0.000000000000000000e+00 3.789786318370247115e-03 2.480871919350962056e-03 3.858751211163252790e-03 0.000000000000000000e+00 4.485776491930456786e-03 0.000000000000000000e+00 0.000000000000000000e+00 4.244550613563224245e-03 0.000000000000000000e+00 0.000000000000000000e+00 1.221364915218219093e-03 1.374122097815853915e-03 0.000000000000000000e+00 0.000000000000000000e+00 0.000000000000000000e+00 3.958589294373931686e-03
2.742764728318036055e-03 4.993050031979476104e-03 4.128192186172790872e-03 8.367677353088021075e-04 1.105082767541124044e-03 0.000000000000000000e+00 0.000000000000000000e+00 0.000000000000000000e+00 2.629711752772954936e-03 0.000000000000000000e+00 0.000000000000000000e+00 0.000000000000000000e+00 0.000000000000000000e+00 4.218412738877295662e-03 1.354796141398549895e-03 1.953613499530289840e-03 6.146272994082830742e-04 0.000000000000000000e+00 1.913228488954539942e-03 3.505595248053084822e-03 3.472928684913913905e-03 2.847757546997736842e-03 2.550365698780302903e-03 0.000000000000000000e+00 0.000000000000000000e+00
3.085706477406630847e-03 0.000000000000000000e+00 0.000000000000000000e+00 4.487589348141305876e-03 0.000000000000000000e+00 4.619230331296999810e-04 3.116463140449150229e-04 0.000000000000000000e+00 1.882396815144478982e-03 0.000000000000000000e+00 4.646894357756195700e-03 0.000000000000000000e+00 2.965472036467649026e-03 2.344357638952856808e-03 0.000000000000000000e+00 4.349645750590796188e-03 3.718654148025501201e-03 8.254331412245678300e-04 0.000000000000000000e+00 3.033351791367933092e-03 0.000000000000000000e+00 1.805874998224858089e-03 0.000000000000000000e+00 0.000000000000000000e+00 1.880457080996352079e-03
4.865819214513322430e-03 1.550428013606849984e-03 1.032952452647622007e-04 2.926521636107539217e-04 0.000000000000000000e+00 0.000000000000000000e+00 0.000000000000000000e+00 0.000000000000000000e+00 3.132830384680209204e-03 4.571936042656462966e-03 0.000000000000000000e+00 0.000000000000000000e+00 0.000000000000000000e+00 7.677419786108011799e-04 0.000000000000000000e+00 0.000000000000000000e+00 0.000000000000000000e+00 0.000000000000000000e+00 0.000000000000000000e+00 1.104026636742053971e-03 0.000000000000000000e+00 3.274136556492210901e-04 0.000000000000000000e+00 0.000000000000000000e+00 2.870672450853128162e-03
1.142130972724650058e-03 4.448277294534136277e-03 0.000000000000000000e+00 0.000000000000000000e+00 0.000000000000000000e+00 0.000000000000000000e+00 0.000000000000000000e+00 2.888749512003043938e-04 4.688663000508727641e-03 0.000000000000000000e+00 0.000000000000000000e+00 1.880005293772236919e-03 1.839374335804135107e-03 0.000000000000000000e+00 0.000000000000000000e+00 1.996784235159144039e-03 0.000000000000000000e+00 0.000000000000000000e+00 0.000000000000000000e+00 2.067495614948641086e-04 0.000000000000000000e+00 1.218495626943895014e-03 1.067853249790171087e-03 3.330247572899827993e-03 4.050580183013957093e-03
0.000000000000000000e+00 0.000000000000000000e+00 0.000000000000000000e+00 3.837046418784058853e-03 3.634887214059967075e-03 0.000000000000000000e+00 0.000000000000000000e+00 0.000000000000000000e+00 0.000000000000000000e+00 4.971613859375025729e-03 0.000000000000000000e+00 0.000000000000000000e+00 0.000000000000000000e+00 0.000000000000000000e+00 0.000000000000000000e+00 0.000000000000000000e+00 0.000000000000000000e+00 0.000000000000000000e+00 0.000000000000000000e+00 0.000000000000000000e+00 4.479664195397497183e-03 4.843307427197901088e-05 0.000000000000000000e+00 4.614223779489477067e-03 5.810149244578473001e-05
0.000000000000000000e+00 3.449785908101575191e-03 0.000000000000000000e+00 1.012983753612373096e-03 2.793994589441738206e-03 0.000000000000000000e+00 1.807737098415762968e-03 4.399550201979472762e-04 0.000000000000000000e+00 0.000000000000000000e+00 0.000000000000000000e+00 9.048767768218990036e-04 0.000000000000000000e+00 3.358449590668514863e-03 0.000000000000000000e+00 1.599409796697682043e-04 3.869530546495345003e-03 0.000000000000000000e+00 0.000000000000000000e+00 0.000000000000000000e+00 0.000000000000000000e+00 3.252275931381817808e-03 0.000000000000000000e+00 1.870062832767259041e-03 3.987969246293098825e-03
8.010183338887050079e-04 3.439735835546873198e-03 0.000000000000000000e+00 0.000000000000000000e+00 0.000000000000000000e+00 3.044985238187864884e-03 3.710622659706331022e-03 0.000000000000000000e+00 0.000000000000000000e+00 0.000000000000000000e+00 4.787203491451432792e-03 7.297861537640868129e-04 3.030230830649015793e-03 0.000000000000000000e+00 0.000000000000000000e+00 0.000000000000000000e+00 0.000000000000000000e+00 1.701887613957642990e-03 0.000000000000000000e+00 1.389454573274280080e-03 1.814985119759154929e-03 1.053272568301551930e-03 3.861895394682496926e-04 3.131742268215165215e-03 0.000000000000000000e+00
2.419313459001998928e-03 0.000000000000000000e+00 2.642177560169258095e-03 0.000000000000000000e+00 0.000000000000000000e+00 0.000000000000000000e+00 4.945111047386611426e-03 3.906719370812969210e-03 0.000000000000000000e+00 0.000000000000000000e+00 3.330823046834183784e-03 0.000000000000000000e+00 2.506669938472677172e-03 0.000000000000000000e+00 4.293644994910849125e-03 0.000000000000000000e+00 2.384279308555807206e-03 3.589722582554431829e-03 0.000000000000000000e+00 0.000000000000000000e+00 1.785989319020471044e-03 3.112326953717576162e-03 0.000000000000000000e+00 2.247734758824720003e-03 1.256710953841375100e-03
2.150116855448708925e-03 2.758041231727720918e-03 0.000000000000000000e+00 3.045085586774556787e-03 0.000000000000000000e+00 1.237234507118704051e-03 3.198930385203125042e-03 0.000000000000000000e+00 0.000000000000000000e+00 1.112950850892853059e-03 1.080492985449185098e-03 2.054510080520786930e-03 5.192808953035806235e-04 0.000000000000000000e+00 0.000000000000000000e+00 0.000000000000000000e+00 0.000000000000000000e+00 0.000000000000000000e+00 0.000000000000000000e+00 0.000000000000000000e+00 0.000000000000000000e+00 0.000000000000000000e+00 0.000000000000000000e+00 0.000000000000000000e+00 0.000000000000000000e+00
4.065728006698155275e-03 0.000000000000000000e+00 0.000000000000000000e+00 0.000000000000000000e+00 0.000000000000000000e+00 0.000000000000000000e+00 0.000000000000000000e+00 1.982185015016383993e-03 3.801988051555376140e-04 2.153070411370379151e-03 4.340995145330144023e-03 7.072404657131553616e-04 9.563364846724813073e-04 0.000000000000000000e+00 1.485801191446572923e-03 0.000000000000000000e+00 2.346143072227203138e-03 0.000000000000000000e+00 0.000000000000000000e+00 0.000000000000000000e+00 0.000000000000000000e+00 7.016218805048534193e-04 0.000000000000000000e+00 4.387705588995063216e-03 1.811565130515904948e-03
7.082896197706208593e-04 1.629271353740278016e-03 0.000000000000000000e+00 2.455047715764346796e-03 3.338061515355982955e-03 0.000000000000000000e+00 4.970742840218553803e-03 0.000000000000000000e+00 4.380643567637397193e-03 3.209972224924390917e-03 4.902589870159634183e-03 3.564406425408657951e-03 0.000000000000000000e+00 0.000000000000000000e+00 3.921104996111531059e-04 0.000000000000000000e+00 4.338153452741199973e-04 2.917319229944600068e-03 2.730874267516837130e-03 4.022345373629176296e-03 4.402978656120616271e-03 0.000000000000000000e+00 8.676562029144420461e-04 0.000000000000000000e+00 0.000000000000000000e+00
1.634130660139397053e-03 0.000000000000000000e+00 0.000000000000000000e+00 1.322978953553767024e-03 0.000000000000000000e+00 4.422308764979025232e-03 0.000000000000000000e+00 0.000000000000000000e+00 0.000000000000000000e+00 0.000000000000000000e+00 2.819933601298670847e-04 0.000000000000000000e+00 0.000000000000000000e+00 3.259681196851070117e-03 2.494742709907675059e-03 1.623213424451567946e-03 2.876963141588380086e-03 0.000000000000000000e+00 0.000000000000000000e+00 0.000000000000000000e+00 4.671919017122928147e-03 2.012630970038680085e-03 0.000000000000000000e+00 0.000000000000000000e+00 0.000000000000000000e+00
1.250049901652106098e-03 9.102968813300713145e-04 4.159677965755300896e-03 2.733007361401834211e-03 1.177565965499483090e-03 0.000000000000000000e+00 0.000000000000000000e+00 3.655955165675260198e-03 2.134495261834325956e-04 4.743845452438202361e-03 0.000000000000000000e+00 4.746007527756622262e-03 0.000000000000000000e+00 2.505533628883973001e-03 1.613416046477767060e-03 2.495875540962221029e-03 3.772676985334596882e-03 4.709724252289968632e-03 0.000000000000000000e+00 1.348483325026768017e-03 1.649142070025165063e-03 4.610356319076507753e-03 0.000000000000000000e+00 4.120039548895630156e-03 3.805709980422593806e-03
