# # File created on Fri May 17 15:41:47 2024
#  # The following metaparameters were used for this matrix optimization : gamma0 = 0.5; alpha0 = 0; sigma0 = 0.25; l0 = 1;p = 1; R0 = 1; S0 = 0.05; NR = 25; NS = 25; matrix path = matrices/Nr25_Nc25/consumption/RandTrix_Nr25_Nc25_Nest0.1_Conn0.0816.txt; convergence threshold = 1e-08
# 
6.995544431788117004e-04 3.658291555950742187e-03 0.000000000000000000e+00 0.000000000000000000e+00 0.000000000000000000e+00 0.000000000000000000e+00 4.402343533034593781e-05 0.000000000000000000e+00 0.000000000000000000e+00 0.000000000000000000e+00 0.000000000000000000e+00 0.000000000000000000e+00 0.000000000000000000e+00 0.000000000000000000e+00 3.376098124859075022e-03 1.667744795533487910e-03 0.000000000000000000e+00 2.144025177749974819e-03 2.328104681954669061e-03 0.000000000000000000e+00 0.000000000000000000e+00 0.000000000000000000e+00 3.250080587978041065e-03 0.000000000000000000e+00 0.000000000000000000e+00
0.000000000000000000e+00 1.912077020454159074e-03 0.000000000000000000e+00 4.577056036180774876e-03 0.000000000000000000e+00 0.000000000000000000e+00 0.000000000000000000e+00 0.000000000000000000e+00 3.931310448514736778e-04 1.190140645376215047e-03 3.019420731595956215e-03 4.165335118650257198e-03 4.518612884983148371e-03 0.000000000000000000e+00 2.113125857792419113e-03 1.578077656621959925e-03 4.920842922151812300e-03 3.689354887370690107e-03 0.000000000000000000e+00 0.000000000000000000e+00 0.000000000000000000e+00 1.814672059313114996e-03 0.000000000000000000e+00 0.000000000000000000e+00 2.954353904402139824e-03
3.022317753939982986e-03 0.000000000000000000e+00 0.000000000000000000e+00 2.987293415113826799e-03 0.000000000000000000e+00 0.000000000000000000e+00 1.750022179036750001e-03 0.000000000000000000e+00 2.132060810437313037e-03 0.000000000000000000e+00 8.448076158096673016e-04 2.907226430099723799e-03 4.589069051534291899e-03 3.799489142160213800e-03 3.528057837846793054e-03 1.519732168165568043e-03 0.000000000000000000e+00 0.000000000000000000e+00 0.000000000000000000e+00 0.000000000000000000e+00 2.998482728480706110e-03 9.008404487304113098e-04 0.000000000000000000e+00 0.000000000000000000e+00 0.000000000000000000e+00
0.000000000000000000e+00 0.000000000000000000e+00 0.000000000000000000e+00 3.780085538411550022e-04 0.000000000000000000e+00 1.278129196497375039e-03 0.000000000000000000e+00 0.000000000000000000e+00 4.251014520077987628e-03 3.396038944546021787e-03 0.000000000000000000e+00 4.066986753150513174e-03 3.720125980229215847e-03 0.000000000000000000e+00 1.449296904372940993e-03 0.000000000000000000e+00 8.229801229192161040e-04 0.000000000000000000e+00 4.823279158982464107e-03 0.000000000000000000e+00 0.000000000000000000e+00 1.343643000069405903e-03 1.300151181407648059e-03 3.667507877367779962e-03 3.880885064842003120e-04
0.000000000000000000e+00 0.000000000000000000e+00 0.000000000000000000e+00 0.000000000000000000e+00 1.832549015891114103e-03 0.000000000000000000e+00 0.000000000000000000e+00 0.000000000000000000e+00 0.000000000000000000e+00 0.000000000000000000e+00 0.000000000000000000e+00 3.632679232137231082e-03 3.504330037682699787e-03 4.505326173668348401e-03 2.100323958863861001e-03 0.000000000000000000e+00 0.000000000000000000e+00 0.000000000000000000e+00 1.696171801776760009e-03 0.000000000000000000e+00 3.511931942443412193e-03 0.000000000000000000e+00 0.000000000000000000e+00 0.000000000000000000e+00 0.000000000000000000e+00
2.965445608600457070e-03 0.000000000000000000e+00 0.000000000000000000e+00 9.314558309637629464e-04 0.000000000000000000e+00 0.000000000000000000e+00 0.000000000000000000e+00 2.777550047230879088e-03 0.000000000000000000e+00 1.869210110130384902e-03 0.000000000000000000e+00 0.000000000000000000e+00 1.101307051030121905e-03 0.000000000000000000e+00 9.670275449658270999e-04 0.000000000000000000e+00 3.821031834534192959e-03 0.000000000000000000e+00 2.291957044125624010e-03 6.318416469242099046e-04 6.427254960940655907e-04 2.360981395303047084e-03 3.404988268442433064e-04 3.883120963014402918e-03 2.856616889273114104e-03
0.000000000000000000e+00 0.000000000000000000e+00 2.245102170199980967e-03 4.501254774715996755e-03 4.322532053712162779e-03 0.000000000000000000e+00 0.000000000000000000e+00 2.850808256700196937e-03 2.686211222025270112e-03 0.000000000000000000e+00 0.000000000000000000e+00 0.000000000000000000e+00 0.000000000000000000e+00 0.000000000000000000e+00 1.917158809749094949e-04 0.000000000000000000e+00 3.309295370344409945e-03 0.000000000000000000e+00 0.000000000000000000e+00 0.000000000000000000e+00 0.000000000000000000e+00 0.000000000000000000e+00 2.196300101175064842e-03 2.960630293688580085e-03 4.956671656219911910e-03
0.000000000000000000e+00 6.625085114053893024e-04 0.000000000000000000e+00 0.000000000000000000e+00 0.000000000000000000e+00 1.257263706650098897e-03 4.431217994989722873e-03 6.746501259393319341e-04 7.168476651897757145e-04 4.634861284275541143e-03 2.887804544396767141e-03 0.000000000000000000e+00 2.839455765793074196e-03 0.000000000000000000e+00 0.000000000000000000e+00 1.031369058254220971e-03 0.000000000000000000e+00 4.503879079692810206e-03 0.000000000000000000e+00 1.901026234767609049e-04 0.000000000000000000e+00 0.000000000000000000e+00 0.000000000000000000e+00 3.655963277971765969e-04 0.000000000000000000e+00
3.044045790285131170e-03 3.361319097811716824e-03 0.000000000000000000e+00 3.326479622232678818e-03 0.000000000000000000e+00 2.005661677422933015e-03 4.289031404344070819e-03 0.000000000000000000e+00 0.000000000000000000e+00 0.000000000000000000e+00 3.301550456530770103e-03 6.547289503911206572e-04 2.327219078151338862e-03 0.000000000000000000e+00 0.000000000000000000e+00 0.000000000000000000e+00 0.000000000000000000e+00 0.000000000000000000e+00 0.000000000000000000e+00 0.000000000000000000e+00 0.000000000000000000e+00 1.278097507251350039e-03 0.000000000000000000e+00 0.000000000000000000e+00 5.355150983697914502e-04
0.000000000000000000e+00 3.068829610781316931e-03 0.000000000000000000e+00 4.680819588777427112e-03 3.621924269104054902e-03 3.668555737029136066e-03 4.152092975692000740e-03 0.000000000000000000e+00 3.357044022705616033e-03 1.412396554014580096e-03 0.000000000000000000e+00 0.000000000000000000e+00 0.000000000000000000e+00 1.846735852169075062e-03 2.161510114828910003e-03 4.426519691547982360e-03 2.295395824478455981e-03 0.000000000000000000e+00 3.379855642036572964e-03 2.579318418356849095e-05 0.000000000000000000e+00 0.000000000000000000e+00 0.000000000000000000e+00 0.000000000000000000e+00 1.631356533882517010e-03
1.677187121718147077e-04 5.548120855204313534e-04 0.000000000000000000e+00 4.649139891927205753e-03 0.000000000000000000e+00 1.275904659114906982e-03 3.124466274522421944e-03 2.146119369356348176e-03 2.351437403405895986e-03 3.894143070302428025e-03 1.894976227743590085e-03 4.716598838032206795e-03 0.000000000000000000e+00 0.000000000000000000e+00 1.629875871769906944e-03 0.000000000000000000e+00 1.634859985154029976e-03 2.447146562591887876e-03 0.000000000000000000e+00 1.898128039536205050e-03 0.000000000000000000e+00 4.802334168602944223e-03 8.082443495825509042e-04 2.180825731355729834e-03 0.000000000000000000e+00
3.257847042504084800e-03 1.795835025028883012e-03 3.660435881066167151e-03 0.000000000000000000e+00 0.000000000000000000e+00 7.099653966635034860e-04 4.703872946710768374e-03 5.111892807474918785e-04 2.139324595736875802e-03 1.583424649402349980e-03 0.000000000000000000e+00 0.000000000000000000e+00 0.000000000000000000e+00 0.000000000000000000e+00 4.361846188302626048e-03 2.484948514421706899e-03 1.679872909617907044e-03 0.000000000000000000e+00 0.000000000000000000e+00 3.370507722559591170e-03 3.474779970428529957e-03 9.009874296241612368e-04 0.000000000000000000e+00 0.000000000000000000e+00 0.000000000000000000e+00
2.498470525485654153e-03 4.129046167117103941e-03 2.342373159784727141e-03 4.301887355561519362e-03 0.000000000000000000e+00 0.000000000000000000e+00 2.537095566886005214e-03 1.334586753851111978e-03 0.000000000000000000e+00 0.000000000000000000e+00 0.000000000000000000e+00 1.603416036744950051e-03 1.715157932340860905e-03 0.000000000000000000e+00 4.932369356417802206e-03 0.000000000000000000e+00 0.000000000000000000e+00 2.603785547921628162e-03 0.000000000000000000e+00 2.593937742373439784e-03 0.000000000000000000e+00 0.000000000000000000e+00 0.000000000000000000e+00 0.000000000000000000e+00 0.000000000000000000e+00
4.681120730678570152e-03 1.293139635498779041e-03 0.000000000000000000e+00 0.000000000000000000e+00 2.692339141425500841e-03 1.930548910026193971e-03 0.000000000000000000e+00 0.000000000000000000e+00 0.000000000000000000e+00 3.585781635871606796e-03 7.359038967533815040e-04 0.000000000000000000e+00 0.000000000000000000e+00 3.021441706577621209e-03 9.892010004299602033e-04 1.325167559211349894e-03 1.883233520983562930e-03 0.000000000000000000e+00 1.463251476628120917e-03 0.000000000000000000e+00 2.286123703982939799e-03 0.000000000000000000e+00 7.679609166560587155e-04 0.000000000000000000e+00 0.000000000000000000e+00
3.570962174865406884e-03 0.000000000000000000e+00 8.419718379810713126e-04 0.000000000000000000e+00 0.000000000000000000e+00 2.435023351437336074e-04 1.234444060222271086e-03 0.000000000000000000e+00 9.177245012616394798e-04 1.111644711606941000e-04 0.000000000000000000e+00 0.000000000000000000e+00 2.308347932212666959e-03 0.000000000000000000e+00 0.000000000000000000e+00 0.000000000000000000e+00 0.000000000000000000e+00 0.000000000000000000e+00 0.000000000000000000e+00 0.000000000000000000e+00 1.783198840498097064e-03 0.000000000000000000e+00 0.000000000000000000e+00 3.266215940037035131e-04 3.888720500634186908e-03
7.786833619435119033e-04 2.390828519633614140e-03 3.686851109118963101e-03 0.000000000000000000e+00 4.362739581981894994e-03 1.161158226653877983e-03 4.200741343621619897e-03 1.394691047838418976e-03 3.635117574938198821e-03 0.000000000000000000e+00 0.000000000000000000e+00 0.000000000000000000e+00 0.000000000000000000e+00 0.000000000000000000e+00 0.000000000000000000e+00 0.000000000000000000e+00 3.214910136392864094e-03 0.000000000000000000e+00 2.527674524099517844e-03 0.000000000000000000e+00 0.000000000000000000e+00 0.000000000000000000e+00 0.000000000000000000e+00 0.000000000000000000e+00 3.171759677619549137e-03
4.856560804498664084e-03 0.000000000000000000e+00 7.427766802133537469e-04 0.000000000000000000e+00 9.627630239894036145e-04 0.000000000000000000e+00 0.000000000000000000e+00 1.737004865487046072e-03 2.891224840541775035e-03 0.000000000000000000e+00 4.752086920398587190e-03 4.314349719755771785e-03 2.535324738874069825e-03 4.637913548411825085e-03 0.000000000000000000e+00 3.455644488343461926e-03 3.843388822812985760e-05 0.000000000000000000e+00 3.827366556824775105e-03 3.973730894835190292e-03 1.345229421087111013e-03 3.283295288464656986e-03 0.000000000000000000e+00 0.000000000000000000e+00 3.405861995676353043e-03
1.749210894254104968e-03 1.504687052070204046e-03 0.000000000000000000e+00 2.545168393768450135e-03 2.129967678998618153e-03 1.428313582882277015e-03 4.614416604877486297e-03 0.000000000000000000e+00 0.000000000000000000e+00 2.870976099016275991e-03 3.435386410840369879e-03 1.100394898926681988e-03 3.218176360972521948e-04 2.758989881980786034e-04 4.358958887247361969e-03 0.000000000000000000e+00 0.000000000000000000e+00 0.000000000000000000e+00 0.000000000000000000e+00 0.000000000000000000e+00 0.000000000000000000e+00 4.653630328677170296e-03 4.499030587700209895e-03 0.000000000000000000e+00 0.000000000000000000e+00
3.743820666915228038e-03 1.842717335351307063e-03 2.262216719589852168e-03 3.082861760539476990e-03 6.348302379605989983e-04 0.000000000000000000e+00 0.000000000000000000e+00 1.439432286454878952e-03 0.000000000000000000e+00 0.000000000000000000e+00 3.854567063317038828e-03 0.000000000000000000e+00 0.000000000000000000e+00 1.093267242846853934e-03 0.000000000000000000e+00 0.000000000000000000e+00 4.277621472126833836e-03 0.000000000000000000e+00 9.510891199223767307e-04 0.000000000000000000e+00 0.000000000000000000e+00 2.553624213837105139e-03 0.000000000000000000e+00 0.000000000000000000e+00 0.000000000000000000e+00
0.000000000000000000e+00 0.000000000000000000e+00 1.627263274289732957e-03 3.267384224476776924e-03 3.059387091903319807e-03 3.661444505294055973e-03 0.000000000000000000e+00 3.539846060938370157e-04 0.000000000000000000e+00 3.945747940315364952e-03 2.765636902207227899e-03 1.662541640181861100e-03 0.000000000000000000e+00 2.879098162156343982e-04 4.900256782017832838e-03 2.264522152853676914e-03 1.208710358890325003e-03 1.771848084344711033e-03 3.933931740778661389e-03 0.000000000000000000e+00 0.000000000000000000e+00 0.000000000000000000e+00 0.000000000000000000e+00 0.000000000000000000e+00 1.702140562517665033e-03
6.206743364374717273e-04 5.024879260901234535e-04 4.594647555501998014e-03 0.000000000000000000e+00 4.703917766782272393e-03 0.000000000000000000e+00 0.000000000000000000e+00 1.164130833670380975e-03 3.430136221441012091e-03 3.802521224294524906e-03 3.567540824859059215e-03 3.546838278101642917e-03 0.000000000000000000e+00 4.138054454633524788e-03 3.004915365377270036e-03 0.000000000000000000e+00 4.739736817542426588e-03 0.000000000000000000e+00 0.000000000000000000e+00 0.000000000000000000e+00 4.965767996950004592e-03 2.010377751040723793e-03 3.959199375824238101e-03 1.342712791217161913e-03 9.104134403819202741e-04
3.920101020681079733e-03 3.003665362419485896e-03 2.662474574705195828e-04 0.000000000000000000e+00 0.000000000000000000e+00 7.645430135018810519e-04 3.829172727355195215e-03 0.000000000000000000e+00 1.472602145288005090e-04 2.546640822639205208e-03 0.000000000000000000e+00 0.000000000000000000e+00 0.000000000000000000e+00 0.000000000000000000e+00 0.000000000000000000e+00 0.000000000000000000e+00 0.000000000000000000e+00 0.000000000000000000e+00 2.836090382686974002e-03 4.548483965319732002e-03 0.000000000000000000e+00 4.255745181105350348e-03 0.000000000000000000e+00 0.000000000000000000e+00 0.000000000000000000e+00
0.000000000000000000e+00 0.000000000000000000e+00 0.000000000000000000e+00 9.098628703544360346e-05 0.000000000000000000e+00 9.903603844261437208e-04 2.945362437424891861e-03 0.000000000000000000e+00 0.000000000000000000e+00 0.000000000000000000e+00 4.150031749408414003e-03 0.000000000000000000e+00 1.773268706468416906e-03 0.000000000000000000e+00 1.592417682838872086e-03 1.294006137044208986e-03 0.000000000000000000e+00 2.930318968035334082e-03 3.602852669798929999e-03 0.000000000000000000e+00 0.000000000000000000e+00 0.000000000000000000e+00 0.000000000000000000e+00 0.000000000000000000e+00 0.000000000000000000e+00
0.000000000000000000e+00 4.075584784434062996e-03 0.000000000000000000e+00 3.411491335030747939e-03 3.437284833072787923e-03 0.000000000000000000e+00 0.000000000000000000e+00 1.908541462535830093e-03 0.000000000000000000e+00 3.936266601577455282e-03 2.010228407782998095e-03 0.000000000000000000e+00 3.287237780892965019e-03 2.970563393829769860e-03 0.000000000000000000e+00 1.633241671881222002e-03 3.278086669899565007e-03 1.204221618672320001e-04 0.000000000000000000e+00 9.883516271553584049e-04 0.000000000000000000e+00 0.000000000000000000e+00 2.626832217211000088e-05 0.000000000000000000e+00 2.425414574304942880e-03
0.000000000000000000e+00 3.215174837180001001e-03 1.346688619429503965e-04 0.000000000000000000e+00 2.623316832272917787e-03 4.709599127437360221e-03 0.000000000000000000e+00 4.305933012724727157e-03 0.000000000000000000e+00 4.974271792942509124e-03 4.307420365498411223e-03 0.000000000000000000e+00 2.386834625391698935e-03 2.454056769737509008e-03 0.000000000000000000e+00 0.000000000000000000e+00 0.000000000000000000e+00 0.000000000000000000e+00 0.000000000000000000e+00 4.098941568541051086e-03 1.380475123812260939e-03 0.000000000000000000e+00 0.000000000000000000e+00 1.837478309458083969e-03 0.000000000000000000e+00
