# # File created on Fri May 17 15:41:49 2024
#  # The following metaparameters were used for this matrix optimization : gamma0 = 0.5; alpha0 = 0; sigma0 = 0.25; l0 = 1;p = 1; R0 = 1; S0 = 0.05; NR = 25; NS = 25; matrix path = matrices/Nr25_Nc25/consumption/RandTrix_Nr25_Nc25_Nest0.3_Conn0.2816.txt; convergence threshold = 1e-08
# 
0.000000000000000000e+00 0.000000000000000000e+00 1.375015821180685077e-04 2.125539270333241110e-03 0.000000000000000000e+00 0.000000000000000000e+00 3.048163411562543161e-03 2.903674463477692175e-04 2.743271395312896817e-03 3.166118046523929124e-03 2.611767590504244108e-03 0.000000000000000000e+00 0.000000000000000000e+00 2.256507112833741960e-04 4.498786725093482063e-03 4.431617059020970077e-03 9.974300768845370362e-04 0.000000000000000000e+00 1.811578441508756958e-03 0.000000000000000000e+00 0.000000000000000000e+00 0.000000000000000000e+00 4.373700988052274877e-03 0.000000000000000000e+00 4.908341572784797983e-03
0.000000000000000000e+00 2.532350326974778902e-03 0.000000000000000000e+00 0.000000000000000000e+00 0.000000000000000000e+00 0.000000000000000000e+00 0.000000000000000000e+00 2.042533945977090953e-03 0.000000000000000000e+00 4.612891048378216403e-03 0.000000000000000000e+00 2.651286006999942820e-03 4.032199195124571214e-03 3.394468969696176099e-03 3.984019517944169426e-03 2.024489884760661846e-03 0.000000000000000000e+00 0.000000000000000000e+00 3.937950530988619351e-03 2.874741319853687800e-04 0.000000000000000000e+00 0.000000000000000000e+00 0.000000000000000000e+00 0.000000000000000000e+00 0.000000000000000000e+00
0.000000000000000000e+00 0.000000000000000000e+00 3.291700722196370032e-04 0.000000000000000000e+00 0.000000000000000000e+00 4.159221152045217834e-03 0.000000000000000000e+00 2.948624641420505892e-05 2.028598249791336867e-03 0.000000000000000000e+00 2.580803311431833884e-03 1.193035757333750025e-03 4.127039557330887919e-03 0.000000000000000000e+00 3.386566171986856106e-04 0.000000000000000000e+00 1.239987617190176908e-03 0.000000000000000000e+00 1.013082799521514967e-03 0.000000000000000000e+00 0.000000000000000000e+00 1.726090118026564002e-03 6.356621997476699561e-04 4.992361606293658355e-03 0.000000000000000000e+00
0.000000000000000000e+00 4.323665912186278742e-03 2.142936870164857070e-03 5.233368115101975871e-04 0.000000000000000000e+00 2.330343042876287067e-03 0.000000000000000000e+00 4.217782099295103171e-03 0.000000000000000000e+00 2.654062527112331215e-03 4.811311269575757089e-03 8.228993027671647293e-04 0.000000000000000000e+00 1.840592207233419930e-03 2.796162533634302151e-03 3.697990624277132984e-03 3.478859046986033064e-03 2.366358213074125014e-03 4.071125499060257620e-03 7.017131219017812803e-04 0.000000000000000000e+00 0.000000000000000000e+00 0.000000000000000000e+00 4.653972564865142651e-03 1.458752986051848038e-03
1.792847407015640078e-04 4.478084396195742244e-03 6.099898056938091043e-04 0.000000000000000000e+00 0.000000000000000000e+00 6.641908292351815469e-04 1.655002096634383040e-03 8.970304098755363387e-04 0.000000000000000000e+00 0.000000000000000000e+00 4.025479428896121953e-03 0.000000000000000000e+00 4.208240770404270137e-03 0.000000000000000000e+00 1.089245582884053928e-03 2.215109531075756116e-03 3.331116138984068897e-03 4.798595666460936035e-03 0.000000000000000000e+00 3.276258886686444095e-03 0.000000000000000000e+00 4.995824532807785143e-03 0.000000000000000000e+00 0.000000000000000000e+00 0.000000000000000000e+00
0.000000000000000000e+00 1.661204863882867911e-03 3.101811474204396995e-03 0.000000000000000000e+00 0.000000000000000000e+00 2.599541830499783011e-03 6.408214895594107740e-04 1.063106902932729097e-03 6.822609158001354500e-04 0.000000000000000000e+00 0.000000000000000000e+00 0.000000000000000000e+00 0.000000000000000000e+00 0.000000000000000000e+00 3.698487555712497155e-03 4.525607457474702285e-03 0.000000000000000000e+00 0.000000000000000000e+00 0.000000000000000000e+00 0.000000000000000000e+00 1.378980876146909066e-03 0.000000000000000000e+00 3.498476667651362077e-03 0.000000000000000000e+00 3.342336472848159937e-03
1.996580393258258826e-03 0.000000000000000000e+00 3.019276288581318989e-03 1.953802353694945003e-03 0.000000000000000000e+00 3.928356920154739114e-04 0.000000000000000000e+00 3.937442525283983176e-03 0.000000000000000000e+00 0.000000000000000000e+00 0.000000000000000000e+00 3.473714603173689956e-03 1.539922170922197015e-04 7.129940619746462241e-04 0.000000000000000000e+00 0.000000000000000000e+00 0.000000000000000000e+00 8.022044413452894627e-04 1.698634314038767077e-03 2.285463684903346103e-05 2.927479210338410943e-03 0.000000000000000000e+00 1.366771968478691906e-03 4.979798947783315062e-03 0.000000000000000000e+00
0.000000000000000000e+00 0.000000000000000000e+00 4.432422723499735914e-03 3.438711444033570007e-03 0.000000000000000000e+00 8.016340558489781819e-04 2.941207483194794984e-04 0.000000000000000000e+00 3.557688606057679993e-03 0.000000000000000000e+00 0.000000000000000000e+00 2.796150202051748013e-03 0.000000000000000000e+00 0.000000000000000000e+00 2.901409788457994833e-03 0.000000000000000000e+00 1.302107119451326915e-03 1.731982088950252078e-03 0.000000000000000000e+00 2.039159820596578125e-03 1.168402547423239008e-04 3.462397614311405001e-03 3.582186601618921138e-03 2.538994364517073790e-03 0.000000000000000000e+00
2.434135654158355120e-03 5.343872424677758833e-04 0.000000000000000000e+00 0.000000000000000000e+00 9.635580946311130511e-04 0.000000000000000000e+00 0.000000000000000000e+00 5.911220725289650620e-04 0.000000000000000000e+00 0.000000000000000000e+00 0.000000000000000000e+00 0.000000000000000000e+00 1.895959369745425912e-03 0.000000000000000000e+00 0.000000000000000000e+00 0.000000000000000000e+00 0.000000000000000000e+00 3.887272991123126055e-03 0.000000000000000000e+00 0.000000000000000000e+00 3.139377242361590051e-03 4.843383986994898721e-03 2.729344943514091810e-03 0.000000000000000000e+00 0.000000000000000000e+00
2.861546707548923933e-03 0.000000000000000000e+00 0.000000000000000000e+00 2.822548029438962797e-03 0.000000000000000000e+00 6.450225871699691998e-04 0.000000000000000000e+00 3.836792467257545917e-03 0.000000000000000000e+00 1.141204325640742933e-03 0.000000000000000000e+00 4.876648057518916633e-03 3.585738559175660842e-03 4.350382571868650385e-03 1.137737230429061025e-03 0.000000000000000000e+00 4.569214872640893835e-03 6.245833529446285538e-04 4.832999881631405183e-03 0.000000000000000000e+00 5.968256150881971105e-04 0.000000000000000000e+00 0.000000000000000000e+00 4.644555656975776596e-03 0.000000000000000000e+00
0.000000000000000000e+00 1.788793228414458031e-03 2.387953234026803095e-03 0.000000000000000000e+00 3.482833765608568145e-03 0.000000000000000000e+00 0.000000000000000000e+00 0.000000000000000000e+00 0.000000000000000000e+00 0.000000000000000000e+00 0.000000000000000000e+00 0.000000000000000000e+00 0.000000000000000000e+00 0.000000000000000000e+00 1.305206407308828970e-03 0.000000000000000000e+00 4.422784583566568249e-03 4.205210417064474994e-03 1.317145423171251981e-03 0.000000000000000000e+00 3.643887573865868187e-03 0.000000000000000000e+00 3.114251149080852002e-03 2.783136918279630143e-03 0.000000000000000000e+00
0.000000000000000000e+00 3.750492745623829950e-04 0.000000000000000000e+00 0.000000000000000000e+00 1.093039883436645095e-03 4.599839873726236858e-03 0.000000000000000000e+00 0.000000000000000000e+00 1.465756774637010920e-03 0.000000000000000000e+00 0.000000000000000000e+00 1.521259114845525083e-03 0.000000000000000000e+00 2.494489567629987192e-03 0.000000000000000000e+00 0.000000000000000000e+00 5.350746961270144920e-05 3.939294287767975983e-04 0.000000000000000000e+00 0.000000000000000000e+00 0.000000000000000000e+00 0.000000000000000000e+00 4.984163443141834647e-03 1.816852022554706026e-03 0.000000000000000000e+00
1.845121493912619051e-03 3.384232370336795123e-03 2.181320223694141816e-03 4.275039094010201976e-03 4.261761923391941230e-03 2.070136476934040203e-03 1.920929325263089939e-03 2.624557280899616086e-03 0.000000000000000000e+00 3.961734631473269250e-03 0.000000000000000000e+00 4.922860047198497103e-04 6.893490844760151752e-04 3.886599633219767983e-03 0.000000000000000000e+00 2.894378245688247926e-03 1.841934560228045961e-03 1.588414646100715045e-04 4.590873461798004873e-04 0.000000000000000000e+00 1.788280209957875035e-03 0.000000000000000000e+00 1.355404547797358901e-04 0.000000000000000000e+00 0.000000000000000000e+00
0.000000000000000000e+00 4.976629443254541570e-04 0.000000000000000000e+00 0.000000000000000000e+00 0.000000000000000000e+00 2.429972357760539804e-03 3.637808326078462162e-03 2.492072583359637196e-03 4.485359808533721164e-04 4.212765102874645694e-03 0.000000000000000000e+00 0.000000000000000000e+00 4.507384470714821852e-03 0.000000000000000000e+00 0.000000000000000000e+00 1.841580958109288084e-03 1.968188916770152903e-03 1.427009184878202941e-03 0.000000000000000000e+00 0.000000000000000000e+00 0.000000000000000000e+00 0.000000000000000000e+00 0.000000000000000000e+00 2.128322091574796990e-03 0.000000000000000000e+00
3.680344267312612039e-03 0.000000000000000000e+00 1.426138487716226101e-03 1.830325464613881924e-03 4.553616942982035252e-03 0.000000000000000000e+00 0.000000000000000000e+00 2.408482270229887930e-03 0.000000000000000000e+00 0.000000000000000000e+00 0.000000000000000000e+00 0.000000000000000000e+00 2.109456248527523923e-04 0.000000000000000000e+00 0.000000000000000000e+00 4.646369155309953286e-03 2.339379393867219159e-03 4.346877635075518942e-03 6.307888601341708843e-04 0.000000000000000000e+00 4.806795728166740004e-04 1.971488379073539025e-03 0.000000000000000000e+00 1.745427855088528980e-03 1.744229118506105021e-03
2.008700677567012028e-03 0.000000000000000000e+00 0.000000000000000000e+00 3.598782883303537974e-03 3.041829491520113039e-03 7.017654883014601665e-04 0.000000000000000000e+00 2.009752340045892986e-03 2.560147881954048018e-03 3.615141717705215888e-04 0.000000000000000000e+00 3.378910017721598871e-04 3.889355247955928949e-03 0.000000000000000000e+00 3.934783714138041961e-03 0.000000000000000000e+00 0.000000000000000000e+00 0.000000000000000000e+00 1.195361025351343023e-03 2.464766521146103881e-04 0.000000000000000000e+00 0.000000000000000000e+00 0.000000000000000000e+00 0.000000000000000000e+00 0.000000000000000000e+00
0.000000000000000000e+00 2.205480129244073891e-03 4.818486186989452864e-03 9.389530813799508132e-04 1.943006485841462056e-03 4.474751098911156945e-03 0.000000000000000000e+00 0.000000000000000000e+00 0.000000000000000000e+00 0.000000000000000000e+00 6.000209625588698818e-05 2.279173233614371127e-03 2.165442786875242109e-03 0.000000000000000000e+00 0.000000000000000000e+00 0.000000000000000000e+00 4.472149385353851175e-03 0.000000000000000000e+00 0.000000000000000000e+00 0.000000000000000000e+00 0.000000000000000000e+00 1.559795719782882924e-03 1.923774048594965999e-03 2.453610212786894174e-03 0.000000000000000000e+00
0.000000000000000000e+00 0.000000000000000000e+00 2.526768992194934811e-04 4.258526401153066819e-03 4.640477347239659392e-03 3.345964314364830924e-03 3.722246948670576168e-05 4.105659623953299836e-03 0.000000000000000000e+00 4.884714446119591859e-03 0.000000000000000000e+00 0.000000000000000000e+00 1.643881771677800033e-03 0.000000000000000000e+00 2.795871850441368923e-04 6.364448252976717896e-04 5.986548612290099871e-04 4.434527639499709004e-03 2.151150586082585785e-03 0.000000000000000000e+00 6.719926290754641915e-04 0.000000000000000000e+00 0.000000000000000000e+00 4.114329593536763911e-03 1.760637048883028927e-03
0.000000000000000000e+00 4.683057153688511588e-03 2.611129848527304854e-04 1.235149411941636024e-03 0.000000000000000000e+00 0.000000000000000000e+00 3.470833898612143021e-03 0.000000000000000000e+00 0.000000000000000000e+00 4.487147896262994294e-06 3.825612306473662899e-04 9.560117853708464735e-04 0.000000000000000000e+00 1.522262323686789098e-03 8.283707752815387682e-04 0.000000000000000000e+00 0.000000000000000000e+00 3.939062694910054965e-03 3.106930157786472191e-03 3.523318973663207027e-03 0.000000000000000000e+00 4.094532085440579644e-03 0.000000000000000000e+00 0.000000000000000000e+00 0.000000000000000000e+00
0.000000000000000000e+00 3.622861131898661921e-03 0.000000000000000000e+00 0.000000000000000000e+00 3.535619088603865826e-03 3.717233479201006042e-03 0.000000000000000000e+00 1.935166217011763910e-03 1.649859014528032037e-03 1.096495756647177054e-03 0.000000000000000000e+00 3.124045889811027151e-03 4.055078746860014093e-03 2.945922254281084160e-03 1.404297015847235080e-03 5.734631568291371992e-06 4.460023325690828065e-03 0.000000000000000000e+00 1.128196433767337083e-03 0.000000000000000000e+00 3.849000662012274851e-03 1.738926444617944905e-03 3.565977481811232960e-03 3.770896556023195945e-03 2.926927019933212807e-03
0.000000000000000000e+00 1.059237514754379024e-04 0.000000000000000000e+00 4.830494280530051726e-03 3.206992711975384987e-03 0.000000000000000000e+00 0.000000000000000000e+00 0.000000000000000000e+00 1.601695675831154046e-03 4.850886088478083800e-03 0.000000000000000000e+00 0.000000000000000000e+00 0.000000000000000000e+00 0.000000000000000000e+00 3.144590670331320892e-03 4.646755739861943221e-03 0.000000000000000000e+00 0.000000000000000000e+00 0.000000000000000000e+00 0.000000000000000000e+00 0.000000000000000000e+00 0.000000000000000000e+00 3.938319156845206115e-03 4.874944632608147919e-04 4.370254899542937166e-03
7.439086764340544335e-04 4.219714722317063210e-03 0.000000000000000000e+00 3.605231977308556972e-03 3.536667566307797814e-03 3.609152110295906109e-03 0.000000000000000000e+00 2.369384950785816059e-04 0.000000000000000000e+00 0.000000000000000000e+00 4.302886816299846852e-03 4.365875600615591080e-03 0.000000000000000000e+00 4.235646485220853977e-03 2.387556833628374110e-03 4.036834381940704319e-03 0.000000000000000000e+00 3.161831350973381798e-03 0.000000000000000000e+00 0.000000000000000000e+00 4.241478886320280105e-03 0.000000000000000000e+00 1.977125554329898973e-03 1.947053864568630034e-03 3.373484726816092932e-03
1.435001963799114070e-03 1.308701838292854991e-05 0.000000000000000000e+00 3.050413189525961848e-03 1.221006690437914047e-03 4.967124478927344676e-03 0.000000000000000000e+00 0.000000000000000000e+00 4.185618568070237876e-04 0.000000000000000000e+00 4.448763117082837892e-03 0.000000000000000000e+00 2.550350070147051201e-03 0.000000000000000000e+00 0.000000000000000000e+00 3.108260852223411908e-03 0.000000000000000000e+00 1.955551806266633136e-03 0.000000000000000000e+00 4.791417530041814331e-03 0.000000000000000000e+00 4.125796648658484715e-03 0.000000000000000000e+00 0.000000000000000000e+00 4.347634547309351012e-03
2.103137046922881961e-03 2.227653932081523087e-03 0.000000000000000000e+00 5.416152963983798769e-05 9.303281644740001889e-04 4.002042721782357766e-03 1.978646463422606850e-03 0.000000000000000000e+00 2.031303057404126953e-03 0.000000000000000000e+00 0.000000000000000000e+00 0.000000000000000000e+00 0.000000000000000000e+00 0.000000000000000000e+00 0.000000000000000000e+00 4.370849492259888994e-04 0.000000000000000000e+00 2.575054681903794947e-03 2.308074777876338124e-04 0.000000000000000000e+00 5.966872569615782511e-04 4.498268479849867017e-03 1.956206995334944070e-03 0.000000000000000000e+00 3.557337028701145019e-03
2.243865211290736912e-03 0.000000000000000000e+00 0.000000000000000000e+00 3.938593945873536395e-03 0.000000000000000000e+00 4.915031021245248877e-03 2.182889846755094784e-03 5.337917362583784143e-04 0.000000000000000000e+00 2.620170433862892886e-03 0.000000000000000000e+00 0.000000000000000000e+00 2.251368792049208024e-03 0.000000000000000000e+00 4.166991056248994275e-03 0.000000000000000000e+00 2.145685054345747994e-03 0.000000000000000000e+00 1.687334221241676099e-04 0.000000000000000000e+00 0.000000000000000000e+00 4.002712432988510781e-03 1.103140377254106927e-03 4.088516948887375296e-03 4.464085860107677370e-03
