# # File created on Fri May 17 15:41:55 2024
#  # The following metaparameters were used for this matrix optimization : gamma0 = 0.5; alpha0 = 0; sigma0 = 0.25; l0 = 1;p = 1; R0 = 1; S0 = 0.05; NR = 25; NS = 25; matrix path = matrices/Nr25_Nc25/consumption/RandTrix_Nr25_Nc25_Nest0.25_Conn0.1392.txt; convergence threshold = 1e-08
# 
0.000000000000000000e+00 0.000000000000000000e+00 3.070088850263691816e-03 2.126144768159845145e-03 2.924877761425962851e-03 0.000000000000000000e+00 9.362577003310749426e-04 2.892782954494838195e-03 0.000000000000000000e+00 0.000000000000000000e+00 1.792449151956664044e-03 3.041003710692648850e-03 2.441574858611729199e-03 2.671873696854777831e-03 1.915650480162131054e-03 1.128603594554432972e-03 0.000000000000000000e+00 0.000000000000000000e+00 0.000000000000000000e+00 2.174935088944235893e-03 5.660975325189113839e-05 0.000000000000000000e+00 0.000000000000000000e+00 0.000000000000000000e+00 3.807510066701408943e-05
0.000000000000000000e+00 0.000000000000000000e+00 0.000000000000000000e+00 0.000000000000000000e+00 0.000000000000000000e+00 0.000000000000000000e+00 0.000000000000000000e+00 0.000000000000000000e+00 0.000000000000000000e+00 1.623327790345546100e-03 3.164559008513389161e-03 0.000000000000000000e+00 2.478977720700647862e-03 0.000000000000000000e+00 0.000000000000000000e+00 1.386840847607164005e-03 0.000000000000000000e+00 3.584248933442516806e-03 0.000000000000000000e+00 0.000000000000000000e+00 2.470401511944441807e-03 0.000000000000000000e+00 0.000000000000000000e+00 0.000000000000000000e+00 2.991763925579764023e-03
0.000000000000000000e+00 0.000000000000000000e+00 0.000000000000000000e+00 0.000000000000000000e+00 3.144510426356176159e-03 5.831236800524213382e-04 2.221533894957214168e-03 4.944506297588376238e-03 1.451432400261310970e-03 0.000000000000000000e+00 1.751170838035102928e-03 0.000000000000000000e+00 1.346301656544235045e-03 0.000000000000000000e+00 0.000000000000000000e+00 4.585663833855411174e-03 1.261269697471768900e-03 0.000000000000000000e+00 2.729136657258685039e-03 4.129512008077303046e-04 0.000000000000000000e+00 0.000000000000000000e+00 3.693919422205164862e-03 2.090796461390158952e-03 0.000000000000000000e+00
0.000000000000000000e+00 1.580468396848842979e-04 0.000000000000000000e+00 1.023098682517956061e-03 1.240692193147550091e-03 2.451255042378688940e-03 0.000000000000000000e+00 0.000000000000000000e+00 3.227853898382611070e-03 0.000000000000000000e+00 4.951867161672732047e-03 3.744349139197613186e-03 0.000000000000000000e+00 0.000000000000000000e+00 2.753300808053600786e-03 0.000000000000000000e+00 2.871612210355260937e-03 4.938807891993023634e-03 2.620845808375709806e-03 2.667066235087302978e-03 1.149192904709945900e-03 2.580342359176637009e-03 4.036782509951105692e-03 0.000000000000000000e+00 0.000000000000000000e+00
0.000000000000000000e+00 3.486242071285614204e-03 0.000000000000000000e+00 2.111416786617355094e-03 3.309466587121201973e-03 0.000000000000000000e+00 0.000000000000000000e+00 0.000000000000000000e+00 3.416211145944259009e-03 0.000000000000000000e+00 2.332056887234686213e-03 4.205497834451563284e-03 1.883715778053698074e-03 0.000000000000000000e+00 4.753834248719951069e-03 0.000000000000000000e+00 0.000000000000000000e+00 2.483107032615340139e-03 2.568621407854230088e-03 0.000000000000000000e+00 0.000000000000000000e+00 0.000000000000000000e+00 0.000000000000000000e+00 9.656052916103144770e-04 0.000000000000000000e+00
1.117940446480322975e-03 0.000000000000000000e+00 3.338439948198733843e-03 3.093380516179009866e-03 0.000000000000000000e+00 2.643798271694588749e-04 0.000000000000000000e+00 2.670674884733290153e-03 1.797040722790365069e-03 2.331994239399871015e-03 0.000000000000000000e+00 2.724076394531288036e-03 2.226549298020932127e-03 0.000000000000000000e+00 0.000000000000000000e+00 0.000000000000000000e+00 0.000000000000000000e+00 1.898196321476819989e-03 3.769531667474469803e-03 3.202262747908211265e-04 0.000000000000000000e+00 3.624215529019367017e-03 2.681966211827370786e-03 3.449541940235000947e-03 0.000000000000000000e+00
1.329413524776557921e-03 0.000000000000000000e+00 0.000000000000000000e+00 3.927795885772874737e-03 3.078756127180037969e-03 0.000000000000000000e+00 4.655231370484747173e-03 2.348726410159996010e-03 1.308958698986964920e-03 1.151038572869537025e-03 2.226209884885566124e-03 0.000000000000000000e+00 0.000000000000000000e+00 0.000000000000000000e+00 1.357179308599344020e-03 1.326705963154068942e-03 4.438478814780453217e-03 0.000000000000000000e+00 1.049637004700986961e-03 0.000000000000000000e+00 3.378470050673116048e-03 0.000000000000000000e+00 3.879829080833130123e-04 2.999491013166454868e-03 0.000000000000000000e+00
4.094118803310626241e-03 0.000000000000000000e+00 3.935367211413131304e-03 0.000000000000000000e+00 6.546532124046942512e-04 3.323701104030205977e-03 3.682620002923227796e-03 0.000000000000000000e+00 0.000000000000000000e+00 0.000000000000000000e+00 2.692959242616501086e-03 0.000000000000000000e+00 2.469511772874871062e-03 3.772846687582721067e-03 0.000000000000000000e+00 0.000000000000000000e+00 0.000000000000000000e+00 0.000000000000000000e+00 1.566777325438377952e-03 0.000000000000000000e+00 0.000000000000000000e+00 2.289609091835590957e-03 0.000000000000000000e+00 0.000000000000000000e+00 3.064124320397852014e-03
0.000000000000000000e+00 0.000000000000000000e+00 1.222306839374062053e-03 0.000000000000000000e+00 0.000000000000000000e+00 4.160816768667493712e-03 4.340025688989453232e-04 3.925426546334776987e-03 2.332106816401489837e-03 1.347365889043898070e-03 3.617538960587900784e-04 0.000000000000000000e+00 3.256233399145316062e-03 9.562565071705251413e-04 0.000000000000000000e+00 4.658633516278133657e-03 3.500859332860295145e-03 3.509229801977767176e-03 1.279825809428164094e-03 1.381382862512317003e-03 3.417602422051514016e-03 0.000000000000000000e+00 0.000000000000000000e+00 0.000000000000000000e+00 2.039947372535604216e-03
2.186538445370427193e-03 3.839632287501273163e-03 0.000000000000000000e+00 3.154019268849137924e-03 0.000000000000000000e+00 2.827841152060682831e-03 0.000000000000000000e+00 0.000000000000000000e+00 0.000000000000000000e+00 2.958697922401594058e-03 1.254777128602129919e-03 0.000000000000000000e+00 3.898722084527296919e-03 4.606063618352591871e-03 4.903464150757760182e-03 0.000000000000000000e+00 0.000000000000000000e+00 0.000000000000000000e+00 4.644036172459078092e-03 3.135307431479098916e-03 0.000000000000000000e+00 4.256502985490857871e-03 1.474547944049739087e-03 2.609057503180922839e-03 0.000000000000000000e+00
4.173592292214409194e-03 0.000000000000000000e+00 0.000000000000000000e+00 2.084323008570379120e-03 2.850655443302701954e-03 0.000000000000000000e+00 0.000000000000000000e+00 2.258818840519491791e-03 1.167441041142395011e-03 0.000000000000000000e+00 1.462018372628689014e-03 0.000000000000000000e+00 0.000000000000000000e+00 0.000000000000000000e+00 0.000000000000000000e+00 0.000000000000000000e+00 8.156905624574215582e-04 1.346879379601332075e-04 0.000000000000000000e+00 0.000000000000000000e+00 3.142464350267000928e-03 7.016352911127500492e-04 0.000000000000000000e+00 0.000000000000000000e+00 5.812592070584968532e-04
4.246420314010060132e-04 0.000000000000000000e+00 3.887992095762818085e-03 0.000000000000000000e+00 0.000000000000000000e+00 0.000000000000000000e+00 1.372182940118506049e-03 9.773327577068640758e-04 6.960573072966892141e-05 0.000000000000000000e+00 0.000000000000000000e+00 3.117056475489363154e-03 2.903164853532182177e-03 0.000000000000000000e+00 4.147623906439164634e-03 6.384362245900484199e-04 4.438537144631258570e-03 2.203971276284182913e-03 1.136433011672529107e-03 1.386636738787487035e-03 5.062903177667615320e-04 2.949115870884201109e-03 2.807259884748922879e-03 0.000000000000000000e+00 0.000000000000000000e+00
0.000000000000000000e+00 0.000000000000000000e+00 0.000000000000000000e+00 3.165810701312108018e-03 1.136015345749135904e-03 4.519822861717337839e-03 0.000000000000000000e+00 3.591893547851568013e-03 6.547878361250798350e-05 3.262335083091553924e-03 0.000000000000000000e+00 0.000000000000000000e+00 1.347573431906752897e-03 1.057162721880720076e-03 1.450595119864492950e-03 4.326068874101113076e-04 0.000000000000000000e+00 0.000000000000000000e+00 4.243183069698444262e-03 0.000000000000000000e+00 0.000000000000000000e+00 0.000000000000000000e+00 0.000000000000000000e+00 2.824822932300655783e-03 2.987709827772158828e-03
2.090388854094999901e-03 0.000000000000000000e+00 0.000000000000000000e+00 0.000000000000000000e+00 4.151667654632339166e-03 0.000000000000000000e+00 0.000000000000000000e+00 1.777936981707463945e-03 0.000000000000000000e+00 2.699720871557368014e-03 0.000000000000000000e+00 0.000000000000000000e+00 3.356715408907101888e-03 8.063975518447889790e-04 3.451761045480141159e-03 0.000000000000000000e+00 0.000000000000000000e+00 1.921308568316302916e-03 2.691470464944807975e-03 4.485258657103290830e-03 3.302398789061614017e-03 2.450174474017545977e-03 3.533906737586575871e-03 0.000000000000000000e+00 0.000000000000000000e+00
0.000000000000000000e+00 0.000000000000000000e+00 0.000000000000000000e+00 2.061370623066727855e-03 0.000000000000000000e+00 0.000000000000000000e+00 0.000000000000000000e+00 1.234307852030844992e-03 8.145084152924500888e-04 0.000000000000000000e+00 0.000000000000000000e+00 0.000000000000000000e+00 6.331661069088907051e-04 0.000000000000000000e+00 0.000000000000000000e+00 0.000000000000000000e+00 2.638068561215511053e-03 3.590526254471673902e-03 5.449952649323483531e-04 0.000000000000000000e+00 3.084921120154942111e-04 0.000000000000000000e+00 4.543058750180706609e-03 4.446743136343408206e-04 0.000000000000000000e+00
0.000000000000000000e+00 2.867087116209995987e-03 0.000000000000000000e+00 1.414753614214564936e-04 3.372467888206740014e-03 4.339035731167932390e-03 0.000000000000000000e+00 4.101615321600316985e-03 1.470051604898967934e-03 0.000000000000000000e+00 4.194014327842573650e-03 0.000000000000000000e+00 1.597145622992664086e-03 0.000000000000000000e+00 0.000000000000000000e+00 2.740395287782786821e-03 0.000000000000000000e+00 4.492419248967225408e-03 0.000000000000000000e+00 4.972412789809052200e-03 4.945946351038110148e-04 0.000000000000000000e+00 4.275786840876039108e-03 0.000000000000000000e+00 0.000000000000000000e+00
1.574005186806717946e-03 0.000000000000000000e+00 1.429879198886999971e-03 0.000000000000000000e+00 0.000000000000000000e+00 3.056349801820402914e-04 5.656807084125404800e-04 0.000000000000000000e+00 0.000000000000000000e+00 0.000000000000000000e+00 0.000000000000000000e+00 0.000000000000000000e+00 0.000000000000000000e+00 0.000000000000000000e+00 0.000000000000000000e+00 4.261955535773289880e-03 0.000000000000000000e+00 0.000000000000000000e+00 4.186507039787954951e-03 2.220109919026836895e-03 2.491128532863041024e-03 4.254351617013300661e-03 0.000000000000000000e+00 0.000000000000000000e+00 0.000000000000000000e+00
4.118597405030026762e-03 6.916361982954425964e-04 0.000000000000000000e+00 2.099237588474682937e-03 2.879082963364849087e-03 0.000000000000000000e+00 3.079381647375777943e-03 0.000000000000000000e+00 0.000000000000000000e+00 0.000000000000000000e+00 2.268443667026972914e-03 0.000000000000000000e+00 1.255621875998338055e-03 0.000000000000000000e+00 0.000000000000000000e+00 0.000000000000000000e+00 3.124917191804888004e-03 2.994446016859058854e-03 3.861358609592798179e-03 0.000000000000000000e+00 0.000000000000000000e+00 0.000000000000000000e+00 0.000000000000000000e+00 3.447474133544493891e-03 0.000000000000000000e+00
0.000000000000000000e+00 0.000000000000000000e+00 0.000000000000000000e+00 3.347215486238389135e-03 2.813261221869822921e-03 1.809211650727549992e-03 0.000000000000000000e+00 0.000000000000000000e+00 0.000000000000000000e+00 0.000000000000000000e+00 4.746848534943935195e-03 0.000000000000000000e+00 0.000000000000000000e+00 1.662016973156015941e-03 0.000000000000000000e+00 3.951086227266502847e-03 0.000000000000000000e+00 0.000000000000000000e+00 0.000000000000000000e+00 1.845029315056955985e-03 4.364028646438419118e-03 0.000000000000000000e+00 6.441541070780275151e-04 1.569446359193820903e-03 3.193186854287374116e-03
0.000000000000000000e+00 0.000000000000000000e+00 2.921839288021018787e-03 0.000000000000000000e+00 4.429342733010998429e-03 3.027521891102554191e-03 0.000000000000000000e+00 3.676399413141609798e-03 0.000000000000000000e+00 0.000000000000000000e+00 0.000000000000000000e+00 0.000000000000000000e+00 2.589896082341949183e-03 0.000000000000000000e+00 0.000000000000000000e+00 2.078627476700259987e-03 4.643370006035337991e-03 4.769368143862945386e-03 3.661737939070331023e-03 0.000000000000000000e+00 0.000000000000000000e+00 0.000000000000000000e+00 0.000000000000000000e+00 0.000000000000000000e+00 0.000000000000000000e+00
0.000000000000000000e+00 0.000000000000000000e+00 0.000000000000000000e+00 0.000000000000000000e+00 1.152524188018711100e-03 0.000000000000000000e+00 4.877745416149517795e-03 3.421163207872462801e-03 3.748153544254831902e-03 8.303688900544457839e-04 0.000000000000000000e+00 0.000000000000000000e+00 0.000000000000000000e+00 0.000000000000000000e+00 1.777244362570068893e-03 0.000000000000000000e+00 3.695989327458488929e-03 0.000000000000000000e+00 0.000000000000000000e+00 0.000000000000000000e+00 4.194702378752693944e-03 0.000000000000000000e+00 2.570196491706729872e-03 3.364318964464054016e-03 0.000000000000000000e+00
0.000000000000000000e+00 0.000000000000000000e+00 2.421978794949426143e-03 0.000000000000000000e+00 0.000000000000000000e+00 0.000000000000000000e+00 3.993565832185214971e-03 0.000000000000000000e+00 1.318543605573219970e-04 0.000000000000000000e+00 0.000000000000000000e+00 1.677327128980609988e-03 3.261912817210602198e-03 3.635747301101558988e-03 0.000000000000000000e+00 4.683383469962295806e-03 0.000000000000000000e+00 0.000000000000000000e+00 2.595698146487615023e-03 1.871563745794428951e-03 3.097227474587726029e-03 0.000000000000000000e+00 0.000000000000000000e+00 0.000000000000000000e+00 0.000000000000000000e+00
0.000000000000000000e+00 3.010206524086434052e-03 0.000000000000000000e+00 0.000000000000000000e+00 1.042829850373022975e-03 0.000000000000000000e+00 3.834213337186614078e-03 2.326216227715435791e-03 1.420192986885813980e-03 5.051251397975599616e-04 3.749839365388999042e-03 2.464302249594694117e-03 4.548378380142734621e-03 0.000000000000000000e+00 0.000000000000000000e+00 0.000000000000000000e+00 1.254814766768208968e-03 4.034407777409474739e-03 4.699205928440946221e-03 0.000000000000000000e+00 0.000000000000000000e+00 4.764274194163989340e-03 3.283882648331217825e-03 3.511859460545428170e-05 3.346777259247821126e-03
0.000000000000000000e+00 0.000000000000000000e+00 2.514007241869547788e-03 1.932931299521377030e-03 0.000000000000000000e+00 0.000000000000000000e+00 3.590582851224794901e-04 0.000000000000000000e+00 3.578695563141429982e-03 2.597844558033556191e-03 0.000000000000000000e+00 2.560638416638213143e-03 4.651113094548322961e-04 0.000000000000000000e+00 2.443762903148224107e-03 0.000000000000000000e+00 0.000000000000000000e+00 0.000000000000000000e+00 0.000000000000000000e+00 0.000000000000000000e+00 3.011848439970910094e-03 4.867577160749551358e-03 7.033997160963773509e-04 2.614252551852944920e-03 0.000000000000000000e+00
0.000000000000000000e+00 0.000000000000000000e+00 0.000000000000000000e+00 6.806613414748532433e-05 0.000000000000000000e+00 0.000000000000000000e+00 2.783702675433176931e-04 3.805491740506604208e-03 0.000000000000000000e+00 0.000000000000000000e+00 3.083679143792606922e-03 0.000000000000000000e+00 4.473724001643327071e-03 9.356574388961678935e-04 0.000000000000000000e+00 0.000000000000000000e+00 1.323939031696746895e-03 0.000000000000000000e+00 0.000000000000000000e+00 3.143050241169890145e-03 1.058467713661412086e-03 1.609770595796990904e-03 0.000000000000000000e+00 0.000000000000000000e+00 0.000000000000000000e+00
