# # File created on Fri May 17 15:41:55 2024
#  # The following metaparameters were used for this matrix optimization : gamma0 = 0.5; alpha0 = 0; sigma0 = 0.25; l0 = 1;p = 1; R0 = 1; S0 = 0.05; NR = 25; NS = 25; matrix path = matrices/Nr25_Nc25/consumption/RandTrix_Nr25_Nc25_Nest0.2_Conn0.0896.txt; convergence threshold = 1e-08
# 
0.000000000000000000e+00 0.000000000000000000e+00 0.000000000000000000e+00 0.000000000000000000e+00 4.805168953661030640e-03 1.361459880031206954e-03 3.254735972903129940e-03 3.897604123249578229e-04 3.178963424568543011e-03 0.000000000000000000e+00 2.383313873603925930e-03 3.903228783946202998e-03 2.193943489779798164e-03 4.584792702397868895e-03 0.000000000000000000e+00 1.583213218403273096e-03 3.785491267132300749e-04 0.000000000000000000e+00 0.000000000000000000e+00 0.000000000000000000e+00 4.993861409460230742e-04 0.000000000000000000e+00 2.674073181615038122e-04 3.273644130196733202e-03 0.000000000000000000e+00
0.000000000000000000e+00 1.067855570929699934e-03 0.000000000000000000e+00 0.000000000000000000e+00 0.000000000000000000e+00 0.000000000000000000e+00 1.316122047072387953e-03 0.000000000000000000e+00 0.000000000000000000e+00 0.000000000000000000e+00 3.602579057293994053e-03 0.000000000000000000e+00 4.557008993188425144e-03 0.000000000000000000e+00 2.025186192695111874e-04 1.139449829361056970e-04 0.000000000000000000e+00 2.219949071750678890e-03 0.000000000000000000e+00 3.609407370788584105e-03 3.628346023513600964e-03 1.765991173085098079e-03 0.000000000000000000e+00 0.000000000000000000e+00 4.380425220532388865e-04
3.246619666589233857e-04 5.940663171102351795e-04 4.420445475025546085e-03 4.388248390989197591e-03 2.618170726085162874e-03 1.501293137199231041e-03 2.806562372760882784e-03 3.850408885536847018e-03 0.000000000000000000e+00 4.986907755707572316e-04 0.000000000000000000e+00 4.647605402216952418e-03 0.000000000000000000e+00 8.089397230850503334e-04 0.000000000000000000e+00 4.026787747796518706e-03 0.000000000000000000e+00 1.668377950315749021e-03 1.130594356879371064e-03 2.210033267071362991e-03 4.225238135884778340e-03 3.506191559916480883e-03 3.802891597518186055e-03 0.000000000000000000e+00 4.731556559279905851e-03
7.584710855687421243e-04 0.000000000000000000e+00 3.780844771349988007e-03 0.000000000000000000e+00 0.000000000000000000e+00 0.000000000000000000e+00 0.000000000000000000e+00 0.000000000000000000e+00 0.000000000000000000e+00 9.824754327913182064e-04 4.752973322209500147e-03 0.000000000000000000e+00 0.000000000000000000e+00 4.654190105652471036e-03 4.455676984539293402e-03 4.202241524248421373e-03 0.000000000000000000e+00 0.000000000000000000e+00 2.543740744391567981e-03 0.000000000000000000e+00 2.688765284162742894e-03 2.055561068920588874e-03 0.000000000000000000e+00 0.000000000000000000e+00 2.552000098225034892e-03
0.000000000000000000e+00 0.000000000000000000e+00 3.390774153353843991e-03 0.000000000000000000e+00 0.000000000000000000e+00 0.000000000000000000e+00 0.000000000000000000e+00 0.000000000000000000e+00 0.000000000000000000e+00 0.000000000000000000e+00 0.000000000000000000e+00 0.000000000000000000e+00 0.000000000000000000e+00 0.000000000000000000e+00 1.413551593692658056e-03 3.805012294159876123e-04 9.662300374139419501e-04 0.000000000000000000e+00 4.495549833179735000e-04 0.000000000000000000e+00 1.718684359707581917e-03 0.000000000000000000e+00 0.000000000000000000e+00 4.335628389976394284e-03 0.000000000000000000e+00
0.000000000000000000e+00 3.901842945282362786e-03 0.000000000000000000e+00 0.000000000000000000e+00 4.176666201762583089e-03 2.882426483141890209e-03 2.436341610562412982e-03 0.000000000000000000e+00 0.000000000000000000e+00 9.495811774641399689e-04 0.000000000000000000e+00 4.462138226585764950e-03 0.000000000000000000e+00 0.000000000000000000e+00 2.421296474815987987e-04 2.397969045194082213e-03 1.692733511450307104e-03 0.000000000000000000e+00 1.782451281239745902e-03 4.684648146102465653e-03 0.000000000000000000e+00 3.623679635642045819e-03 3.560844877410661996e-03 0.000000000000000000e+00 0.000000000000000000e+00
0.000000000000000000e+00 0.000000000000000000e+00 0.000000000000000000e+00 0.000000000000000000e+00 0.000000000000000000e+00 7.896533904520352566e-04 0.000000000000000000e+00 0.000000000000000000e+00 2.030046302703291013e-04 7.603017045888658867e-04 0.000000000000000000e+00 3.225105047863970845e-03 0.000000000000000000e+00 0.000000000000000000e+00 1.880447578525789058e-03 0.000000000000000000e+00 0.000000000000000000e+00 2.626367813017468997e-03 4.088031795797582128e-03 2.363594594777889812e-03 0.000000000000000000e+00 0.000000000000000000e+00 0.000000000000000000e+00 1.529928879817229982e-03 4.432600058774997212e-04
1.126798282939290956e-03 3.150251533072282134e-04 0.000000000000000000e+00 3.239382785354284061e-03 0.000000000000000000e+00 0.000000000000000000e+00 0.000000000000000000e+00 8.089388805858062446e-05 0.000000000000000000e+00 2.878786297658465949e-03 0.000000000000000000e+00 0.000000000000000000e+00 2.095559240151187875e-03 1.202408547134492089e-03 8.871817344279593273e-04 0.000000000000000000e+00 0.000000000000000000e+00 4.116913736948411839e-03 3.641240154406170156e-03 0.000000000000000000e+00 8.215838550215507101e-04 0.000000000000000000e+00 4.898403741056775798e-03 3.058841927058372854e-03 4.983297721937625380e-03
1.369800955801594999e-03 0.000000000000000000e+00 0.000000000000000000e+00 0.000000000000000000e+00 0.000000000000000000e+00 0.000000000000000000e+00 0.000000000000000000e+00 0.000000000000000000e+00 0.000000000000000000e+00 0.000000000000000000e+00 2.761472357638262813e-03 4.624699294799013101e-05 0.000000000000000000e+00 1.645604306901833971e-03 0.000000000000000000e+00 0.000000000000000000e+00 2.290642370239647820e-03 0.000000000000000000e+00 2.093903757680076055e-03 0.000000000000000000e+00 2.945179212830197936e-03 2.814372555516328131e-03 0.000000000000000000e+00 1.051428934973720059e-03 0.000000000000000000e+00
3.367005371493235000e-04 0.000000000000000000e+00 0.000000000000000000e+00 4.051890520389522972e-03 0.000000000000000000e+00 1.547816922526847917e-03 1.947900397096117078e-03 2.414294924652420158e-03 0.000000000000000000e+00 1.630701442898630990e-03 4.777667035517057376e-03 0.000000000000000000e+00 9.289497078681711829e-04 1.922464473299737974e-03 0.000000000000000000e+00 3.886570501063767950e-03 1.573434632272578985e-03 0.000000000000000000e+00 1.326920750937375095e-03 4.365527405623484576e-03 3.924045916467584251e-03 0.000000000000000000e+00 1.733473990153633045e-03 3.440421761409252852e-03 3.785576188771008072e-03
1.383856479643812013e-03 0.000000000000000000e+00 0.000000000000000000e+00 0.000000000000000000e+00 3.182996206190542941e-03 0.000000000000000000e+00 4.172575098557713622e-03 0.000000000000000000e+00 0.000000000000000000e+00 0.000000000000000000e+00 1.329774473887863071e-04 0.000000000000000000e+00 0.000000000000000000e+00 2.958870243006063785e-03 0.000000000000000000e+00 0.000000000000000000e+00 0.000000000000000000e+00 0.000000000000000000e+00 0.000000000000000000e+00 1.158658509542847062e-03 0.000000000000000000e+00 2.341883536482162087e-04 0.000000000000000000e+00 0.000000000000000000e+00 0.000000000000000000e+00
1.051572381066324079e-03 4.941081285636714747e-03 2.814751439322445061e-03 3.420117973988062807e-03 0.000000000000000000e+00 0.000000000000000000e+00 2.016415631485460845e-03 2.190093281090655958e-04 4.729004491103815794e-03 2.807288622267178121e-03 4.705650829596612350e-03 0.000000000000000000e+00 0.000000000000000000e+00 0.000000000000000000e+00 0.000000000000000000e+00 2.772764859532038037e-03 1.891072399460328032e-03 3.452202384356175061e-03 2.676776883196116136e-03 1.541797870359883039e-04 0.000000000000000000e+00 0.000000000000000000e+00 0.000000000000000000e+00 2.288938755902147210e-03 4.081094490158213017e-03
6.066551589035291134e-04 2.174130350408740031e-03 0.000000000000000000e+00 0.000000000000000000e+00 0.000000000000000000e+00 6.764555576333604542e-04 1.513733763788064008e-03 3.882230024254135128e-03 1.486591866863864108e-03 0.000000000000000000e+00 3.568043155098852073e-03 0.000000000000000000e+00 0.000000000000000000e+00 0.000000000000000000e+00 1.280314819260719005e-03 0.000000000000000000e+00 3.299857512867360784e-03 0.000000000000000000e+00 3.770232185345162926e-03 0.000000000000000000e+00 0.000000000000000000e+00 0.000000000000000000e+00 4.973132893335460193e-03 0.000000000000000000e+00 3.349980708146837842e-03
0.000000000000000000e+00 4.400486004340035603e-03 4.378496995293750145e-03 0.000000000000000000e+00 2.962727806975842988e-03 4.226245740263660268e-03 0.000000000000000000e+00 0.000000000000000000e+00 3.411360925276701178e-03 0.000000000000000000e+00 0.000000000000000000e+00 0.000000000000000000e+00 0.000000000000000000e+00 0.000000000000000000e+00 2.986842617491030933e-03 0.000000000000000000e+00 0.000000000000000000e+00 1.445425533878759959e-04 0.000000000000000000e+00 4.881818443886493109e-03 0.000000000000000000e+00 0.000000000000000000e+00 1.898317373654668952e-04 4.164570994793530788e-03 1.303811509340641051e-03
0.000000000000000000e+00 0.000000000000000000e+00 4.380941017041029353e-03 0.000000000000000000e+00 0.000000000000000000e+00 4.568530986052136977e-03 4.224417600817162791e-03 0.000000000000000000e+00 0.000000000000000000e+00 0.000000000000000000e+00 1.798575182417662096e-03 0.000000000000000000e+00 3.731274265417335815e-03 0.000000000000000000e+00 0.000000000000000000e+00 0.000000000000000000e+00 4.792416413503858622e-03 4.272353411420002668e-03 0.000000000000000000e+00 0.000000000000000000e+00 0.000000000000000000e+00 0.000000000000000000e+00 3.993200840688330283e-03 0.000000000000000000e+00 0.000000000000000000e+00
1.953046728465162056e-03 3.705900258173226974e-03 3.286714012629279175e-03 4.705770710002303223e-03 0.000000000000000000e+00 0.000000000000000000e+00 4.047719055672568088e-03 0.000000000000000000e+00 4.568634394711348912e-03 0.000000000000000000e+00 0.000000000000000000e+00 3.088673320607191082e-03 3.353894631943850173e-03 0.000000000000000000e+00 8.606577806749963512e-04 0.000000000000000000e+00 0.000000000000000000e+00 1.670376946825279964e-03 0.000000000000000000e+00 0.000000000000000000e+00 0.000000000000000000e+00 2.899614917801367035e-03 1.812326743625901912e-03 4.463349119663316718e-03 4.759098925492428155e-03
0.000000000000000000e+00 1.723953405961309998e-03 0.000000000000000000e+00 0.000000000000000000e+00 4.804970891993042784e-04 0.000000000000000000e+00 2.353725959814755974e-03 1.151726578314093931e-03 0.000000000000000000e+00 2.684344815960857007e-03 2.572460718249782938e-03 0.000000000000000000e+00 5.322452233701769394e-04 4.544875783784469055e-03 4.852591769403618790e-03 3.091401046049158108e-03 0.000000000000000000e+00 2.583490943127136202e-03 0.000000000000000000e+00 3.885165744054844966e-03 8.220997639667418280e-04 4.644704129275442281e-03 6.228276062918993404e-04 4.782871226426670119e-03 4.523680275078084852e-03
7.788657993408446044e-04 3.370447043308712892e-04 3.705036951735251032e-03 2.992345987894664931e-03 3.739507385074094126e-03 1.624871954252593998e-03 0.000000000000000000e+00 9.935382410270921383e-04 0.000000000000000000e+00 0.000000000000000000e+00 8.728134052727384981e-04 0.000000000000000000e+00 2.180899247401898045e-03 2.140112545660694042e-04 0.000000000000000000e+00 0.000000000000000000e+00 2.805945107357073112e-03 0.000000000000000000e+00 0.000000000000000000e+00 1.847914046949845034e-03 0.000000000000000000e+00 3.614885082719507866e-03 0.000000000000000000e+00 0.000000000000000000e+00 0.000000000000000000e+00
0.000000000000000000e+00 0.000000000000000000e+00 4.677580857552984979e-03 2.266141331607287798e-03 0.000000000000000000e+00 0.000000000000000000e+00 0.000000000000000000e+00 0.000000000000000000e+00 1.748201136666105958e-03 1.011417587004385986e-03 0.000000000000000000e+00 1.059361908781425936e-04 9.165812139468821002e-04 0.000000000000000000e+00 1.296086174850608931e-03 1.836625741662457944e-03 0.000000000000000000e+00 1.893911427901388063e-04 4.578516263173556221e-03 0.000000000000000000e+00 3.945432625059124704e-03 4.496397138655374576e-03 0.000000000000000000e+00 3.692210924615503109e-03 5.303950289726370266e-04
0.000000000000000000e+00 4.397652402223868086e-03 0.000000000000000000e+00 4.670350053045255016e-03 0.000000000000000000e+00 4.718851167079069799e-03 6.231697711484865615e-04 6.115095347087465619e-04 4.496420442446341821e-03 0.000000000000000000e+00 1.001692618763477078e-03 3.619289132669165077e-03 0.000000000000000000e+00 1.287784442290004902e-03 4.808303406868685327e-03 2.342066699710038894e-03 3.868046040344816014e-03 0.000000000000000000e+00 0.000000000000000000e+00 2.083484089191036965e-03 0.000000000000000000e+00 0.000000000000000000e+00 3.983952640952603298e-03 0.000000000000000000e+00 0.000000000000000000e+00
0.000000000000000000e+00 0.000000000000000000e+00 7.415824541660207252e-04 0.000000000000000000e+00 0.000000000000000000e+00 0.000000000000000000e+00 4.402974189378339870e-03 0.000000000000000000e+00 3.525860300911373962e-03 0.000000000000000000e+00 0.000000000000000000e+00 0.000000000000000000e+00 0.000000000000000000e+00 0.000000000000000000e+00 0.000000000000000000e+00 0.000000000000000000e+00 6.239282768117003454e-04 0.000000000000000000e+00 3.542397855304166981e-03 5.087526070667764159e-04 2.806175521019181086e-03 0.000000000000000000e+00 0.000000000000000000e+00 4.768732622493185064e-04 0.000000000000000000e+00
4.668681301769194748e-03 0.000000000000000000e+00 0.000000000000000000e+00 4.205577846797170852e-03 0.000000000000000000e+00 4.670060996395613119e-04 0.000000000000000000e+00 3.255872294876597031e-03 0.000000000000000000e+00 4.620202508089917698e-03 4.617381729481974222e-03 2.873827869073821827e-03 0.000000000000000000e+00 1.174158648148193986e-03 1.864137801693176990e-03 0.000000000000000000e+00 0.000000000000000000e+00 1.812018770613378973e-03 3.196380853707729043e-03 5.728773675923446763e-05 0.000000000000000000e+00 4.994861802433246331e-03 3.606338489508257770e-04 4.458226792555331289e-03 0.000000000000000000e+00
0.000000000000000000e+00 0.000000000000000000e+00 0.000000000000000000e+00 0.000000000000000000e+00 4.266770295010930206e-03 3.058674977446247147e-03 0.000000000000000000e+00 0.000000000000000000e+00 0.000000000000000000e+00 3.926832767321028657e-03 4.644255921858484425e-03 0.000000000000000000e+00 4.893807118692944380e-03 0.000000000000000000e+00 2.217544193269763153e-03 0.000000000000000000e+00 0.000000000000000000e+00 0.000000000000000000e+00 3.249593632103339128e-03 2.687718243391706927e-03 0.000000000000000000e+00 4.756400416887744957e-04 3.186986590950058144e-03 0.000000000000000000e+00 3.446001841074295899e-03
3.067228091290540200e-03 0.000000000000000000e+00 1.025682408690758952e-03 0.000000000000000000e+00 1.088377399384678939e-03 1.406822759685489059e-03 3.904933799934907131e-03 0.000000000000000000e+00 0.000000000000000000e+00 0.000000000000000000e+00 0.000000000000000000e+00 3.178232013504303163e-03 4.516598443747080020e-03 0.000000000000000000e+00 0.000000000000000000e+00 0.000000000000000000e+00 2.319222168189586947e-03 1.413364645370720043e-03 1.333128799004050903e-03 1.846858273965711929e-03 4.022855281947953360e-03 0.000000000000000000e+00 0.000000000000000000e+00 4.328543047591718778e-04 1.012357317561716910e-03
1.340421143271565895e-03 0.000000000000000000e+00 3.384207435589591060e-03 0.000000000000000000e+00 4.601950301367127918e-03 2.199957483798174913e-03 0.000000000000000000e+00 0.000000000000000000e+00 0.000000000000000000e+00 4.238363674947600614e-03 1.738288462748642082e-03 1.607588734971074091e-03 0.000000000000000000e+00 3.537331565554374061e-03 0.000000000000000000e+00 1.132254025000050063e-03 0.000000000000000000e+00 7.287730558333635911e-05 1.920955395971231947e-03 0.000000000000000000e+00 0.000000000000000000e+00 0.000000000000000000e+00 0.000000000000000000e+00 4.863117506446739714e-03 4.756265005131244360e-03
