# # File created on Fri May 17 15:42:00 2024
#  # The following metaparameters were used for this matrix optimization : gamma0 = 0.5; alpha0 = 0; sigma0 = 0.25; l0 = 1;p = 1; R0 = 1; S0 = 0.05; NR = 25; NS = 25; matrix path = matrices/Nr25_Nc25/consumption/RandTrix_Nr25_Nc25_Nest0.5_Conn0.1744.txt; convergence threshold = 1e-08
# 
1.442016403203227925e-03 8.670946507484059021e-04 0.000000000000000000e+00 1.606586996007505980e-03 1.420130523657834026e-03 0.000000000000000000e+00 3.374462015425988993e-03 1.399974729884855039e-03 0.000000000000000000e+00 0.000000000000000000e+00 1.604692874183108074e-03 3.428895417883514197e-03 0.000000000000000000e+00 0.000000000000000000e+00 3.295134434128359907e-03 0.000000000000000000e+00 2.162479666504583866e-03 0.000000000000000000e+00 4.898677060606490032e-03 2.865804131184888914e-03 0.000000000000000000e+00 1.805694663555376927e-03 2.751321404261133832e-03 2.045136950898483134e-03 3.835948137565309887e-03
0.000000000000000000e+00 4.596017113091270165e-04 4.704887497934470177e-03 1.934514217696329955e-03 4.873050948290801217e-03 0.000000000000000000e+00 0.000000000000000000e+00 1.748961851424169064e-03 4.774514635887247040e-03 1.093885582522768039e-03 0.000000000000000000e+00 0.000000000000000000e+00 7.800884872952702862e-04 0.000000000000000000e+00 2.313475989410254847e-03 0.000000000000000000e+00 3.714190134236996111e-03 4.462491067942837733e-05 4.548907985820021573e-03 3.978069835015299836e-03 3.595395121220194834e-03 0.000000000000000000e+00 1.384036939705658937e-03 1.649780949346132952e-03 0.000000000000000000e+00
0.000000000000000000e+00 1.757927710680089921e-03 1.059096831887479081e-03 0.000000000000000000e+00 0.000000000000000000e+00 2.578216792437030853e-03 0.000000000000000000e+00 1.820255463732479073e-03 2.081189956908638915e-03 0.000000000000000000e+00 2.185226385129656213e-03 1.494482297518002090e-03 0.000000000000000000e+00 4.827379475654133834e-03 0.000000000000000000e+00 0.000000000000000000e+00 0.000000000000000000e+00 4.854490457254272899e-04 4.364879315885134350e-03 0.000000000000000000e+00 0.000000000000000000e+00 0.000000000000000000e+00 2.500473254883116801e-03 1.772970456721639906e-03 0.000000000000000000e+00
0.000000000000000000e+00 2.944551724141346825e-03 0.000000000000000000e+00 3.337966814670230084e-03 2.609992325210486251e-04 1.825402297844849102e-03 0.000000000000000000e+00 0.000000000000000000e+00 0.000000000000000000e+00 0.000000000000000000e+00 0.000000000000000000e+00 0.000000000000000000e+00 3.163222071483148216e-03 0.000000000000000000e+00 3.480880657528787926e-03 1.535670422832836933e-03 0.000000000000000000e+00 0.000000000000000000e+00 0.000000000000000000e+00 0.000000000000000000e+00 5.008235811928933578e-04 0.000000000000000000e+00 0.000000000000000000e+00 1.367371398024852048e-03 0.000000000000000000e+00
3.740160632768300183e-03 0.000000000000000000e+00 3.080176451083290086e-03 9.621579515682880841e-04 2.181432569235892981e-04 6.270901114458618314e-04 3.650949822953474151e-03 4.739535861940801301e-03 0.000000000000000000e+00 0.000000000000000000e+00 1.752594127927783064e-03 0.000000000000000000e+00 0.000000000000000000e+00 4.414856979525482415e-03 3.068371779192230128e-03 0.000000000000000000e+00 4.107480676978166392e-03 2.842446822307216885e-03 8.172143217528552881e-04 4.776637054598032069e-03 0.000000000000000000e+00 4.815547158318981072e-03 0.000000000000000000e+00 0.000000000000000000e+00 1.966024197510368981e-03
0.000000000000000000e+00 3.875770751577376893e-03 0.000000000000000000e+00 0.000000000000000000e+00 3.626872089819050803e-03 0.000000000000000000e+00 0.000000000000000000e+00 0.000000000000000000e+00 4.937602481411141123e-03 0.000000000000000000e+00 0.000000000000000000e+00 2.682807874194273988e-03 4.208477589966575123e-03 0.000000000000000000e+00 1.400555123468260948e-03 4.016593655305149280e-03 2.024224038828050833e-03 1.909217641968946914e-03 0.000000000000000000e+00 3.463446316673163185e-03 0.000000000000000000e+00 0.000000000000000000e+00 0.000000000000000000e+00 0.000000000000000000e+00 2.878020540287466907e-03
1.854467604647095898e-03 0.000000000000000000e+00 4.309798861936641086e-03 0.000000000000000000e+00 1.328810032907257958e-04 3.572569412030596105e-03 1.609354216459865997e-03 0.000000000000000000e+00 1.896799479744612103e-03 0.000000000000000000e+00 0.000000000000000000e+00 3.251926711253350089e-03 3.936113515828221047e-03 0.000000000000000000e+00 0.000000000000000000e+00 2.842105874215275843e-03 1.394524666863781927e-03 0.000000000000000000e+00 0.000000000000000000e+00 3.896326769832318855e-03 3.402494207050498105e-03 0.000000000000000000e+00 4.602585042122658084e-04 0.000000000000000000e+00 2.467299919698027859e-03
0.000000000000000000e+00 0.000000000000000000e+00 0.000000000000000000e+00 4.890734889659175202e-03 4.335052620381666874e-03 1.172396650342244061e-03 0.000000000000000000e+00 3.316280039766470074e-03 1.210901779750918035e-03 0.000000000000000000e+00 7.077218941426723607e-04 1.785271206668710958e-03 0.000000000000000000e+00 1.932641802290352938e-04 0.000000000000000000e+00 0.000000000000000000e+00 0.000000000000000000e+00 0.000000000000000000e+00 0.000000000000000000e+00 0.000000000000000000e+00 5.243370630647248743e-05 0.000000000000000000e+00 2.933748359890984980e-03 0.000000000000000000e+00 2.354558419792787856e-03
0.000000000000000000e+00 0.000000000000000000e+00 0.000000000000000000e+00 3.152380559906584837e-03 3.708496892523554123e-03 0.000000000000000000e+00 0.000000000000000000e+00 0.000000000000000000e+00 3.745040348688894859e-03 0.000000000000000000e+00 0.000000000000000000e+00 9.453298053785134068e-04 0.000000000000000000e+00 0.000000000000000000e+00 0.000000000000000000e+00 4.505209012799940940e-04 9.777067908931947465e-04 0.000000000000000000e+00 1.616482033607212964e-03 3.675145634001542125e-03 0.000000000000000000e+00 0.000000000000000000e+00 4.740768566517275170e-03 4.484297620356444969e-03 0.000000000000000000e+00
3.685095681423770919e-03 2.959187846589694023e-03 0.000000000000000000e+00 4.329474226852004885e-03 2.865894841892090887e-04 0.000000000000000000e+00 0.000000000000000000e+00 0.000000000000000000e+00 0.000000000000000000e+00 0.000000000000000000e+00 4.347669038756714170e-03 0.000000000000000000e+00 1.335694618420320062e-04 3.775305694199244163e-03 0.000000000000000000e+00 0.000000000000000000e+00 4.808674697892063345e-03 3.755581317842311088e-03 0.000000000000000000e+00 0.000000000000000000e+00 1.364842904093094018e-03 1.709148813714313989e-03 0.000000000000000000e+00 0.000000000000000000e+00 2.847711542981128975e-03
0.000000000000000000e+00 0.000000000000000000e+00 4.208853455102562219e-04 2.773226649590889055e-03 1.705747133134464036e-03 3.908698648485520004e-04 0.000000000000000000e+00 3.678270253046083196e-03 3.499858278670069881e-03 0.000000000000000000e+00 1.669213103581969077e-03 4.789734401012574194e-03 2.282992968850251075e-03 1.734498970666493967e-04 0.000000000000000000e+00 0.000000000000000000e+00 0.000000000000000000e+00 0.000000000000000000e+00 5.466819380617649092e-04 2.953441571455694189e-03 0.000000000000000000e+00 0.000000000000000000e+00 0.000000000000000000e+00 0.000000000000000000e+00 1.559699839663945039e-03
0.000000000000000000e+00 0.000000000000000000e+00 1.602905087059695996e-03 0.000000000000000000e+00 4.280821461035522017e-03 0.000000000000000000e+00 1.450138711730447920e-03 0.000000000000000000e+00 3.475908403278216152e-03 1.159428806098393005e-03 0.000000000000000000e+00 9.426122103954865490e-05 0.000000000000000000e+00 2.352341381100579948e-04 2.249326429326376810e-03 0.000000000000000000e+00 2.770427648462235951e-03 3.864708952892892966e-04 0.000000000000000000e+00 4.783326191182321781e-03 0.000000000000000000e+00 0.000000000000000000e+00 0.000000000000000000e+00 0.000000000000000000e+00 3.401424343362529062e-03
0.000000000000000000e+00 1.668772444967285030e-03 0.000000000000000000e+00 1.247341283487208002e-04 0.000000000000000000e+00 0.000000000000000000e+00 4.141823099556300909e-03 0.000000000000000000e+00 0.000000000000000000e+00 3.656548180900152847e-03 4.783558592850596126e-03 0.000000000000000000e+00 5.872802803551043947e-04 4.010982134037879821e-04 1.367510203967408017e-03 0.000000000000000000e+00 1.135285573618939007e-03 0.000000000000000000e+00 0.000000000000000000e+00 4.624423226923620421e-03 0.000000000000000000e+00 1.650883664297697053e-03 1.337222861159865963e-03 0.000000000000000000e+00 1.562364189128713022e-03
3.984865560477959812e-03 4.133719172830186903e-03 0.000000000000000000e+00 0.000000000000000000e+00 0.000000000000000000e+00 1.575291444094644019e-03 0.000000000000000000e+00 0.000000000000000000e+00 4.826626552506686763e-03 8.006138394207927902e-04 0.000000000000000000e+00 0.000000000000000000e+00 3.663774065633108173e-03 0.000000000000000000e+00 1.964113576853159827e-03 4.948133718166386995e-03 0.000000000000000000e+00 3.651015580312192907e-03 0.000000000000000000e+00 4.644107248308795149e-03 0.000000000000000000e+00 3.851074361635717803e-03 3.999285092084327135e-03 0.000000000000000000e+00 4.638999613830583789e-04
3.722673964387272858e-03 0.000000000000000000e+00 0.000000000000000000e+00 8.699149758546857476e-04 0.000000000000000000e+00 1.146281674184664989e-03 1.479140488195426024e-03 1.325558588784439995e-04 0.000000000000000000e+00 0.000000000000000000e+00 2.065265202274446914e-03 6.174028811599883678e-04 0.000000000000000000e+00 4.431360711782580432e-03 4.617700522840641197e-03 2.342599811206202802e-03 2.669840538952758871e-03 8.641634883701814667e-04 0.000000000000000000e+00 0.000000000000000000e+00 3.570917191117775960e-03 0.000000000000000000e+00 1.233262998457202060e-03 1.810580601918410082e-03 4.963393764881919926e-03
2.832302505396784836e-03 4.190772292941310692e-03 0.000000000000000000e+00 3.545328525034819808e-03 3.774356921631658989e-03 2.721535341851997851e-03 1.413705931331209979e-03 0.000000000000000000e+00 2.773269313774114953e-04 0.000000000000000000e+00 0.000000000000000000e+00 2.611175865860889799e-03 2.888620501297789901e-03 0.000000000000000000e+00 0.000000000000000000e+00 2.780084112101865058e-03 0.000000000000000000e+00 0.000000000000000000e+00 0.000000000000000000e+00 4.485072228107419776e-03 0.000000000000000000e+00 0.000000000000000000e+00 4.060522106784938967e-03 0.000000000000000000e+00 0.000000000000000000e+00
4.427900543096932248e-03 0.000000000000000000e+00 0.000000000000000000e+00 2.504090143977630214e-03 5.578426367215890986e-04 0.000000000000000000e+00 0.000000000000000000e+00 1.761029003925645075e-03 3.852598652145264920e-03 4.478602921357134614e-03 0.000000000000000000e+00 0.000000000000000000e+00 4.427911816825094195e-03 0.000000000000000000e+00 0.000000000000000000e+00 0.000000000000000000e+00 1.234985216934079933e-03 0.000000000000000000e+00 0.000000000000000000e+00 0.000000000000000000e+00 0.000000000000000000e+00 0.000000000000000000e+00 0.000000000000000000e+00 0.000000000000000000e+00 1.311990640998962100e-03
0.000000000000000000e+00 4.138184329821690405e-03 2.170399289737611880e-03 0.000000000000000000e+00 3.333081170295887092e-03 0.000000000000000000e+00 0.000000000000000000e+00 0.000000000000000000e+00 0.000000000000000000e+00 4.844585782284569798e-03 3.692007304263453162e-03 0.000000000000000000e+00 0.000000000000000000e+00 2.914670091597492893e-03 0.000000000000000000e+00 0.000000000000000000e+00 0.000000000000000000e+00 3.417614927020004838e-03 0.000000000000000000e+00 3.699050615494969829e-03 3.492728065696271839e-03 0.000000000000000000e+00 0.000000000000000000e+00 0.000000000000000000e+00 4.462008469754473114e-03
0.000000000000000000e+00 3.468884681563714958e-03 0.000000000000000000e+00 0.000000000000000000e+00 1.406548263750969936e-03 4.491520539339967366e-03 6.407530313175344855e-04 3.927531719104078965e-03 0.000000000000000000e+00 3.905483496472981174e-03 3.885263672134073136e-03 3.322536829655042215e-03 2.795816198427108091e-03 2.672178953364072029e-03 2.635309588852505127e-03 0.000000000000000000e+00 0.000000000000000000e+00 3.403333895004319060e-03 0.000000000000000000e+00 1.095803043188870026e-03 0.000000000000000000e+00 3.381918689102167939e-03 5.036587728535871526e-04 0.000000000000000000e+00 4.918717779285632086e-03
0.000000000000000000e+00 0.000000000000000000e+00 0.000000000000000000e+00 2.844607749180114837e-04 3.255737011463785951e-03 3.733803667238098055e-03 0.000000000000000000e+00 2.891954286688769912e-03 2.695179720978671967e-03 2.252227472265961022e-04 2.975163024831886834e-03 9.217577359426136442e-04 0.000000000000000000e+00 1.984314593489939094e-03 3.897536652698701132e-03 0.000000000000000000e+00 0.000000000000000000e+00 6.575359562083575018e-04 3.720560961316774808e-03 3.454174253382449964e-03 0.000000000000000000e+00 0.000000000000000000e+00 0.000000000000000000e+00 3.424193154135317212e-03 0.000000000000000000e+00
0.000000000000000000e+00 3.700226203029156023e-04 0.000000000000000000e+00 3.987835956601057060e-04 2.788564416330512052e-03 0.000000000000000000e+00 3.291078200727189877e-03 1.134767789856669937e-03 5.323050497601066865e-04 1.252890034269465080e-03 0.000000000000000000e+00 1.493730446208032083e-03 1.774870972621137065e-03 0.000000000000000000e+00 0.000000000000000000e+00 1.125199035601766014e-03 4.918970489233709040e-03 2.528375559715338120e-03 0.000000000000000000e+00 1.646356730319691085e-03 0.000000000000000000e+00 0.000000000000000000e+00 4.652617506391698056e-03 1.377573130511277992e-03 8.337814204500583600e-04
0.000000000000000000e+00 4.517949140202611076e-03 6.827684197635834227e-04 1.799730565543265033e-03 3.161912993915268026e-03 0.000000000000000000e+00 3.615635938230519174e-03 2.577280728574059959e-03 0.000000000000000000e+00 1.872636492953806903e-03 0.000000000000000000e+00 4.138372055725279830e-03 0.000000000000000000e+00 0.000000000000000000e+00 4.681101046178260880e-03 0.000000000000000000e+00 2.185233452672069067e-03 0.000000000000000000e+00 2.134594632139521792e-03 2.334252779494303941e-04 0.000000000000000000e+00 7.661656333643093167e-04 1.441593700432979106e-03 0.000000000000000000e+00 0.000000000000000000e+00
0.000000000000000000e+00 0.000000000000000000e+00 0.000000000000000000e+00 4.652021963909171338e-03 0.000000000000000000e+00 0.000000000000000000e+00 0.000000000000000000e+00 1.191992760685856977e-03 0.000000000000000000e+00 0.000000000000000000e+00 0.000000000000000000e+00 0.000000000000000000e+00 0.000000000000000000e+00 9.274016128262750841e-04 1.801696719435214077e-03 0.000000000000000000e+00 4.193772968623432130e-04 1.681093069013313984e-03 3.578766867334976995e-03 0.000000000000000000e+00 4.712828567305887666e-03 4.263290069133496979e-03 0.000000000000000000e+00 2.252731699454812216e-03 3.340901926412571075e-03
8.315279089201108162e-04 0.000000000000000000e+00 2.695958906117448903e-03 9.197716088311508591e-04 2.808820195670070925e-03 4.798154034599971113e-03 0.000000000000000000e+00 6.603814522301764073e-04 0.000000000000000000e+00 1.897018961738134108e-03 0.000000000000000000e+00 4.180480933586733401e-03 0.000000000000000000e+00 6.908586226162361605e-04 0.000000000000000000e+00 0.000000000000000000e+00 0.000000000000000000e+00 3.183816194883642113e-03 0.000000000000000000e+00 1.634096100922760087e-04 9.412999564416574694e-04 0.000000000000000000e+00 0.000000000000000000e+00 0.000000000000000000e+00 0.000000000000000000e+00
0.000000000000000000e+00 0.000000000000000000e+00 2.673719131289442174e-03 4.448787245369984801e-03 4.338564718478877570e-03 3.260971557685916206e-03 0.000000000000000000e+00 4.648535160477300365e-03 0.000000000000000000e+00 2.245451492687104093e-03 1.453755941946396034e-03 3.570365411293166882e-03 4.273915981844069248e-03 0.000000000000000000e+00 0.000000000000000000e+00 0.000000000000000000e+00 4.883271425692429883e-03 3.118231135885766135e-03 3.784846190749765072e-03 0.000000000000000000e+00 0.000000000000000000e+00 0.000000000000000000e+00 0.000000000000000000e+00 0.000000000000000000e+00 0.000000000000000000e+00
