# # File created on Fri May 17 15:41:54 2024
#  # The following metaparameters were used for this matrix optimization : gamma0 = 0.5; alpha0 = 0; sigma0 = 0.25; l0 = 1;p = 1; R0 = 1; S0 = 0.05; NR = 25; NS = 25; matrix path = matrices/Nr25_Nc25/consumption/RandTrix_Nr25_Nc25_Nest0.15_Conn0.08.txt; convergence threshold = 1e-08
# 
0.000000000000000000e+00 4.696565677664088674e-03 0.000000000000000000e+00 4.253866397013190796e-04 4.217804102409213399e-03 2.734612855986506916e-03 3.847555931097315033e-03 2.042355447572810883e-03 3.264964150830179917e-03 3.582808307744953045e-03 2.013324479061277122e-03 0.000000000000000000e+00 3.974149461615222347e-03 0.000000000000000000e+00 0.000000000000000000e+00 1.583990274240049904e-03 0.000000000000000000e+00 3.670457686359476866e-03 3.929885873445664035e-03 1.440831363282083942e-03 1.349473212536926982e-03 0.000000000000000000e+00 0.000000000000000000e+00 3.480741976608938120e-03 0.000000000000000000e+00
3.738866761589332809e-03 1.545565790286366993e-03 4.495606134801841645e-03 3.282277118331094166e-03 2.664893459464693064e-03 0.000000000000000000e+00 2.060025657175939152e-03 3.580583996616069214e-03 0.000000000000000000e+00 0.000000000000000000e+00 0.000000000000000000e+00 1.270619530582890950e-03 4.863231940348015578e-03 3.933445343846012250e-03 3.830382643974463829e-03 0.000000000000000000e+00 2.797031453109674083e-03 3.461976149087003015e-03 0.000000000000000000e+00 0.000000000000000000e+00 4.466081904461111259e-03 2.512666441473685071e-03 0.000000000000000000e+00 4.650887473058052182e-03 0.000000000000000000e+00
1.478187150510279968e-03 2.842513324020006209e-03 4.240635091588211385e-03 0.000000000000000000e+00 0.000000000000000000e+00 9.720896136622448084e-04 0.000000000000000000e+00 0.000000000000000000e+00 0.000000000000000000e+00 0.000000000000000000e+00 8.847278318365958357e-05 0.000000000000000000e+00 1.194505092222403978e-03 0.000000000000000000e+00 2.403692443193859891e-03 7.810410090756036636e-04 0.000000000000000000e+00 0.000000000000000000e+00 0.000000000000000000e+00 0.000000000000000000e+00 3.243914732763514882e-03 2.468193879502610100e-03 1.994988324224406060e-03 0.000000000000000000e+00 0.000000000000000000e+00
7.040708106493332504e-04 0.000000000000000000e+00 0.000000000000000000e+00 0.000000000000000000e+00 0.000000000000000000e+00 0.000000000000000000e+00 3.538212956194744150e-04 1.166568373710295987e-03 4.662503355453251168e-03 0.000000000000000000e+00 0.000000000000000000e+00 1.560647717180581057e-03 0.000000000000000000e+00 0.000000000000000000e+00 0.000000000000000000e+00 0.000000000000000000e+00 2.284302862768657939e-03 0.000000000000000000e+00 3.500083952781988042e-03 4.641656121942354732e-03 0.000000000000000000e+00 0.000000000000000000e+00 4.792291127774656913e-03 0.000000000000000000e+00 0.000000000000000000e+00
0.000000000000000000e+00 0.000000000000000000e+00 2.607858696025053789e-03 0.000000000000000000e+00 0.000000000000000000e+00 0.000000000000000000e+00 2.200965273848554116e-03 0.000000000000000000e+00 0.000000000000000000e+00 0.000000000000000000e+00 0.000000000000000000e+00 1.622197523722744995e-03 4.428437060804667202e-03 0.000000000000000000e+00 4.695397471565446006e-03 2.878523099596806949e-03 1.902904134772370097e-03 0.000000000000000000e+00 0.000000000000000000e+00 2.269678088268960951e-03 0.000000000000000000e+00 0.000000000000000000e+00 3.027709076915597979e-03 0.000000000000000000e+00 3.830213800134472848e-03
0.000000000000000000e+00 0.000000000000000000e+00 0.000000000000000000e+00 3.922462609562901714e-03 0.000000000000000000e+00 0.000000000000000000e+00 3.138714983453783167e-03 0.000000000000000000e+00 0.000000000000000000e+00 6.209635397036970816e-04 4.130218737329952039e-03 0.000000000000000000e+00 4.185922490777691830e-03 1.154281270250804024e-04 0.000000000000000000e+00 0.000000000000000000e+00 0.000000000000000000e+00 0.000000000000000000e+00 0.000000000000000000e+00 5.012284945117229584e-04 2.982646105858291138e-03 0.000000000000000000e+00 2.158268735093853922e-03 0.000000000000000000e+00 0.000000000000000000e+00
0.000000000000000000e+00 0.000000000000000000e+00 0.000000000000000000e+00 3.687510904699715063e-03 0.000000000000000000e+00 4.584280287362955952e-03 0.000000000000000000e+00 3.726569410265240072e-03 0.000000000000000000e+00 4.615382647658318807e-03 0.000000000000000000e+00 2.321621946655427066e-03 0.000000000000000000e+00 4.422437346477246616e-03 0.000000000000000000e+00 2.583958907274174974e-03 4.733042021957928336e-03 4.774801685397163029e-03 2.957185852292875793e-03 3.488327670143712925e-03 0.000000000000000000e+00 4.170069623629184957e-03 0.000000000000000000e+00 1.893215845564240980e-03 0.000000000000000000e+00
0.000000000000000000e+00 8.867574659589698210e-04 0.000000000000000000e+00 1.000797734900530939e-03 4.863068580757891335e-03 1.563161908367747101e-03 4.850904783767238243e-03 0.000000000000000000e+00 4.092283928427021406e-03 3.729529893827145202e-03 0.000000000000000000e+00 0.000000000000000000e+00 1.169651966316023028e-05 0.000000000000000000e+00 0.000000000000000000e+00 0.000000000000000000e+00 0.000000000000000000e+00 0.000000000000000000e+00 0.000000000000000000e+00 0.000000000000000000e+00 1.606591732607453096e-03 2.185629872782388159e-03 3.048679309967377172e-03 3.591995965486019862e-03 3.678744278150410107e-03
2.208092014896989932e-03 2.605401832690739956e-03 1.192924244806958063e-03 0.000000000000000000e+00 1.380304750039719084e-03 2.190138795607476062e-03 2.188426996647020815e-03 2.193269373143865060e-03 0.000000000000000000e+00 0.000000000000000000e+00 4.054535128350427245e-03 0.000000000000000000e+00 4.758456454894569379e-03 3.930330826717886965e-03 1.745408404401142940e-03 2.837173439166226188e-04 4.183411404054018269e-03 0.000000000000000000e+00 3.225688095612455879e-03 0.000000000000000000e+00 3.453217465547524213e-04 0.000000000000000000e+00 0.000000000000000000e+00 0.000000000000000000e+00 2.944555556785025813e-03
5.226988012864996515e-04 0.000000000000000000e+00 0.000000000000000000e+00 5.334237732065389348e-04 0.000000000000000000e+00 0.000000000000000000e+00 0.000000000000000000e+00 4.372369790016991144e-03 3.937636699935855369e-03 0.000000000000000000e+00 3.265760020139455138e-04 1.997054260602656919e-03 0.000000000000000000e+00 0.000000000000000000e+00 0.000000000000000000e+00 4.961474082999469716e-03 0.000000000000000000e+00 1.685458600988372108e-04 2.085046291985081905e-04 0.000000000000000000e+00 3.532123714855628979e-03 0.000000000000000000e+00 1.479310364010255055e-03 4.728449598051164167e-03 0.000000000000000000e+00
0.000000000000000000e+00 1.502892361313967924e-03 0.000000000000000000e+00 0.000000000000000000e+00 3.125628250675691229e-04 4.584335723233659739e-03 2.902553203753964212e-03 1.771257063215040013e-03 0.000000000000000000e+00 0.000000000000000000e+00 0.000000000000000000e+00 0.000000000000000000e+00 7.569234967127083484e-04 0.000000000000000000e+00 4.712012313568094898e-03 0.000000000000000000e+00 0.000000000000000000e+00 0.000000000000000000e+00 0.000000000000000000e+00 4.001185304827141812e-03 0.000000000000000000e+00 0.000000000000000000e+00 0.000000000000000000e+00 0.000000000000000000e+00 0.000000000000000000e+00
3.569615837619200937e-03 3.836158225397464034e-04 0.000000000000000000e+00 4.670651484932613652e-03 0.000000000000000000e+00 2.384406135600636127e-03 1.079676427253583107e-03 1.414987774867123085e-03 4.020448814349849957e-03 2.332834643009778011e-03 0.000000000000000000e+00 4.420964058123947812e-03 2.427990398142011209e-03 6.907372179344903025e-04 0.000000000000000000e+00 3.491611304524566955e-03 0.000000000000000000e+00 0.000000000000000000e+00 0.000000000000000000e+00 4.914315842098459369e-03 0.000000000000000000e+00 0.000000000000000000e+00 2.506122076293732133e-03 3.104932712353274810e-03 4.129222884587059952e-03
0.000000000000000000e+00 1.403072757909952029e-03 0.000000000000000000e+00 0.000000000000000000e+00 0.000000000000000000e+00 4.496318985390121079e-03 1.671327807618873916e-03 1.431367366189055003e-03 3.840420246261951141e-03 4.377982801236459873e-03 0.000000000000000000e+00 5.275788794163003160e-04 0.000000000000000000e+00 9.545031616327144747e-04 2.797286802122662952e-03 0.000000000000000000e+00 0.000000000000000000e+00 0.000000000000000000e+00 3.422447254424489192e-03 0.000000000000000000e+00 1.438569014691183060e-04 5.931144958152017753e-04 0.000000000000000000e+00 4.275957998894045972e-03 2.176580126769417020e-03
3.820003601151892030e-04 1.897494144538853979e-03 0.000000000000000000e+00 0.000000000000000000e+00 4.856358718762238819e-04 4.589630384906663758e-03 4.446901529073409715e-03 1.649502366198000915e-03 3.604909236988253132e-03 4.926637690439964086e-03 0.000000000000000000e+00 0.000000000000000000e+00 0.000000000000000000e+00 0.000000000000000000e+00 0.000000000000000000e+00 3.393347827647451992e-03 8.858775497340635845e-04 8.914906492835242887e-04 2.438623559819315910e-03 0.000000000000000000e+00 5.374082590235558206e-04 0.000000000000000000e+00 0.000000000000000000e+00 0.000000000000000000e+00 0.000000000000000000e+00
3.375374116020582026e-03 0.000000000000000000e+00 3.360470639504795857e-03 2.026052984796261006e-03 3.349382968663739205e-03 3.354072263290603880e-04 0.000000000000000000e+00 0.000000000000000000e+00 0.000000000000000000e+00 1.581310182545111022e-03 1.672076790503574046e-03 3.704959962894200862e-03 4.549489265844239294e-03 0.000000000000000000e+00 1.781008197627526046e-03 1.992240422876905958e-03 0.000000000000000000e+00 0.000000000000000000e+00 0.000000000000000000e+00 8.802302692454650824e-04 0.000000000000000000e+00 7.947910711247474632e-04 0.000000000000000000e+00 0.000000000000000000e+00 8.695728717767663239e-04
2.189857769209671134e-03 1.251115588654598066e-03 0.000000000000000000e+00 0.000000000000000000e+00 0.000000000000000000e+00 2.835308240923727074e-03 0.000000000000000000e+00 0.000000000000000000e+00 1.163982820452469022e-03 0.000000000000000000e+00 1.614968354684793083e-03 0.000000000000000000e+00 2.511510338861188026e-03 0.000000000000000000e+00 0.000000000000000000e+00 0.000000000000000000e+00 0.000000000000000000e+00 3.998896041521509369e-03 1.016093676119755916e-03 4.065742847827184987e-03 4.460693247430706082e-03 4.664416346395447270e-03 0.000000000000000000e+00 0.000000000000000000e+00 3.725165308641750078e-03
0.000000000000000000e+00 1.709529069519720055e-03 0.000000000000000000e+00 0.000000000000000000e+00 2.131458696418301203e-03 0.000000000000000000e+00 0.000000000000000000e+00 2.719957630710664095e-03 7.501073321004830385e-04 0.000000000000000000e+00 1.496354110434857092e-03 0.000000000000000000e+00 0.000000000000000000e+00 7.617814320539970747e-04 3.859492058611815012e-03 2.215203709784586798e-03 0.000000000000000000e+00 0.000000000000000000e+00 2.711574020580358180e-03 1.739162519156171004e-03 2.964831322787179167e-03 1.539940583127137998e-03 0.000000000000000000e+00 2.923788375659173988e-03 0.000000000000000000e+00
3.066315700678627978e-03 2.969534856525213838e-03 2.065768888881748967e-03 1.603257165034959950e-03 0.000000000000000000e+00 0.000000000000000000e+00 2.932712021947191973e-03 1.619013817889139971e-03 9.339049252258302446e-04 1.112714220118950085e-03 2.922373847018247019e-03 5.761459176964462667e-05 0.000000000000000000e+00 0.000000000000000000e+00 3.677990007495100799e-03 0.000000000000000000e+00 3.958364758576423705e-03 0.000000000000000000e+00 2.328869611754031885e-03 3.174680474431811148e-03 0.000000000000000000e+00 0.000000000000000000e+00 1.422269540910976911e-03 0.000000000000000000e+00 4.253199992284365828e-03
0.000000000000000000e+00 0.000000000000000000e+00 0.000000000000000000e+00 0.000000000000000000e+00 0.000000000000000000e+00 0.000000000000000000e+00 6.911625714163524342e-04 0.000000000000000000e+00 2.044411844120185961e-03 0.000000000000000000e+00 0.000000000000000000e+00 4.740650338159232285e-03 0.000000000000000000e+00 0.000000000000000000e+00 3.798047412517430946e-03 4.703205457676547067e-03 1.141184903818986967e-04 3.946060936534179567e-03 2.256729462400784020e-04 2.631383717822329080e-03 0.000000000000000000e+00 4.564543985202497607e-03 1.016065793078833098e-03 2.556938480710015116e-03 4.507762990831148259e-03
0.000000000000000000e+00 0.000000000000000000e+00 3.138461908814785956e-03 0.000000000000000000e+00 0.000000000000000000e+00 0.000000000000000000e+00 4.514897455641386954e-03 1.683704601836633107e-03 0.000000000000000000e+00 8.400988948796086261e-04 0.000000000000000000e+00 3.673107336049006872e-03 0.000000000000000000e+00 3.099737149538202763e-04 2.290055385796499823e-03 0.000000000000000000e+00 0.000000000000000000e+00 5.249977765228983252e-05 6.124521339813278602e-04 0.000000000000000000e+00 3.160940755475206802e-03 0.000000000000000000e+00 3.357405545035566097e-03 1.763371883788207020e-03 0.000000000000000000e+00
1.892618926906790029e-03 4.780557851288926886e-03 6.907713856732836371e-04 2.078794858496962883e-03 0.000000000000000000e+00 2.968099404868930133e-03 4.197896675387527594e-03 2.862960755221557064e-03 0.000000000000000000e+00 1.827323855236756903e-03 0.000000000000000000e+00 3.535062289597947893e-03 7.384100941945198051e-04 0.000000000000000000e+00 1.132078935331382995e-03 1.236899459242970980e-03 3.149253474383488082e-03 4.013828424781974019e-03 4.891102399926561088e-03 9.029066107435541238e-04 2.824494397430215784e-03 0.000000000000000000e+00 2.905668708432699796e-03 0.000000000000000000e+00 2.046954297789652880e-03
2.247092489339025910e-03 2.230871323224897958e-03 4.341516438621927966e-03 1.708297205731454989e-03 7.413961608193451059e-04 1.086670558269200049e-03 1.380542556629440901e-03 9.160573144174936292e-04 2.819277236410937942e-03 0.000000000000000000e+00 0.000000000000000000e+00 0.000000000000000000e+00 2.209349649274466865e-03 4.655782082063564947e-03 3.940200352724541888e-03 0.000000000000000000e+00 4.198403152675386947e-03 0.000000000000000000e+00 0.000000000000000000e+00 0.000000000000000000e+00 0.000000000000000000e+00 0.000000000000000000e+00 0.000000000000000000e+00 0.000000000000000000e+00 3.562874627016483168e-03
2.359150705686252018e-03 4.019417425155776750e-04 0.000000000000000000e+00 0.000000000000000000e+00 0.000000000000000000e+00 0.000000000000000000e+00 2.393915267069811944e-03 1.757597134768081959e-03 0.000000000000000000e+00 0.000000000000000000e+00 0.000000000000000000e+00 1.956072287162012157e-03 0.000000000000000000e+00 1.127363214938531993e-04 4.067528512807077994e-03 2.591265055290235212e-03 0.000000000000000000e+00 0.000000000000000000e+00 0.000000000000000000e+00 1.231871826498109098e-04 0.000000000000000000e+00 0.000000000000000000e+00 1.225970642879976061e-05 2.106845042650702833e-03 0.000000000000000000e+00
0.000000000000000000e+00 1.994560557848790855e-03 3.574840064544841829e-03 0.000000000000000000e+00 2.724799785844373920e-03 0.000000000000000000e+00 4.875885937352330245e-03 0.000000000000000000e+00 4.039512761467995740e-03 0.000000000000000000e+00 9.193151469389513252e-04 3.045134331432533016e-03 0.000000000000000000e+00 0.000000000000000000e+00 8.884978662920696825e-04 0.000000000000000000e+00 0.000000000000000000e+00 0.000000000000000000e+00 0.000000000000000000e+00 0.000000000000000000e+00 0.000000000000000000e+00 0.000000000000000000e+00 0.000000000000000000e+00 0.000000000000000000e+00 3.675144727659930121e-03
0.000000000000000000e+00 4.943693356783252987e-03 2.933436588209872072e-03 2.807659569704581796e-03 4.044630041815363251e-03 2.757785345925355212e-03 4.041424919325367626e-03 1.023966067285785085e-03 0.000000000000000000e+00 3.704450469398518075e-03 0.000000000000000000e+00 0.000000000000000000e+00 0.000000000000000000e+00 0.000000000000000000e+00 2.739819372391664922e-03 1.895137449426809054e-04 4.449384025401449845e-03 4.558494837503737976e-03 4.004685918369255658e-03 2.237233258072872030e-03 0.000000000000000000e+00 2.330382910746143198e-03 5.262040201493302892e-04 0.000000000000000000e+00 0.000000000000000000e+00
