# # File created on Fri May 17 15:41:55 2024
#  # The following metaparameters were used for this matrix optimization : gamma0 = 0.5; alpha0 = 0; sigma0 = 0.25; l0 = 1;p = 1; R0 = 1; S0 = 0.05; NR = 25; NS = 25; matrix path = matrices/Nr25_Nc25/consumption/RandTrix_Nr25_Nc25_Nest0.25_Conn0.2336.txt; convergence threshold = 1e-08
# 
0.000000000000000000e+00 1.669799877538990932e-03 1.699802691846032056e-04 0.000000000000000000e+00 0.000000000000000000e+00 0.000000000000000000e+00 0.000000000000000000e+00 2.862640703789306844e-03 4.980014436714670992e-03 2.642897076780669017e-03 0.000000000000000000e+00 3.205480220211610800e-03 2.392603159448098045e-03 2.979022114103615886e-03 3.922298207839952124e-03 0.000000000000000000e+00 0.000000000000000000e+00 0.000000000000000000e+00 1.369508795466582978e-03 7.758732836356006324e-04 4.329352013327146748e-04 0.000000000000000000e+00 0.000000000000000000e+00 2.326958231008828152e-05 4.379338368019885380e-03
2.885665286698996940e-03 0.000000000000000000e+00 3.320373540471485869e-03 0.000000000000000000e+00 0.000000000000000000e+00 4.251361285807649625e-03 4.076011667368655174e-03 0.000000000000000000e+00 7.818887594880015749e-04 0.000000000000000000e+00 3.276015939164025805e-03 0.000000000000000000e+00 2.094303726889656155e-03 2.156813187586067819e-03 0.000000000000000000e+00 0.000000000000000000e+00 8.566338568970901591e-04 4.582334606246388025e-04 2.137658446475399800e-03 0.000000000000000000e+00 0.000000000000000000e+00 4.455177463547721310e-03 2.150230081607268189e-03 2.237825151041325858e-03 3.513813729406302898e-03
0.000000000000000000e+00 0.000000000000000000e+00 0.000000000000000000e+00 0.000000000000000000e+00 0.000000000000000000e+00 1.192404834291926983e-03 0.000000000000000000e+00 0.000000000000000000e+00 0.000000000000000000e+00 0.000000000000000000e+00 0.000000000000000000e+00 0.000000000000000000e+00 3.652058380724233083e-03 1.069261248790858094e-03 0.000000000000000000e+00 0.000000000000000000e+00 0.000000000000000000e+00 0.000000000000000000e+00 0.000000000000000000e+00 3.393656818661613863e-03 0.000000000000000000e+00 0.000000000000000000e+00 1.824364101243373905e-03 3.945052242730032362e-03 3.479227811788011045e-03
2.089340451339743055e-04 0.000000000000000000e+00 1.168027452828807955e-03 3.138293571458926085e-03 2.948324222389324834e-03 1.984204555293822959e-04 3.183372091391167055e-03 0.000000000000000000e+00 3.004599945378019082e-03 2.466627558376638212e-03 0.000000000000000000e+00 0.000000000000000000e+00 1.270589029978317058e-03 0.000000000000000000e+00 0.000000000000000000e+00 1.658239405762784041e-04 0.000000000000000000e+00 4.204731524570567828e-04 0.000000000000000000e+00 0.000000000000000000e+00 0.000000000000000000e+00 0.000000000000000000e+00 0.000000000000000000e+00 1.238053741751398990e-04 4.329784173305080072e-03
0.000000000000000000e+00 0.000000000000000000e+00 7.870174245398726476e-04 2.557172378400153143e-03 0.000000000000000000e+00 3.918140632141617341e-03 0.000000000000000000e+00 3.971414746196602272e-03 0.000000000000000000e+00 1.296991247870839031e-03 3.709063007807730013e-03 0.000000000000000000e+00 3.744165412652707831e-03 0.000000000000000000e+00 4.291623336446666152e-03 0.000000000000000000e+00 0.000000000000000000e+00 0.000000000000000000e+00 0.000000000000000000e+00 3.761946105023908252e-04 1.322793497989295042e-03 0.000000000000000000e+00 0.000000000000000000e+00 0.000000000000000000e+00 0.000000000000000000e+00
3.395734772795254951e-03 3.667360381491258873e-03 0.000000000000000000e+00 0.000000000000000000e+00 0.000000000000000000e+00 0.000000000000000000e+00 2.865600005580358923e-03 0.000000000000000000e+00 1.431089793970796037e-04 1.300092749546660070e-03 0.000000000000000000e+00 9.639641775513037259e-04 4.192269030611343091e-04 0.000000000000000000e+00 3.730147465052764157e-03 0.000000000000000000e+00 0.000000000000000000e+00 0.000000000000000000e+00 3.038158445988370805e-03 3.884539972745512833e-03 4.565487653572827820e-03 1.556975308191683918e-03 0.000000000000000000e+00 0.000000000000000000e+00 0.000000000000000000e+00
0.000000000000000000e+00 0.000000000000000000e+00 5.330528810122981678e-04 0.000000000000000000e+00 0.000000000000000000e+00 0.000000000000000000e+00 0.000000000000000000e+00 2.905823357083059822e-03 2.390011607808403913e-03 0.000000000000000000e+00 4.874331049053309134e-03 0.000000000000000000e+00 0.000000000000000000e+00 0.000000000000000000e+00 0.000000000000000000e+00 8.454720486471391586e-04 0.000000000000000000e+00 3.928658337155706802e-03 2.222612161694153838e-03 0.000000000000000000e+00 0.000000000000000000e+00 3.143217692675830122e-03 6.102122464837837464e-04 2.910356783841832815e-03 0.000000000000000000e+00
0.000000000000000000e+00 2.302042696983344107e-03 1.516962442573040019e-03 0.000000000000000000e+00 0.000000000000000000e+00 0.000000000000000000e+00 4.415892440503645100e-03 4.832628477276704865e-04 0.000000000000000000e+00 0.000000000000000000e+00 1.992993707034109840e-03 4.606732151261389366e-03 4.007556525593584940e-03 5.760522903528416706e-04 0.000000000000000000e+00 0.000000000000000000e+00 3.367232880700999817e-04 3.707658412736089949e-04 1.891543184476916903e-03 0.000000000000000000e+00 1.675302174152952950e-03 2.238345123742077006e-03 0.000000000000000000e+00 0.000000000000000000e+00 3.571176757869296090e-03
0.000000000000000000e+00 2.794866280083395933e-05 4.062095029262770100e-03 3.108184011880118797e-03 0.000000000000000000e+00 0.000000000000000000e+00 0.000000000000000000e+00 4.355917759618048966e-03 1.652649440851516058e-03 1.805426547672252984e-03 0.000000000000000000e+00 0.000000000000000000e+00 0.000000000000000000e+00 0.000000000000000000e+00 2.832533002069926188e-03 0.000000000000000000e+00 3.911100358235658839e-03 2.361682491307913988e-03 0.000000000000000000e+00 4.327832315746090071e-03 3.231469091207020937e-03 0.000000000000000000e+00 4.493731226581070145e-04 0.000000000000000000e+00 0.000000000000000000e+00
1.526990296165358935e-03 0.000000000000000000e+00 0.000000000000000000e+00 3.139862635615092018e-03 1.287460226933238947e-03 5.562028930190041206e-04 0.000000000000000000e+00 0.000000000000000000e+00 0.000000000000000000e+00 1.479971646855954065e-03 3.321658557308205997e-03 0.000000000000000000e+00 0.000000000000000000e+00 0.000000000000000000e+00 2.434159874096438868e-03 4.371690703141450571e-03 0.000000000000000000e+00 5.977552350566704698e-04 0.000000000000000000e+00 3.053782686379436905e-03 0.000000000000000000e+00 6.568180813971788044e-04 0.000000000000000000e+00 2.971378922960122172e-03 1.312390417259794943e-03
3.318763018761656039e-03 2.499777477063082082e-03 4.427406527799491662e-03 3.985774105334815610e-03 3.895127894533394804e-03 0.000000000000000000e+00 4.833312665749819187e-03 0.000000000000000000e+00 2.124663432862217149e-03 4.167642960754977359e-03 3.754686259426892863e-03 4.502286025249046842e-05 2.583874917665926214e-03 0.000000000000000000e+00 0.000000000000000000e+00 0.000000000000000000e+00 0.000000000000000000e+00 8.454853628545039171e-04 4.714538419169281638e-03 4.715397139846338147e-03 0.000000000000000000e+00 0.000000000000000000e+00 3.103107543532288102e-03 4.526210561092034942e-03 2.157785983843992991e-03
5.116910858741376524e-04 0.000000000000000000e+00 1.171453910250699936e-03 2.197431164359686141e-03 1.845848204266359012e-03 0.000000000000000000e+00 0.000000000000000000e+00 2.427542756222417133e-03 4.316439076254281575e-03 0.000000000000000000e+00 0.000000000000000000e+00 0.000000000000000000e+00 0.000000000000000000e+00 4.210056788207704181e-03 4.505931035771079153e-03 3.413172896773679094e-03 0.000000000000000000e+00 1.231035353822235081e-03 9.902668758369826459e-04 2.204187737604878031e-03 4.063185655736984217e-03 0.000000000000000000e+00 0.000000000000000000e+00 0.000000000000000000e+00 0.000000000000000000e+00
0.000000000000000000e+00 0.000000000000000000e+00 0.000000000000000000e+00 3.854738030579203147e-03 2.200546130737900813e-03 3.253412264016894082e-03 0.000000000000000000e+00 3.017736411289381922e-03 0.000000000000000000e+00 6.760890869721321306e-04 0.000000000000000000e+00 2.490329496841360915e-03 0.000000000000000000e+00 0.000000000000000000e+00 4.579829015435607324e-03 4.230162970182907087e-03 6.439057001521612464e-04 0.000000000000000000e+00 0.000000000000000000e+00 4.184136091546345783e-03 4.634205307968922681e-03 0.000000000000000000e+00 4.552944020370268581e-03 3.898207769304030956e-03 0.000000000000000000e+00
0.000000000000000000e+00 0.000000000000000000e+00 0.000000000000000000e+00 2.197992594973145145e-03 4.123864918414245351e-03 0.000000000000000000e+00 0.000000000000000000e+00 0.000000000000000000e+00 4.400654562674463817e-03 0.000000000000000000e+00 1.984162590693326102e-03 4.396616729546077955e-03 0.000000000000000000e+00 0.000000000000000000e+00 0.000000000000000000e+00 3.241803844284084184e-03 4.206449418687940346e-03 0.000000000000000000e+00 0.000000000000000000e+00 0.000000000000000000e+00 1.829120428958044917e-03 0.000000000000000000e+00 0.000000000000000000e+00 3.314621261727430761e-04 0.000000000000000000e+00
0.000000000000000000e+00 0.000000000000000000e+00 0.000000000000000000e+00 7.448848872146034529e-04 7.959983733701942636e-04 2.125332056019259123e-04 2.416025000813401026e-03 0.000000000000000000e+00 1.851170875036658005e-03 0.000000000000000000e+00 0.000000000000000000e+00 1.400568108499895034e-04 0.000000000000000000e+00 6.283606484720678266e-04 0.000000000000000000e+00 3.021279558628704796e-04 1.940294759381116976e-03 1.859168995674086004e-04 3.634594531162012050e-03 3.196310527936556834e-03 0.000000000000000000e+00 0.000000000000000000e+00 0.000000000000000000e+00 3.709079914666917836e-03 1.257609274983880962e-03
0.000000000000000000e+00 3.525539193545803793e-03 1.284870047385835946e-04 0.000000000000000000e+00 1.485873158728565091e-04 0.000000000000000000e+00 0.000000000000000000e+00 0.000000000000000000e+00 0.000000000000000000e+00 3.343680675279703165e-03 1.393712548553333909e-03 3.663153770828007916e-03 0.000000000000000000e+00 0.000000000000000000e+00 0.000000000000000000e+00 2.254061548094924827e-03 0.000000000000000000e+00 0.000000000000000000e+00 1.500863622277506012e-04 7.902984815088659161e-04 0.000000000000000000e+00 0.000000000000000000e+00 4.057791318845289409e-03 1.540958013906984113e-04 5.773940100768436105e-04
3.554243985775590829e-03 1.699040921680873952e-03 0.000000000000000000e+00 0.000000000000000000e+00 0.000000000000000000e+00 4.026072551860494265e-03 0.000000000000000000e+00 0.000000000000000000e+00 2.165026210379708896e-03 2.229112526593275169e-03 1.819048173342714941e-03 0.000000000000000000e+00 0.000000000000000000e+00 0.000000000000000000e+00 0.000000000000000000e+00 0.000000000000000000e+00 3.931523331466874049e-03 1.242598047142605064e-03 0.000000000000000000e+00 8.641930242898103682e-04 4.091870016277135078e-03 1.121955957677816986e-04 3.149195198355562910e-03 5.260257023060256783e-04 0.000000000000000000e+00
3.066850282477494825e-03 2.528314541135673853e-03 0.000000000000000000e+00 0.000000000000000000e+00 0.000000000000000000e+00 0.000000000000000000e+00 0.000000000000000000e+00 0.000000000000000000e+00 2.888364048218510817e-03 5.271249740050233537e-04 1.456853275705562905e-03 0.000000000000000000e+00 1.034026558165984091e-03 0.000000000000000000e+00 0.000000000000000000e+00 3.193962882713731921e-04 2.920728783320157042e-03 3.433585699446546971e-03 7.310753671372053513e-05 4.973434181465414411e-03 2.231026559340664166e-03 2.479646512467593815e-03 0.000000000000000000e+00 3.652067354022084811e-03 2.236345215607318121e-04
0.000000000000000000e+00 0.000000000000000000e+00 0.000000000000000000e+00 0.000000000000000000e+00 4.374559116135328871e-03 0.000000000000000000e+00 4.346059843319697918e-04 1.201830919660661079e-03 1.147114416831528951e-04 4.738647457670636109e-04 0.000000000000000000e+00 0.000000000000000000e+00 0.000000000000000000e+00 2.269198810349276878e-03 0.000000000000000000e+00 3.230985758607645038e-03 0.000000000000000000e+00 0.000000000000000000e+00 0.000000000000000000e+00 5.372540864146536747e-04 0.000000000000000000e+00 2.079247402071012982e-03 0.000000000000000000e+00 0.000000000000000000e+00 1.249159433769471091e-04
2.714772040391452181e-03 1.016088104113643982e-03 2.352261902722709973e-03 4.710383015896630861e-04 9.624697924242215947e-04 2.502076899134122187e-04 3.668594077989370886e-03 0.000000000000000000e+00 4.861848150551341570e-03 0.000000000000000000e+00 5.074655681432486140e-04 0.000000000000000000e+00 0.000000000000000000e+00 4.327405389054803878e-04 0.000000000000000000e+00 1.784892146653031027e-04 0.000000000000000000e+00 0.000000000000000000e+00 0.000000000000000000e+00 0.000000000000000000e+00 4.184523143418005658e-03 0.000000000000000000e+00 0.000000000000000000e+00 2.208179706510248039e-04 1.125297647648469072e-03
0.000000000000000000e+00 3.178314051378808985e-03 0.000000000000000000e+00 2.000844686304429840e-03 2.963970143627456082e-03 4.679426503038861852e-03 3.975059112785526115e-03 4.882577507788175147e-03 3.652875825725136142e-03 0.000000000000000000e+00 0.000000000000000000e+00 2.177111115233290161e-03 0.000000000000000000e+00 0.000000000000000000e+00 1.523323079890616947e-03 1.942344028747202897e-03 0.000000000000000000e+00 0.000000000000000000e+00 5.016986586652815707e-04 0.000000000000000000e+00 2.712687032696830137e-03 3.836127768411488892e-03 0.000000000000000000e+00 4.272677608462238825e-03 0.000000000000000000e+00
4.738311852066767228e-03 0.000000000000000000e+00 0.000000000000000000e+00 0.000000000000000000e+00 1.120263767319951099e-03 0.000000000000000000e+00 0.000000000000000000e+00 2.686389551494981157e-03 3.123375876489087972e-04 0.000000000000000000e+00 0.000000000000000000e+00 4.592334895437488805e-04 0.000000000000000000e+00 0.000000000000000000e+00 0.000000000000000000e+00 0.000000000000000000e+00 1.839734038660448961e-03 2.438179353757903133e-03 0.000000000000000000e+00 2.944018397736863045e-03 1.774500084309903929e-03 0.000000000000000000e+00 0.000000000000000000e+00 0.000000000000000000e+00 1.010564618869300895e-03
0.000000000000000000e+00 0.000000000000000000e+00 4.905701165253671149e-03 3.204858787540194182e-03 0.000000000000000000e+00 0.000000000000000000e+00 0.000000000000000000e+00 0.000000000000000000e+00 0.000000000000000000e+00 0.000000000000000000e+00 1.213437736145148898e-03 1.377601817652931906e-03 0.000000000000000000e+00 1.508034348906468931e-03 1.275899104973074981e-03 0.000000000000000000e+00 0.000000000000000000e+00 0.000000000000000000e+00 4.376212712725827125e-03 0.000000000000000000e+00 1.445210581509385073e-03 2.556421685766074154e-04 0.000000000000000000e+00 0.000000000000000000e+00 0.000000000000000000e+00
0.000000000000000000e+00 2.581734734744880197e-04 2.824218261923403840e-03 6.118679254577091527e-04 0.000000000000000000e+00 0.000000000000000000e+00 0.000000000000000000e+00 0.000000000000000000e+00 4.061914669437814880e-03 0.000000000000000000e+00 0.000000000000000000e+00 4.008164987830077110e-03 4.239637316493154694e-03 4.696025501627888905e-03 0.000000000000000000e+00 0.000000000000000000e+00 0.000000000000000000e+00 4.912391663190049211e-03 0.000000000000000000e+00 1.790859763371137900e-03 0.000000000000000000e+00 0.000000000000000000e+00 0.000000000000000000e+00 0.000000000000000000e+00 1.788921021829311103e-03
0.000000000000000000e+00 0.000000000000000000e+00 0.000000000000000000e+00 0.000000000000000000e+00 1.545500800015613000e-04 0.000000000000000000e+00 3.557879517753369161e-04 3.058387489748312735e-04 4.808377814910918223e-03 0.000000000000000000e+00 4.746967888585837229e-03 0.000000000000000000e+00 0.000000000000000000e+00 1.158673732051225015e-03 0.000000000000000000e+00 0.000000000000000000e+00 2.943868018249507900e-03 4.560384931517397732e-03 0.000000000000000000e+00 0.000000000000000000e+00 0.000000000000000000e+00 2.032303552396256836e-03 0.000000000000000000e+00 0.000000000000000000e+00 0.000000000000000000e+00
