# # # File created on Tue Apr 30 05:06:53 2024
#  #  # The following metaparameters were used for this matrix optimization : gamma0 = 0.5; alpha0 = 0; sigma0 = 0.25; l0 = 1;p = 1; R0 = 1; S0 = 0.05; NR = 25; NS = 25; matrix path = matrices/Nr25_Nc25/consumption/RandTrix_Nr25_Nc25_Nest0.6_Conn0.3712.txt; convergence threshold = 1e-08
# 
0.000000000000000000e+00 0.000000000000000000e+00 0.000000000000000000e+00 1.713077885542120926e+00 7.280369363317625853e-01 0.000000000000000000e+00 1.028349283397212099e+00 0.000000000000000000e+00 0.000000000000000000e+00 1.464008131786556088e+00 0.000000000000000000e+00 1.632148088832622967e+00 0.000000000000000000e+00 2.803872408795031745e-01 8.596937926868429836e-01 0.000000000000000000e+00 4.517954241640064761e-01 0.000000000000000000e+00 0.000000000000000000e+00 0.000000000000000000e+00 0.000000000000000000e+00 0.000000000000000000e+00 0.000000000000000000e+00 0.000000000000000000e+00 0.000000000000000000e+00
5.327619203048737928e-01 0.000000000000000000e+00 0.000000000000000000e+00 0.000000000000000000e+00 9.764306820359595074e-01 9.871123767421212669e-01 0.000000000000000000e+00 0.000000000000000000e+00 0.000000000000000000e+00 1.312319854593261059e+00 0.000000000000000000e+00 0.000000000000000000e+00 1.263723000830458965e-01 0.000000000000000000e+00 0.000000000000000000e+00 0.000000000000000000e+00 7.495244998209158460e-01 0.000000000000000000e+00 1.161882811884964006e+00 0.000000000000000000e+00 1.340242579618329932e+00 0.000000000000000000e+00 0.000000000000000000e+00 1.729658781233150977e+00 0.000000000000000000e+00
0.000000000000000000e+00 0.000000000000000000e+00 6.228179721156265058e-01 0.000000000000000000e+00 0.000000000000000000e+00 0.000000000000000000e+00 4.728195535446553799e-01 2.819962099144944223e-01 5.517556527622715645e-01 0.000000000000000000e+00 0.000000000000000000e+00 5.254896305053433636e-01 0.000000000000000000e+00 9.092399184068521434e-01 1.073822730627691957e+00 1.908781377266905110e+00 0.000000000000000000e+00 0.000000000000000000e+00 1.997004787254509917e-01 1.023572462518284043e+00 0.000000000000000000e+00 0.000000000000000000e+00 0.000000000000000000e+00 4.492143027361102936e-01 0.000000000000000000e+00
1.162869187751877975e+00 0.000000000000000000e+00 7.208848478205919230e-01 0.000000000000000000e+00 1.061536875917528100e+00 0.000000000000000000e+00 0.000000000000000000e+00 0.000000000000000000e+00 0.000000000000000000e+00 0.000000000000000000e+00 0.000000000000000000e+00 0.000000000000000000e+00 1.026517257453130938e+00 6.531733229635373617e-01 8.425797046498022524e-01 0.000000000000000000e+00 2.884983178636350010e-01 3.638736999368826774e-01 0.000000000000000000e+00 0.000000000000000000e+00 3.267033875327334247e-01 0.000000000000000000e+00 0.000000000000000000e+00 0.000000000000000000e+00 0.000000000000000000e+00
3.870486337395058207e-01 1.208948929888187918e+00 1.260845369820347894e+00 0.000000000000000000e+00 0.000000000000000000e+00 1.036443412910662110e+00 0.000000000000000000e+00 0.000000000000000000e+00 0.000000000000000000e+00 0.000000000000000000e+00 0.000000000000000000e+00 0.000000000000000000e+00 0.000000000000000000e+00 1.059608418771065041e+00 0.000000000000000000e+00 0.000000000000000000e+00 0.000000000000000000e+00 2.091248395047947961e-01 0.000000000000000000e+00 5.212399197959407537e-01 0.000000000000000000e+00 1.898480627908229884e-02 0.000000000000000000e+00 0.000000000000000000e+00 1.099617250716182104e+00
9.197850530754997367e-01 0.000000000000000000e+00 0.000000000000000000e+00 0.000000000000000000e+00 9.387310944786214639e-01 0.000000000000000000e+00 8.013262654512141037e-01 0.000000000000000000e+00 0.000000000000000000e+00 1.486803150489135028e+00 0.000000000000000000e+00 0.000000000000000000e+00 0.000000000000000000e+00 1.488537083759644997e+00 1.187419131429563041e-02 0.000000000000000000e+00 1.182630259813733042e+00 0.000000000000000000e+00 0.000000000000000000e+00 0.000000000000000000e+00 0.000000000000000000e+00 0.000000000000000000e+00 2.774348732727470734e-01 9.215522246688844232e-01 0.000000000000000000e+00
9.579159976252360487e-01 6.821162865688608079e-01 0.000000000000000000e+00 0.000000000000000000e+00 0.000000000000000000e+00 1.389805661261031000e+00 0.000000000000000000e+00 0.000000000000000000e+00 0.000000000000000000e+00 0.000000000000000000e+00 0.000000000000000000e+00 1.216943686734198060e+00 0.000000000000000000e+00 0.000000000000000000e+00 2.278818296057605053e-01 0.000000000000000000e+00 0.000000000000000000e+00 0.000000000000000000e+00 0.000000000000000000e+00 2.316655152547189012e-01 6.845658263002737387e-01 0.000000000000000000e+00 0.000000000000000000e+00 0.000000000000000000e+00 0.000000000000000000e+00
1.629113630557059045e+00 0.000000000000000000e+00 5.889052368955921546e-01 0.000000000000000000e+00 0.000000000000000000e+00 0.000000000000000000e+00 0.000000000000000000e+00 0.000000000000000000e+00 4.163942667164939881e-01 0.000000000000000000e+00 0.000000000000000000e+00 2.559706844604360820e-01 0.000000000000000000e+00 9.720831664858483601e-01 0.000000000000000000e+00 1.161792461649814090e+00 0.000000000000000000e+00 0.000000000000000000e+00 0.000000000000000000e+00 2.107588782460290133e-01 6.847265892052529779e-01 0.000000000000000000e+00 0.000000000000000000e+00 0.000000000000000000e+00 0.000000000000000000e+00
5.288324648021993646e-01 0.000000000000000000e+00 4.254470937183021939e-01 0.000000000000000000e+00 0.000000000000000000e+00 1.630473971961408919e-01 0.000000000000000000e+00 1.128778663723124076e+00 6.784407736872575222e-03 5.392337746386141051e-01 0.000000000000000000e+00 0.000000000000000000e+00 0.000000000000000000e+00 1.187262222590278027e+00 1.395286240252036070e-02 6.835392543577150093e-01 3.135814423791923877e-01 6.719986913503474268e-02 0.000000000000000000e+00 0.000000000000000000e+00 7.930031967921337410e-02 0.000000000000000000e+00 0.000000000000000000e+00 5.881972205723607905e-01 1.868386733701449920e+00
8.330886053945549818e-01 0.000000000000000000e+00 0.000000000000000000e+00 0.000000000000000000e+00 1.585067480475415014e+00 0.000000000000000000e+00 6.077215051288459985e-02 0.000000000000000000e+00 0.000000000000000000e+00 7.470480939083182226e-02 6.920619968808021383e-02 0.000000000000000000e+00 1.018683787513545935e+00 3.897200717048344143e-01 7.609398696160067921e-01 0.000000000000000000e+00 0.000000000000000000e+00 0.000000000000000000e+00 7.440620129766289947e-01 0.000000000000000000e+00 0.000000000000000000e+00 0.000000000000000000e+00 0.000000000000000000e+00 0.000000000000000000e+00 0.000000000000000000e+00
0.000000000000000000e+00 0.000000000000000000e+00 0.000000000000000000e+00 2.186438026690792125e+00 1.016159549028422981e+00 0.000000000000000000e+00 0.000000000000000000e+00 0.000000000000000000e+00 0.000000000000000000e+00 0.000000000000000000e+00 0.000000000000000000e+00 1.718695176984154915e-01 0.000000000000000000e+00 0.000000000000000000e+00 0.000000000000000000e+00 0.000000000000000000e+00 0.000000000000000000e+00 0.000000000000000000e+00 0.000000000000000000e+00 9.460299874186128832e-01 0.000000000000000000e+00 3.936873923272519726e-01 0.000000000000000000e+00 9.385988946993667481e-01 0.000000000000000000e+00
0.000000000000000000e+00 0.000000000000000000e+00 2.026633485691960779e+00 0.000000000000000000e+00 1.138224363450800053e-01 2.519925341962552801e-01 0.000000000000000000e+00 0.000000000000000000e+00 0.000000000000000000e+00 0.000000000000000000e+00 0.000000000000000000e+00 0.000000000000000000e+00 0.000000000000000000e+00 0.000000000000000000e+00 0.000000000000000000e+00 1.190609722793116054e+00 0.000000000000000000e+00 0.000000000000000000e+00 8.114358290527122763e-01 0.000000000000000000e+00 2.593013981541695268e-01 0.000000000000000000e+00 0.000000000000000000e+00 0.000000000000000000e+00 0.000000000000000000e+00
4.810372391489122212e-01 0.000000000000000000e+00 0.000000000000000000e+00 5.029781911417795515e-01 0.000000000000000000e+00 0.000000000000000000e+00 0.000000000000000000e+00 5.530542094874509873e-01 0.000000000000000000e+00 0.000000000000000000e+00 7.479745378798582922e-02 1.125729102205611065e+00 0.000000000000000000e+00 0.000000000000000000e+00 3.540716757136447845e-01 0.000000000000000000e+00 0.000000000000000000e+00 0.000000000000000000e+00 0.000000000000000000e+00 4.874187926362408274e-01 0.000000000000000000e+00 0.000000000000000000e+00 0.000000000000000000e+00 0.000000000000000000e+00 0.000000000000000000e+00
0.000000000000000000e+00 0.000000000000000000e+00 0.000000000000000000e+00 1.404566671761381946e-01 2.682171167648222943e-01 0.000000000000000000e+00 0.000000000000000000e+00 0.000000000000000000e+00 0.000000000000000000e+00 1.521331975439256912e+00 0.000000000000000000e+00 0.000000000000000000e+00 0.000000000000000000e+00 7.742551755530623359e-01 0.000000000000000000e+00 0.000000000000000000e+00 0.000000000000000000e+00 0.000000000000000000e+00 0.000000000000000000e+00 0.000000000000000000e+00 0.000000000000000000e+00 1.208265435703961055e+00 0.000000000000000000e+00 1.463902795633547971e+00 0.000000000000000000e+00
0.000000000000000000e+00 5.789342276788438379e-01 2.199368054705231890e-01 6.087612223914256049e-01 2.195180368964904094e-01 0.000000000000000000e+00 2.149970090730297101e-01 7.099557174977040308e-01 0.000000000000000000e+00 0.000000000000000000e+00 0.000000000000000000e+00 0.000000000000000000e+00 5.107236431823346523e-01 0.000000000000000000e+00 0.000000000000000000e+00 3.528005552248208998e-01 0.000000000000000000e+00 0.000000000000000000e+00 0.000000000000000000e+00 6.610940240290900938e-02 2.970894536244024220e-01 2.928972101578273257e-01 0.000000000000000000e+00 0.000000000000000000e+00 0.000000000000000000e+00
5.799833493815432783e-01 0.000000000000000000e+00 0.000000000000000000e+00 0.000000000000000000e+00 0.000000000000000000e+00 1.877194973839372061e+00 0.000000000000000000e+00 0.000000000000000000e+00 0.000000000000000000e+00 2.513789482278189213e-01 1.786417353026283072e-01 0.000000000000000000e+00 0.000000000000000000e+00 0.000000000000000000e+00 0.000000000000000000e+00 1.944759096837181955e-01 0.000000000000000000e+00 0.000000000000000000e+00 0.000000000000000000e+00 0.000000000000000000e+00 1.984121679048969911e-01 0.000000000000000000e+00 0.000000000000000000e+00 0.000000000000000000e+00 7.845913450933432454e-02
1.201773433856428097e+00 0.000000000000000000e+00 2.000518382433217890e-01 0.000000000000000000e+00 0.000000000000000000e+00 0.000000000000000000e+00 0.000000000000000000e+00 0.000000000000000000e+00 0.000000000000000000e+00 7.193415749206941712e-01 0.000000000000000000e+00 0.000000000000000000e+00 0.000000000000000000e+00 9.600675541964366344e-01 0.000000000000000000e+00 0.000000000000000000e+00 2.584745397230480135e-01 0.000000000000000000e+00 0.000000000000000000e+00 0.000000000000000000e+00 0.000000000000000000e+00 0.000000000000000000e+00 0.000000000000000000e+00 5.340511154047748038e-02 8.380286215658131477e-01
0.000000000000000000e+00 3.208207710223086040e-01 0.000000000000000000e+00 8.088617382426495084e-01 0.000000000000000000e+00 0.000000000000000000e+00 0.000000000000000000e+00 4.426655666224323937e-01 0.000000000000000000e+00 0.000000000000000000e+00 0.000000000000000000e+00 0.000000000000000000e+00 0.000000000000000000e+00 0.000000000000000000e+00 0.000000000000000000e+00 0.000000000000000000e+00 0.000000000000000000e+00 1.415578300633690001e-01 0.000000000000000000e+00 3.940554066499651897e-01 0.000000000000000000e+00 3.759992049833488226e-01 0.000000000000000000e+00 5.968925981839761086e-01 0.000000000000000000e+00
5.411292074976897792e-01 0.000000000000000000e+00 0.000000000000000000e+00 3.852614492713121175e-01 0.000000000000000000e+00 0.000000000000000000e+00 6.825668713517323016e-02 0.000000000000000000e+00 0.000000000000000000e+00 0.000000000000000000e+00 3.818663060536909848e-01 0.000000000000000000e+00 0.000000000000000000e+00 0.000000000000000000e+00 0.000000000000000000e+00 0.000000000000000000e+00 6.032298300779730393e-01 0.000000000000000000e+00 7.255851720732329202e-01 0.000000000000000000e+00 0.000000000000000000e+00 0.000000000000000000e+00 0.000000000000000000e+00 0.000000000000000000e+00 0.000000000000000000e+00
0.000000000000000000e+00 0.000000000000000000e+00 1.828429296098210977e-01 0.000000000000000000e+00 5.956879325280215465e-01 1.647342180114119981e-01 0.000000000000000000e+00 0.000000000000000000e+00 0.000000000000000000e+00 0.000000000000000000e+00 3.658438591880648905e-01 0.000000000000000000e+00 0.000000000000000000e+00 0.000000000000000000e+00 0.000000000000000000e+00 8.874094580716113123e-01 0.000000000000000000e+00 0.000000000000000000e+00 0.000000000000000000e+00 3.995602443414800198e-01 0.000000000000000000e+00 0.000000000000000000e+00 0.000000000000000000e+00 1.351094767016641995e+00 0.000000000000000000e+00
5.497802069542938597e-01 0.000000000000000000e+00 5.281840294981082762e-01 0.000000000000000000e+00 0.000000000000000000e+00 0.000000000000000000e+00 0.000000000000000000e+00 0.000000000000000000e+00 0.000000000000000000e+00 0.000000000000000000e+00 0.000000000000000000e+00 0.000000000000000000e+00 0.000000000000000000e+00 0.000000000000000000e+00 0.000000000000000000e+00 0.000000000000000000e+00 0.000000000000000000e+00 0.000000000000000000e+00 8.614513472648869241e-01 0.000000000000000000e+00 0.000000000000000000e+00 0.000000000000000000e+00 0.000000000000000000e+00 0.000000000000000000e+00 0.000000000000000000e+00
1.634272354998693999e-01 0.000000000000000000e+00 0.000000000000000000e+00 0.000000000000000000e+00 0.000000000000000000e+00 5.135410791522315721e-01 0.000000000000000000e+00 0.000000000000000000e+00 5.381723484051194051e-01 0.000000000000000000e+00 0.000000000000000000e+00 1.817199205258158978e-01 0.000000000000000000e+00 0.000000000000000000e+00 0.000000000000000000e+00 0.000000000000000000e+00 0.000000000000000000e+00 0.000000000000000000e+00 5.493532811173923447e-01 0.000000000000000000e+00 0.000000000000000000e+00 0.000000000000000000e+00 7.027912462865113508e-01 0.000000000000000000e+00 4.107166513589660117e-01
0.000000000000000000e+00 0.000000000000000000e+00 0.000000000000000000e+00 5.264369423985536534e-01 0.000000000000000000e+00 1.311166940324187957e-01 0.000000000000000000e+00 0.000000000000000000e+00 0.000000000000000000e+00 3.496745237226382974e-01 0.000000000000000000e+00 0.000000000000000000e+00 0.000000000000000000e+00 0.000000000000000000e+00 0.000000000000000000e+00 0.000000000000000000e+00 0.000000000000000000e+00 0.000000000000000000e+00 0.000000000000000000e+00 0.000000000000000000e+00 0.000000000000000000e+00 0.000000000000000000e+00 9.287829327068556351e-01 0.000000000000000000e+00 0.000000000000000000e+00
2.318771488144416026e-01 0.000000000000000000e+00 2.244287091341687912e-01 0.000000000000000000e+00 0.000000000000000000e+00 4.575430110697700781e-01 0.000000000000000000e+00 0.000000000000000000e+00 3.009761056050251904e-01 0.000000000000000000e+00 0.000000000000000000e+00 0.000000000000000000e+00 0.000000000000000000e+00 0.000000000000000000e+00 0.000000000000000000e+00 0.000000000000000000e+00 0.000000000000000000e+00 0.000000000000000000e+00 0.000000000000000000e+00 0.000000000000000000e+00 0.000000000000000000e+00 9.996662881731829819e-03 0.000000000000000000e+00 0.000000000000000000e+00 0.000000000000000000e+00
4.782345324491831251e-01 0.000000000000000000e+00 0.000000000000000000e+00 0.000000000000000000e+00 0.000000000000000000e+00 0.000000000000000000e+00 7.772969422679211482e-02 6.455993471821629137e-02 0.000000000000000000e+00 0.000000000000000000e+00 0.000000000000000000e+00 0.000000000000000000e+00 0.000000000000000000e+00 0.000000000000000000e+00 0.000000000000000000e+00 1.870940442227063127e-01 0.000000000000000000e+00 0.000000000000000000e+00 0.000000000000000000e+00 0.000000000000000000e+00 0.000000000000000000e+00 0.000000000000000000e+00 0.000000000000000000e+00 0.000000000000000000e+00 0.000000000000000000e+00
