# # File created on Fri May 17 15:42:05 2024
#  # The following metaparameters were used for this matrix optimization : gamma0 = 0.5; alpha0 = 0; sigma0 = 0.25; l0 = 1;p = 1; R0 = 1; S0 = 0.05; NR = 25; NS = 25; matrix path = matrices/Nr25_Nc25/consumption/RandTrix_Nr25_Nc25_Nest0.55_Conn0.0992.txt; convergence threshold = 1e-08
# 
1.334314080509710083e-03 4.771973411141878021e-03 0.000000000000000000e+00 0.000000000000000000e+00 1.148338498043064955e-03 0.000000000000000000e+00 0.000000000000000000e+00 1.855392001219676032e-03 0.000000000000000000e+00 3.698205395835888788e-03 0.000000000000000000e+00 0.000000000000000000e+00 1.060413723504837055e-03 4.060811352111935095e-04 2.945410336280409962e-04 0.000000000000000000e+00 0.000000000000000000e+00 0.000000000000000000e+00 0.000000000000000000e+00 8.179211060827058701e-04 3.025614594686077980e-03 2.372134758193260914e-03 0.000000000000000000e+00 8.669703041675534509e-04 2.978079461175330792e-03
4.254417748089353406e-03 0.000000000000000000e+00 0.000000000000000000e+00 2.373025401282077840e-03 0.000000000000000000e+00 0.000000000000000000e+00 1.500249882903851098e-03 4.925853897553541909e-03 1.354166600518631096e-03 0.000000000000000000e+00 2.509457462876753080e-03 0.000000000000000000e+00 0.000000000000000000e+00 1.526210364260268066e-03 0.000000000000000000e+00 0.000000000000000000e+00 0.000000000000000000e+00 0.000000000000000000e+00 0.000000000000000000e+00 0.000000000000000000e+00 0.000000000000000000e+00 0.000000000000000000e+00 0.000000000000000000e+00 3.200372780854607042e-03 1.769833789390516015e-03
9.567787562153175045e-04 3.629831510207012953e-03 1.890919279380847903e-03 3.659111939417876002e-03 0.000000000000000000e+00 4.966323028227872215e-03 0.000000000000000000e+00 3.414207358412935014e-03 3.465987872497622996e-03 1.306585181123779901e-03 0.000000000000000000e+00 0.000000000000000000e+00 0.000000000000000000e+00 0.000000000000000000e+00 2.295644787130872964e-03 1.282938812110775073e-03 0.000000000000000000e+00 2.170224317228496187e-03 4.905655673952595639e-04 2.231342666741578055e-03 2.386219189230835182e-03 0.000000000000000000e+00 2.857402741294538112e-03 3.548502083718743996e-03 0.000000000000000000e+00
4.834814009123233739e-04 0.000000000000000000e+00 9.709090668840184490e-04 0.000000000000000000e+00 1.533971669987398969e-03 0.000000000000000000e+00 0.000000000000000000e+00 1.429431441388830104e-03 4.623380190421950628e-03 2.625351722334513110e-03 0.000000000000000000e+00 0.000000000000000000e+00 0.000000000000000000e+00 4.529600623995255586e-03 3.287643920717267000e-03 2.720653553184050177e-03 0.000000000000000000e+00 0.000000000000000000e+00 4.752139638903244388e-03 0.000000000000000000e+00 0.000000000000000000e+00 0.000000000000000000e+00 2.720949372463927173e-03 0.000000000000000000e+00 3.059293304321622844e-03
0.000000000000000000e+00 2.460308868616479117e-03 0.000000000000000000e+00 0.000000000000000000e+00 1.458499965233558049e-03 0.000000000000000000e+00 1.891991057521610073e-03 0.000000000000000000e+00 0.000000000000000000e+00 0.000000000000000000e+00 1.619407586996843068e-03 4.062870963201872972e-03 4.845068202809696238e-03 3.389884281893388099e-03 4.248986890421540055e-03 0.000000000000000000e+00 9.918765924951005505e-05 3.310933471123485988e-03 3.854536862568266799e-03 2.220957151780768909e-03 0.000000000000000000e+00 0.000000000000000000e+00 0.000000000000000000e+00 0.000000000000000000e+00 0.000000000000000000e+00
0.000000000000000000e+00 0.000000000000000000e+00 2.812979066548309138e-03 4.601548906184674617e-03 0.000000000000000000e+00 4.351792942979639846e-04 2.967406503799543006e-03 0.000000000000000000e+00 2.377887611873697946e-03 0.000000000000000000e+00 0.000000000000000000e+00 0.000000000000000000e+00 0.000000000000000000e+00 4.964064683713698091e-04 0.000000000000000000e+00 0.000000000000000000e+00 8.049903187871506509e-04 2.976260988391979910e-03 1.030166509648563914e-03 0.000000000000000000e+00 3.141032068264227803e-03 0.000000000000000000e+00 7.337049004166246776e-04 0.000000000000000000e+00 0.000000000000000000e+00
0.000000000000000000e+00 4.907565538209066741e-03 2.452296423940976151e-03 0.000000000000000000e+00 0.000000000000000000e+00 3.542301340515795118e-03 0.000000000000000000e+00 4.671564284016661329e-03 5.626244801136715424e-04 9.347928062312686401e-04 0.000000000000000000e+00 1.106989735217169977e-03 4.776838272629693391e-03 1.436038877634957921e-03 6.259302018110339408e-04 0.000000000000000000e+00 2.976742403490190148e-03 0.000000000000000000e+00 0.000000000000000000e+00 0.000000000000000000e+00 0.000000000000000000e+00 0.000000000000000000e+00 5.099409601243131297e-04 0.000000000000000000e+00 0.000000000000000000e+00
7.431296243830600454e-04 1.912326262988958085e-03 0.000000000000000000e+00 0.000000000000000000e+00 4.487133725536665389e-03 0.000000000000000000e+00 0.000000000000000000e+00 2.521370740342878791e-03 1.546827858515965100e-03 0.000000000000000000e+00 1.708702674781708902e-03 0.000000000000000000e+00 4.723911663461123622e-03 0.000000000000000000e+00 4.748110689335932784e-03 1.000410671624831025e-03 3.743994056518558117e-03 0.000000000000000000e+00 0.000000000000000000e+00 1.265316260933345080e-03 0.000000000000000000e+00 0.000000000000000000e+00 3.080519254278984032e-03 0.000000000000000000e+00 0.000000000000000000e+00
2.790955500254121893e-03 6.862404632555890163e-04 2.122799504007241191e-03 2.670148332734280025e-03 3.946878616113248112e-03 4.990570836766843044e-03 0.000000000000000000e+00 0.000000000000000000e+00 0.000000000000000000e+00 0.000000000000000000e+00 4.210967993741517056e-04 0.000000000000000000e+00 1.719416847652600108e-03 0.000000000000000000e+00 2.476302662068441841e-03 0.000000000000000000e+00 2.628827890191622160e-04 2.560319336747025908e-04 4.993090817456175175e-03 9.597486063312337702e-04 4.072226843212557040e-03 0.000000000000000000e+00 0.000000000000000000e+00 0.000000000000000000e+00 0.000000000000000000e+00
3.031979494665621149e-03 0.000000000000000000e+00 0.000000000000000000e+00 0.000000000000000000e+00 1.547349812525027025e-03 0.000000000000000000e+00 4.462786117893112941e-05 0.000000000000000000e+00 3.230489550895115133e-03 0.000000000000000000e+00 0.000000000000000000e+00 0.000000000000000000e+00 0.000000000000000000e+00 1.004158907787188956e-03 0.000000000000000000e+00 4.506576841504262090e-03 0.000000000000000000e+00 0.000000000000000000e+00 4.614102208096535797e-03 0.000000000000000000e+00 3.699296802756196073e-03 0.000000000000000000e+00 0.000000000000000000e+00 3.881465029543593008e-03 0.000000000000000000e+00
1.045898939706193034e-03 0.000000000000000000e+00 0.000000000000000000e+00 1.354836728235959921e-03 0.000000000000000000e+00 2.493797002648750864e-03 8.005768852907380701e-04 4.061407990301210344e-03 0.000000000000000000e+00 0.000000000000000000e+00 4.363106806502582875e-03 0.000000000000000000e+00 2.523085457154810099e-03 0.000000000000000000e+00 0.000000000000000000e+00 1.806042903994240032e-03 2.859123571330062993e-03 4.227247686634866969e-03 6.090656482192487691e-05 2.204789947521039895e-03 0.000000000000000000e+00 3.752315616179893992e-03 2.049885688997556913e-03 2.328914156076410981e-03 3.023878058335691121e-03
3.661020110414207798e-03 0.000000000000000000e+00 0.000000000000000000e+00 0.000000000000000000e+00 0.000000000000000000e+00 0.000000000000000000e+00 3.323639654524168131e-03 0.000000000000000000e+00 0.000000000000000000e+00 1.305048008179813005e-03 4.826204849992342741e-03 1.231074100134930049e-03 3.660859211573344162e-03 3.597961898760358018e-03 0.000000000000000000e+00 0.000000000000000000e+00 0.000000000000000000e+00 1.814242996294068060e-03 0.000000000000000000e+00 0.000000000000000000e+00 4.515937567152811076e-03 2.321225357812802936e-03 3.039583017153317177e-03 4.847214326457655043e-03 0.000000000000000000e+00
4.203219786448431777e-03 1.981483745321277815e-03 4.364793985227506841e-03 3.638476021214061187e-03 0.000000000000000000e+00 0.000000000000000000e+00 0.000000000000000000e+00 0.000000000000000000e+00 3.760657579629966135e-03 4.745027041554528667e-03 0.000000000000000000e+00 0.000000000000000000e+00 0.000000000000000000e+00 0.000000000000000000e+00 0.000000000000000000e+00 4.610128287154005230e-03 0.000000000000000000e+00 2.502125138575519124e-03 2.801147271652757939e-03 0.000000000000000000e+00 0.000000000000000000e+00 2.554207059568529975e-03 1.882096662339724936e-03 0.000000000000000000e+00 0.000000000000000000e+00
1.689522636805537931e-03 0.000000000000000000e+00 1.069916594255070899e-03 1.457981156763997954e-03 0.000000000000000000e+00 3.818283948236840183e-03 0.000000000000000000e+00 0.000000000000000000e+00 2.707335670597341929e-03 0.000000000000000000e+00 3.576315439658466801e-03 0.000000000000000000e+00 0.000000000000000000e+00 1.373160751114892945e-03 0.000000000000000000e+00 0.000000000000000000e+00 4.913825529413757762e-03 3.623898018564494089e-03 2.530029577682358158e-03 0.000000000000000000e+00 6.606790722294827653e-04 0.000000000000000000e+00 0.000000000000000000e+00 0.000000000000000000e+00 0.000000000000000000e+00
0.000000000000000000e+00 3.796294997785819216e-03 4.443022342989976295e-03 1.722472049970874075e-03 0.000000000000000000e+00 6.773671881796949250e-04 3.570886972400232062e-03 4.447572162196621048e-03 3.580971312316794022e-03 1.830508900135182108e-03 0.000000000000000000e+00 0.000000000000000000e+00 2.603836140920147944e-03 4.128299444182690833e-03 0.000000000000000000e+00 4.436719191918456380e-03 4.007096387301662017e-03 0.000000000000000000e+00 4.189344123241967206e-03 0.000000000000000000e+00 0.000000000000000000e+00 3.842473062925471885e-05 0.000000000000000000e+00 0.000000000000000000e+00 0.000000000000000000e+00
5.229744746658595124e-04 3.539879657045337091e-03 4.717128471605661760e-03 0.000000000000000000e+00 1.178223540312841070e-03 1.488712731439570044e-03 3.033832742004291105e-03 3.102858261485652146e-03 3.265799772243625169e-03 4.162470458833994165e-04 8.637266688172721713e-04 3.565258381814429001e-03 0.000000000000000000e+00 0.000000000000000000e+00 0.000000000000000000e+00 2.217145581767949146e-03 0.000000000000000000e+00 0.000000000000000000e+00 0.000000000000000000e+00 3.279594097902674074e-03 2.799291826950876892e-03 4.689046415577271046e-03 7.874437336689388365e-04 0.000000000000000000e+00 8.868788397801783546e-04
3.503150591601131812e-03 0.000000000000000000e+00 2.076149076175112882e-03 0.000000000000000000e+00 1.390434637720913908e-03 0.000000000000000000e+00 0.000000000000000000e+00 0.000000000000000000e+00 0.000000000000000000e+00 0.000000000000000000e+00 4.811060385132467400e-03 0.000000000000000000e+00 0.000000000000000000e+00 0.000000000000000000e+00 0.000000000000000000e+00 3.546881044335264185e-03 9.880693166725153069e-04 1.486894272259187090e-03 3.258015762271821195e-05 0.000000000000000000e+00 0.000000000000000000e+00 4.243266511272297055e-04 0.000000000000000000e+00 0.000000000000000000e+00 2.501469434084840210e-03
0.000000000000000000e+00 0.000000000000000000e+00 2.810368855444160107e-03 0.000000000000000000e+00 4.347742778946093317e-03 3.007727728253418043e-03 2.397556708281458997e-03 0.000000000000000000e+00 2.637313607338661204e-03 0.000000000000000000e+00 4.650408909226444974e-03 4.215804003978611790e-03 3.108265976803725825e-03 4.573411354921786721e-03 0.000000000000000000e+00 1.751018039268442900e-03 0.000000000000000000e+00 1.417707491990915928e-03 4.312493919198924150e-03 0.000000000000000000e+00 0.000000000000000000e+00 0.000000000000000000e+00 0.000000000000000000e+00 0.000000000000000000e+00 0.000000000000000000e+00
0.000000000000000000e+00 3.055906856452789925e-03 1.234894923228131963e-04 3.544598305344686751e-04 0.000000000000000000e+00 3.999871066349335209e-03 0.000000000000000000e+00 2.622415979659740819e-03 2.234608872102343807e-03 3.928030152368799759e-03 1.559582075673106999e-03 0.000000000000000000e+00 4.579800170541306094e-03 0.000000000000000000e+00 0.000000000000000000e+00 0.000000000000000000e+00 0.000000000000000000e+00 3.064886851098189168e-04 3.419313636358294181e-04 3.126512590951739928e-03 4.332813466998920032e-03 0.000000000000000000e+00 0.000000000000000000e+00 1.000021774264171033e-03 0.000000000000000000e+00
3.917514599843048041e-03 0.000000000000000000e+00 1.021151992153000038e-03 3.052947744790806151e-03 7.022264645011609728e-04 1.871463006979777076e-03 3.077803698191776145e-03 4.718330816962690820e-03 3.166492869197597929e-03 3.170985678567393110e-03 0.000000000000000000e+00 8.490240586520863154e-04 0.000000000000000000e+00 0.000000000000000000e+00 0.000000000000000000e+00 2.955959736399899149e-03 2.571372159373645078e-03 5.165275365977359273e-05 0.000000000000000000e+00 0.000000000000000000e+00 0.000000000000000000e+00 2.089641303896971111e-03 3.308216480567728081e-03 0.000000000000000000e+00 0.000000000000000000e+00
1.898197208542969962e-04 7.087173286750992739e-04 1.908471050336384926e-03 1.131050753152601917e-05 6.848988505638149650e-05 3.156031835999043977e-03 0.000000000000000000e+00 1.201465756358890101e-03 0.000000000000000000e+00 0.000000000000000000e+00 9.947745443781496819e-04 3.928944230177581175e-03 0.000000000000000000e+00 4.721928682725039933e-03 2.599031067390713146e-03 0.000000000000000000e+00 5.710528945860531913e-04 7.226877151143970210e-04 0.000000000000000000e+00 7.815576898778541686e-04 4.695941967326089372e-03 1.568941727178601968e-03 0.000000000000000000e+00 0.000000000000000000e+00 0.000000000000000000e+00
0.000000000000000000e+00 0.000000000000000000e+00 2.265006907079247182e-03 0.000000000000000000e+00 0.000000000000000000e+00 3.995158680250934097e-03 7.720414703579255716e-04 1.886251790652531107e-03 1.064612139965088935e-03 2.319442902954094859e-03 8.783038169594515688e-04 2.719957750593816111e-03 4.003174995957730319e-03 1.840505816502724899e-03 0.000000000000000000e+00 2.068303121252587900e-03 1.424252359443512047e-03 0.000000000000000000e+00 0.000000000000000000e+00 0.000000000000000000e+00 3.553945621345107071e-03 1.947339070337146018e-03 6.984252722114919765e-04 0.000000000000000000e+00 3.769798856124201031e-03
0.000000000000000000e+00 0.000000000000000000e+00 0.000000000000000000e+00 3.245727991328830990e-03 0.000000000000000000e+00 0.000000000000000000e+00 2.193670283601616144e-03 1.746299115909508972e-03 3.798648015476168913e-03 0.000000000000000000e+00 4.462663120155294962e-03 2.059952970939915150e-03 0.000000000000000000e+00 2.841692547909435750e-04 3.571888878558149901e-03 0.000000000000000000e+00 0.000000000000000000e+00 6.765799138346468037e-04 0.000000000000000000e+00 2.552445188810396979e-03 4.213299768211032324e-03 0.000000000000000000e+00 0.000000000000000000e+00 3.899678599977023964e-03 3.904330552417136033e-03
0.000000000000000000e+00 0.000000000000000000e+00 0.000000000000000000e+00 2.307503874751125079e-03 0.000000000000000000e+00 3.737254873312343198e-03 0.000000000000000000e+00 3.389255917359541934e-03 1.890594350976282107e-03 2.495122010531630914e-03 0.000000000000000000e+00 0.000000000000000000e+00 3.774119817653165268e-04 0.000000000000000000e+00 0.000000000000000000e+00 0.000000000000000000e+00 2.052513856370266968e-03 4.446957428684694159e-03 0.000000000000000000e+00 0.000000000000000000e+00 0.000000000000000000e+00 0.000000000000000000e+00 0.000000000000000000e+00 0.000000000000000000e+00 0.000000000000000000e+00
0.000000000000000000e+00 1.404994928772354963e-05 0.000000000000000000e+00 0.000000000000000000e+00 0.000000000000000000e+00 4.231801663033962248e-03 0.000000000000000000e+00 0.000000000000000000e+00 0.000000000000000000e+00 0.000000000000000000e+00 9.313038987316680497e-04 0.000000000000000000e+00 4.624096370532301305e-03 4.680766367416306847e-03 2.395975342048556854e-03 0.000000000000000000e+00 0.000000000000000000e+00 0.000000000000000000e+00 4.176564877034901965e-03 2.570244921937153097e-03 2.230698228852653116e-03 0.000000000000000000e+00 0.000000000000000000e+00 0.000000000000000000e+00 0.000000000000000000e+00
