# File created on Fri May 17 15:42:06 2024
# The following metaparameters were used for this matrix optimization : gamma0 = 0.5; alpha0 = 0; sigma0 = 0.25; l0 = 1;p = 1; R0 = 1; S0 = 0.05; NR = 25; NS = 25; matrix path = matrices/Nr25_Nc25/consumption/RandTrix_Nr25_Nc25_Nest0.55_Conn0.3344.txt; convergence threshold = 1e-08
0.000000000000000e+00 0.000000000000000e+00 8.872031086914054e-04 0.000000000000000e+00 0.000000000000000e+00 2.316490147447456e-03 0.000000000000000e+00 4.298477641395157e-03 4.273915392291824e-03 3.926338420975577e-03 1.024524743235433e-03 2.799874570573206e-03 0.000000000000000e+00 0.000000000000000e+00 0.000000000000000e+00 0.000000000000000e+00 0.000000000000000e+00 1.182497392351713e-03 0.000000000000000e+00 2.484863249776206e-03 2.381604096539562e-03 1.215690217565169e-03 0.000000000000000e+00 0.000000000000000e+00 4.017544615817860e-03 
0.000000000000000e+00 0.000000000000000e+00 0.000000000000000e+00 8.623696609107428e-04 0.000000000000000e+00 0.000000000000000e+00 1.684145892189799e-03 3.198557604378626e-04 2.449336231669787e-03 0.000000000000000e+00 2.457844233003631e-03 0.000000000000000e+00 4.775149452983840e-03 3.894997866163322e-03 2.473336100530739e-03 0.000000000000000e+00 0.000000000000000e+00 4.135984317733204e-03 2.758398666394535e-03 4.061449302926643e-03 0.000000000000000e+00 0.000000000000000e+00 5.451931970408173e-04 0.000000000000000e+00 4.380341856488368e-04 
0.000000000000000e+00 1.480887661942091e-03 0.000000000000000e+00 0.000000000000000e+00 2.034507337627711e-03 3.091675427762107e-03 0.000000000000000e+00 4.821822010227158e-03 4.597562534395495e-03 4.744880189534131e-03 4.911380517004220e-03 0.000000000000000e+00 0.000000000000000e+00 0.000000000000000e+00 3.918835854887029e-03 3.598109281678870e-03 1.311492920886607e-03 1.816598319136187e-03 2.693797944703104e-03 4.667355641057828e-03 0.000000000000000e+00 0.000000000000000e+00 1.889186042841439e-03 1.048674511163966e-03 0.000000000000000e+00 
4.060348331514443e-04 4.039002973829514e-03 0.000000000000000e+00 0.000000000000000e+00 3.470414636552085e-03 0.000000000000000e+00 0.000000000000000e+00 4.006537194458143e-03 4.940868018895901e-03 3.463961838289999e-03 2.804534950795684e-03 4.456084309574577e-03 1.417459729550777e-03 0.000000000000000e+00 0.000000000000000e+00 0.000000000000000e+00 0.000000000000000e+00 4.869659493062802e-04 0.000000000000000e+00 0.000000000000000e+00 2.479450916903522e-03 1.204706747258646e-03 1.777310371809434e-03 0.000000000000000e+00 2.489953125560676e-03 
3.234156800245910e-03 0.000000000000000e+00 3.458705120482415e-03 0.000000000000000e+00 0.000000000000000e+00 1.527159041356173e-03 0.000000000000000e+00 0.000000000000000e+00 0.000000000000000e+00 3.543955948568610e-03 4.308902170528110e-03 0.000000000000000e+00 0.000000000000000e+00 3.397405758652654e-03 0.000000000000000e+00 3.748734007097684e-03 0.000000000000000e+00 0.000000000000000e+00 3.808997203864596e-03 9.437285396725472e-04 4.297478966788638e-03 2.346166656784514e-03 0.000000000000000e+00 0.000000000000000e+00 0.000000000000000e+00 
9.297041666208295e-05 1.576640513232544e-03 0.000000000000000e+00 0.000000000000000e+00 4.070515715233229e-03 1.358768939880987e-03 0.000000000000000e+00 0.000000000000000e+00 0.000000000000000e+00 0.000000000000000e+00 0.000000000000000e+00 0.000000000000000e+00 4.857642764648614e-03 3.297995629987959e-03 0.000000000000000e+00 0.000000000000000e+00 0.000000000000000e+00 2.889288455866452e-03 0.000000000000000e+00 4.032454224776043e-03 4.392719020289134e-03 2.016839819661748e-03 2.731221063959700e-03 0.000000000000000e+00 0.000000000000000e+00 
0.000000000000000e+00 0.000000000000000e+00 1.413827609065796e-03 5.088630944494306e-04 0.000000000000000e+00 0.000000000000000e+00 0.000000000000000e+00 0.000000000000000e+00 0.000000000000000e+00 0.000000000000000e+00 1.912986797284094e-03 0.000000000000000e+00 0.000000000000000e+00 0.000000000000000e+00 0.000000000000000e+00 4.282351824535841e-03 0.000000000000000e+00 0.000000000000000e+00 3.178575562536175e-03 0.000000000000000e+00 2.689809211597658e-04 3.807892450008479e-03 1.848005134186062e-03 0.000000000000000e+00 0.000000000000000e+00 
0.000000000000000e+00 1.340734013683446e-03 2.063827952661857e-03 2.936907517692596e-03 0.000000000000000e+00 3.688843588684863e-04 0.000000000000000e+00 0.000000000000000e+00 2.966456641146946e-03 0.000000000000000e+00 1.948770890431721e-03 2.602138474329701e-04 0.000000000000000e+00 3.885619044216102e-03 1.211064040891632e-03 0.000000000000000e+00 0.000000000000000e+00 4.329044386897237e-03 2.369188196384052e-03 4.363963674491354e-03 0.000000000000000e+00 0.000000000000000e+00 0.000000000000000e+00 0.000000000000000e+00 0.000000000000000e+00 
4.791574779706419e-03 0.000000000000000e+00 3.440504220016977e-03 0.000000000000000e+00 3.087249768904212e-03 0.000000000000000e+00 0.000000000000000e+00 5.226181741852515e-04 0.000000000000000e+00 0.000000000000000e+00 0.000000000000000e+00 0.000000000000000e+00 1.155814955597244e-03 0.000000000000000e+00 0.000000000000000e+00 0.000000000000000e+00 0.000000000000000e+00 3.159863778381646e-03 0.000000000000000e+00 0.000000000000000e+00 0.000000000000000e+00 4.109156966663961e-03 1.726536967030754e-03 5.527793335388779e-04 2.692276136401574e-03 
0.000000000000000e+00 5.387319254395280e-05 2.043302423151397e-03 0.000000000000000e+00 0.000000000000000e+00 0.000000000000000e+00 0.000000000000000e+00 2.707628398985389e-03 4.033557552777282e-03 4.146023369556719e-03 0.000000000000000e+00 3.390917999666927e-03 1.259200230688518e-03 0.000000000000000e+00 4.505968703792091e-03 0.000000000000000e+00 0.000000000000000e+00 4.806705306816577e-03 0.000000000000000e+00 1.052901265214609e-05 0.000000000000000e+00 3.864036898849810e-03 1.551448497588521e-03 3.355557087573513e-03 0.000000000000000e+00 
0.000000000000000e+00 4.503810413074380e-03 9.577124582050467e-04 0.000000000000000e+00 0.000000000000000e+00 0.000000000000000e+00 0.000000000000000e+00 0.000000000000000e+00 0.000000000000000e+00 0.000000000000000e+00 3.375158216041340e-03 0.000000000000000e+00 0.000000000000000e+00 2.749966664380762e-03 3.781281187511028e-03 0.000000000000000e+00 4.829547003970875e-03 0.000000000000000e+00 0.000000000000000e+00 4.896219530728084e-03 0.000000000000000e+00 4.638674860825388e-03 0.000000000000000e+00 0.000000000000000e+00 1.700871048204180e-03 
2.807476932470718e-03 0.000000000000000e+00 1.538353668623290e-03 0.000000000000000e+00 9.290223487253253e-04 2.228369287182480e-03 1.827589879133317e-03 0.000000000000000e+00 5.760655561835205e-04 0.000000000000000e+00 3.599162360636390e-03 0.000000000000000e+00 4.177208248711309e-03 5.059143459292737e-04 3.387149569718544e-03 4.934151686638657e-03 0.000000000000000e+00 2.317518974127237e-03 2.716499745367519e-03 3.216054764049527e-03 0.000000000000000e+00 3.889248795257176e-03 0.000000000000000e+00 0.000000000000000e+00 0.000000000000000e+00 
1.709867749830069e-03 4.414759120877928e-03 2.093115536860482e-03 7.061739749981008e-04 0.000000000000000e+00 5.730096866349722e-04 0.000000000000000e+00 4.805109509514015e-03 0.000000000000000e+00 2.483603032684369e-04 0.000000000000000e+00 0.000000000000000e+00 3.986347132357048e-03 1.742261398066249e-03 1.481108300731792e-03 0.000000000000000e+00 0.000000000000000e+00 7.658969863959688e-04 0.000000000000000e+00 3.178164657688439e-03 1.747432965987720e-03 1.620953126079551e-03 3.799468074672983e-03 0.000000000000000e+00 0.000000000000000e+00 
1.711825092116277e-03 4.757007741415129e-03 5.144024544416952e-04 2.789820037915156e-03 0.000000000000000e+00 4.460686906128406e-03 1.724918944965902e-03 1.393302388965186e-03 0.000000000000000e+00 1.298316160849983e-03 1.351632522033348e-03 4.899355218162072e-03 0.000000000000000e+00 0.000000000000000e+00 4.353097620861370e-03 0.000000000000000e+00 4.574494536602220e-03 0.000000000000000e+00 8.687045745062836e-04 0.000000000000000e+00 0.000000000000000e+00 0.000000000000000e+00 3.420170853357286e-03 2.977553107332273e-03 0.000000000000000e+00 
0.000000000000000e+00 4.480486741413569e-03 0.000000000000000e+00 0.000000000000000e+00 4.440903873163989e-03 3.159623812660676e-03 4.980745760910989e-03 0.000000000000000e+00 0.000000000000000e+00 0.000000000000000e+00 0.000000000000000e+00 0.000000000000000e+00 2.029364574737897e-03 1.963933178602007e-03 0.000000000000000e+00 2.660426849159809e-03 5.216777019633592e-04 5.028870394155747e-04 0.000000000000000e+00 0.000000000000000e+00 2.525891098667562e-03 4.628646195239041e-04 0.000000000000000e+00 3.614335202097145e-03 1.395334456274256e-03 
8.823706641310396e-04 3.295236512477850e-03 3.849599281412573e-03 8.743526889435908e-04 1.262254096123722e-03 1.602003861745473e-04 1.469395766279931e-04 0.000000000000000e+00 0.000000000000000e+00 0.000000000000000e+00 0.000000000000000e+00 1.350224123515361e-03 4.855800892336302e-03 0.000000000000000e+00 1.862790348795082e-03 6.868665486794220e-05 0.000000000000000e+00 0.000000000000000e+00 0.000000000000000e+00 3.955916660415410e-03 1.180717872602483e-04 1.004917785868716e-03 0.000000000000000e+00 0.000000000000000e+00 2.760178666027245e-03 
0.000000000000000e+00 2.893276890853575e-03 0.000000000000000e+00 0.000000000000000e+00 4.403621211528264e-03 0.000000000000000e+00 0.000000000000000e+00 3.751702022306338e-03 3.350139404187206e-03 7.603912794350277e-04 0.000000000000000e+00 9.442606684091122e-04 2.333275535529723e-03 1.011701584006343e-03 7.485678524575398e-04 4.441743020360193e-03 4.607939985268202e-03 0.000000000000000e+00 0.000000000000000e+00 3.098357157854113e-03 0.000000000000000e+00 0.000000000000000e+00 0.000000000000000e+00 0.000000000000000e+00 3.894677975945653e-04 
3.698443105668221e-03 0.000000000000000e+00 1.457692688955074e-03 0.000000000000000e+00 0.000000000000000e+00 2.865757275489168e-03 0.000000000000000e+00 0.000000000000000e+00 0.000000000000000e+00 1.038876907722905e-03 0.000000000000000e+00 0.000000000000000e+00 3.544278344340942e-03 3.304628892090355e-03 0.000000000000000e+00 4.882678539470003e-06 3.839868605152232e-04 4.109802191792463e-03 1.347128149614029e-03 0.000000000000000e+00 3.905603467078178e-03 3.206498457178130e-03 1.498849241461058e-03 0.000000000000000e+00 0.000000000000000e+00 
4.459335152334018e-03 0.000000000000000e+00 0.000000000000000e+00 0.000000000000000e+00 2.209062974727114e-03 6.552887853647147e-04 2.426296910700488e-03 1.963613715948013e-03 0.000000000000000e+00 0.000000000000000e+00 1.499579961201621e-03 3.055558317510786e-03 1.563783405994849e-03 3.422139376751067e-03 0.000000000000000e+00 0.000000000000000e+00 4.392355470404745e-03 0.000000000000000e+00 4.103677068268309e-03 0.000000000000000e+00 0.000000000000000e+00 0.000000000000000e+00 2.097945692520227e-03 0.000000000000000e+00 0.000000000000000e+00 
0.000000000000000e+00 2.464021768999757e-03 0.000000000000000e+00 1.131903436445410e-04 1.408229117693357e-03 0.000000000000000e+00 6.405524136481179e-04 3.850370115506045e-03 0.000000000000000e+00 2.604027711650631e-03 1.650763144786155e-03 2.992756187434869e-03 0.000000000000000e+00 0.000000000000000e+00 0.000000000000000e+00 1.761338728870381e-03 3.864527206002138e-03 0.000000000000000e+00 0.000000000000000e+00 0.000000000000000e+00 0.000000000000000e+00 0.000000000000000e+00 3.052530140063655e-03 2.484741776504967e-03 0.000000000000000e+00 
0.000000000000000e+00 6.357225963764627e-04 8.029957932281129e-04 0.000000000000000e+00 2.983317515828928e-03 2.319275221893708e-03 3.922314364959652e-03 3.831287455747964e-03 0.000000000000000e+00 0.000000000000000e+00 2.347695451853544e-03 7.435787213703919e-04 3.624829305574026e-03 0.000000000000000e+00 3.614180929654942e-04 0.000000000000000e+00 0.000000000000000e+00 4.334043235669545e-03 0.000000000000000e+00 0.000000000000000e+00 2.138612610772195e-03 0.000000000000000e+00 7.104026118415312e-04 4.458039649537718e-03 8.878311259396151e-04 
1.473426243573289e-03 4.104553556366388e-03 3.254094834032991e-03 0.000000000000000e+00 0.000000000000000e+00 0.000000000000000e+00 4.717345556256366e-03 0.000000000000000e+00 1.380279731368785e-03 3.531232484478877e-03 4.886047745963079e-03 4.386694007799703e-03 3.051686973897933e-03 1.675523832264314e-03 1.435057527632615e-03 0.000000000000000e+00 0.000000000000000e+00 0.000000000000000e+00 4.483210008607525e-03 4.334998505931970e-03 4.157790243867947e-03 0.000000000000000e+00 0.000000000000000e+00 0.000000000000000e+00 1.828626735395683e-03 
0.000000000000000e+00 0.000000000000000e+00 3.244740599708046e-03 0.000000000000000e+00 0.000000000000000e+00 1.907502283034457e-04 3.398162193074344e-03 9.590611417513359e-04 4.762247236150930e-04 2.906516863640668e-03 0.000000000000000e+00 0.000000000000000e+00 6.184823216871274e-04 0.000000000000000e+00 4.898749625801979e-03 1.143071973787932e-03 3.105443882341824e-03 3.338750325351890e-03 2.702514565107311e-03 0.000000000000000e+00 6.519924695310903e-04 2.371239688082594e-04 4.425691030314087e-04 2.798014532733446e-03 0.000000000000000e+00 
4.125911928208024e-03 0.000000000000000e+00 2.601909731720194e-03 0.000000000000000e+00 0.000000000000000e+00 0.000000000000000e+00 3.814034354960170e-03 1.277300065439512e-03 2.693863726220792e-03 0.000000000000000e+00 0.000000000000000e+00 0.000000000000000e+00 0.000000000000000e+00 0.000000000000000e+00 3.510562531802994e-03 4.327260153834970e-03 0.000000000000000e+00 1.932209869899756e-03 4.183087357130013e-03 1.837169246739703e-04 0.000000000000000e+00 2.344569950696092e-03 0.000000000000000e+00 0.000000000000000e+00 0.000000000000000e+00 
3.235289819770687e-03 8.333128799722112e-04 2.561408052264399e-03 4.436995137306301e-03 3.608979473418079e-03 3.955625369484080e-03 0.000000000000000e+00 2.534859448963792e-03 0.000000000000000e+00 1.691399697440491e-03 1.931652717840155e-04 0.000000000000000e+00 0.000000000000000e+00 0.000000000000000e+00 4.841795671894845e-03 0.000000000000000e+00 1.879720180795010e-03 0.000000000000000e+00 0.000000000000000e+00 0.000000000000000e+00 4.532771301678817e-03 3.038800616129141e-03 2.123893871437707e-03 1.258400069889130e-03 0.000000000000000e+00 