# # File created on Tue Apr 30 03:27:43 2024
#  # The following metaparameters were used for this matrix optimization : gamma0 = 0.5; alpha0 = 0; sigma0 = 0.25; l0 = 1;p = 1; R0 = 1; S0 = 0.05; NR = 25; NS = 25; matrix path = matrices/Nr25_Nc25/consumption/RandTrix_Nr25_Nc25_Nest0.55_Conn0.4176.txt; convergence threshold = 1e-08
# 
2.115983496300195998e+00 0.000000000000000000e+00 0.000000000000000000e+00 0.000000000000000000e+00 1.280670101906878022e+00 0.000000000000000000e+00 0.000000000000000000e+00 2.162225424139629093e-01 0.000000000000000000e+00 0.000000000000000000e+00 1.264233573323954030e+00 0.000000000000000000e+00 0.000000000000000000e+00 0.000000000000000000e+00 0.000000000000000000e+00 1.081014577675756927e+00 0.000000000000000000e+00 0.000000000000000000e+00 0.000000000000000000e+00 0.000000000000000000e+00 0.000000000000000000e+00 7.791562058443325667e-02 0.000000000000000000e+00 4.999722525930553885e-01 0.000000000000000000e+00
8.206339296899080038e-01 0.000000000000000000e+00 7.465502516237025876e-01 9.446782184393509585e-02 6.027383518020087427e-01 0.000000000000000000e+00 1.148323073524031956e+00 0.000000000000000000e+00 9.720865936671660990e-01 0.000000000000000000e+00 0.000000000000000000e+00 6.154827292674481809e-01 0.000000000000000000e+00 0.000000000000000000e+00 6.462710227353392067e-01 0.000000000000000000e+00 0.000000000000000000e+00 8.740063622858772474e-01 1.646401288903026061e-01 2.395759606482470994e-01 8.525642546450939996e-01 0.000000000000000000e+00 0.000000000000000000e+00 0.000000000000000000e+00 9.205714261126951570e-01
4.478549673658910879e-01 1.622941285825882929e+00 0.000000000000000000e+00 1.454953081687049066e+00 0.000000000000000000e+00 0.000000000000000000e+00 0.000000000000000000e+00 9.935705213809292724e-01 0.000000000000000000e+00 0.000000000000000000e+00 0.000000000000000000e+00 0.000000000000000000e+00 0.000000000000000000e+00 0.000000000000000000e+00 9.191236990351914216e-01 1.115965719453690941e-01 0.000000000000000000e+00 0.000000000000000000e+00 0.000000000000000000e+00 0.000000000000000000e+00 0.000000000000000000e+00 4.004905307363130218e-01 0.000000000000000000e+00 0.000000000000000000e+00 0.000000000000000000e+00
0.000000000000000000e+00 0.000000000000000000e+00 3.395758284654147863e-01 0.000000000000000000e+00 0.000000000000000000e+00 7.164747230235781750e-01 7.145600722669919191e-01 0.000000000000000000e+00 1.250365425685004084e+00 3.120283129071747125e-02 0.000000000000000000e+00 2.000998732036760042e-01 1.299429104176013094e+00 0.000000000000000000e+00 4.613008603798027796e-01 0.000000000000000000e+00 0.000000000000000000e+00 0.000000000000000000e+00 1.395041354443435022e+00 0.000000000000000000e+00 1.074529594804900068e+00 0.000000000000000000e+00 0.000000000000000000e+00 0.000000000000000000e+00 1.733729463377472024e+00
4.972073617578989246e-01 0.000000000000000000e+00 1.163815900954074944e+00 0.000000000000000000e+00 8.685317608891987007e-01 0.000000000000000000e+00 1.315339053014603077e-01 0.000000000000000000e+00 3.571521263699762860e-01 0.000000000000000000e+00 4.847066350854795092e-01 2.276025979795330001e-01 0.000000000000000000e+00 0.000000000000000000e+00 2.482879482788137027e-01 1.157010804754925015e+00 7.746655563145941059e-01 0.000000000000000000e+00 0.000000000000000000e+00 0.000000000000000000e+00 0.000000000000000000e+00 0.000000000000000000e+00 0.000000000000000000e+00 0.000000000000000000e+00 0.000000000000000000e+00
9.188629618756631867e-01 0.000000000000000000e+00 1.369663110025538977e+00 0.000000000000000000e+00 0.000000000000000000e+00 1.596628412194857072e-01 0.000000000000000000e+00 1.066266877486736098e+00 0.000000000000000000e+00 9.601320116651970160e-01 0.000000000000000000e+00 0.000000000000000000e+00 0.000000000000000000e+00 0.000000000000000000e+00 1.197298689057036958e-01 6.990460693692577276e-01 0.000000000000000000e+00 0.000000000000000000e+00 0.000000000000000000e+00 0.000000000000000000e+00 6.051926994082484912e-01 0.000000000000000000e+00 0.000000000000000000e+00 0.000000000000000000e+00 6.834080758109368769e-01
0.000000000000000000e+00 5.748097416713943142e-01 0.000000000000000000e+00 1.707316329457233106e+00 0.000000000000000000e+00 1.661511123864299000e+00 0.000000000000000000e+00 6.129208659100249257e-01 0.000000000000000000e+00 0.000000000000000000e+00 0.000000000000000000e+00 0.000000000000000000e+00 0.000000000000000000e+00 0.000000000000000000e+00 6.872396328753201944e-01 0.000000000000000000e+00 0.000000000000000000e+00 0.000000000000000000e+00 0.000000000000000000e+00 0.000000000000000000e+00 7.826954495688867031e-01 0.000000000000000000e+00 0.000000000000000000e+00 0.000000000000000000e+00 0.000000000000000000e+00
1.175163316323400986e+00 0.000000000000000000e+00 0.000000000000000000e+00 0.000000000000000000e+00 1.198067808405306911e+00 0.000000000000000000e+00 0.000000000000000000e+00 0.000000000000000000e+00 0.000000000000000000e+00 0.000000000000000000e+00 0.000000000000000000e+00 0.000000000000000000e+00 0.000000000000000000e+00 0.000000000000000000e+00 0.000000000000000000e+00 9.676928983807312479e-01 9.785667482392799155e-01 1.123587004469877915e+00 5.424643919034251027e-01 7.922973218127388195e-01 0.000000000000000000e+00 0.000000000000000000e+00 5.879137725523390090e-01 0.000000000000000000e+00 0.000000000000000000e+00
0.000000000000000000e+00 0.000000000000000000e+00 1.637147832238498912e+00 0.000000000000000000e+00 0.000000000000000000e+00 0.000000000000000000e+00 4.272862415644336775e-01 0.000000000000000000e+00 5.148199364704552083e-01 0.000000000000000000e+00 1.528023778890809981e+00 5.401117468843071867e-01 1.202476692432840943e+00 0.000000000000000000e+00 0.000000000000000000e+00 0.000000000000000000e+00 0.000000000000000000e+00 0.000000000000000000e+00 0.000000000000000000e+00 0.000000000000000000e+00 0.000000000000000000e+00 0.000000000000000000e+00 0.000000000000000000e+00 2.722810834749875841e-01 0.000000000000000000e+00
5.745997333940640051e-01 0.000000000000000000e+00 0.000000000000000000e+00 6.453472879727671918e-01 6.410320860335790849e-01 0.000000000000000000e+00 0.000000000000000000e+00 0.000000000000000000e+00 0.000000000000000000e+00 0.000000000000000000e+00 0.000000000000000000e+00 0.000000000000000000e+00 0.000000000000000000e+00 0.000000000000000000e+00 0.000000000000000000e+00 9.324363848764372076e-01 4.995506557567440109e-01 0.000000000000000000e+00 5.465431010810215678e-02 6.405210902707885179e-01 0.000000000000000000e+00 1.543204860788358890e-01 3.116371930690294834e-01 0.000000000000000000e+00 0.000000000000000000e+00
0.000000000000000000e+00 9.407850937357941090e-01 7.622049372614425611e-02 0.000000000000000000e+00 0.000000000000000000e+00 0.000000000000000000e+00 3.093831531838270865e-01 3.945917348907586053e-01 2.860126144301535778e-01 9.802426175931941987e-01 0.000000000000000000e+00 0.000000000000000000e+00 4.626016433191924015e-01 0.000000000000000000e+00 0.000000000000000000e+00 0.000000000000000000e+00 1.195429921962515019e-01 5.226090520834764108e-01 0.000000000000000000e+00 0.000000000000000000e+00 4.544550887329786848e-01 0.000000000000000000e+00 1.122283380396841945e+00 0.000000000000000000e+00 0.000000000000000000e+00
0.000000000000000000e+00 1.096504275921369009e+00 2.511927020211078831e-01 1.154665535779727970e+00 1.661182765037463871e-01 4.639188533093210887e-01 0.000000000000000000e+00 0.000000000000000000e+00 0.000000000000000000e+00 0.000000000000000000e+00 0.000000000000000000e+00 0.000000000000000000e+00 0.000000000000000000e+00 0.000000000000000000e+00 1.078933044542979891e+00 0.000000000000000000e+00 0.000000000000000000e+00 0.000000000000000000e+00 0.000000000000000000e+00 1.083187779200285028e-01 1.494967160337999090e-01 0.000000000000000000e+00 0.000000000000000000e+00 0.000000000000000000e+00 0.000000000000000000e+00
0.000000000000000000e+00 3.356673544699332878e-01 1.039962636305731963e-01 3.194975409760751894e-01 0.000000000000000000e+00 7.853477712358646334e-01 1.242482772861785101e+00 0.000000000000000000e+00 3.536639671450043931e-02 1.117152582708521996e-01 6.489396213411872116e-01 0.000000000000000000e+00 0.000000000000000000e+00 0.000000000000000000e+00 0.000000000000000000e+00 0.000000000000000000e+00 0.000000000000000000e+00 0.000000000000000000e+00 5.910085320077632653e-01 1.051032027376555961e-01 0.000000000000000000e+00 1.662071367485037088e-01 0.000000000000000000e+00 0.000000000000000000e+00 0.000000000000000000e+00
0.000000000000000000e+00 0.000000000000000000e+00 0.000000000000000000e+00 2.391452964132829984e-01 5.269996537096934830e-01 0.000000000000000000e+00 0.000000000000000000e+00 2.579472111924369093e-01 7.650712966279635818e-01 1.366192653784515931e+00 0.000000000000000000e+00 0.000000000000000000e+00 0.000000000000000000e+00 0.000000000000000000e+00 0.000000000000000000e+00 0.000000000000000000e+00 0.000000000000000000e+00 5.597111677615000946e-01 0.000000000000000000e+00 3.615549212478390007e-01 0.000000000000000000e+00 0.000000000000000000e+00 1.137906768583907935e+00 0.000000000000000000e+00 0.000000000000000000e+00
0.000000000000000000e+00 0.000000000000000000e+00 1.168584827548857952e+00 4.013851190246454093e-01 0.000000000000000000e+00 3.733356071434218992e-01 0.000000000000000000e+00 0.000000000000000000e+00 4.322988088886218772e-01 3.252429164640825987e-01 1.784081094734080997e-01 0.000000000000000000e+00 4.648788649705499765e-01 0.000000000000000000e+00 0.000000000000000000e+00 0.000000000000000000e+00 0.000000000000000000e+00 0.000000000000000000e+00 0.000000000000000000e+00 6.890050188433951561e-01 5.498180568665955725e-01 0.000000000000000000e+00 0.000000000000000000e+00 0.000000000000000000e+00 1.766124530936732939e-01
6.914950181163788123e-01 0.000000000000000000e+00 0.000000000000000000e+00 0.000000000000000000e+00 0.000000000000000000e+00 0.000000000000000000e+00 1.850805145501080995e-01 0.000000000000000000e+00 0.000000000000000000e+00 5.986857336398683227e-01 0.000000000000000000e+00 2.209028640268451971e-01 2.126742229385326088e-01 0.000000000000000000e+00 0.000000000000000000e+00 0.000000000000000000e+00 0.000000000000000000e+00 0.000000000000000000e+00 9.051007205371699449e-01 3.657250631620560799e-02 2.781865210788018739e-01 0.000000000000000000e+00 0.000000000000000000e+00 4.862404355889773933e-01 1.826854733384080109e+00
0.000000000000000000e+00 0.000000000000000000e+00 1.238051589331609081e+00 5.901560509192994852e-02 0.000000000000000000e+00 0.000000000000000000e+00 4.258588498362826935e-01 6.906004357962898244e-01 8.778083476522281769e-02 0.000000000000000000e+00 0.000000000000000000e+00 0.000000000000000000e+00 0.000000000000000000e+00 6.189027846992110060e-01 0.000000000000000000e+00 0.000000000000000000e+00 0.000000000000000000e+00 2.757443280738146041e-01 0.000000000000000000e+00 0.000000000000000000e+00 0.000000000000000000e+00 8.530076931770527726e-02 0.000000000000000000e+00 0.000000000000000000e+00 0.000000000000000000e+00
0.000000000000000000e+00 4.657201243055114070e-01 6.468029205869603171e-01 1.703783792515936035e+00 0.000000000000000000e+00 0.000000000000000000e+00 4.175280409435578877e-01 0.000000000000000000e+00 2.995551544218795770e-01 0.000000000000000000e+00 0.000000000000000000e+00 0.000000000000000000e+00 0.000000000000000000e+00 0.000000000000000000e+00 2.707547260528788899e-02 0.000000000000000000e+00 0.000000000000000000e+00 0.000000000000000000e+00 0.000000000000000000e+00 0.000000000000000000e+00 0.000000000000000000e+00 7.303058371547878347e-02 0.000000000000000000e+00 4.580976391295101258e-01 0.000000000000000000e+00
5.990780584260932962e-01 9.498794961851829699e-01 0.000000000000000000e+00 0.000000000000000000e+00 0.000000000000000000e+00 0.000000000000000000e+00 5.454793932566597281e-01 0.000000000000000000e+00 7.389514543790796086e-01 0.000000000000000000e+00 0.000000000000000000e+00 0.000000000000000000e+00 0.000000000000000000e+00 0.000000000000000000e+00 0.000000000000000000e+00 0.000000000000000000e+00 0.000000000000000000e+00 0.000000000000000000e+00 5.606364529337078961e-01 0.000000000000000000e+00 0.000000000000000000e+00 0.000000000000000000e+00 0.000000000000000000e+00 0.000000000000000000e+00 0.000000000000000000e+00
0.000000000000000000e+00 0.000000000000000000e+00 0.000000000000000000e+00 0.000000000000000000e+00 0.000000000000000000e+00 1.461156621470824035e+00 0.000000000000000000e+00 0.000000000000000000e+00 0.000000000000000000e+00 0.000000000000000000e+00 7.824605445820086436e-01 0.000000000000000000e+00 5.861025445318522875e-01 9.663470103918916365e-01 0.000000000000000000e+00 0.000000000000000000e+00 0.000000000000000000e+00 0.000000000000000000e+00 5.287718089776510116e-02 0.000000000000000000e+00 0.000000000000000000e+00 0.000000000000000000e+00 0.000000000000000000e+00 0.000000000000000000e+00 0.000000000000000000e+00
0.000000000000000000e+00 0.000000000000000000e+00 0.000000000000000000e+00 1.232687858751432053e+00 0.000000000000000000e+00 0.000000000000000000e+00 6.434780587495809723e-01 0.000000000000000000e+00 0.000000000000000000e+00 0.000000000000000000e+00 0.000000000000000000e+00 0.000000000000000000e+00 0.000000000000000000e+00 0.000000000000000000e+00 0.000000000000000000e+00 4.435737313523944736e-01 0.000000000000000000e+00 0.000000000000000000e+00 0.000000000000000000e+00 0.000000000000000000e+00 6.834001336450862274e-01 0.000000000000000000e+00 0.000000000000000000e+00 0.000000000000000000e+00 0.000000000000000000e+00
0.000000000000000000e+00 3.109246410135427241e-01 0.000000000000000000e+00 0.000000000000000000e+00 2.057443094571287934e-01 4.576203855761916128e-01 3.852442550811190913e-01 1.601661854608068980e+00 0.000000000000000000e+00 0.000000000000000000e+00 0.000000000000000000e+00 1.117707768868304030e-01 0.000000000000000000e+00 0.000000000000000000e+00 0.000000000000000000e+00 0.000000000000000000e+00 0.000000000000000000e+00 0.000000000000000000e+00 0.000000000000000000e+00 0.000000000000000000e+00 0.000000000000000000e+00 4.563920824562331946e-01 0.000000000000000000e+00 2.883530544229510051e-01 0.000000000000000000e+00
0.000000000000000000e+00 8.532561050112309475e-01 0.000000000000000000e+00 1.325825792873799869e-01 0.000000000000000000e+00 0.000000000000000000e+00 0.000000000000000000e+00 3.443911254554430923e-01 0.000000000000000000e+00 0.000000000000000000e+00 0.000000000000000000e+00 0.000000000000000000e+00 0.000000000000000000e+00 0.000000000000000000e+00 0.000000000000000000e+00 0.000000000000000000e+00 3.578841080802533936e-01 0.000000000000000000e+00 0.000000000000000000e+00 0.000000000000000000e+00 0.000000000000000000e+00 7.337922936556401377e-01 0.000000000000000000e+00 0.000000000000000000e+00 0.000000000000000000e+00
0.000000000000000000e+00 0.000000000000000000e+00 0.000000000000000000e+00 0.000000000000000000e+00 5.025590862997242336e-01 0.000000000000000000e+00 0.000000000000000000e+00 0.000000000000000000e+00 0.000000000000000000e+00 3.897027037655135251e-01 0.000000000000000000e+00 0.000000000000000000e+00 0.000000000000000000e+00 0.000000000000000000e+00 0.000000000000000000e+00 0.000000000000000000e+00 0.000000000000000000e+00 0.000000000000000000e+00 0.000000000000000000e+00 0.000000000000000000e+00 4.605939349912190894e-01 3.380569327701938853e-01 0.000000000000000000e+00 1.401224702965671032e-01 0.000000000000000000e+00
4.856438491021928816e-01 0.000000000000000000e+00 0.000000000000000000e+00 0.000000000000000000e+00 0.000000000000000000e+00 6.539587090592468011e-01 0.000000000000000000e+00 2.094874580583307166e-02 0.000000000000000000e+00 0.000000000000000000e+00 0.000000000000000000e+00 0.000000000000000000e+00 0.000000000000000000e+00 0.000000000000000000e+00 0.000000000000000000e+00 1.285474274699857089e-01 0.000000000000000000e+00 0.000000000000000000e+00 0.000000000000000000e+00 0.000000000000000000e+00 0.000000000000000000e+00 0.000000000000000000e+00 0.000000000000000000e+00 0.000000000000000000e+00 0.000000000000000000e+00
