# File created on Fri May 17 15:42:00 2024
# The following metaparameters were used for this matrix optimization : gamma0 = 0.5; alpha0 = 0; sigma0 = 0.25; l0 = 1;p = 1; R0 = 1; S0 = 0.05; NR = 25; NS = 25; matrix path = matrices/Nr25_Nc25/consumption/RandTrix_Nr25_Nc25_Nest0.6_Conn0.3712.txt; convergence threshold = 1e-08
2.498087984977619e-03 2.248356758061074e-04 0.000000000000000e+00 3.682529501702738e-03 0.000000000000000e+00 3.490553029117520e-03 0.000000000000000e+00 3.703212167950412e-03 0.000000000000000e+00 0.000000000000000e+00 0.000000000000000e+00 0.000000000000000e+00 0.000000000000000e+00 0.000000000000000e+00 3.918662724354449e-04 0.000000000000000e+00 0.000000000000000e+00 0.000000000000000e+00 1.810330695605739e-03 2.771895527346186e-03 0.000000000000000e+00 4.241619106860548e-03 2.281591358829936e-03 0.000000000000000e+00 0.000000000000000e+00 
0.000000000000000e+00 0.000000000000000e+00 0.000000000000000e+00 4.560475972913538e-03 0.000000000000000e+00 0.000000000000000e+00 1.544393214992543e-04 4.838017829896305e-03 0.000000000000000e+00 0.000000000000000e+00 3.419194900734216e-03 2.557152780196386e-03 3.768189669472622e-03 2.571753554167054e-03 4.032220024382690e-03 5.852802405779816e-05 0.000000000000000e+00 0.000000000000000e+00 0.000000000000000e+00 0.000000000000000e+00 2.943946256036616e-03 0.000000000000000e+00 3.326195875801149e-04 4.221061727962501e-03 4.480944671273521e-03 
0.000000000000000e+00 0.000000000000000e+00 0.000000000000000e+00 4.119993656106322e-03 4.095208267174816e-03 5.822722126567925e-04 0.000000000000000e+00 2.688086121891566e-04 0.000000000000000e+00 1.620363346591876e-03 3.295166764154199e-03 2.749305227143435e-03 4.738021709051312e-03 1.806845723603510e-03 2.901051670206738e-03 0.000000000000000e+00 0.000000000000000e+00 0.000000000000000e+00 0.000000000000000e+00 0.000000000000000e+00 1.813133687605105e-04 1.541636866637440e-03 9.082816841987250e-04 4.640846884941330e-03 0.000000000000000e+00 
0.000000000000000e+00 0.000000000000000e+00 0.000000000000000e+00 1.182585540133857e-03 0.000000000000000e+00 0.000000000000000e+00 0.000000000000000e+00 0.000000000000000e+00 0.000000000000000e+00 0.000000000000000e+00 0.000000000000000e+00 0.000000000000000e+00 8.816782927871486e-04 0.000000000000000e+00 4.149312222020077e-03 0.000000000000000e+00 2.264057273592076e-03 0.000000000000000e+00 0.000000000000000e+00 3.790839946206314e-03 3.672299941226097e-03 3.315780644366237e-03 0.000000000000000e+00 1.066851921275821e-03 0.000000000000000e+00 
0.000000000000000e+00 0.000000000000000e+00 4.777425634229446e-03 0.000000000000000e+00 0.000000000000000e+00 0.000000000000000e+00 7.736486174838559e-04 0.000000000000000e+00 0.000000000000000e+00 1.732384773417976e-03 4.314782576548889e-03 0.000000000000000e+00 3.783685429501671e-03 0.000000000000000e+00 0.000000000000000e+00 0.000000000000000e+00 0.000000000000000e+00 2.968613038426884e-03 0.000000000000000e+00 0.000000000000000e+00 2.563603039082136e-03 0.000000000000000e+00 0.000000000000000e+00 3.164406637051908e-03 4.849309364470659e-03 
9.932411224800115e-04 0.000000000000000e+00 0.000000000000000e+00 0.000000000000000e+00 0.000000000000000e+00 0.000000000000000e+00 0.000000000000000e+00 0.000000000000000e+00 2.190134219895734e-03 2.296168577753657e-04 0.000000000000000e+00 5.276344875209046e-04 0.000000000000000e+00 2.751083315623441e-03 1.812122400744086e-03 2.085818012654737e-03 0.000000000000000e+00 8.905258554385405e-04 2.906871522809774e-03 0.000000000000000e+00 0.000000000000000e+00 0.000000000000000e+00 0.000000000000000e+00 0.000000000000000e+00 0.000000000000000e+00 
4.362074353060115e-03 3.325584389651288e-03 2.923104813616859e-03 0.000000000000000e+00 0.000000000000000e+00 0.000000000000000e+00 0.000000000000000e+00 0.000000000000000e+00 0.000000000000000e+00 0.000000000000000e+00 4.402111771801415e-04 2.013166511644038e-03 1.520209967201964e-03 6.849352853185039e-04 2.086802032790815e-03 0.000000000000000e+00 4.161496449590825e-03 9.334771670447713e-04 0.000000000000000e+00 3.067039848335405e-03 0.000000000000000e+00 4.803379378862138e-03 2.456360244720531e-03 2.174676200075939e-03 3.209412881323821e-03 
0.000000000000000e+00 0.000000000000000e+00 1.524463572342455e-03 0.000000000000000e+00 0.000000000000000e+00 1.002893939100806e-04 2.904216186058068e-03 1.053119894338573e-03 8.398432165232065e-04 3.548233725158494e-03 0.000000000000000e+00 0.000000000000000e+00 1.806264027286142e-03 0.000000000000000e+00 0.000000000000000e+00 0.000000000000000e+00 3.176238779945777e-04 0.000000000000000e+00 0.000000000000000e+00 2.742060332554645e-03 0.000000000000000e+00 0.000000000000000e+00 6.181317392448080e-04 3.683984979965247e-03 3.587248509758634e-03 
0.000000000000000e+00 5.567317544923862e-04 0.000000000000000e+00 2.081087803130157e-05 0.000000000000000e+00 2.934529674612124e-03 1.066636736943665e-03 0.000000000000000e+00 2.857289100262688e-03 1.126892173215802e-03 1.782878147487481e-03 4.999968009807874e-03 4.004847644363170e-03 1.883467244522190e-03 1.884605879145138e-03 0.000000000000000e+00 0.000000000000000e+00 2.004616344364520e-03 0.000000000000000e+00 0.000000000000000e+00 0.000000000000000e+00 0.000000000000000e+00 0.000000000000000e+00 4.750321819072636e-03 0.000000000000000e+00 
1.280757177547112e-03 0.000000000000000e+00 0.000000000000000e+00 0.000000000000000e+00 2.594944414066901e-03 0.000000000000000e+00 4.524983886930376e-03 0.000000000000000e+00 0.000000000000000e+00 0.000000000000000e+00 0.000000000000000e+00 2.625783592498795e-03 2.112961685740785e-03 1.965499159472127e-03 3.797272695277527e-03 2.606912691867056e-03 0.000000000000000e+00 6.139779055833268e-04 1.889560376939917e-03 1.455131834654426e-03 0.000000000000000e+00 4.389929899460497e-03 5.366445473201602e-05 3.241688570106293e-03 0.000000000000000e+00 
0.000000000000000e+00 4.333255475755122e-03 0.000000000000000e+00 4.851864069658846e-03 0.000000000000000e+00 2.933954273029394e-03 2.928644208882695e-03 2.090492804760692e-03 4.408860670996042e-03 0.000000000000000e+00 0.000000000000000e+00 0.000000000000000e+00 0.000000000000000e+00 0.000000000000000e+00 9.871038323145532e-04 4.729712752355835e-03 1.410922597979781e-03 0.000000000000000e+00 0.000000000000000e+00 0.000000000000000e+00 0.000000000000000e+00 4.347599514741363e-03 0.000000000000000e+00 0.000000000000000e+00 0.000000000000000e+00 
0.000000000000000e+00 4.065071805411680e-03 0.000000000000000e+00 0.000000000000000e+00 0.000000000000000e+00 3.988486045563601e-03 3.146776503155212e-03 0.000000000000000e+00 1.548254077960429e-03 9.477208667359364e-04 1.151928186071531e-03 0.000000000000000e+00 0.000000000000000e+00 9.000600974896115e-04 0.000000000000000e+00 4.340244144149298e-03 3.336774344929351e-03 0.000000000000000e+00 0.000000000000000e+00 1.302031500952299e-03 4.930005291264637e-03 1.898016175199784e-03 0.000000000000000e+00 2.889090983491625e-03 0.000000000000000e+00 
4.255990657024723e-03 0.000000000000000e+00 1.039739458773746e-03 2.270713558552021e-03 0.000000000000000e+00 0.000000000000000e+00 0.000000000000000e+00 1.651643292527431e-03 0.000000000000000e+00 0.000000000000000e+00 2.831907753123494e-03 0.000000000000000e+00 0.000000000000000e+00 0.000000000000000e+00 3.656171667168132e-03 4.576849236985537e-03 0.000000000000000e+00 7.874073124564193e-04 2.273248518177601e-04 2.445783970521617e-03 1.866965027260823e-03 0.000000000000000e+00 2.193851428041122e-03 0.000000000000000e+00 0.000000000000000e+00 
2.183677734814776e-04 4.130060168495583e-03 0.000000000000000e+00 0.000000000000000e+00 3.432228765285795e-03 0.000000000000000e+00 4.995999768415445e-03 0.000000000000000e+00 0.000000000000000e+00 4.938739580184639e-05 0.000000000000000e+00 0.000000000000000e+00 0.000000000000000e+00 0.000000000000000e+00 0.000000000000000e+00 0.000000000000000e+00 3.705768613687111e-03 3.018089535803959e-04 4.288642025655378e-03 0.000000000000000e+00 0.000000000000000e+00 4.174985416965830e-03 0.000000000000000e+00 0.000000000000000e+00 0.000000000000000e+00 
2.172924038511174e-03 0.000000000000000e+00 0.000000000000000e+00 0.000000000000000e+00 0.000000000000000e+00 0.000000000000000e+00 3.262598678898327e-03 1.653743267330694e-03 0.000000000000000e+00 0.000000000000000e+00 0.000000000000000e+00 0.000000000000000e+00 0.000000000000000e+00 0.000000000000000e+00 8.114929424550300e-04 1.175405554919517e-03 1.248128598245911e-03 0.000000000000000e+00 1.496553371199113e-03 1.150480275091806e-03 4.478051258971672e-03 4.377843224564850e-03 9.854120450057422e-04 0.000000000000000e+00 0.000000000000000e+00 
0.000000000000000e+00 2.472529390622845e-03 0.000000000000000e+00 3.952270599422018e-03 1.317107557270703e-03 0.000000000000000e+00 3.831075418608809e-03 0.000000000000000e+00 4.924996952005279e-03 0.000000000000000e+00 0.000000000000000e+00 3.701236559871814e-03 2.149752577425075e-05 0.000000000000000e+00 1.306589140808371e-03 3.992301914147320e-03 1.647270941997658e-04 3.395230650186866e-03 4.172597623943028e-03 0.000000000000000e+00 0.000000000000000e+00 0.000000000000000e+00 1.849672012881335e-03 1.782879052460301e-03 1.489945461781366e-03 
0.000000000000000e+00 2.299940149674059e-03 0.000000000000000e+00 0.000000000000000e+00 0.000000000000000e+00 0.000000000000000e+00 1.118602324432422e-03 0.000000000000000e+00 2.088151605837539e-05 0.000000000000000e+00 0.000000000000000e+00 3.087763111367015e-03 0.000000000000000e+00 3.180169443350819e-05 0.000000000000000e+00 7.351744700329163e-05 0.000000000000000e+00 0.000000000000000e+00 0.000000000000000e+00 4.124164405409852e-03 0.000000000000000e+00 0.000000000000000e+00 0.000000000000000e+00 0.000000000000000e+00 4.543589896648610e-03 
4.083018311466282e-03 0.000000000000000e+00 3.169632967210594e-03 4.378713678087625e-03 1.482767090458612e-03 0.000000000000000e+00 0.000000000000000e+00 1.030251850510489e-03 0.000000000000000e+00 3.808453092730756e-03 3.553941585256851e-03 0.000000000000000e+00 0.000000000000000e+00 0.000000000000000e+00 0.000000000000000e+00 0.000000000000000e+00 5.170910143935510e-04 0.000000000000000e+00 4.976163625990554e-03 2.967976403685934e-03 1.691209722370300e-03 0.000000000000000e+00 0.000000000000000e+00 3.722280039719828e-03 0.000000000000000e+00 
4.236468787028061e-03 6.502772824441736e-04 2.490204469440287e-03 0.000000000000000e+00 0.000000000000000e+00 4.237431969786259e-03 0.000000000000000e+00 2.469164749073352e-03 7.151612600507324e-04 0.000000000000000e+00 4.111731683238269e-03 3.688660699119970e-03 4.530413055470854e-03 0.000000000000000e+00 2.546028655128272e-03 1.863959386554962e-03 3.000543074746195e-03 0.000000000000000e+00 1.555409424338458e-03 2.498797813302628e-04 3.249045537411883e-03 0.000000000000000e+00 0.000000000000000e+00 0.000000000000000e+00 2.639974232088655e-03 
0.000000000000000e+00 0.000000000000000e+00 3.561109799972095e-03 0.000000000000000e+00 3.800057661439911e-03 3.842502322738688e-03 0.000000000000000e+00 0.000000000000000e+00 0.000000000000000e+00 0.000000000000000e+00 0.000000000000000e+00 0.000000000000000e+00 3.182562898552602e-03 4.038951389329301e-03 2.165174571864888e-03 0.000000000000000e+00 7.102026628871373e-04 3.976983952383660e-03 3.023655164126710e-03 4.708537043046407e-03 4.719408017470409e-03 1.177966020616083e-03 4.005005140476160e-03 0.000000000000000e+00 0.000000000000000e+00 
3.339931186376462e-03 1.915328617579445e-04 0.000000000000000e+00 0.000000000000000e+00 0.000000000000000e+00 0.000000000000000e+00 6.107692655764665e-04 0.000000000000000e+00 0.000000000000000e+00 0.000000000000000e+00 0.000000000000000e+00 0.000000000000000e+00 4.436502922213726e-03 0.000000000000000e+00 0.000000000000000e+00 1.974269778572594e-03 3.526032613571124e-04 0.000000000000000e+00 0.000000000000000e+00 7.128447138121739e-04 0.000000000000000e+00 0.000000000000000e+00 5.468691270323227e-04 3.281726570688545e-03 0.000000000000000e+00 
0.000000000000000e+00 5.084610846485598e-04 0.000000000000000e+00 0.000000000000000e+00 0.000000000000000e+00 0.000000000000000e+00 0.000000000000000e+00 2.606757599965161e-03 6.763277913481868e-04 4.670102548240178e-03 4.307619576401556e-03 0.000000000000000e+00 5.305197574385488e-04 3.289112255511745e-03 4.281040687012583e-03 0.000000000000000e+00 2.733586666479381e-03 0.000000000000000e+00 0.000000000000000e+00 0.000000000000000e+00 4.824784913815048e-03 0.000000000000000e+00 0.000000000000000e+00 4.787463679882270e-03 4.412000152469576e-03 
0.000000000000000e+00 1.622898332249920e-03 4.196840455566670e-03 3.226554527561565e-03 0.000000000000000e+00 5.784867142095578e-04 0.000000000000000e+00 0.000000000000000e+00 1.833083270709012e-03 0.000000000000000e+00 2.290623413288689e-03 2.951183936944799e-03 0.000000000000000e+00 3.734465064486582e-03 0.000000000000000e+00 1.409528284471453e-03 0.000000000000000e+00 0.000000000000000e+00 0.000000000000000e+00 4.914454841978396e-03 0.000000000000000e+00 0.000000000000000e+00 0.000000000000000e+00 0.000000000000000e+00 0.000000000000000e+00 
0.000000000000000e+00 1.025727957343087e-03 2.867239309962493e-03 4.030943444858376e-03 3.625268000404750e-04 0.000000000000000e+00 3.629681089922016e-05 2.508868636843468e-03 1.682850958628668e-03 0.000000000000000e+00 7.298050339149126e-04 0.000000000000000e+00 0.000000000000000e+00 3.421637793085451e-03 1.468302488375132e-03 0.000000000000000e+00 0.000000000000000e+00 0.000000000000000e+00 3.247197048777415e-03 0.000000000000000e+00 2.322912333434563e-03 0.000000000000000e+00 0.000000000000000e+00 0.000000000000000e+00 3.512206424080616e-03 
1.329494481369389e-03 3.427400997006544e-03 0.000000000000000e+00 0.000000000000000e+00 8.055619378606316e-04 9.652842333760447e-04 3.927255351488468e-03 4.182642070561270e-03 0.000000000000000e+00 4.273628041465504e-03 2.249832363957098e-04 9.954242187421897e-04 1.736112766604760e-03 0.000000000000000e+00 4.720399128501347e-03 3.419963650826579e-03 1.642688316230153e-03 0.000000000000000e+00 0.000000000000000e+00 0.000000000000000e+00 0.000000000000000e+00 0.000000000000000e+00 0.000000000000000e+00 0.000000000000000e+00 0.000000000000000e+00 