# File created on Fri May 17 15:41:57 2024
# The following metaparameters were used for this matrix optimization : gamma0 = 0.5; alpha0 = 0; sigma0 = 0.25; l0 = 1;p = 1; R0 = 1; S0 = 0.05; NR = 25; NS = 25; matrix path = matrices/Nr25_Nc25/consumption/RandTrix_Nr25_Nc25_Nest0.55_Conn0.3024.txt; convergence threshold = 1e-08
0.000000000000000e+00 0.000000000000000e+00 0.000000000000000e+00 2.777183989269152e-03 2.634499542375628e-03 2.967520836112067e-03 0.000000000000000e+00 2.560687443277350e-03 0.000000000000000e+00 4.224110110339266e-03 0.000000000000000e+00 1.732585120103711e-03 0.000000000000000e+00 0.000000000000000e+00 4.045770533209875e-03 2.270069768158365e-03 0.000000000000000e+00 4.259422623698723e-03 2.257106812062205e-03 1.535941590727654e-03 0.000000000000000e+00 0.000000000000000e+00 1.073168130039224e-03 2.448127679537443e-03 4.943592787060385e-03 
0.000000000000000e+00 0.000000000000000e+00 4.524141054974670e-03 0.000000000000000e+00 0.000000000000000e+00 8.328976550196395e-04 0.000000000000000e+00 2.791168965691813e-03 0.000000000000000e+00 0.000000000000000e+00 3.296707319494829e-03 3.185529706496851e-03 2.253484304787156e-03 6.970026310614616e-04 0.000000000000000e+00 0.000000000000000e+00 1.517265332858534e-03 3.704884234845157e-03 9.328508555339537e-04 1.473504246519710e-03 0.000000000000000e+00 2.799566036183403e-03 0.000000000000000e+00 0.000000000000000e+00 0.000000000000000e+00 
0.000000000000000e+00 3.699586801188290e-03 4.014223867668639e-03 4.398899620561058e-03 0.000000000000000e+00 2.412724104071279e-03 3.901326277969081e-03 0.000000000000000e+00 0.000000000000000e+00 0.000000000000000e+00 8.996725009054071e-05 3.221355380485730e-03 0.000000000000000e+00 0.000000000000000e+00 1.568857024505362e-03 0.000000000000000e+00 0.000000000000000e+00 0.000000000000000e+00 0.000000000000000e+00 0.000000000000000e+00 0.000000000000000e+00 0.000000000000000e+00 3.151306562607509e-03 0.000000000000000e+00 0.000000000000000e+00 
0.000000000000000e+00 4.670209044612729e-03 0.000000000000000e+00 0.000000000000000e+00 1.679202920892985e-03 0.000000000000000e+00 1.389649969834189e-03 0.000000000000000e+00 0.000000000000000e+00 3.941688267083825e-03 0.000000000000000e+00 2.600516534011840e-03 0.000000000000000e+00 1.581703889757258e-03 0.000000000000000e+00 1.229892956557441e-03 4.881763085098773e-03 0.000000000000000e+00 0.000000000000000e+00 0.000000000000000e+00 3.499758349094003e-03 0.000000000000000e+00 0.000000000000000e+00 2.100392951660114e-03 0.000000000000000e+00 
2.137222072599181e-03 0.000000000000000e+00 3.734077498122723e-03 4.230186834679467e-03 4.789028412315526e-03 0.000000000000000e+00 0.000000000000000e+00 1.044668990953797e-03 4.108352558316891e-03 1.567109692403869e-03 4.231382200267782e-03 0.000000000000000e+00 1.476369164703701e-03 0.000000000000000e+00 4.366112514264417e-03 0.000000000000000e+00 0.000000000000000e+00 2.580196992099805e-03 0.000000000000000e+00 2.639121870112549e-04 1.846464880327552e-03 7.766041494789614e-04 7.285732515500334e-04 0.000000000000000e+00 4.807319270323682e-03 
3.039326204914262e-03 1.852020242569552e-03 4.721622558384624e-03 4.330251656349178e-03 0.000000000000000e+00 0.000000000000000e+00 0.000000000000000e+00 1.862608847759051e-03 4.358960499322576e-03 0.000000000000000e+00 1.866173198226373e-03 0.000000000000000e+00 0.000000000000000e+00 0.000000000000000e+00 0.000000000000000e+00 1.534058601670668e-03 0.000000000000000e+00 2.811088738115744e-03 0.000000000000000e+00 2.646275573821987e-04 0.000000000000000e+00 0.000000000000000e+00 4.386729097927034e-03 0.000000000000000e+00 4.999883844127941e-03 
2.404744198065587e-03 1.881563468488471e-03 2.562611230765527e-03 2.265350044580262e-03 1.378840034375566e-03 4.407270445499105e-03 2.743191058618268e-03 0.000000000000000e+00 5.203335048174882e-04 1.530387644315321e-03 4.137733048481896e-03 4.606997744772409e-03 0.000000000000000e+00 0.000000000000000e+00 1.565431552198895e-04 7.880653181813509e-04 0.000000000000000e+00 2.456049136137717e-03 0.000000000000000e+00 4.532944276935700e-03 0.000000000000000e+00 0.000000000000000e+00 0.000000000000000e+00 1.548323499684874e-03 4.622494986154239e-03 
4.409039076850386e-03 1.841672495036905e-03 3.036408682892978e-03 0.000000000000000e+00 2.970837255582521e-03 0.000000000000000e+00 1.246721841722638e-03 1.437047533512909e-03 0.000000000000000e+00 4.612125055913125e-04 0.000000000000000e+00 0.000000000000000e+00 0.000000000000000e+00 0.000000000000000e+00 0.000000000000000e+00 0.000000000000000e+00 3.586543927567298e-04 0.000000000000000e+00 0.000000000000000e+00 3.560339584345872e-03 0.000000000000000e+00 3.086018748242796e-03 3.444060265037980e-03 3.467224428727094e-03 0.000000000000000e+00 
0.000000000000000e+00 1.210479680780724e-03 0.000000000000000e+00 4.635327132673853e-04 3.182115908269637e-03 0.000000000000000e+00 0.000000000000000e+00 0.000000000000000e+00 1.089039286805215e-03 3.726774318095855e-03 2.199311146348552e-03 0.000000000000000e+00 3.985328407431288e-03 4.386835076444428e-03 0.000000000000000e+00 0.000000000000000e+00 0.000000000000000e+00 4.429994371307134e-03 0.000000000000000e+00 0.000000000000000e+00 4.922868284423345e-03 3.805480200600866e-03 9.662866193580199e-04 2.783860199813348e-03 4.247570773952040e-03 
0.000000000000000e+00 0.000000000000000e+00 0.000000000000000e+00 0.000000000000000e+00 4.757546599756528e-03 2.864313559243357e-03 0.000000000000000e+00 0.000000000000000e+00 0.000000000000000e+00 0.000000000000000e+00 4.051554456615304e-03 3.236439222092429e-03 3.917928657249348e-05 6.343193339801197e-04 3.880193450387896e-03 4.934844780508834e-03 4.554063934659693e-03 4.367205055360878e-03 2.410686390335408e-03 4.099055317020376e-03 4.651834766543707e-03 3.415489923591119e-03 3.402171707317107e-04 9.247097002574751e-04 3.893656183280174e-05 
8.627079719279022e-04 0.000000000000000e+00 1.479302539325747e-03 8.532947506578757e-04 4.126122539189578e-03 0.000000000000000e+00 0.000000000000000e+00 4.237717982874284e-03 0.000000000000000e+00 0.000000000000000e+00 0.000000000000000e+00 0.000000000000000e+00 0.000000000000000e+00 0.000000000000000e+00 1.316104273727039e-03 2.468024329451642e-03 2.476086159863640e-03 5.013033351306057e-05 0.000000000000000e+00 0.000000000000000e+00 1.347486223071754e-03 0.000000000000000e+00 0.000000000000000e+00 0.000000000000000e+00 0.000000000000000e+00 
0.000000000000000e+00 2.150473770158937e-04 0.000000000000000e+00 0.000000000000000e+00 0.000000000000000e+00 3.244567284289605e-03 2.291431292487031e-03 2.780573758658394e-03 0.000000000000000e+00 4.588684529742070e-03 0.000000000000000e+00 0.000000000000000e+00 0.000000000000000e+00 0.000000000000000e+00 1.732807315376966e-04 2.229698033169122e-03 0.000000000000000e+00 4.574408652887298e-03 0.000000000000000e+00 4.898632805014981e-03 4.968243721940744e-03 0.000000000000000e+00 1.205602625126950e-03 0.000000000000000e+00 0.000000000000000e+00 
3.457158672500070e-03 2.790388686055027e-03 1.140461055291543e-03 0.000000000000000e+00 2.705864307990947e-03 4.063404322162185e-03 0.000000000000000e+00 4.752930397051620e-03 3.957619273059844e-03 0.000000000000000e+00 0.000000000000000e+00 4.310775797225532e-03 0.000000000000000e+00 0.000000000000000e+00 0.000000000000000e+00 4.652197980495058e-03 0.000000000000000e+00 4.558424210541373e-03 0.000000000000000e+00 0.000000000000000e+00 3.840212617918759e-03 0.000000000000000e+00 4.457281511449104e-04 0.000000000000000e+00 0.000000000000000e+00 
2.967453053930128e-03 8.269005938385057e-04 0.000000000000000e+00 0.000000000000000e+00 3.623772112783720e-03 1.366923897429013e-03 0.000000000000000e+00 2.984692281081266e-03 0.000000000000000e+00 3.993062170157845e-04 2.751308066429525e-04 0.000000000000000e+00 0.000000000000000e+00 1.972775174901687e-03 0.000000000000000e+00 9.350517577197435e-04 1.008913000487943e-03 0.000000000000000e+00 0.000000000000000e+00 1.403732704084383e-03 0.000000000000000e+00 0.000000000000000e+00 0.000000000000000e+00 5.340310988774506e-04 1.190199480921131e-03 
4.919007416173248e-03 0.000000000000000e+00 2.272879609768071e-03 0.000000000000000e+00 0.000000000000000e+00 6.753455221207546e-04 0.000000000000000e+00 0.000000000000000e+00 2.432553262264879e-03 0.000000000000000e+00 2.799330755993926e-03 3.141143112538134e-03 0.000000000000000e+00 1.550094951747766e-03 0.000000000000000e+00 0.000000000000000e+00 0.000000000000000e+00 0.000000000000000e+00 0.000000000000000e+00 0.000000000000000e+00 0.000000000000000e+00 0.000000000000000e+00 0.000000000000000e+00 3.589091979088262e-03 3.144978949720530e-03 
0.000000000000000e+00 4.992780898148909e-03 3.923752517561771e-03 0.000000000000000e+00 1.928824782946565e-03 0.000000000000000e+00 1.152856120732899e-03 1.749339492801420e-03 0.000000000000000e+00 2.687677040044990e-03 7.247687678749662e-04 3.736206322318655e-04 2.192797652123930e-04 0.000000000000000e+00 1.113822237341570e-03 0.000000000000000e+00 0.000000000000000e+00 9.260448404673019e-04 0.000000000000000e+00 0.000000000000000e+00 3.485368803623291e-03 4.915310951737705e-04 4.996215202169235e-03 1.854662354985101e-03 0.000000000000000e+00 
1.072156122614803e-03 0.000000000000000e+00 0.000000000000000e+00 0.000000000000000e+00 0.000000000000000e+00 4.563554319981795e-03 1.537371920438743e-03 1.071418218303967e-03 2.123022672332166e-04 3.892902220614794e-03 0.000000000000000e+00 2.025220784113520e-03 0.000000000000000e+00 0.000000000000000e+00 4.700150662674938e-03 1.074971354982008e-03 3.250950236437624e-04 0.000000000000000e+00 0.000000000000000e+00 0.000000000000000e+00 0.000000000000000e+00 3.644892175759187e-03 9.923733998059788e-04 0.000000000000000e+00 3.819819025041019e-03 
1.309671481726995e-03 0.000000000000000e+00 4.501461196008943e-03 2.807672157566870e-04 0.000000000000000e+00 4.222484043509644e-03 6.138303569487728e-04 4.440551195453886e-03 2.854033316041070e-03 4.807097983456305e-03 1.458340839487145e-03 0.000000000000000e+00 0.000000000000000e+00 4.597218759702801e-03 0.000000000000000e+00 0.000000000000000e+00 2.610677185533861e-03 2.327747130647585e-03 2.331470516308405e-03 4.813500057221261e-03 3.163760845327433e-03 0.000000000000000e+00 0.000000000000000e+00 0.000000000000000e+00 0.000000000000000e+00 
0.000000000000000e+00 0.000000000000000e+00 2.237328954596997e-03 0.000000000000000e+00 1.675701329543805e-03 0.000000000000000e+00 2.000406897225029e-03 0.000000000000000e+00 2.139099634470083e-05 2.933546913779966e-03 0.000000000000000e+00 6.176355843843835e-04 1.148803641407212e-03 4.612194583796159e-03 0.000000000000000e+00 0.000000000000000e+00 0.000000000000000e+00 3.615752832870025e-03 0.000000000000000e+00 4.680328464445890e-03 0.000000000000000e+00 3.822340822808453e-03 1.622347237364977e-03 3.554686524331425e-03 0.000000000000000e+00 
3.789287344784808e-03 0.000000000000000e+00 1.692262012118723e-03 0.000000000000000e+00 4.890770590943694e-03 1.531073508431708e-03 2.089973258573625e-05 0.000000000000000e+00 0.000000000000000e+00 4.290060050638093e-03 0.000000000000000e+00 0.000000000000000e+00 2.420140795847462e-04 1.421609850113726e-03 2.954345601593549e-03 4.978955658010220e-03 0.000000000000000e+00 2.300414989735350e-03 0.000000000000000e+00 2.470647162932497e-03 1.781061015987007e-03 2.650703963262813e-03 0.000000000000000e+00 0.000000000000000e+00 0.000000000000000e+00 
0.000000000000000e+00 0.000000000000000e+00 1.506827199905685e-03 0.000000000000000e+00 0.000000000000000e+00 1.802137621623866e-03 0.000000000000000e+00 0.000000000000000e+00 0.000000000000000e+00 2.560053453306251e-03 0.000000000000000e+00 0.000000000000000e+00 2.908856067603924e-03 0.000000000000000e+00 1.376066758474724e-03 0.000000000000000e+00 4.725630834632299e-03 3.992527376797268e-04 3.878738657767177e-03 0.000000000000000e+00 0.000000000000000e+00 0.000000000000000e+00 0.000000000000000e+00 3.482625415539731e-04 0.000000000000000e+00 
3.793578745490386e-03 0.000000000000000e+00 2.050861240336003e-03 0.000000000000000e+00 0.000000000000000e+00 6.249627135321956e-04 7.052643758896975e-04 0.000000000000000e+00 0.000000000000000e+00 4.652899022155442e-03 0.000000000000000e+00 0.000000000000000e+00 0.000000000000000e+00 0.000000000000000e+00 0.000000000000000e+00 1.681403289985476e-03 0.000000000000000e+00 3.230778660188754e-03 0.000000000000000e+00 0.000000000000000e+00 0.000000000000000e+00 4.530485019551869e-03 0.000000000000000e+00 3.758377238695744e-03 0.000000000000000e+00 
3.794875441197084e-03 0.000000000000000e+00 4.675885495698243e-03 3.693707403965741e-03 0.000000000000000e+00 0.000000000000000e+00 0.000000000000000e+00 0.000000000000000e+00 7.940370441423136e-04 2.207114495175212e-03 8.536888192455062e-04 0.000000000000000e+00 0.000000000000000e+00 0.000000000000000e+00 0.000000000000000e+00 4.802063216538743e-03 0.000000000000000e+00 1.232407068704356e-03 1.092286724139268e-03 0.000000000000000e+00 0.000000000000000e+00 0.000000000000000e+00 0.000000000000000e+00 3.450696103366337e-03 0.000000000000000e+00 
4.090066396312272e-03 3.789302980056457e-03 0.000000000000000e+00 2.321782354326863e-03 1.281218808544324e-04 3.338692792248926e-03 0.000000000000000e+00 4.926405293156501e-03 4.450679269673989e-03 0.000000000000000e+00 4.763016059067385e-03 0.000000000000000e+00 0.000000000000000e+00 0.000000000000000e+00 2.342153276829939e-03 0.000000000000000e+00 6.105411295118585e-04 0.000000000000000e+00 0.000000000000000e+00 3.607815823301110e-03 0.000000000000000e+00 4.539826662997014e-03 0.000000000000000e+00 0.000000000000000e+00 0.000000000000000e+00 
0.000000000000000e+00 0.000000000000000e+00 0.000000000000000e+00 0.000000000000000e+00 1.803621854947152e-03 0.000000000000000e+00 0.000000000000000e+00 0.000000000000000e+00 0.000000000000000e+00 0.000000000000000e+00 0.000000000000000e+00 0.000000000000000e+00 3.774709000023829e-03 3.118538145336985e-03 4.266737048194881e-03 4.828396591899829e-03 0.000000000000000e+00 0.000000000000000e+00 4.116020233677987e-03 0.000000000000000e+00 0.000000000000000e+00 0.000000000000000e+00 0.000000000000000e+00 0.000000000000000e+00 0.000000000000000e+00 