# # # File created on Tue Apr 30 08:34:45 2024
#  #  # The following metaparameters were used for this matrix optimization : gamma0 = 0.5; alpha0 = 0; sigma0 = 0.25; l0 = 1;p = 1; R0 = 1; S0 = 0.05; NR = 25; NS = 25; matrix path = matrices/Nr25_Nc25/consumption/RandTrix_Nr25_Nc25_Nest0.35_Conn0.3216.txt; convergence threshold = 1e-08
# 
0.000000000000000000e+00 2.975680870171493742e-01 1.170124218759865942e+00 0.000000000000000000e+00 0.000000000000000000e+00 8.617340292742544650e-01 9.961981853288377486e-01 0.000000000000000000e+00 0.000000000000000000e+00 0.000000000000000000e+00 0.000000000000000000e+00 0.000000000000000000e+00 0.000000000000000000e+00 7.427601147928390990e-01 0.000000000000000000e+00 7.664005100550935756e-01 0.000000000000000000e+00 0.000000000000000000e+00 0.000000000000000000e+00 0.000000000000000000e+00 3.741692851303071166e-01 0.000000000000000000e+00 0.000000000000000000e+00 0.000000000000000000e+00 0.000000000000000000e+00
0.000000000000000000e+00 1.430536482696962985e-01 5.982822931401138300e-01 9.118519467654997435e-01 0.000000000000000000e+00 0.000000000000000000e+00 0.000000000000000000e+00 0.000000000000000000e+00 9.054638066435631849e-01 7.408598467197028414e-01 0.000000000000000000e+00 0.000000000000000000e+00 8.416443931756593111e-01 0.000000000000000000e+00 0.000000000000000000e+00 0.000000000000000000e+00 0.000000000000000000e+00 6.044258613429354110e-01 0.000000000000000000e+00 0.000000000000000000e+00 0.000000000000000000e+00 0.000000000000000000e+00 0.000000000000000000e+00 0.000000000000000000e+00 0.000000000000000000e+00
0.000000000000000000e+00 0.000000000000000000e+00 1.474788396475671115e-01 1.283659083691240044e+00 8.595742114013190660e-01 0.000000000000000000e+00 0.000000000000000000e+00 0.000000000000000000e+00 0.000000000000000000e+00 4.383512151044988842e-02 0.000000000000000000e+00 0.000000000000000000e+00 0.000000000000000000e+00 0.000000000000000000e+00 0.000000000000000000e+00 5.446779760188491526e-01 7.888256998793703456e-01 0.000000000000000000e+00 1.089254192441815983e+00 0.000000000000000000e+00 0.000000000000000000e+00 0.000000000000000000e+00 0.000000000000000000e+00 0.000000000000000000e+00 0.000000000000000000e+00
9.086310742333534307e-01 0.000000000000000000e+00 8.600471126462406746e-01 0.000000000000000000e+00 0.000000000000000000e+00 0.000000000000000000e+00 0.000000000000000000e+00 0.000000000000000000e+00 0.000000000000000000e+00 5.209527312570831903e-01 0.000000000000000000e+00 0.000000000000000000e+00 0.000000000000000000e+00 0.000000000000000000e+00 4.884939137448748858e-01 9.168027652374421965e-01 0.000000000000000000e+00 7.599079025169040991e-01 0.000000000000000000e+00 0.000000000000000000e+00 0.000000000000000000e+00 0.000000000000000000e+00 0.000000000000000000e+00 0.000000000000000000e+00 3.038313452279595150e-01
0.000000000000000000e+00 1.064906007617870909e+00 0.000000000000000000e+00 1.022180642271643070e+00 0.000000000000000000e+00 0.000000000000000000e+00 0.000000000000000000e+00 0.000000000000000000e+00 0.000000000000000000e+00 0.000000000000000000e+00 0.000000000000000000e+00 0.000000000000000000e+00 0.000000000000000000e+00 0.000000000000000000e+00 0.000000000000000000e+00 1.249329797481628021e-02 1.056132879612261100e+00 0.000000000000000000e+00 1.157795894263984104e+00 0.000000000000000000e+00 0.000000000000000000e+00 0.000000000000000000e+00 0.000000000000000000e+00 0.000000000000000000e+00 0.000000000000000000e+00
0.000000000000000000e+00 0.000000000000000000e+00 0.000000000000000000e+00 0.000000000000000000e+00 0.000000000000000000e+00 0.000000000000000000e+00 2.389964709253473985e-01 5.608226305534490530e-01 0.000000000000000000e+00 1.004774172572791002e+00 1.154620998445192032e-01 2.816801618008710206e-01 3.708226169989184973e-01 0.000000000000000000e+00 1.277889440395080012e+00 0.000000000000000000e+00 0.000000000000000000e+00 0.000000000000000000e+00 0.000000000000000000e+00 0.000000000000000000e+00 7.343152200939903063e-01 0.000000000000000000e+00 0.000000000000000000e+00 0.000000000000000000e+00 5.545676933591552338e-01
0.000000000000000000e+00 0.000000000000000000e+00 4.517508814382659166e-01 0.000000000000000000e+00 0.000000000000000000e+00 0.000000000000000000e+00 0.000000000000000000e+00 0.000000000000000000e+00 2.688597233763331817e-01 2.539065497938334248e-01 0.000000000000000000e+00 8.208296737841734858e-01 0.000000000000000000e+00 0.000000000000000000e+00 6.979918139627684370e-01 1.084402115706110947e-02 5.036902473335963526e-01 0.000000000000000000e+00 0.000000000000000000e+00 0.000000000000000000e+00 9.040624660170800686e-01 0.000000000000000000e+00 9.435946499210983163e-01 0.000000000000000000e+00 0.000000000000000000e+00
6.380012269422040694e-01 4.176988975396492831e-01 0.000000000000000000e+00 0.000000000000000000e+00 0.000000000000000000e+00 0.000000000000000000e+00 0.000000000000000000e+00 0.000000000000000000e+00 7.858514496413752104e-01 0.000000000000000000e+00 9.538195995668807825e-02 4.212233571651216035e-01 0.000000000000000000e+00 7.217421301626189001e-01 0.000000000000000000e+00 1.296684651420857981e-01 0.000000000000000000e+00 5.766006095519518038e-01 0.000000000000000000e+00 0.000000000000000000e+00 3.302445513347164741e-01 0.000000000000000000e+00 2.851226508554988159e-02 0.000000000000000000e+00 1.579125022651312917e-03
3.122599139269418012e-01 0.000000000000000000e+00 9.453283526490841027e-01 0.000000000000000000e+00 0.000000000000000000e+00 0.000000000000000000e+00 0.000000000000000000e+00 0.000000000000000000e+00 0.000000000000000000e+00 0.000000000000000000e+00 6.879963894401531777e-01 2.679692278283035134e-01 0.000000000000000000e+00 5.041118778590503169e-01 0.000000000000000000e+00 0.000000000000000000e+00 2.195682351522487974e-01 6.116679570206078331e-01 0.000000000000000000e+00 0.000000000000000000e+00 0.000000000000000000e+00 0.000000000000000000e+00 0.000000000000000000e+00 0.000000000000000000e+00 8.141447531509715674e-02
0.000000000000000000e+00 7.786472579298651109e-01 7.765402371836835904e-01 3.198345430986238025e-01 0.000000000000000000e+00 0.000000000000000000e+00 2.184846580851594888e-01 0.000000000000000000e+00 0.000000000000000000e+00 0.000000000000000000e+00 0.000000000000000000e+00 0.000000000000000000e+00 1.945702100910365051e-01 0.000000000000000000e+00 0.000000000000000000e+00 0.000000000000000000e+00 2.482101969523194812e-03 1.283151374266204015e-01 5.110615271605725707e-02 0.000000000000000000e+00 0.000000000000000000e+00 0.000000000000000000e+00 0.000000000000000000e+00 2.253814336640780069e-01 0.000000000000000000e+00
0.000000000000000000e+00 0.000000000000000000e+00 6.580670184090289254e-01 0.000000000000000000e+00 0.000000000000000000e+00 0.000000000000000000e+00 1.174342903471345068e+00 0.000000000000000000e+00 2.884572885961813049e-01 4.161358718172296078e-01 0.000000000000000000e+00 4.863259580454808995e-01 2.169389602286974084e-01 0.000000000000000000e+00 0.000000000000000000e+00 4.894938530323824089e-01 0.000000000000000000e+00 0.000000000000000000e+00 0.000000000000000000e+00 0.000000000000000000e+00 0.000000000000000000e+00 0.000000000000000000e+00 4.486478325619815966e-01 0.000000000000000000e+00 0.000000000000000000e+00
8.341640819385753858e-01 5.734089338686699788e-01 0.000000000000000000e+00 0.000000000000000000e+00 0.000000000000000000e+00 0.000000000000000000e+00 3.982650461247742024e-01 3.775846135317431074e-01 3.992454777960792733e-01 6.139756492483584571e-01 0.000000000000000000e+00 0.000000000000000000e+00 0.000000000000000000e+00 0.000000000000000000e+00 0.000000000000000000e+00 7.874377913367116566e-01 0.000000000000000000e+00 3.996527457495753777e-01 0.000000000000000000e+00 0.000000000000000000e+00 0.000000000000000000e+00 0.000000000000000000e+00 0.000000000000000000e+00 0.000000000000000000e+00 0.000000000000000000e+00
0.000000000000000000e+00 3.766693257224201230e-01 0.000000000000000000e+00 0.000000000000000000e+00 0.000000000000000000e+00 3.122132730686784097e-01 0.000000000000000000e+00 0.000000000000000000e+00 0.000000000000000000e+00 4.894231525197246802e-01 2.950075791703447026e-01 0.000000000000000000e+00 3.661253356466028785e-01 5.487039647403257892e-01 7.877606420318679081e-01 0.000000000000000000e+00 5.905837765448042559e-04 6.357082236307994849e-01 0.000000000000000000e+00 0.000000000000000000e+00 0.000000000000000000e+00 5.370215144673929908e-01 0.000000000000000000e+00 0.000000000000000000e+00 8.033944367831372113e-02
4.694145031823732106e-01 0.000000000000000000e+00 1.101617884118254037e-01 0.000000000000000000e+00 0.000000000000000000e+00 7.719551664571105976e-01 0.000000000000000000e+00 5.857885955387971688e-02 0.000000000000000000e+00 3.025696395557698759e-01 1.038661858832685969e-01 0.000000000000000000e+00 0.000000000000000000e+00 5.418360349369826245e-01 4.933264143402923962e-01 0.000000000000000000e+00 0.000000000000000000e+00 0.000000000000000000e+00 2.382125337592508052e-01 0.000000000000000000e+00 0.000000000000000000e+00 0.000000000000000000e+00 0.000000000000000000e+00 0.000000000000000000e+00 0.000000000000000000e+00
0.000000000000000000e+00 0.000000000000000000e+00 0.000000000000000000e+00 0.000000000000000000e+00 0.000000000000000000e+00 0.000000000000000000e+00 0.000000000000000000e+00 2.029276056258292049e-01 7.568404855531889464e-01 1.660499991443009082e-01 0.000000000000000000e+00 0.000000000000000000e+00 0.000000000000000000e+00 4.741775727561198250e-01 0.000000000000000000e+00 0.000000000000000000e+00 6.555422265496803069e-01 0.000000000000000000e+00 0.000000000000000000e+00 0.000000000000000000e+00 7.130207502061963742e-01 0.000000000000000000e+00 4.260272592517809209e-01 0.000000000000000000e+00 0.000000000000000000e+00
0.000000000000000000e+00 0.000000000000000000e+00 0.000000000000000000e+00 0.000000000000000000e+00 5.791372779745527222e-01 0.000000000000000000e+00 6.598566859019417974e-01 0.000000000000000000e+00 3.105708412048702183e-01 0.000000000000000000e+00 7.165676597862035146e-01 0.000000000000000000e+00 0.000000000000000000e+00 2.345866628033675960e-01 0.000000000000000000e+00 0.000000000000000000e+00 0.000000000000000000e+00 5.193062515019010172e-01 0.000000000000000000e+00 7.528500449641617465e-02 0.000000000000000000e+00 0.000000000000000000e+00 7.841622682769026076e-01 0.000000000000000000e+00 0.000000000000000000e+00
2.328549284703153865e-01 0.000000000000000000e+00 0.000000000000000000e+00 0.000000000000000000e+00 3.819326147550122785e-01 0.000000000000000000e+00 6.208240527739289361e-01 0.000000000000000000e+00 0.000000000000000000e+00 6.759108426104911693e-01 0.000000000000000000e+00 0.000000000000000000e+00 0.000000000000000000e+00 0.000000000000000000e+00 0.000000000000000000e+00 0.000000000000000000e+00 0.000000000000000000e+00 0.000000000000000000e+00 0.000000000000000000e+00 5.395799732289402462e-01 0.000000000000000000e+00 0.000000000000000000e+00 0.000000000000000000e+00 0.000000000000000000e+00 0.000000000000000000e+00
0.000000000000000000e+00 2.508324682097602953e-01 4.649087719201067115e-01 3.019456737784049216e-01 0.000000000000000000e+00 0.000000000000000000e+00 9.940387461128721291e-01 0.000000000000000000e+00 3.390602567835199754e-01 1.762125530297984077e-01 4.485726132920361264e-01 0.000000000000000000e+00 7.521119812666328397e-02 0.000000000000000000e+00 0.000000000000000000e+00 0.000000000000000000e+00 0.000000000000000000e+00 1.066334011150290029e-01 0.000000000000000000e+00 3.012267289191146169e-01 0.000000000000000000e+00 0.000000000000000000e+00 0.000000000000000000e+00 0.000000000000000000e+00 0.000000000000000000e+00
3.203493130940064937e-01 0.000000000000000000e+00 0.000000000000000000e+00 0.000000000000000000e+00 0.000000000000000000e+00 0.000000000000000000e+00 1.540274139720305135e-01 0.000000000000000000e+00 0.000000000000000000e+00 0.000000000000000000e+00 5.478198302434776901e-01 8.224707745313274421e-01 0.000000000000000000e+00 3.786980129408927254e-01 0.000000000000000000e+00 0.000000000000000000e+00 0.000000000000000000e+00 0.000000000000000000e+00 0.000000000000000000e+00 0.000000000000000000e+00 0.000000000000000000e+00 0.000000000000000000e+00 2.738793048132130981e-01 0.000000000000000000e+00 0.000000000000000000e+00
4.462147369915434730e-02 0.000000000000000000e+00 0.000000000000000000e+00 0.000000000000000000e+00 0.000000000000000000e+00 5.297567151042934519e-01 0.000000000000000000e+00 0.000000000000000000e+00 0.000000000000000000e+00 0.000000000000000000e+00 0.000000000000000000e+00 5.965949682879549965e-01 1.402376452305484078e-01 0.000000000000000000e+00 0.000000000000000000e+00 0.000000000000000000e+00 0.000000000000000000e+00 5.310217888171577805e-01 4.225009646770466198e-01 0.000000000000000000e+00 0.000000000000000000e+00 0.000000000000000000e+00 4.277665084504345128e-01 0.000000000000000000e+00 0.000000000000000000e+00
0.000000000000000000e+00 0.000000000000000000e+00 0.000000000000000000e+00 5.422720230074821179e-01 0.000000000000000000e+00 7.588128127927480371e-01 0.000000000000000000e+00 0.000000000000000000e+00 0.000000000000000000e+00 0.000000000000000000e+00 0.000000000000000000e+00 0.000000000000000000e+00 0.000000000000000000e+00 0.000000000000000000e+00 6.206100267541325710e-01 0.000000000000000000e+00 4.167007850150071802e-01 0.000000000000000000e+00 0.000000000000000000e+00 0.000000000000000000e+00 0.000000000000000000e+00 3.520429008190084086e-01 0.000000000000000000e+00 0.000000000000000000e+00 2.513977667416846251e-01
8.145086131254671846e-01 0.000000000000000000e+00 0.000000000000000000e+00 0.000000000000000000e+00 0.000000000000000000e+00 0.000000000000000000e+00 0.000000000000000000e+00 9.690063241791099236e-01 4.483825858303090994e-01 0.000000000000000000e+00 0.000000000000000000e+00 0.000000000000000000e+00 0.000000000000000000e+00 0.000000000000000000e+00 0.000000000000000000e+00 0.000000000000000000e+00 0.000000000000000000e+00 0.000000000000000000e+00 0.000000000000000000e+00 0.000000000000000000e+00 0.000000000000000000e+00 0.000000000000000000e+00 0.000000000000000000e+00 0.000000000000000000e+00 0.000000000000000000e+00
0.000000000000000000e+00 0.000000000000000000e+00 0.000000000000000000e+00 0.000000000000000000e+00 0.000000000000000000e+00 0.000000000000000000e+00 0.000000000000000000e+00 0.000000000000000000e+00 8.981291024823010449e-01 0.000000000000000000e+00 0.000000000000000000e+00 0.000000000000000000e+00 0.000000000000000000e+00 4.158187909322301756e-01 5.906646530229645586e-01 0.000000000000000000e+00 0.000000000000000000e+00 0.000000000000000000e+00 0.000000000000000000e+00 0.000000000000000000e+00 0.000000000000000000e+00 0.000000000000000000e+00 0.000000000000000000e+00 0.000000000000000000e+00 0.000000000000000000e+00
0.000000000000000000e+00 0.000000000000000000e+00 0.000000000000000000e+00 0.000000000000000000e+00 0.000000000000000000e+00 0.000000000000000000e+00 2.270980939035918134e-01 0.000000000000000000e+00 0.000000000000000000e+00 0.000000000000000000e+00 3.399125248702293822e-01 3.379596290891496158e-01 0.000000000000000000e+00 1.456923084149467085e-01 0.000000000000000000e+00 0.000000000000000000e+00 0.000000000000000000e+00 0.000000000000000000e+00 0.000000000000000000e+00 0.000000000000000000e+00 0.000000000000000000e+00 0.000000000000000000e+00 0.000000000000000000e+00 6.071600809508920227e-01 0.000000000000000000e+00
0.000000000000000000e+00 0.000000000000000000e+00 0.000000000000000000e+00 0.000000000000000000e+00 0.000000000000000000e+00 0.000000000000000000e+00 3.678943918150101022e-01 0.000000000000000000e+00 0.000000000000000000e+00 0.000000000000000000e+00 0.000000000000000000e+00 2.852690860467528844e-01 0.000000000000000000e+00 0.000000000000000000e+00 0.000000000000000000e+00 0.000000000000000000e+00 0.000000000000000000e+00 0.000000000000000000e+00 0.000000000000000000e+00 2.482648657189978902e-01 0.000000000000000000e+00 0.000000000000000000e+00 0.000000000000000000e+00 2.260678777108950932e-01 2.715266200640520933e-01
