# File created on Mon Apr 29 03:11:34 2024
# The following metaparameters were used for this matrix optimization : gamma0 = 0.5; alpha0 = 0; sigma0 = 0.25; l0 = 1;p = 1; R0 = 1; S0 = 0.05; NR = 25; NS = 25; matrix path = matrices/Nr25_Nc25/consumption/RandTrix_Nr25_Nc25_Nest0.6_Conn0.3712.txt; convergence threshold = 1e-08
9.400512407475254e-01 0.000000000000000e+00 1.097618630339302e+00 0.000000000000000e+00 0.000000000000000e+00 0.000000000000000e+00 0.000000000000000e+00 0.000000000000000e+00 6.454916883422952e-01 0.000000000000000e+00 0.000000000000000e+00 1.003100361900059e+00 1.855703890287198e+00 4.276502139131389e-01 1.104017912582468e+00 0.000000000000000e+00 1.773887647945108e-01 0.000000000000000e+00 1.155611538370216e+00 0.000000000000000e+00 0.000000000000000e+00 0.000000000000000e+00 0.000000000000000e+00 8.878140282369111e-01 0.000000000000000e+00 
0.000000000000000e+00 1.547868881592894e+00 4.113561755628808e-01 3.450968834274845e-01 0.000000000000000e+00 3.466195572263364e-01 1.053687899469793e+00 6.223404108083379e-01 0.000000000000000e+00 0.000000000000000e+00 4.966292228227057e-01 0.000000000000000e+00 3.585639318913128e-01 9.616237025918513e-03 0.000000000000000e+00 1.397358613448825e-01 0.000000000000000e+00 0.000000000000000e+00 1.023817487146909e+00 0.000000000000000e+00 0.000000000000000e+00 7.110286276771631e-01 0.000000000000000e+00 4.673183263736378e-01 3.555136079952395e-01 
6.869848008596567e-01 2.455549614033770e-01 0.000000000000000e+00 2.640304360125485e-01 0.000000000000000e+00 0.000000000000000e+00 9.959441062103861e-01 0.000000000000000e+00 1.261576197033647e+00 6.648412250124926e-01 0.000000000000000e+00 6.702132534904076e-01 6.476742693909964e-01 0.000000000000000e+00 0.000000000000000e+00 0.000000000000000e+00 0.000000000000000e+00 8.250839582102820e-01 0.000000000000000e+00 1.319898651285676e+00 0.000000000000000e+00 0.000000000000000e+00 1.098965491562720e+00 0.000000000000000e+00 1.630248925942203e-01 
0.000000000000000e+00 4.018718152582921e-01 2.015203688189227e-01 0.000000000000000e+00 4.625302852409377e-01 7.390751267627982e-01 1.156505569165995e+00 3.964410033131474e-01 4.889516697474690e-01 0.000000000000000e+00 9.449163189808486e-01 0.000000000000000e+00 6.721646119525648e-01 0.000000000000000e+00 0.000000000000000e+00 0.000000000000000e+00 0.000000000000000e+00 0.000000000000000e+00 4.908740438141462e-01 0.000000000000000e+00 0.000000000000000e+00 0.000000000000000e+00 0.000000000000000e+00 0.000000000000000e+00 7.941393374824815e-01 
1.105934158683118e+00 0.000000000000000e+00 1.701903124305044e-01 0.000000000000000e+00 0.000000000000000e+00 1.771367350794009e+00 0.000000000000000e+00 0.000000000000000e+00 0.000000000000000e+00 0.000000000000000e+00 0.000000000000000e+00 0.000000000000000e+00 8.157852086800204e-01 0.000000000000000e+00 0.000000000000000e+00 0.000000000000000e+00 8.559245421237066e-01 0.000000000000000e+00 0.000000000000000e+00 1.540899056831057e+00 0.000000000000000e+00 0.000000000000000e+00 0.000000000000000e+00 0.000000000000000e+00 0.000000000000000e+00 
0.000000000000000e+00 3.223555847905135e-01 0.000000000000000e+00 2.125697383121630e+00 0.000000000000000e+00 8.330955084388089e-01 1.171629170953666e+00 5.852868319854245e-01 3.560689965575023e-01 0.000000000000000e+00 0.000000000000000e+00 0.000000000000000e+00 0.000000000000000e+00 0.000000000000000e+00 0.000000000000000e+00 0.000000000000000e+00 0.000000000000000e+00 0.000000000000000e+00 1.585236351175702e-01 0.000000000000000e+00 0.000000000000000e+00 0.000000000000000e+00 2.521115275315106e-01 1.380053974913589e+00 0.000000000000000e+00 
1.607307131344747e+00 0.000000000000000e+00 0.000000000000000e+00 0.000000000000000e+00 5.306757340066309e-01 3.201533243699887e-01 0.000000000000000e+00 0.000000000000000e+00 0.000000000000000e+00 0.000000000000000e+00 6.367073181908396e-01 2.239898286192547e-01 1.780534866157058e-01 0.000000000000000e+00 0.000000000000000e+00 2.592633593251462e-01 0.000000000000000e+00 1.630671948015401e-01 0.000000000000000e+00 1.318032435389620e+00 0.000000000000000e+00 0.000000000000000e+00 1.402945455027489e+00 1.386094766853255e+00 0.000000000000000e+00 
1.793607253668855e+00 0.000000000000000e+00 6.917776117316399e-01 1.765840623876066e-01 0.000000000000000e+00 0.000000000000000e+00 0.000000000000000e+00 0.000000000000000e+00 0.000000000000000e+00 8.275718950191091e-01 0.000000000000000e+00 0.000000000000000e+00 0.000000000000000e+00 0.000000000000000e+00 0.000000000000000e+00 0.000000000000000e+00 1.449111434024418e-01 0.000000000000000e+00 2.705778834200246e-02 0.000000000000000e+00 0.000000000000000e+00 0.000000000000000e+00 2.093921235838971e+00 0.000000000000000e+00 0.000000000000000e+00 
4.817074833190886e-01 0.000000000000000e+00 7.656036754388423e-01 1.846013680449204e-01 0.000000000000000e+00 7.474466262520917e-01 0.000000000000000e+00 4.132947968319093e-01 4.054032130073956e-01 9.527249559285022e-01 0.000000000000000e+00 6.544285949476685e-02 6.054458008979905e-01 0.000000000000000e+00 0.000000000000000e+00 0.000000000000000e+00 1.171271501224288e-01 0.000000000000000e+00 0.000000000000000e+00 0.000000000000000e+00 0.000000000000000e+00 4.791433539505983e-01 0.000000000000000e+00 0.000000000000000e+00 0.000000000000000e+00 
0.000000000000000e+00 7.562142633857909e-01 0.000000000000000e+00 0.000000000000000e+00 3.741834895108852e-01 1.440614174791743e+00 5.663050444359057e-01 0.000000000000000e+00 9.528295332244071e-01 0.000000000000000e+00 0.000000000000000e+00 0.000000000000000e+00 0.000000000000000e+00 2.025791257574397e-01 0.000000000000000e+00 0.000000000000000e+00 0.000000000000000e+00 0.000000000000000e+00 0.000000000000000e+00 4.158345240203143e-01 9.680737185351286e-02 0.000000000000000e+00 0.000000000000000e+00 3.193198550432225e-01 0.000000000000000e+00 
1.159982973802898e+00 3.908220962892540e-01 0.000000000000000e+00 2.894506897824540e-01 0.000000000000000e+00 0.000000000000000e+00 4.329979938237436e-01 1.271135457171833e+00 0.000000000000000e+00 1.132659487843861e+00 0.000000000000000e+00 5.275360746389406e-03 0.000000000000000e+00 0.000000000000000e+00 0.000000000000000e+00 0.000000000000000e+00 0.000000000000000e+00 0.000000000000000e+00 0.000000000000000e+00 0.000000000000000e+00 0.000000000000000e+00 0.000000000000000e+00 0.000000000000000e+00 0.000000000000000e+00 0.000000000000000e+00 
3.197657864119242e-01 0.000000000000000e+00 5.641685072284852e-01 0.000000000000000e+00 0.000000000000000e+00 1.113895128998860e+00 0.000000000000000e+00 0.000000000000000e+00 0.000000000000000e+00 0.000000000000000e+00 0.000000000000000e+00 0.000000000000000e+00 0.000000000000000e+00 0.000000000000000e+00 0.000000000000000e+00 0.000000000000000e+00 0.000000000000000e+00 9.986026923297848e-02 1.363595194770865e+00 0.000000000000000e+00 1.053442594302249e+00 0.000000000000000e+00 0.000000000000000e+00 8.926292410400289e-01 0.000000000000000e+00 
0.000000000000000e+00 1.986575581389323e-02 0.000000000000000e+00 9.379071391240202e-01 0.000000000000000e+00 0.000000000000000e+00 0.000000000000000e+00 6.921921364306746e-01 0.000000000000000e+00 0.000000000000000e+00 0.000000000000000e+00 5.959560715368756e-01 0.000000000000000e+00 0.000000000000000e+00 0.000000000000000e+00 0.000000000000000e+00 0.000000000000000e+00 0.000000000000000e+00 0.000000000000000e+00 0.000000000000000e+00 0.000000000000000e+00 5.592068744935528e-01 5.219087216083327e-01 1.604643321952615e-01 0.000000000000000e+00 
6.424197395251687e-01 0.000000000000000e+00 6.781162034534510e-01 0.000000000000000e+00 1.059247864545661e-01 0.000000000000000e+00 0.000000000000000e+00 4.063917122949644e-01 0.000000000000000e+00 0.000000000000000e+00 0.000000000000000e+00 0.000000000000000e+00 5.733039668809859e-02 0.000000000000000e+00 8.304481331580468e-02 0.000000000000000e+00 0.000000000000000e+00 0.000000000000000e+00 0.000000000000000e+00 1.234175075479315e-01 0.000000000000000e+00 1.399858818095285e+00 0.000000000000000e+00 0.000000000000000e+00 3.304410647106237e-01 
0.000000000000000e+00 0.000000000000000e+00 0.000000000000000e+00 0.000000000000000e+00 1.895103269352704e+00 1.816058820301308e-01 0.000000000000000e+00 0.000000000000000e+00 0.000000000000000e+00 0.000000000000000e+00 5.085037918630256e-01 0.000000000000000e+00 0.000000000000000e+00 0.000000000000000e+00 0.000000000000000e+00 0.000000000000000e+00 3.837698042127507e-01 6.837384358129691e-01 0.000000000000000e+00 0.000000000000000e+00 0.000000000000000e+00 0.000000000000000e+00 0.000000000000000e+00 0.000000000000000e+00 0.000000000000000e+00 
0.000000000000000e+00 0.000000000000000e+00 0.000000000000000e+00 1.091616794329045e+00 0.000000000000000e+00 5.746930023157556e-01 0.000000000000000e+00 0.000000000000000e+00 0.000000000000000e+00 8.597117938414974e-01 1.191239999873517e-02 1.265689162444685e+00 0.000000000000000e+00 0.000000000000000e+00 0.000000000000000e+00 2.972062602110713e-01 0.000000000000000e+00 0.000000000000000e+00 1.049673653641057e-01 0.000000000000000e+00 0.000000000000000e+00 0.000000000000000e+00 0.000000000000000e+00 0.000000000000000e+00 0.000000000000000e+00 
0.000000000000000e+00 3.460238989876857e-01 9.003656922617788e-01 7.437216942659900e-01 8.917442123677140e-01 3.585876736976019e-02 1.620434068532488e-01 3.810137182420700e-01 0.000000000000000e+00 0.000000000000000e+00 0.000000000000000e+00 0.000000000000000e+00 0.000000000000000e+00 0.000000000000000e+00 0.000000000000000e+00 0.000000000000000e+00 0.000000000000000e+00 0.000000000000000e+00 0.000000000000000e+00 0.000000000000000e+00 0.000000000000000e+00 0.000000000000000e+00 0.000000000000000e+00 0.000000000000000e+00 0.000000000000000e+00 
1.121047073641684e+00 1.092284938836084e-01 0.000000000000000e+00 0.000000000000000e+00 0.000000000000000e+00 0.000000000000000e+00 0.000000000000000e+00 0.000000000000000e+00 0.000000000000000e+00 0.000000000000000e+00 0.000000000000000e+00 7.278011932126348e-01 0.000000000000000e+00 3.098980822870610e-01 0.000000000000000e+00 0.000000000000000e+00 0.000000000000000e+00 0.000000000000000e+00 0.000000000000000e+00 0.000000000000000e+00 0.000000000000000e+00 0.000000000000000e+00 5.342872553950991e-01 3.094414137565878e-02 0.000000000000000e+00 
0.000000000000000e+00 0.000000000000000e+00 0.000000000000000e+00 0.000000000000000e+00 0.000000000000000e+00 1.164101896506158e+00 0.000000000000000e+00 0.000000000000000e+00 0.000000000000000e+00 0.000000000000000e+00 2.618990884651151e-01 7.309699501731507e-01 0.000000000000000e+00 6.303291198650882e-01 0.000000000000000e+00 0.000000000000000e+00 0.000000000000000e+00 0.000000000000000e+00 0.000000000000000e+00 0.000000000000000e+00 0.000000000000000e+00 0.000000000000000e+00 6.179179487541207e-01 0.000000000000000e+00 0.000000000000000e+00 
5.529240581261870e-01 0.000000000000000e+00 0.000000000000000e+00 0.000000000000000e+00 0.000000000000000e+00 0.000000000000000e+00 1.875392122204933e-01 0.000000000000000e+00 0.000000000000000e+00 5.394547336909903e-01 4.983364946655094e-01 0.000000000000000e+00 0.000000000000000e+00 0.000000000000000e+00 0.000000000000000e+00 0.000000000000000e+00 0.000000000000000e+00 8.591391050715673e-01 0.000000000000000e+00 0.000000000000000e+00 0.000000000000000e+00 0.000000000000000e+00 0.000000000000000e+00 0.000000000000000e+00 0.000000000000000e+00 
0.000000000000000e+00 0.000000000000000e+00 4.563052623834778e-01 0.000000000000000e+00 0.000000000000000e+00 0.000000000000000e+00 1.864882945307152e-01 0.000000000000000e+00 0.000000000000000e+00 0.000000000000000e+00 1.493233233287900e-01 0.000000000000000e+00 0.000000000000000e+00 0.000000000000000e+00 0.000000000000000e+00 0.000000000000000e+00 0.000000000000000e+00 0.000000000000000e+00 9.241021032035730e-01 0.000000000000000e+00 0.000000000000000e+00 0.000000000000000e+00 3.662712536783166e-01 1.863194244738974e-01 5.360097411912280e-01 
0.000000000000000e+00 4.629532172376248e-01 0.000000000000000e+00 9.262596224964692e-01 6.529443601978005e-01 0.000000000000000e+00 0.000000000000000e+00 0.000000000000000e+00 0.000000000000000e+00 0.000000000000000e+00 0.000000000000000e+00 0.000000000000000e+00 0.000000000000000e+00 0.000000000000000e+00 0.000000000000000e+00 0.000000000000000e+00 0.000000000000000e+00 0.000000000000000e+00 0.000000000000000e+00 3.228170586559640e-01 0.000000000000000e+00 0.000000000000000e+00 1.008065940582665e+00 0.000000000000000e+00 0.000000000000000e+00 
0.000000000000000e+00 0.000000000000000e+00 0.000000000000000e+00 0.000000000000000e+00 0.000000000000000e+00 5.802870648990542e-01 0.000000000000000e+00 0.000000000000000e+00 0.000000000000000e+00 0.000000000000000e+00 0.000000000000000e+00 0.000000000000000e+00 0.000000000000000e+00 0.000000000000000e+00 0.000000000000000e+00 2.064069002879205e-01 0.000000000000000e+00 6.186504380381129e-01 7.525407367697916e-01 3.549534362410421e-01 0.000000000000000e+00 0.000000000000000e+00 0.000000000000000e+00 3.122155840244076e-01 0.000000000000000e+00 
0.000000000000000e+00 3.863578237641835e-01 0.000000000000000e+00 0.000000000000000e+00 0.000000000000000e+00 0.000000000000000e+00 0.000000000000000e+00 0.000000000000000e+00 0.000000000000000e+00 0.000000000000000e+00 0.000000000000000e+00 0.000000000000000e+00 0.000000000000000e+00 0.000000000000000e+00 0.000000000000000e+00 0.000000000000000e+00 0.000000000000000e+00 4.525193037494753e-02 0.000000000000000e+00 0.000000000000000e+00 1.021815166576338e+00 0.000000000000000e+00 0.000000000000000e+00 0.000000000000000e+00 0.000000000000000e+00 
0.000000000000000e+00 0.000000000000000e+00 0.000000000000000e+00 0.000000000000000e+00 0.000000000000000e+00 4.830496951758617e-01 6.114430080232421e-01 0.000000000000000e+00 0.000000000000000e+00 0.000000000000000e+00 0.000000000000000e+00 0.000000000000000e+00 0.000000000000000e+00 0.000000000000000e+00 0.000000000000000e+00 0.000000000000000e+00 0.000000000000000e+00 0.000000000000000e+00 4.783609578857384e-01 0.000000000000000e+00 0.000000000000000e+00 0.000000000000000e+00 3.161048743126661e-01 0.000000000000000e+00 0.000000000000000e+00 