# # File created on Fri May 17 15:41:51 2024
#  # The following metaparameters were used for this matrix optimization : gamma0 = 0.5; alpha0 = 0; sigma0 = 0.25; l0 = 1;p = 1; R0 = 1; S0 = 0.05; NR = 25; NS = 25; matrix path = matrices/Nr25_Nc25/consumption/RandTrix_Nr25_Nc25_Nest0.4_Conn0.3712.txt; convergence threshold = 1e-08
# 
0.000000000000000000e+00 0.000000000000000000e+00 0.000000000000000000e+00 3.628908185349171041e-03 0.000000000000000000e+00 4.763488928567973131e-03 0.000000000000000000e+00 2.306134689601065969e-03 0.000000000000000000e+00 5.664118399986954469e-04 4.379128581316471883e-03 0.000000000000000000e+00 0.000000000000000000e+00 0.000000000000000000e+00 0.000000000000000000e+00 4.961388453726936834e-03 0.000000000000000000e+00 0.000000000000000000e+00 0.000000000000000000e+00 0.000000000000000000e+00 0.000000000000000000e+00 0.000000000000000000e+00 0.000000000000000000e+00 0.000000000000000000e+00 1.834451367686708084e-03
0.000000000000000000e+00 9.728482615191681444e-05 0.000000000000000000e+00 0.000000000000000000e+00 7.033534510738384234e-04 0.000000000000000000e+00 0.000000000000000000e+00 0.000000000000000000e+00 0.000000000000000000e+00 0.000000000000000000e+00 3.779088901304242069e-03 0.000000000000000000e+00 0.000000000000000000e+00 0.000000000000000000e+00 0.000000000000000000e+00 0.000000000000000000e+00 4.844333006190737305e-03 0.000000000000000000e+00 0.000000000000000000e+00 2.756114785776339008e-03 0.000000000000000000e+00 2.610436716472988843e-03 0.000000000000000000e+00 0.000000000000000000e+00 1.505811704144885974e-03
4.032832063385351738e-03 0.000000000000000000e+00 0.000000000000000000e+00 3.301103583562376917e-03 0.000000000000000000e+00 4.718412288934390256e-03 0.000000000000000000e+00 0.000000000000000000e+00 3.220094636204855892e-03 0.000000000000000000e+00 0.000000000000000000e+00 1.109187680619166906e-03 7.482752172702101384e-04 0.000000000000000000e+00 0.000000000000000000e+00 2.520657386282384050e-03 2.495147386640733829e-03 0.000000000000000000e+00 1.209331616575637022e-03 4.794659234091079580e-03 4.837634853645174024e-03 3.215244055050095907e-03 0.000000000000000000e+00 3.805842672577415889e-03 1.510076656719478013e-03
2.154515506393689210e-03 0.000000000000000000e+00 4.016949847479678141e-03 1.003881904566512927e-03 2.467096180265904853e-03 0.000000000000000000e+00 4.081257398938858971e-03 0.000000000000000000e+00 0.000000000000000000e+00 0.000000000000000000e+00 1.777175288140355087e-03 4.139847135398578085e-03 0.000000000000000000e+00 0.000000000000000000e+00 0.000000000000000000e+00 1.426607345513338084e-03 0.000000000000000000e+00 2.495670056415974069e-03 0.000000000000000000e+00 0.000000000000000000e+00 0.000000000000000000e+00 4.935267237514607067e-03 3.506735264618638173e-03 0.000000000000000000e+00 0.000000000000000000e+00
3.254915242930272838e-03 0.000000000000000000e+00 0.000000000000000000e+00 0.000000000000000000e+00 0.000000000000000000e+00 0.000000000000000000e+00 0.000000000000000000e+00 3.928610345455570314e-03 4.253628991069694160e-04 3.657621804184682177e-03 0.000000000000000000e+00 2.583080448278471820e-03 3.701471548044146266e-05 4.267320571123208416e-03 1.919119096996854939e-03 1.049176096598923927e-03 3.246702251905115005e-03 4.706724202940206110e-03 0.000000000000000000e+00 0.000000000000000000e+00 9.749961530456477702e-04 0.000000000000000000e+00 0.000000000000000000e+00 2.463218700367690150e-03 3.907580233683321733e-03
2.938934575322558074e-03 1.689556766986022047e-03 3.573213097521634970e-04 2.216508437574283945e-03 0.000000000000000000e+00 2.375000590146059999e-03 1.359930389912543088e-03 3.471991997914359120e-04 0.000000000000000000e+00 3.870727877759808869e-03 0.000000000000000000e+00 4.660017421649622141e-03 0.000000000000000000e+00 0.000000000000000000e+00 4.683446194424837304e-03 0.000000000000000000e+00 0.000000000000000000e+00 0.000000000000000000e+00 0.000000000000000000e+00 3.996047313391451646e-03 0.000000000000000000e+00 0.000000000000000000e+00 1.315539862563597923e-03 0.000000000000000000e+00 8.862176546608024181e-05
0.000000000000000000e+00 4.859269871431128908e-03 0.000000000000000000e+00 2.298348866604934919e-03 0.000000000000000000e+00 4.136967876154772072e-03 0.000000000000000000e+00 0.000000000000000000e+00 0.000000000000000000e+00 1.782840351821160909e-03 0.000000000000000000e+00 1.826180802137426090e-03 2.885275968250096933e-03 4.394976381611998169e-03 3.691919344074325992e-03 0.000000000000000000e+00 4.824219468315744968e-05 0.000000000000000000e+00 0.000000000000000000e+00 3.918727960739729413e-03 0.000000000000000000e+00 1.089729178224927006e-03 0.000000000000000000e+00 0.000000000000000000e+00 1.660459965462969967e-03
3.132479771472471922e-03 0.000000000000000000e+00 9.516005219238731893e-04 2.961336859004330951e-03 3.587206802389272982e-03 0.000000000000000000e+00 1.634877027607389106e-03 4.960841778869934382e-03 3.806111532226404050e-03 2.044453920083353152e-03 0.000000000000000000e+00 0.000000000000000000e+00 3.459572184881483988e-03 2.581683184742789190e-03 3.206063596912841953e-03 3.268568458994737958e-03 0.000000000000000000e+00 3.938011173428191021e-03 4.387925142957990916e-03 0.000000000000000000e+00 1.630714690358927915e-04 0.000000000000000000e+00 3.079452457399741122e-04 0.000000000000000000e+00 4.745571459814164686e-03
2.592057811103745842e-03 0.000000000000000000e+00 1.043643976866116992e-03 2.255660052619636990e-03 1.331233168675236131e-04 0.000000000000000000e+00 0.000000000000000000e+00 1.402580811640304070e-03 1.546614121502299950e-03 0.000000000000000000e+00 0.000000000000000000e+00 0.000000000000000000e+00 0.000000000000000000e+00 2.087399611245554804e-03 0.000000000000000000e+00 0.000000000000000000e+00 1.968472151658788149e-03 0.000000000000000000e+00 3.658441652272736815e-03 0.000000000000000000e+00 0.000000000000000000e+00 1.467443051756742904e-03 0.000000000000000000e+00 0.000000000000000000e+00 4.613453454714947985e-03
5.843113016946740275e-04 0.000000000000000000e+00 4.056166588339066206e-04 0.000000000000000000e+00 0.000000000000000000e+00 0.000000000000000000e+00 0.000000000000000000e+00 0.000000000000000000e+00 4.160001767453578095e-03 7.217856712875714981e-04 3.055878488506651083e-03 4.814945376562529585e-03 2.470557047651561044e-03 0.000000000000000000e+00 3.166440688327231117e-03 3.567561512278070134e-03 3.392889968362331789e-03 3.908336946584192208e-03 4.757964053298769855e-03 3.415806017829957093e-03 2.836972554711270945e-03 0.000000000000000000e+00 2.818150629748595020e-03 0.000000000000000000e+00 0.000000000000000000e+00
4.648629175985546165e-04 0.000000000000000000e+00 0.000000000000000000e+00 0.000000000000000000e+00 0.000000000000000000e+00 1.545428032956912105e-03 0.000000000000000000e+00 0.000000000000000000e+00 1.383972109544977062e-03 2.353713483602342966e-03 1.720180277232564081e-04 3.662354283538637057e-03 0.000000000000000000e+00 2.423333246701049083e-03 8.709407597065942433e-04 0.000000000000000000e+00 1.616183735301511071e-03 0.000000000000000000e+00 0.000000000000000000e+00 0.000000000000000000e+00 1.773370994122606958e-03 3.285739387171715022e-03 4.589605595488261205e-03 3.274877242197709194e-03 3.072796214532485127e-03
0.000000000000000000e+00 2.346636934847554003e-03 0.000000000000000000e+00 0.000000000000000000e+00 0.000000000000000000e+00 2.364138167624589993e-03 4.003162125738948980e-03 7.147223103625119410e-04 0.000000000000000000e+00 0.000000000000000000e+00 0.000000000000000000e+00 2.834167533863409926e-03 0.000000000000000000e+00 0.000000000000000000e+00 4.675995053541304159e-04 0.000000000000000000e+00 1.050731087198027939e-03 0.000000000000000000e+00 4.354419213512842821e-04 0.000000000000000000e+00 1.534899926444755055e-03 3.189000640448319806e-03 3.523150557690100872e-04 0.000000000000000000e+00 0.000000000000000000e+00
0.000000000000000000e+00 1.717460136905879942e-03 0.000000000000000000e+00 0.000000000000000000e+00 2.762434279569439891e-03 1.250923609275208983e-03 0.000000000000000000e+00 0.000000000000000000e+00 2.783396307996547150e-03 0.000000000000000000e+00 0.000000000000000000e+00 0.000000000000000000e+00 0.000000000000000000e+00 0.000000000000000000e+00 0.000000000000000000e+00 0.000000000000000000e+00 3.486833557648719032e-04 0.000000000000000000e+00 4.451573025403979603e-03 5.231805231219353522e-04 0.000000000000000000e+00 1.070590801225244091e-03 2.476888529673545915e-03 1.711541406216821916e-03 1.262449974528389966e-03
3.763060902545850919e-03 4.351684538576845208e-03 1.024063748923400045e-03 0.000000000000000000e+00 2.444340170373824131e-03 1.199395172550723077e-03 1.682089010177792096e-03 0.000000000000000000e+00 3.682666642707816892e-03 2.095443927709717859e-03 1.158394146335951043e-03 1.055440205243253103e-03 0.000000000000000000e+00 0.000000000000000000e+00 0.000000000000000000e+00 0.000000000000000000e+00 2.517067823343028957e-04 0.000000000000000000e+00 0.000000000000000000e+00 2.837753308008104849e-03 0.000000000000000000e+00 2.651275984834011029e-03 4.303298736698632325e-03 0.000000000000000000e+00 2.648343605754101878e-03
0.000000000000000000e+00 3.550920989983337873e-03 1.181831778409414991e-03 0.000000000000000000e+00 1.467125020657626981e-03 0.000000000000000000e+00 1.563255227366914949e-03 1.369205426302031077e-03 4.219670408435285611e-03 1.133775384661401099e-03 1.398229883047389949e-03 2.061313991396293999e-03 0.000000000000000000e+00 0.000000000000000000e+00 0.000000000000000000e+00 0.000000000000000000e+00 0.000000000000000000e+00 0.000000000000000000e+00 0.000000000000000000e+00 2.893660390539884008e-03 1.778927611423694035e-03 0.000000000000000000e+00 6.200702076523070426e-04 6.937139967241008143e-04 0.000000000000000000e+00
0.000000000000000000e+00 0.000000000000000000e+00 0.000000000000000000e+00 4.860262343057316671e-03 0.000000000000000000e+00 0.000000000000000000e+00 0.000000000000000000e+00 1.885494824809245029e-04 3.697652727586312870e-03 0.000000000000000000e+00 3.299802332160160171e-03 2.779995873063027204e-03 4.984125471134860999e-03 2.387128571196962909e-04 0.000000000000000000e+00 0.000000000000000000e+00 0.000000000000000000e+00 1.400110819990530104e-03 0.000000000000000000e+00 0.000000000000000000e+00 2.464676188868642794e-03 0.000000000000000000e+00 0.000000000000000000e+00 0.000000000000000000e+00 0.000000000000000000e+00
2.409469300541272011e-03 0.000000000000000000e+00 4.684498105860780692e-03 1.669546329870131912e-03 0.000000000000000000e+00 3.783286909251630005e-03 4.000493242610173202e-03 0.000000000000000000e+00 0.000000000000000000e+00 0.000000000000000000e+00 0.000000000000000000e+00 0.000000000000000000e+00 0.000000000000000000e+00 2.253318184578491194e-03 3.404376468958471205e-03 3.121217823373554148e-03 0.000000000000000000e+00 8.920678135377917617e-05 1.573394760101716038e-03 4.374095256789366400e-03 0.000000000000000000e+00 0.000000000000000000e+00 4.321798335417060405e-03 2.074120881529755933e-05 1.635611851251143932e-03
1.850098879322751005e-03 0.000000000000000000e+00 2.925513463985437122e-03 4.924449117192308822e-03 0.000000000000000000e+00 1.547217393491902944e-03 4.808700320080320709e-03 2.122663637225818013e-03 0.000000000000000000e+00 3.413267763179913140e-03 0.000000000000000000e+00 0.000000000000000000e+00 0.000000000000000000e+00 7.099514972662430545e-04 2.455025579825987139e-03 0.000000000000000000e+00 2.716506330244841064e-03 4.666833859671059605e-03 0.000000000000000000e+00 0.000000000000000000e+00 0.000000000000000000e+00 2.954440706428070138e-03 0.000000000000000000e+00 1.402337325963044995e-03 1.466629268269912904e-03
6.386597961010191714e-04 4.032034019903619863e-03 4.845774060758737192e-03 4.844550403574886602e-03 2.591724732959125796e-03 0.000000000000000000e+00 7.926565002946683045e-04 9.004988647450824085e-04 3.843973960905183208e-03 3.968380921612547213e-03 0.000000000000000000e+00 3.909558652837028837e-03 3.735598746168158207e-03 0.000000000000000000e+00 3.741176217210814142e-03 0.000000000000000000e+00 1.208324025819924961e-03 0.000000000000000000e+00 3.673248183441626090e-03 0.000000000000000000e+00 3.579013936579545068e-03 0.000000000000000000e+00 0.000000000000000000e+00 4.835344397906658244e-03 4.384070947950169210e-03
0.000000000000000000e+00 1.190707119470615959e-03 0.000000000000000000e+00 0.000000000000000000e+00 0.000000000000000000e+00 0.000000000000000000e+00 2.229311604450914114e-03 0.000000000000000000e+00 1.357665141006022050e-03 0.000000000000000000e+00 3.979083457997138057e-03 0.000000000000000000e+00 9.461204510422920044e-04 4.100337177755928805e-03 4.359190797319481038e-03 0.000000000000000000e+00 0.000000000000000000e+00 3.382581085447575187e-03 0.000000000000000000e+00 0.000000000000000000e+00 1.211295632934784048e-03 1.304045128370293983e-03 0.000000000000000000e+00 3.699848101430642903e-03 0.000000000000000000e+00
2.203326869383250095e-03 0.000000000000000000e+00 0.000000000000000000e+00 0.000000000000000000e+00 2.830869355939311192e-03 3.015375871758595801e-04 0.000000000000000000e+00 3.168614977405300945e-03 0.000000000000000000e+00 0.000000000000000000e+00 4.626168465413134194e-03 2.430772923845260156e-03 0.000000000000000000e+00 0.000000000000000000e+00 0.000000000000000000e+00 0.000000000000000000e+00 0.000000000000000000e+00 2.934115158815554184e-03 3.385157064321624165e-03 4.576515931318267914e-03 0.000000000000000000e+00 0.000000000000000000e+00 0.000000000000000000e+00 9.042732233219096102e-05 0.000000000000000000e+00
6.333998596237928142e-04 0.000000000000000000e+00 0.000000000000000000e+00 0.000000000000000000e+00 2.314946014632947215e-03 2.906423322493240872e-03 0.000000000000000000e+00 0.000000000000000000e+00 0.000000000000000000e+00 1.558879577676875947e-03 3.314522842738895029e-03 7.938859326752696231e-04 0.000000000000000000e+00 0.000000000000000000e+00 1.765387224115675009e-03 0.000000000000000000e+00 3.980665934697751041e-03 4.397691246690109759e-03 4.227583389556501675e-03 0.000000000000000000e+00 8.745402997423272441e-04 0.000000000000000000e+00 0.000000000000000000e+00 2.436288985754310205e-03 3.353335866044998993e-03
0.000000000000000000e+00 2.916307291814909837e-03 0.000000000000000000e+00 0.000000000000000000e+00 4.475468772931294296e-03 4.017474183515529207e-03 0.000000000000000000e+00 2.080578207106260121e-03 1.462121486294244927e-03 0.000000000000000000e+00 5.546895391657478839e-04 0.000000000000000000e+00 0.000000000000000000e+00 0.000000000000000000e+00 7.896849523110794104e-04 9.144571702488010897e-04 1.765744074018512104e-03 0.000000000000000000e+00 0.000000000000000000e+00 4.772175340403039985e-03 0.000000000000000000e+00 3.660881684100639254e-04 0.000000000000000000e+00 0.000000000000000000e+00 0.000000000000000000e+00
2.444164745905650152e-03 0.000000000000000000e+00 0.000000000000000000e+00 1.732839461145064099e-03 3.479145367623417170e-04 2.968207299870600190e-03 4.426240408733213630e-03 8.052942718428006755e-04 0.000000000000000000e+00 0.000000000000000000e+00 0.000000000000000000e+00 1.214300645426493038e-03 3.361850267768654900e-03 0.000000000000000000e+00 0.000000000000000000e+00 0.000000000000000000e+00 0.000000000000000000e+00 0.000000000000000000e+00 0.000000000000000000e+00 6.283302181499827478e-04 0.000000000000000000e+00 0.000000000000000000e+00 2.988217121525717918e-03 3.820245013871396977e-03 0.000000000000000000e+00
4.011539536045504589e-03 4.209277077433072958e-03 3.690031543600325210e-03 0.000000000000000000e+00 2.764444038905754936e-03 0.000000000000000000e+00 0.000000000000000000e+00 4.487771301844493618e-03 0.000000000000000000e+00 0.000000000000000000e+00 0.000000000000000000e+00 2.622564857199866182e-03 1.470798864432880035e-03 0.000000000000000000e+00 0.000000000000000000e+00 1.803672541348635061e-03 0.000000000000000000e+00 0.000000000000000000e+00 0.000000000000000000e+00 4.553356858748696875e-03 8.440507592088802771e-04 0.000000000000000000e+00 2.924513148177613955e-03 0.000000000000000000e+00 2.450645823889108840e-03
