# File created on Mon Apr 29 01:10:29 2024
# The following metaparameters were used for this matrix optimization : gamma0 = 0.5; alpha0 = 0; sigma0 = 0.25; l0 = 1;p = 1; R0 = 1; S0 = 0.05; NR = 25; NS = 25; matrix path = matrices/Nr25_Nc25/consumption/RandTrix_Nr25_Nc25_Nest0.4_Conn0.2288.txt; convergence threshold = 1e-08
1.058134317571249e+00 3.432851199588651e-01 5.105845083226783e-01 4.476531550655227e-01 5.729092111033565e-01 0.000000000000000e+00 0.000000000000000e+00 5.177064586501801e-02 7.764788306972238e-01 2.206408613170846e-01 0.000000000000000e+00 0.000000000000000e+00 0.000000000000000e+00 5.232709705566546e-01 0.000000000000000e+00 6.317008685954609e-01 0.000000000000000e+00 3.530670374347792e-01 0.000000000000000e+00 0.000000000000000e+00 5.624149077121039e-01 6.909469168691214e-02 0.000000000000000e+00 0.000000000000000e+00 0.000000000000000e+00 
4.265446103728092e-01 3.872708555111130e-01 3.143399347920522e-01 6.262821157602612e-01 5.952496371782956e-01 0.000000000000000e+00 6.773563579065744e-01 2.955076507474173e-01 0.000000000000000e+00 3.115711790740824e-01 0.000000000000000e+00 8.605294644673725e-01 0.000000000000000e+00 0.000000000000000e+00 4.662186749592050e-01 0.000000000000000e+00 4.967117095733199e-01 0.000000000000000e+00 0.000000000000000e+00 0.000000000000000e+00 0.000000000000000e+00 4.569861884549626e-01 0.000000000000000e+00 0.000000000000000e+00 0.000000000000000e+00 
5.487588612928324e-01 0.000000000000000e+00 0.000000000000000e+00 2.642037022237931e-01 4.967033581884899e-01 0.000000000000000e+00 7.211876930902590e-01 1.217738418891005e-01 8.452959561497710e-01 0.000000000000000e+00 0.000000000000000e+00 0.000000000000000e+00 0.000000000000000e+00 0.000000000000000e+00 8.718902231573247e-02 8.658218216027055e-01 0.000000000000000e+00 1.795420518005841e-01 0.000000000000000e+00 0.000000000000000e+00 0.000000000000000e+00 0.000000000000000e+00 2.776126124066441e-01 8.372071332614785e-01 1.810799688416488e-01 
1.057841822944188e-01 0.000000000000000e+00 7.314129005166216e-01 6.032614244936948e-01 1.008876593115222e+00 0.000000000000000e+00 0.000000000000000e+00 0.000000000000000e+00 0.000000000000000e+00 0.000000000000000e+00 0.000000000000000e+00 0.000000000000000e+00 0.000000000000000e+00 0.000000000000000e+00 0.000000000000000e+00 1.245480048654066e+00 5.654228779404142e-01 0.000000000000000e+00 0.000000000000000e+00 8.393377926272289e-01 0.000000000000000e+00 0.000000000000000e+00 0.000000000000000e+00 6.263227720442778e-01 4.607562288284971e-01 
0.000000000000000e+00 1.379246256273370e+00 0.000000000000000e+00 0.000000000000000e+00 0.000000000000000e+00 0.000000000000000e+00 0.000000000000000e+00 0.000000000000000e+00 2.415462943553348e-01 0.000000000000000e+00 4.625729982164975e-01 4.410239041717530e-01 0.000000000000000e+00 0.000000000000000e+00 1.611389153631797e-01 0.000000000000000e+00 3.668233488398026e-01 0.000000000000000e+00 5.023754126520259e-01 0.000000000000000e+00 4.416672201814087e-01 0.000000000000000e+00 1.604139812053581e+00 0.000000000000000e+00 0.000000000000000e+00 
0.000000000000000e+00 3.539847016861541e-01 4.880466426618403e-01 0.000000000000000e+00 0.000000000000000e+00 5.572021858379696e-01 0.000000000000000e+00 0.000000000000000e+00 5.254123822061209e-01 0.000000000000000e+00 0.000000000000000e+00 0.000000000000000e+00 5.634907893318937e-01 1.214076214078177e-01 0.000000000000000e+00 0.000000000000000e+00 0.000000000000000e+00 0.000000000000000e+00 0.000000000000000e+00 0.000000000000000e+00 0.000000000000000e+00 0.000000000000000e+00 0.000000000000000e+00 0.000000000000000e+00 0.000000000000000e+00 
5.564770372904357e-01 0.000000000000000e+00 7.422501873291032e-02 5.645031149026531e-01 4.050884451571310e-01 2.458712322256119e-01 3.468878647917394e-01 4.771007017798410e-01 0.000000000000000e+00 0.000000000000000e+00 0.000000000000000e+00 0.000000000000000e+00 0.000000000000000e+00 0.000000000000000e+00 0.000000000000000e+00 0.000000000000000e+00 0.000000000000000e+00 0.000000000000000e+00 0.000000000000000e+00 0.000000000000000e+00 0.000000000000000e+00 7.993195397285734e-02 0.000000000000000e+00 0.000000000000000e+00 0.000000000000000e+00 
9.142987691490582e-01 0.000000000000000e+00 0.000000000000000e+00 0.000000000000000e+00 0.000000000000000e+00 0.000000000000000e+00 1.142537722167155e-01 0.000000000000000e+00 7.041569603262388e-01 0.000000000000000e+00 4.722507018799661e-01 1.056458859221076e-01 0.000000000000000e+00 3.158421569180116e-01 0.000000000000000e+00 1.563625888830832e-01 0.000000000000000e+00 0.000000000000000e+00 4.444890975674109e-02 0.000000000000000e+00 0.000000000000000e+00 0.000000000000000e+00 0.000000000000000e+00 0.000000000000000e+00 0.000000000000000e+00 
0.000000000000000e+00 6.481388772273657e-01 0.000000000000000e+00 0.000000000000000e+00 0.000000000000000e+00 8.930879273710336e-01 3.293679562269544e-01 0.000000000000000e+00 7.236913637974605e-01 0.000000000000000e+00 0.000000000000000e+00 0.000000000000000e+00 0.000000000000000e+00 0.000000000000000e+00 0.000000000000000e+00 0.000000000000000e+00 0.000000000000000e+00 0.000000000000000e+00 0.000000000000000e+00 0.000000000000000e+00 0.000000000000000e+00 0.000000000000000e+00 5.629550775125220e-01 8.703512309726276e-01 0.000000000000000e+00 
0.000000000000000e+00 6.706192703425528e-01 1.892919538769422e-01 6.309044847556511e-02 0.000000000000000e+00 0.000000000000000e+00 4.364715445991731e-02 0.000000000000000e+00 0.000000000000000e+00 0.000000000000000e+00 0.000000000000000e+00 7.792894129469744e-01 0.000000000000000e+00 0.000000000000000e+00 3.419576623388520e-01 0.000000000000000e+00 0.000000000000000e+00 2.249854211078531e-01 0.000000000000000e+00 0.000000000000000e+00 0.000000000000000e+00 0.000000000000000e+00 3.506805444411465e-01 0.000000000000000e+00 0.000000000000000e+00 
3.483210105679299e-01 2.010845872849865e-01 4.075406750035580e-02 0.000000000000000e+00 2.566010154646321e-01 0.000000000000000e+00 9.224999106079489e-01 0.000000000000000e+00 0.000000000000000e+00 0.000000000000000e+00 6.794942180877455e-02 0.000000000000000e+00 0.000000000000000e+00 0.000000000000000e+00 0.000000000000000e+00 0.000000000000000e+00 2.062165782774260e-01 0.000000000000000e+00 0.000000000000000e+00 0.000000000000000e+00 0.000000000000000e+00 0.000000000000000e+00 0.000000000000000e+00 0.000000000000000e+00 6.146090652189433e-01 
4.615612809437893e-01 5.006852119759390e-01 0.000000000000000e+00 0.000000000000000e+00 0.000000000000000e+00 0.000000000000000e+00 0.000000000000000e+00 0.000000000000000e+00 4.815021746556941e-01 3.858593525757592e-01 0.000000000000000e+00 0.000000000000000e+00 0.000000000000000e+00 6.018762417788191e-01 0.000000000000000e+00 0.000000000000000e+00 0.000000000000000e+00 0.000000000000000e+00 0.000000000000000e+00 5.459909043864856e-01 0.000000000000000e+00 0.000000000000000e+00 0.000000000000000e+00 0.000000000000000e+00 0.000000000000000e+00 
0.000000000000000e+00 0.000000000000000e+00 0.000000000000000e+00 2.703109941803139e-01 0.000000000000000e+00 4.053392044365524e-01 3.128602291561699e-01 0.000000000000000e+00 2.434494183168625e-01 3.011834269633858e-01 0.000000000000000e+00 0.000000000000000e+00 0.000000000000000e+00 0.000000000000000e+00 0.000000000000000e+00 3.624374000088933e-01 2.614474229061563e-01 0.000000000000000e+00 0.000000000000000e+00 0.000000000000000e+00 0.000000000000000e+00 0.000000000000000e+00 0.000000000000000e+00 0.000000000000000e+00 0.000000000000000e+00 
0.000000000000000e+00 0.000000000000000e+00 4.752149887990964e-01 0.000000000000000e+00 0.000000000000000e+00 0.000000000000000e+00 6.284446049264770e-01 4.746889113518643e-01 0.000000000000000e+00 0.000000000000000e+00 0.000000000000000e+00 0.000000000000000e+00 0.000000000000000e+00 0.000000000000000e+00 0.000000000000000e+00 0.000000000000000e+00 0.000000000000000e+00 3.804032012347447e-01 2.424060799576731e-01 0.000000000000000e+00 0.000000000000000e+00 0.000000000000000e+00 0.000000000000000e+00 0.000000000000000e+00 0.000000000000000e+00 
3.434748579488151e-01 1.644622454699086e-01 4.466501854696172e-01 0.000000000000000e+00 2.660230411620513e-01 0.000000000000000e+00 0.000000000000000e+00 0.000000000000000e+00 0.000000000000000e+00 0.000000000000000e+00 0.000000000000000e+00 0.000000000000000e+00 4.359305863565317e-01 6.443887861635535e-01 0.000000000000000e+00 0.000000000000000e+00 0.000000000000000e+00 0.000000000000000e+00 0.000000000000000e+00 0.000000000000000e+00 0.000000000000000e+00 0.000000000000000e+00 0.000000000000000e+00 0.000000000000000e+00 0.000000000000000e+00 
0.000000000000000e+00 0.000000000000000e+00 0.000000000000000e+00 0.000000000000000e+00 0.000000000000000e+00 0.000000000000000e+00 0.000000000000000e+00 0.000000000000000e+00 9.181083211240528e-01 0.000000000000000e+00 0.000000000000000e+00 0.000000000000000e+00 0.000000000000000e+00 8.028147923559392e-01 0.000000000000000e+00 0.000000000000000e+00 3.807316895316883e-01 4.794679157700526e-02 0.000000000000000e+00 0.000000000000000e+00 0.000000000000000e+00 0.000000000000000e+00 5.479501752675579e-01 0.000000000000000e+00 0.000000000000000e+00 
4.439444548517111e-01 3.100988951976500e-01 5.455414244958972e-02 1.170221394749449e-01 0.000000000000000e+00 3.568094383170667e-01 0.000000000000000e+00 0.000000000000000e+00 0.000000000000000e+00 0.000000000000000e+00 0.000000000000000e+00 0.000000000000000e+00 0.000000000000000e+00 1.024339965032396e-01 0.000000000000000e+00 1.081020517742549e-01 2.166113293901049e-01 0.000000000000000e+00 0.000000000000000e+00 6.841031960491073e-01 0.000000000000000e+00 0.000000000000000e+00 0.000000000000000e+00 0.000000000000000e+00 0.000000000000000e+00 
4.747923961097919e-01 3.244144927976055e-01 4.490786487485287e-02 4.601377125860938e-01 0.000000000000000e+00 0.000000000000000e+00 0.000000000000000e+00 0.000000000000000e+00 0.000000000000000e+00 3.839068201921054e-01 0.000000000000000e+00 0.000000000000000e+00 0.000000000000000e+00 1.489180322234272e-01 0.000000000000000e+00 2.298358874103049e-01 0.000000000000000e+00 0.000000000000000e+00 0.000000000000000e+00 0.000000000000000e+00 0.000000000000000e+00 0.000000000000000e+00 0.000000000000000e+00 0.000000000000000e+00 0.000000000000000e+00 
0.000000000000000e+00 0.000000000000000e+00 0.000000000000000e+00 0.000000000000000e+00 0.000000000000000e+00 3.978710737272158e-01 1.636352267272598e-01 2.997068024583217e-01 1.863192366935596e-01 0.000000000000000e+00 0.000000000000000e+00 1.388057432320644e-01 0.000000000000000e+00 0.000000000000000e+00 0.000000000000000e+00 0.000000000000000e+00 5.993995399987076e-01 0.000000000000000e+00 0.000000000000000e+00 2.196059441163355e-01 0.000000000000000e+00 0.000000000000000e+00 0.000000000000000e+00 0.000000000000000e+00 0.000000000000000e+00 
6.532992682361443e-01 0.000000000000000e+00 0.000000000000000e+00 0.000000000000000e+00 3.215957462059439e-01 3.251725027414377e-01 0.000000000000000e+00 0.000000000000000e+00 0.000000000000000e+00 0.000000000000000e+00 0.000000000000000e+00 4.754266673131285e-01 0.000000000000000e+00 0.000000000000000e+00 0.000000000000000e+00 0.000000000000000e+00 0.000000000000000e+00 0.000000000000000e+00 0.000000000000000e+00 0.000000000000000e+00 0.000000000000000e+00 0.000000000000000e+00 0.000000000000000e+00 0.000000000000000e+00 0.000000000000000e+00 
0.000000000000000e+00 2.081844178987354e-01 4.951385560602873e-01 0.000000000000000e+00 6.829108376315337e-01 0.000000000000000e+00 0.000000000000000e+00 0.000000000000000e+00 0.000000000000000e+00 0.000000000000000e+00 0.000000000000000e+00 0.000000000000000e+00 0.000000000000000e+00 0.000000000000000e+00 0.000000000000000e+00 0.000000000000000e+00 0.000000000000000e+00 0.000000000000000e+00 0.000000000000000e+00 0.000000000000000e+00 0.000000000000000e+00 0.000000000000000e+00 0.000000000000000e+00 0.000000000000000e+00 0.000000000000000e+00 
0.000000000000000e+00 0.000000000000000e+00 0.000000000000000e+00 0.000000000000000e+00 0.000000000000000e+00 0.000000000000000e+00 0.000000000000000e+00 3.600510602141787e-01 0.000000000000000e+00 0.000000000000000e+00 0.000000000000000e+00 0.000000000000000e+00 0.000000000000000e+00 0.000000000000000e+00 0.000000000000000e+00 0.000000000000000e+00 0.000000000000000e+00 1.208430517967375e-01 0.000000000000000e+00 0.000000000000000e+00 0.000000000000000e+00 0.000000000000000e+00 0.000000000000000e+00 1.559479659592818e-01 0.000000000000000e+00 
0.000000000000000e+00 0.000000000000000e+00 0.000000000000000e+00 0.000000000000000e+00 3.530983183825073e-01 0.000000000000000e+00 1.328818646329014e-01 0.000000000000000e+00 0.000000000000000e+00 0.000000000000000e+00 3.776860365229798e-01 0.000000000000000e+00 0.000000000000000e+00 0.000000000000000e+00 0.000000000000000e+00 0.000000000000000e+00 0.000000000000000e+00 0.000000000000000e+00 0.000000000000000e+00 0.000000000000000e+00 4.241624363085180e-02 0.000000000000000e+00 8.883333695875557e-03 0.000000000000000e+00 0.000000000000000e+00 
0.000000000000000e+00 0.000000000000000e+00 0.000000000000000e+00 0.000000000000000e+00 0.000000000000000e+00 0.000000000000000e+00 0.000000000000000e+00 0.000000000000000e+00 0.000000000000000e+00 0.000000000000000e+00 4.847889144877253e-01 0.000000000000000e+00 0.000000000000000e+00 0.000000000000000e+00 0.000000000000000e+00 0.000000000000000e+00 0.000000000000000e+00 0.000000000000000e+00 0.000000000000000e+00 0.000000000000000e+00 0.000000000000000e+00 0.000000000000000e+00 0.000000000000000e+00 0.000000000000000e+00 0.000000000000000e+00 
0.000000000000000e+00 0.000000000000000e+00 0.000000000000000e+00 0.000000000000000e+00 0.000000000000000e+00 0.000000000000000e+00 0.000000000000000e+00 0.000000000000000e+00 0.000000000000000e+00 0.000000000000000e+00 0.000000000000000e+00 0.000000000000000e+00 0.000000000000000e+00 0.000000000000000e+00 0.000000000000000e+00 0.000000000000000e+00 0.000000000000000e+00 0.000000000000000e+00 0.000000000000000e+00 0.000000000000000e+00 3.790751122477362e-01 0.000000000000000e+00 0.000000000000000e+00 0.000000000000000e+00 0.000000000000000e+00 