# # # File created on Tue Apr 30 03:56:26 2024
#  #  # The following metaparameters were used for this matrix optimization : gamma0 = 0.5; alpha0 = 0; sigma0 = 0.25; l0 = 1;p = 1; R0 = 1; S0 = 0.05; NR = 25; NS = 25; matrix path = matrices/Nr25_Nc25/consumption/RandTrix_Nr25_Nc25_Nest0.5_Conn0.32.txt; convergence threshold = 1e-08
# 
4.566722917935164827e-01 3.072796224707841084e-01 7.661815894056884790e-01 4.654299979652729014e-01 6.819868100358993379e-01 0.000000000000000000e+00 7.109275378365131903e-01 6.474825433330074764e-01 0.000000000000000000e+00 3.437827902912263811e-01 3.373816666507540862e-01 0.000000000000000000e+00 0.000000000000000000e+00 0.000000000000000000e+00 5.115241228741884694e-01 0.000000000000000000e+00 0.000000000000000000e+00 1.301548353971283989e+00 0.000000000000000000e+00 0.000000000000000000e+00 0.000000000000000000e+00 0.000000000000000000e+00 0.000000000000000000e+00 0.000000000000000000e+00 0.000000000000000000e+00
0.000000000000000000e+00 0.000000000000000000e+00 0.000000000000000000e+00 1.529647848359209084e+00 1.999337035045291033e-01 0.000000000000000000e+00 0.000000000000000000e+00 0.000000000000000000e+00 1.796488894649030055e+00 6.997440304621107554e-01 0.000000000000000000e+00 0.000000000000000000e+00 0.000000000000000000e+00 0.000000000000000000e+00 3.284671707285400921e-01 0.000000000000000000e+00 0.000000000000000000e+00 0.000000000000000000e+00 0.000000000000000000e+00 3.276718218107816938e-01 0.000000000000000000e+00 1.206731412977730011e+00 0.000000000000000000e+00 0.000000000000000000e+00 0.000000000000000000e+00
1.209393546029980060e+00 4.095079179266126745e-01 1.304543469872083916e+00 0.000000000000000000e+00 0.000000000000000000e+00 0.000000000000000000e+00 0.000000000000000000e+00 0.000000000000000000e+00 2.676456854151744724e-01 1.008849690111758957e+00 3.479399242967458061e-01 0.000000000000000000e+00 0.000000000000000000e+00 0.000000000000000000e+00 9.928880755330965480e-01 0.000000000000000000e+00 0.000000000000000000e+00 6.131618881285586520e-01 0.000000000000000000e+00 0.000000000000000000e+00 2.220503047381567896e-01 1.195056847817715040e+00 0.000000000000000000e+00 0.000000000000000000e+00 0.000000000000000000e+00
3.845986747890262070e-01 1.062689805631100021e-01 0.000000000000000000e+00 1.066610798789340064e+00 1.000725085805260095e+00 6.785979941162082474e-01 5.032006684663101748e-01 0.000000000000000000e+00 0.000000000000000000e+00 0.000000000000000000e+00 0.000000000000000000e+00 0.000000000000000000e+00 0.000000000000000000e+00 0.000000000000000000e+00 3.981976397308015225e-01 0.000000000000000000e+00 0.000000000000000000e+00 0.000000000000000000e+00 0.000000000000000000e+00 8.631298523598027739e-01 0.000000000000000000e+00 4.547454450376522961e-02 6.298762977233585136e-01 1.362448127252583081e-02 0.000000000000000000e+00
0.000000000000000000e+00 4.247811116684623856e-01 1.309697189289819041e+00 0.000000000000000000e+00 2.034665038870077935e-01 0.000000000000000000e+00 0.000000000000000000e+00 0.000000000000000000e+00 3.125086319248810973e-01 6.249784794277023492e-01 0.000000000000000000e+00 0.000000000000000000e+00 0.000000000000000000e+00 1.117439681206152891e+00 0.000000000000000000e+00 2.220796954897474029e-01 0.000000000000000000e+00 0.000000000000000000e+00 1.400921608066117985e+00 0.000000000000000000e+00 0.000000000000000000e+00 0.000000000000000000e+00 3.683364768416160784e-01 0.000000000000000000e+00 0.000000000000000000e+00
7.235917463500407543e-01 3.226670739370988139e-01 1.051464713210416985e-01 7.439826480950909593e-01 3.902188572512255149e-01 7.440742344460690161e-01 0.000000000000000000e+00 3.190817683982273834e-01 0.000000000000000000e+00 0.000000000000000000e+00 0.000000000000000000e+00 0.000000000000000000e+00 0.000000000000000000e+00 5.343209914391500864e-02 0.000000000000000000e+00 4.931016903500192727e-01 0.000000000000000000e+00 0.000000000000000000e+00 0.000000000000000000e+00 0.000000000000000000e+00 0.000000000000000000e+00 0.000000000000000000e+00 0.000000000000000000e+00 0.000000000000000000e+00 5.492162824291149104e-01
1.411766224206457920e+00 0.000000000000000000e+00 0.000000000000000000e+00 0.000000000000000000e+00 0.000000000000000000e+00 0.000000000000000000e+00 0.000000000000000000e+00 4.673466290580483018e-01 6.516305894014952083e-01 0.000000000000000000e+00 0.000000000000000000e+00 0.000000000000000000e+00 0.000000000000000000e+00 0.000000000000000000e+00 1.351733232031995913e+00 9.283368079479603630e-02 0.000000000000000000e+00 0.000000000000000000e+00 0.000000000000000000e+00 0.000000000000000000e+00 0.000000000000000000e+00 0.000000000000000000e+00 0.000000000000000000e+00 0.000000000000000000e+00 0.000000000000000000e+00
3.758264396537339125e-01 1.097506520236910976e+00 0.000000000000000000e+00 0.000000000000000000e+00 0.000000000000000000e+00 0.000000000000000000e+00 0.000000000000000000e+00 0.000000000000000000e+00 0.000000000000000000e+00 0.000000000000000000e+00 0.000000000000000000e+00 0.000000000000000000e+00 0.000000000000000000e+00 0.000000000000000000e+00 1.899962424797509097e+00 0.000000000000000000e+00 0.000000000000000000e+00 0.000000000000000000e+00 0.000000000000000000e+00 0.000000000000000000e+00 0.000000000000000000e+00 0.000000000000000000e+00 0.000000000000000000e+00 0.000000000000000000e+00 0.000000000000000000e+00
2.984039105719288876e-01 0.000000000000000000e+00 1.186565209365624929e+00 0.000000000000000000e+00 0.000000000000000000e+00 0.000000000000000000e+00 0.000000000000000000e+00 0.000000000000000000e+00 3.896899139098108922e-01 2.391130938004701056e-01 0.000000000000000000e+00 0.000000000000000000e+00 0.000000000000000000e+00 6.221617800191949765e-01 0.000000000000000000e+00 4.273427581946638854e-01 0.000000000000000000e+00 0.000000000000000000e+00 1.378961530769734045e+00 0.000000000000000000e+00 2.316987941222647951e-01 0.000000000000000000e+00 0.000000000000000000e+00 0.000000000000000000e+00 1.627606305125783026e-01
9.530450091266865487e-01 6.561287221981347839e-01 0.000000000000000000e+00 9.292727503315696691e-02 2.422973818069026897e-01 0.000000000000000000e+00 0.000000000000000000e+00 0.000000000000000000e+00 0.000000000000000000e+00 0.000000000000000000e+00 0.000000000000000000e+00 0.000000000000000000e+00 0.000000000000000000e+00 0.000000000000000000e+00 0.000000000000000000e+00 0.000000000000000000e+00 0.000000000000000000e+00 0.000000000000000000e+00 0.000000000000000000e+00 3.100452569285467863e-01 0.000000000000000000e+00 9.457561322308702945e-01 5.469438902002864422e-01 6.593622291184254580e-01 0.000000000000000000e+00
2.299798265134634923e-01 1.106938028527834073e+00 6.416774120720807328e-01 0.000000000000000000e+00 0.000000000000000000e+00 0.000000000000000000e+00 0.000000000000000000e+00 0.000000000000000000e+00 0.000000000000000000e+00 0.000000000000000000e+00 4.979840633763760183e-01 3.976180276560867255e-01 0.000000000000000000e+00 0.000000000000000000e+00 0.000000000000000000e+00 0.000000000000000000e+00 0.000000000000000000e+00 0.000000000000000000e+00 0.000000000000000000e+00 1.112295410421637043e-01 5.149535080070483106e-01 0.000000000000000000e+00 0.000000000000000000e+00 0.000000000000000000e+00 0.000000000000000000e+00
3.680310796654919225e-01 3.990579387651539967e-01 9.021066785000176891e-01 4.909688812373150246e-01 0.000000000000000000e+00 0.000000000000000000e+00 0.000000000000000000e+00 0.000000000000000000e+00 6.922960936623847594e-01 0.000000000000000000e+00 3.942535939837296666e-02 0.000000000000000000e+00 0.000000000000000000e+00 0.000000000000000000e+00 4.775023620659368806e-01 9.393587949590556652e-02 0.000000000000000000e+00 0.000000000000000000e+00 2.825946246859523114e-01 0.000000000000000000e+00 0.000000000000000000e+00 0.000000000000000000e+00 0.000000000000000000e+00 2.549244841628797893e-03 0.000000000000000000e+00
7.337409345807667238e-01 7.960693050660124781e-01 0.000000000000000000e+00 0.000000000000000000e+00 0.000000000000000000e+00 2.223626793853132055e-01 0.000000000000000000e+00 0.000000000000000000e+00 0.000000000000000000e+00 0.000000000000000000e+00 2.333784253428395905e-01 0.000000000000000000e+00 4.617636096697210757e-01 0.000000000000000000e+00 0.000000000000000000e+00 0.000000000000000000e+00 0.000000000000000000e+00 0.000000000000000000e+00 2.499561647770310036e-01 0.000000000000000000e+00 3.942341061110902767e-01 0.000000000000000000e+00 5.689972900674915568e-01 0.000000000000000000e+00 0.000000000000000000e+00
3.608025497299194861e-01 0.000000000000000000e+00 1.640543801139429936e-01 0.000000000000000000e+00 0.000000000000000000e+00 0.000000000000000000e+00 0.000000000000000000e+00 4.805279373194716874e-01 6.658511068340076111e-01 8.471206436696682163e-01 6.881478740606826738e-01 0.000000000000000000e+00 0.000000000000000000e+00 0.000000000000000000e+00 2.799625834245185116e-02 0.000000000000000000e+00 0.000000000000000000e+00 0.000000000000000000e+00 0.000000000000000000e+00 0.000000000000000000e+00 1.110803983840005005e+00 3.870014244205812748e-01 0.000000000000000000e+00 0.000000000000000000e+00 0.000000000000000000e+00
5.056284276558478119e-01 0.000000000000000000e+00 0.000000000000000000e+00 0.000000000000000000e+00 0.000000000000000000e+00 0.000000000000000000e+00 0.000000000000000000e+00 0.000000000000000000e+00 9.748142289115775405e-01 0.000000000000000000e+00 0.000000000000000000e+00 4.455154398310071096e-01 0.000000000000000000e+00 0.000000000000000000e+00 3.083715274803390805e-01 0.000000000000000000e+00 0.000000000000000000e+00 0.000000000000000000e+00 1.998286851989496127e-01 0.000000000000000000e+00 0.000000000000000000e+00 0.000000000000000000e+00 0.000000000000000000e+00 6.862091166416021126e-01 0.000000000000000000e+00
0.000000000000000000e+00 8.957103740140582859e-01 0.000000000000000000e+00 0.000000000000000000e+00 0.000000000000000000e+00 0.000000000000000000e+00 0.000000000000000000e+00 7.422264268258615960e-01 0.000000000000000000e+00 2.218972736817564073e-01 0.000000000000000000e+00 0.000000000000000000e+00 1.194387150348349969e-01 9.052924875224721557e-02 0.000000000000000000e+00 1.632029717041963979e-01 0.000000000000000000e+00 0.000000000000000000e+00 0.000000000000000000e+00 0.000000000000000000e+00 0.000000000000000000e+00 0.000000000000000000e+00 0.000000000000000000e+00 8.883362015277977974e-01 0.000000000000000000e+00
2.835661597841380166e-01 0.000000000000000000e+00 3.117161764104202093e-01 6.439006160291574909e-01 8.468986470352234397e-01 0.000000000000000000e+00 4.634446583032176825e-01 0.000000000000000000e+00 0.000000000000000000e+00 0.000000000000000000e+00 0.000000000000000000e+00 0.000000000000000000e+00 0.000000000000000000e+00 0.000000000000000000e+00 0.000000000000000000e+00 0.000000000000000000e+00 0.000000000000000000e+00 0.000000000000000000e+00 4.132084194049057829e-02 0.000000000000000000e+00 0.000000000000000000e+00 0.000000000000000000e+00 0.000000000000000000e+00 0.000000000000000000e+00 0.000000000000000000e+00
4.650874842679286192e-01 0.000000000000000000e+00 0.000000000000000000e+00 0.000000000000000000e+00 0.000000000000000000e+00 5.096715751330354038e-01 5.397308613338518413e-01 0.000000000000000000e+00 1.065197226645363093e+00 0.000000000000000000e+00 0.000000000000000000e+00 0.000000000000000000e+00 0.000000000000000000e+00 0.000000000000000000e+00 0.000000000000000000e+00 0.000000000000000000e+00 0.000000000000000000e+00 0.000000000000000000e+00 0.000000000000000000e+00 0.000000000000000000e+00 0.000000000000000000e+00 0.000000000000000000e+00 0.000000000000000000e+00 0.000000000000000000e+00 6.910453800920798306e-01
0.000000000000000000e+00 0.000000000000000000e+00 0.000000000000000000e+00 1.037194364294174997e+00 0.000000000000000000e+00 2.180877221907611963e-01 0.000000000000000000e+00 4.839148094404308043e-01 0.000000000000000000e+00 0.000000000000000000e+00 0.000000000000000000e+00 3.144641483880378230e-01 0.000000000000000000e+00 0.000000000000000000e+00 0.000000000000000000e+00 0.000000000000000000e+00 0.000000000000000000e+00 0.000000000000000000e+00 0.000000000000000000e+00 0.000000000000000000e+00 0.000000000000000000e+00 0.000000000000000000e+00 0.000000000000000000e+00 0.000000000000000000e+00 3.248971786864459088e-01
5.452809415518679037e-01 0.000000000000000000e+00 0.000000000000000000e+00 0.000000000000000000e+00 2.661906440505489857e-01 0.000000000000000000e+00 0.000000000000000000e+00 6.102577895189231771e-01 0.000000000000000000e+00 2.660447816083681971e-01 4.982826492342885133e-02 2.723627115054326753e-01 0.000000000000000000e+00 0.000000000000000000e+00 0.000000000000000000e+00 3.896910676643918769e-01 0.000000000000000000e+00 0.000000000000000000e+00 0.000000000000000000e+00 0.000000000000000000e+00 0.000000000000000000e+00 0.000000000000000000e+00 0.000000000000000000e+00 0.000000000000000000e+00 0.000000000000000000e+00
0.000000000000000000e+00 0.000000000000000000e+00 0.000000000000000000e+00 0.000000000000000000e+00 0.000000000000000000e+00 4.759201093013927242e-01 0.000000000000000000e+00 1.141818650139970970e+00 0.000000000000000000e+00 0.000000000000000000e+00 0.000000000000000000e+00 0.000000000000000000e+00 0.000000000000000000e+00 0.000000000000000000e+00 0.000000000000000000e+00 0.000000000000000000e+00 0.000000000000000000e+00 0.000000000000000000e+00 0.000000000000000000e+00 0.000000000000000000e+00 9.403513348989761544e-02 2.140053922130663935e-02 0.000000000000000000e+00 0.000000000000000000e+00 0.000000000000000000e+00
4.608916813390103728e-01 1.279738009861350889e-01 0.000000000000000000e+00 0.000000000000000000e+00 3.460031391797183109e-01 0.000000000000000000e+00 3.976579025563024006e-01 0.000000000000000000e+00 0.000000000000000000e+00 0.000000000000000000e+00 0.000000000000000000e+00 0.000000000000000000e+00 0.000000000000000000e+00 0.000000000000000000e+00 0.000000000000000000e+00 0.000000000000000000e+00 7.000868744117256792e-01 0.000000000000000000e+00 0.000000000000000000e+00 0.000000000000000000e+00 0.000000000000000000e+00 0.000000000000000000e+00 0.000000000000000000e+00 0.000000000000000000e+00 0.000000000000000000e+00
0.000000000000000000e+00 0.000000000000000000e+00 0.000000000000000000e+00 0.000000000000000000e+00 4.193820918427126898e-01 0.000000000000000000e+00 8.969564774304075172e-01 0.000000000000000000e+00 0.000000000000000000e+00 0.000000000000000000e+00 0.000000000000000000e+00 0.000000000000000000e+00 0.000000000000000000e+00 0.000000000000000000e+00 0.000000000000000000e+00 0.000000000000000000e+00 0.000000000000000000e+00 0.000000000000000000e+00 0.000000000000000000e+00 0.000000000000000000e+00 0.000000000000000000e+00 0.000000000000000000e+00 0.000000000000000000e+00 0.000000000000000000e+00 0.000000000000000000e+00
0.000000000000000000e+00 4.581162637166001916e-01 0.000000000000000000e+00 0.000000000000000000e+00 0.000000000000000000e+00 0.000000000000000000e+00 0.000000000000000000e+00 0.000000000000000000e+00 0.000000000000000000e+00 0.000000000000000000e+00 0.000000000000000000e+00 0.000000000000000000e+00 0.000000000000000000e+00 6.192157351034131008e-01 0.000000000000000000e+00 0.000000000000000000e+00 0.000000000000000000e+00 3.590505527391716911e-01 0.000000000000000000e+00 0.000000000000000000e+00 0.000000000000000000e+00 0.000000000000000000e+00 0.000000000000000000e+00 0.000000000000000000e+00 5.272742886541911811e-02
1.422342879213897016e-01 0.000000000000000000e+00 3.520448678012568777e-01 2.784386155519824047e-01 0.000000000000000000e+00 5.218990615558537494e-01 0.000000000000000000e+00 0.000000000000000000e+00 0.000000000000000000e+00 0.000000000000000000e+00 0.000000000000000000e+00 0.000000000000000000e+00 0.000000000000000000e+00 0.000000000000000000e+00 0.000000000000000000e+00 0.000000000000000000e+00 0.000000000000000000e+00 0.000000000000000000e+00 0.000000000000000000e+00 0.000000000000000000e+00 0.000000000000000000e+00 0.000000000000000000e+00 0.000000000000000000e+00 0.000000000000000000e+00 0.000000000000000000e+00
