# # File created on Fri May 17 15:41:48 2024
#  # The following metaparameters were used for this matrix optimization : gamma0 = 0.5; alpha0 = 0; sigma0 = 0.25; l0 = 1;p = 1; R0 = 1; S0 = 0.05; NR = 25; NS = 25; matrix path = matrices/Nr25_Nc25/consumption/RandTrix_Nr25_Nc25_Nest0.3_Conn0.128.txt; convergence threshold = 1e-08
# 
1.813403703373014019e-03 0.000000000000000000e+00 6.361157176564987119e-04 0.000000000000000000e+00 4.745500433215769399e-03 2.646823236342324154e-03 0.000000000000000000e+00 0.000000000000000000e+00 1.303355130846165031e-03 0.000000000000000000e+00 2.855814448607748093e-03 3.153381843011269971e-03 1.881188989578227088e-03 4.117168462880300972e-03 2.640928567185436057e-04 0.000000000000000000e+00 0.000000000000000000e+00 2.477051177161051967e-03 0.000000000000000000e+00 0.000000000000000000e+00 4.893759369028019210e-03 0.000000000000000000e+00 0.000000000000000000e+00 0.000000000000000000e+00 0.000000000000000000e+00
0.000000000000000000e+00 0.000000000000000000e+00 0.000000000000000000e+00 0.000000000000000000e+00 0.000000000000000000e+00 5.528858561984857027e-05 4.633177743682374838e-03 6.456282820446094346e-04 3.579032293331175108e-04 4.489268262273356930e-03 2.077864607190406041e-03 0.000000000000000000e+00 3.167589825027045981e-03 4.684342809709586899e-03 4.849074326065348425e-03 2.911615420170903055e-03 0.000000000000000000e+00 0.000000000000000000e+00 0.000000000000000000e+00 0.000000000000000000e+00 0.000000000000000000e+00 0.000000000000000000e+00 4.436239931651881317e-03 4.927025950058302670e-03 0.000000000000000000e+00
0.000000000000000000e+00 0.000000000000000000e+00 2.303267914072845040e-04 0.000000000000000000e+00 0.000000000000000000e+00 0.000000000000000000e+00 3.767771616280149796e-03 7.178371599738934310e-04 2.435292509662522885e-04 0.000000000000000000e+00 0.000000000000000000e+00 3.540754815964635826e-03 3.490372337382697133e-03 0.000000000000000000e+00 0.000000000000000000e+00 1.935282383518131073e-03 3.866721362604463863e-03 0.000000000000000000e+00 0.000000000000000000e+00 6.082738192566654323e-04 0.000000000000000000e+00 2.838621444574587153e-03 1.712478086095017967e-03 0.000000000000000000e+00 0.000000000000000000e+00
3.665620346975553942e-04 0.000000000000000000e+00 2.924549334653672207e-03 0.000000000000000000e+00 0.000000000000000000e+00 0.000000000000000000e+00 0.000000000000000000e+00 1.491556105105946084e-03 0.000000000000000000e+00 2.423982186096115821e-03 0.000000000000000000e+00 2.817850308031230933e-05 3.665398297934125121e-03 2.023852555033908186e-03 2.687464389269204196e-03 0.000000000000000000e+00 0.000000000000000000e+00 0.000000000000000000e+00 4.766247056147011885e-03 0.000000000000000000e+00 3.567528170265873814e-03 4.905929389861155357e-03 1.253009617464229944e-03 0.000000000000000000e+00 3.167467583286369924e-03
0.000000000000000000e+00 3.639455168154190866e-04 0.000000000000000000e+00 0.000000000000000000e+00 0.000000000000000000e+00 0.000000000000000000e+00 4.491514689515891702e-03 0.000000000000000000e+00 0.000000000000000000e+00 0.000000000000000000e+00 3.336874738209975877e-03 1.249847872657630079e-03 9.370094875195165507e-04 3.508563785466798941e-03 0.000000000000000000e+00 0.000000000000000000e+00 4.466051167961282431e-03 3.329334183685046106e-03 0.000000000000000000e+00 1.929061694334609049e-03 4.835001641884727891e-03 0.000000000000000000e+00 7.147986252212674410e-04 3.845509666943948846e-03 1.550484990194880060e-03
0.000000000000000000e+00 4.018597545517838855e-03 2.284651060848056150e-03 4.481137543759744317e-03 0.000000000000000000e+00 4.677944040705089325e-03 0.000000000000000000e+00 0.000000000000000000e+00 0.000000000000000000e+00 0.000000000000000000e+00 0.000000000000000000e+00 0.000000000000000000e+00 3.676360649314103831e-03 6.204605193220299108e-04 0.000000000000000000e+00 4.539903825403095237e-04 2.558765302611551765e-04 0.000000000000000000e+00 3.936881993040636414e-03 3.685709250297172296e-05 0.000000000000000000e+00 0.000000000000000000e+00 0.000000000000000000e+00 0.000000000000000000e+00 0.000000000000000000e+00
0.000000000000000000e+00 0.000000000000000000e+00 2.236276731001238856e-03 0.000000000000000000e+00 6.710623407774116535e-04 0.000000000000000000e+00 1.949348568433304874e-04 1.619654399054871064e-03 4.658467174364990665e-03 0.000000000000000000e+00 4.875443512032869367e-03 0.000000000000000000e+00 0.000000000000000000e+00 1.161250353187792987e-03 0.000000000000000000e+00 3.741232528231524211e-03 3.759150318842753146e-03 0.000000000000000000e+00 0.000000000000000000e+00 0.000000000000000000e+00 0.000000000000000000e+00 0.000000000000000000e+00 2.972651970539489036e-04 2.843854266004521188e-03 0.000000000000000000e+00
0.000000000000000000e+00 3.770258148990469124e-03 1.687178549894148994e-03 1.086437385259199969e-03 0.000000000000000000e+00 1.234886118491022909e-03 2.285719578837060173e-03 0.000000000000000000e+00 0.000000000000000000e+00 0.000000000000000000e+00 0.000000000000000000e+00 3.207776652967233091e-03 0.000000000000000000e+00 0.000000000000000000e+00 4.017203560404328418e-03 0.000000000000000000e+00 0.000000000000000000e+00 4.485381250142569942e-03 8.304471837569703599e-04 3.889403515762750911e-04 4.774777838112579352e-03 1.077775161353381042e-04 0.000000000000000000e+00 0.000000000000000000e+00 9.161243179582590455e-04
0.000000000000000000e+00 0.000000000000000000e+00 0.000000000000000000e+00 0.000000000000000000e+00 1.767058420908137941e-03 0.000000000000000000e+00 0.000000000000000000e+00 0.000000000000000000e+00 4.958142177960552996e-03 0.000000000000000000e+00 0.000000000000000000e+00 0.000000000000000000e+00 0.000000000000000000e+00 0.000000000000000000e+00 0.000000000000000000e+00 0.000000000000000000e+00 4.730438109398749612e-03 3.458155513375165812e-03 4.777694244911355817e-03 0.000000000000000000e+00 1.406655149297786084e-03 0.000000000000000000e+00 4.472182370752325869e-04 4.623867399085555656e-03 0.000000000000000000e+00
0.000000000000000000e+00 0.000000000000000000e+00 8.404053831244597981e-04 0.000000000000000000e+00 3.530015538872919873e-03 0.000000000000000000e+00 8.583047505204502046e-04 0.000000000000000000e+00 1.724116022873043016e-03 0.000000000000000000e+00 0.000000000000000000e+00 0.000000000000000000e+00 3.796175148473969821e-03 4.712702135301231193e-03 2.582100707352538022e-03 1.018648078490426000e-03 0.000000000000000000e+00 0.000000000000000000e+00 0.000000000000000000e+00 0.000000000000000000e+00 3.780733167081638119e-03 6.108008538462489064e-04 0.000000000000000000e+00 1.846279978726875085e-03 1.770150271400119024e-03
0.000000000000000000e+00 0.000000000000000000e+00 0.000000000000000000e+00 0.000000000000000000e+00 2.720256678311311956e-03 0.000000000000000000e+00 8.323218987928433354e-04 0.000000000000000000e+00 1.379879369913011985e-03 0.000000000000000000e+00 0.000000000000000000e+00 0.000000000000000000e+00 3.473261586593156267e-04 0.000000000000000000e+00 0.000000000000000000e+00 0.000000000000000000e+00 3.953471345434838788e-03 0.000000000000000000e+00 0.000000000000000000e+00 4.526643959560358588e-03 1.423379746993309013e-03 0.000000000000000000e+00 0.000000000000000000e+00 0.000000000000000000e+00 4.075579302710250276e-03
3.987645104595164726e-03 1.438815106096256102e-03 1.006514478794605979e-03 0.000000000000000000e+00 4.098675250152126852e-03 0.000000000000000000e+00 1.995407070472477069e-03 0.000000000000000000e+00 0.000000000000000000e+00 0.000000000000000000e+00 0.000000000000000000e+00 4.831355832522710126e-04 0.000000000000000000e+00 1.145975377997047974e-03 0.000000000000000000e+00 2.583696413357755052e-03 0.000000000000000000e+00 2.109863658542879966e-03 0.000000000000000000e+00 5.389349953213769945e-04 0.000000000000000000e+00 3.287671207685860953e-03 4.654091421000887754e-03 0.000000000000000000e+00 0.000000000000000000e+00
1.301160950374104057e-03 1.259210435122459087e-03 2.676635309977683946e-04 4.911167249640168049e-03 2.041334721247894859e-03 0.000000000000000000e+00 1.763777731083059986e-03 0.000000000000000000e+00 1.148570683954189091e-03 0.000000000000000000e+00 0.000000000000000000e+00 0.000000000000000000e+00 0.000000000000000000e+00 8.220340309997250551e-04 6.358091081779382705e-04 3.809268559810459909e-03 0.000000000000000000e+00 0.000000000000000000e+00 3.814264933272141253e-04 0.000000000000000000e+00 0.000000000000000000e+00 0.000000000000000000e+00 3.493852921877248783e-04 6.663275401580103126e-04 2.423488235040144963e-04
0.000000000000000000e+00 0.000000000000000000e+00 2.468182277236924144e-03 0.000000000000000000e+00 0.000000000000000000e+00 4.918524277122047171e-03 1.351893376378317897e-03 3.285375165188197965e-04 2.859086243097508969e-03 1.250103932178712931e-03 8.630996763899447975e-04 0.000000000000000000e+00 3.745463140530197813e-03 4.606294913187506009e-03 1.073121708622731037e-03 8.261484267897060800e-04 0.000000000000000000e+00 0.000000000000000000e+00 4.420585018361609421e-03 2.344025754495097924e-03 1.997072941501512947e-03 0.000000000000000000e+00 2.286995477962717148e-03 0.000000000000000000e+00 0.000000000000000000e+00
2.574260906069911897e-03 3.571138194387661960e-03 0.000000000000000000e+00 0.000000000000000000e+00 2.818812612341580186e-03 4.490118925341590218e-03 2.969559319711362940e-03 0.000000000000000000e+00 0.000000000000000000e+00 3.566141756555245203e-03 2.432709369608512980e-03 1.091082642484251944e-03 3.295636351774142159e-03 0.000000000000000000e+00 4.273524826336440145e-03 0.000000000000000000e+00 3.930970776300706654e-03 0.000000000000000000e+00 3.263047810872095854e-04 0.000000000000000000e+00 0.000000000000000000e+00 0.000000000000000000e+00 0.000000000000000000e+00 0.000000000000000000e+00 0.000000000000000000e+00
0.000000000000000000e+00 4.879609589762795812e-04 0.000000000000000000e+00 0.000000000000000000e+00 3.583017241141192057e-03 0.000000000000000000e+00 0.000000000000000000e+00 0.000000000000000000e+00 0.000000000000000000e+00 4.324288274292769838e-03 0.000000000000000000e+00 0.000000000000000000e+00 0.000000000000000000e+00 3.052847271297386058e-03 0.000000000000000000e+00 3.211696997725898856e-03 0.000000000000000000e+00 3.572194148757579929e-03 1.747915314336096924e-03 3.120500499119743809e-03 4.311907675868236617e-03 1.845206893132786104e-03 1.593812072522092938e-03 0.000000000000000000e+00 0.000000000000000000e+00
0.000000000000000000e+00 2.757274013672937878e-03 1.308058347784409091e-03 0.000000000000000000e+00 0.000000000000000000e+00 0.000000000000000000e+00 0.000000000000000000e+00 0.000000000000000000e+00 1.672924469919063897e-04 0.000000000000000000e+00 2.361831286013907003e-03 0.000000000000000000e+00 0.000000000000000000e+00 0.000000000000000000e+00 4.824056477559822594e-03 2.750939138922422166e-03 0.000000000000000000e+00 1.392193221811675050e-03 0.000000000000000000e+00 0.000000000000000000e+00 4.694418086494989671e-03 4.199427042489439418e-03 2.317919519358262008e-03 0.000000000000000000e+00 0.000000000000000000e+00
0.000000000000000000e+00 0.000000000000000000e+00 1.043512969553868092e-03 0.000000000000000000e+00 0.000000000000000000e+00 0.000000000000000000e+00 4.559090073399532997e-04 0.000000000000000000e+00 1.967613335146627899e-03 1.956287052266038849e-03 2.305989690793397787e-03 4.169358079285629889e-03 2.617886074831452057e-03 2.288572094249873099e-03 0.000000000000000000e+00 0.000000000000000000e+00 0.000000000000000000e+00 1.406348452888623061e-03 0.000000000000000000e+00 6.564550984501113604e-04 1.618267409751458948e-03 0.000000000000000000e+00 1.306437193534867956e-03 0.000000000000000000e+00 0.000000000000000000e+00
1.540916845869893040e-03 0.000000000000000000e+00 0.000000000000000000e+00 1.303431217463844102e-03 0.000000000000000000e+00 3.167909255011779925e-03 0.000000000000000000e+00 3.845572624613553814e-03 0.000000000000000000e+00 0.000000000000000000e+00 2.520413224221642982e-03 0.000000000000000000e+00 0.000000000000000000e+00 2.026552316828474955e-03 0.000000000000000000e+00 7.444432572085962058e-05 1.146928395974091943e-04 0.000000000000000000e+00 0.000000000000000000e+00 4.127801359653626712e-03 4.530938022421106617e-03 4.481614608087610704e-05 0.000000000000000000e+00 2.248472257150629840e-03 1.257937129305577084e-03
1.569252363330144980e-03 7.467265573037477119e-04 0.000000000000000000e+00 0.000000000000000000e+00 0.000000000000000000e+00 0.000000000000000000e+00 0.000000000000000000e+00 0.000000000000000000e+00 3.881979674743012143e-03 3.088200266127260132e-03 1.468552378510329989e-03 4.940425496505905859e-03 0.000000000000000000e+00 0.000000000000000000e+00 1.262512898432025096e-03 8.265425062021024673e-04 0.000000000000000000e+00 3.783102620511828110e-03 0.000000000000000000e+00 5.365831256857254809e-04 0.000000000000000000e+00 2.566291079650426070e-03 5.490763743640478039e-04 4.971492451090862678e-03 3.661550121825511012e-03
0.000000000000000000e+00 3.778017254925311163e-03 0.000000000000000000e+00 0.000000000000000000e+00 0.000000000000000000e+00 1.869321828858333057e-03 2.448484107793593833e-03 0.000000000000000000e+00 3.240524596384224826e-03 1.404387820821257097e-03 0.000000000000000000e+00 2.633908468517112168e-03 0.000000000000000000e+00 0.000000000000000000e+00 8.070469841430583449e-04 2.500078027669799807e-03 0.000000000000000000e+00 4.644137885377815772e-03 4.874805391471505669e-03 0.000000000000000000e+00 2.068941243614056801e-03 0.000000000000000000e+00 1.160226450161275106e-03 0.000000000000000000e+00 0.000000000000000000e+00
3.478274898717752077e-03 4.376618603248985141e-03 0.000000000000000000e+00 3.875088008417571167e-04 4.412518422493992738e-03 0.000000000000000000e+00 0.000000000000000000e+00 4.197992312346619272e-03 4.988360132118473123e-03 0.000000000000000000e+00 0.000000000000000000e+00 4.556375770597300041e-03 7.592510927379032522e-04 0.000000000000000000e+00 0.000000000000000000e+00 0.000000000000000000e+00 4.773261435999293957e-03 1.495207997453710906e-03 0.000000000000000000e+00 0.000000000000000000e+00 8.080767880130100079e-04 3.285140443243257831e-03 0.000000000000000000e+00 0.000000000000000000e+00 0.000000000000000000e+00
2.813305161073483864e-03 3.292211105177932084e-03 8.888711474744489475e-04 0.000000000000000000e+00 0.000000000000000000e+00 3.938153170061480315e-03 4.084339050750220197e-03 3.492417291865428791e-03 3.723695552984969837e-03 0.000000000000000000e+00 9.574068836467786343e-04 0.000000000000000000e+00 0.000000000000000000e+00 0.000000000000000000e+00 2.464229796290598202e-03 0.000000000000000000e+00 0.000000000000000000e+00 0.000000000000000000e+00 1.586675298037345952e-03 4.803863538427640377e-03 4.463401551154750832e-03 0.000000000000000000e+00 4.873190791900956168e-04 0.000000000000000000e+00 0.000000000000000000e+00
4.702950850598666167e-03 0.000000000000000000e+00 1.693609742308539940e-04 0.000000000000000000e+00 3.098006686248099949e-03 0.000000000000000000e+00 0.000000000000000000e+00 5.044120451868001377e-04 0.000000000000000000e+00 0.000000000000000000e+00 4.534992896689606957e-03 0.000000000000000000e+00 0.000000000000000000e+00 1.513764863542418036e-03 2.930734460064081067e-04 0.000000000000000000e+00 8.164005366978926200e-04 0.000000000000000000e+00 2.894449253665983077e-03 0.000000000000000000e+00 0.000000000000000000e+00 4.053162908143495211e-03 0.000000000000000000e+00 0.000000000000000000e+00 0.000000000000000000e+00
1.338579066683552024e-03 0.000000000000000000e+00 0.000000000000000000e+00 1.736991118306930020e-03 8.719276361303865278e-04 0.000000000000000000e+00 0.000000000000000000e+00 0.000000000000000000e+00 0.000000000000000000e+00 2.336067701266222874e-03 7.745383217923372055e-04 0.000000000000000000e+00 0.000000000000000000e+00 0.000000000000000000e+00 5.250392478054349572e-04 8.630048628728741243e-05 2.082914531619680081e-03 0.000000000000000000e+00 4.306133723993938768e-03 6.288542539151370514e-04 4.967756308432239205e-03 1.027389594989395073e-03 0.000000000000000000e+00 0.000000000000000000e+00 0.000000000000000000e+00
