# # File created on Fri May 17 15:41:52 2024
#  # The following metaparameters were used for this matrix optimization : gamma0 = 0.5; alpha0 = 0; sigma0 = 0.25; l0 = 1;p = 1; R0 = 1; S0 = 0.05; NR = 25; NS = 25; matrix path = matrices/Nr25_Nc25/consumption/RandTrix_Nr25_Nc25_Nest0.5_Conn0.416.txt; convergence threshold = 1e-08
# 
4.817454197619713873e-04 1.226584045344976002e-03 0.000000000000000000e+00 3.010908628968494115e-03 0.000000000000000000e+00 0.000000000000000000e+00 5.536909487340254971e-04 1.452074397300109074e-03 3.370938044950244888e-03 3.040633683104148818e-03 0.000000000000000000e+00 0.000000000000000000e+00 5.578769333447359266e-04 0.000000000000000000e+00 0.000000000000000000e+00 0.000000000000000000e+00 1.413664134069675090e-03 0.000000000000000000e+00 0.000000000000000000e+00 0.000000000000000000e+00 7.876189700787258104e-04 7.711631337546427266e-04 3.582968620481024160e-04 0.000000000000000000e+00 6.602201219653898185e-04
0.000000000000000000e+00 6.236402912641883988e-04 0.000000000000000000e+00 0.000000000000000000e+00 4.333444175777087970e-04 0.000000000000000000e+00 8.526478416414674539e-04 4.209798118638833839e-03 5.977559687278611103e-04 0.000000000000000000e+00 0.000000000000000000e+00 0.000000000000000000e+00 0.000000000000000000e+00 0.000000000000000000e+00 1.875424418252993105e-03 0.000000000000000000e+00 0.000000000000000000e+00 0.000000000000000000e+00 0.000000000000000000e+00 0.000000000000000000e+00 0.000000000000000000e+00 0.000000000000000000e+00 1.373634770679175955e-03 3.579556051960835171e-03 0.000000000000000000e+00
2.257980678309161153e-03 0.000000000000000000e+00 6.249130222161245005e-04 0.000000000000000000e+00 0.000000000000000000e+00 1.188032470993347946e-03 1.739644278978165915e-03 4.031984047932643707e-03 0.000000000000000000e+00 4.104083321155763131e-03 0.000000000000000000e+00 0.000000000000000000e+00 0.000000000000000000e+00 3.317091023292079079e-03 0.000000000000000000e+00 0.000000000000000000e+00 0.000000000000000000e+00 1.620026665157154938e-03 0.000000000000000000e+00 4.939997512455310616e-03 8.952549321354879956e-04 6.202465400984485738e-05 3.540568324944314092e-03 0.000000000000000000e+00 2.418835554525506065e-03
1.658673264448343046e-03 4.425637276108787370e-03 0.000000000000000000e+00 0.000000000000000000e+00 0.000000000000000000e+00 0.000000000000000000e+00 1.832222031262114095e-03 0.000000000000000000e+00 1.097272285362107906e-03 2.662777767880957890e-03 0.000000000000000000e+00 0.000000000000000000e+00 0.000000000000000000e+00 4.581512599849436006e-03 0.000000000000000000e+00 1.210961788239136054e-03 0.000000000000000000e+00 0.000000000000000000e+00 0.000000000000000000e+00 0.000000000000000000e+00 0.000000000000000000e+00 0.000000000000000000e+00 4.807424235929568662e-03 7.846704366752633390e-04 2.517157480588100901e-03
9.366466326127376564e-04 3.855755720733304841e-03 0.000000000000000000e+00 3.922366077671411884e-03 4.998500276579069231e-04 4.849001754014398147e-03 0.000000000000000000e+00 0.000000000000000000e+00 2.153406358903276092e-03 0.000000000000000000e+00 0.000000000000000000e+00 0.000000000000000000e+00 0.000000000000000000e+00 1.462618037872586091e-03 1.838020415186724082e-03 0.000000000000000000e+00 4.863091928396669379e-03 0.000000000000000000e+00 0.000000000000000000e+00 3.621210981676055188e-06 0.000000000000000000e+00 4.287187415750093669e-03 1.769307240774353057e-03 0.000000000000000000e+00 2.517653698670165030e-03
4.842543257195855259e-03 1.475888659902383025e-03 3.233799108529201017e-04 3.746711226863299205e-03 6.512313896102810487e-04 0.000000000000000000e+00 8.854207706157129956e-04 2.118949228177441964e-03 1.746585276813475071e-03 1.140060637982875003e-04 0.000000000000000000e+00 7.509487743527102971e-04 0.000000000000000000e+00 0.000000000000000000e+00 0.000000000000000000e+00 0.000000000000000000e+00 0.000000000000000000e+00 7.962799672578049900e-04 0.000000000000000000e+00 0.000000000000000000e+00 0.000000000000000000e+00 0.000000000000000000e+00 7.884420621863928464e-04 2.720627275154428117e-05 4.359608469950004318e-03
2.149838180244886127e-03 1.608062218285538896e-03 0.000000000000000000e+00 4.009734664916141285e-03 0.000000000000000000e+00 4.559223196905250186e-04 4.509824640338061172e-03 0.000000000000000000e+00 0.000000000000000000e+00 2.903710340139501953e-03 1.391904656597427918e-03 0.000000000000000000e+00 0.000000000000000000e+00 0.000000000000000000e+00 0.000000000000000000e+00 4.448976200872390221e-03 0.000000000000000000e+00 0.000000000000000000e+00 1.965851014033099132e-03 3.433498329873334049e-03 1.194804665759515951e-04 3.681005751663034113e-03 2.668781077321743904e-03 0.000000000000000000e+00 0.000000000000000000e+00
4.598514485395831762e-03 0.000000000000000000e+00 0.000000000000000000e+00 2.274517792310212869e-03 4.089461469072420627e-03 2.102900069181626135e-03 3.536985218859969079e-03 0.000000000000000000e+00 0.000000000000000000e+00 0.000000000000000000e+00 0.000000000000000000e+00 3.083678523418239160e-03 1.626816242272352032e-03 4.202865959052664614e-03 0.000000000000000000e+00 4.457976075704182285e-03 1.273523023924978898e-03 1.409990614520698071e-03 1.223607498227453905e-03 1.454761378667528051e-03 1.622067578557005025e-04 0.000000000000000000e+00 4.499005742463662964e-03 5.043230480288668971e-04 0.000000000000000000e+00
0.000000000000000000e+00 0.000000000000000000e+00 0.000000000000000000e+00 1.957556292462000851e-03 3.829245889228684828e-03 3.478949591557805188e-03 7.400559925833592430e-04 4.518280300326837570e-03 0.000000000000000000e+00 1.811471357325663027e-03 3.910422585693460948e-03 6.414528491923657694e-04 0.000000000000000000e+00 0.000000000000000000e+00 0.000000000000000000e+00 1.472370381237502910e-03 2.691710130990487165e-04 0.000000000000000000e+00 0.000000000000000000e+00 6.607007138185537042e-04 0.000000000000000000e+00 4.326037006097513578e-03 3.524809213777688102e-03 0.000000000000000000e+00 0.000000000000000000e+00
0.000000000000000000e+00 0.000000000000000000e+00 2.323498672006916923e-03 0.000000000000000000e+00 0.000000000000000000e+00 2.559309556254961860e-03 0.000000000000000000e+00 0.000000000000000000e+00 0.000000000000000000e+00 4.061289680860122667e-03 1.136676477345749961e-04 0.000000000000000000e+00 2.816147104238557203e-03 7.595557836311569002e-04 0.000000000000000000e+00 6.126497365803771451e-04 0.000000000000000000e+00 0.000000000000000000e+00 0.000000000000000000e+00 0.000000000000000000e+00 3.727625713180028090e-03 3.624997845757082886e-03 2.653365921839481896e-03 0.000000000000000000e+00 2.552817509169452888e-03
0.000000000000000000e+00 3.567421673120838889e-03 0.000000000000000000e+00 1.008819819187883101e-03 0.000000000000000000e+00 0.000000000000000000e+00 9.714187731350111326e-04 0.000000000000000000e+00 0.000000000000000000e+00 3.832990211119494811e-03 3.106420103309037901e-03 0.000000000000000000e+00 3.187730901213773910e-03 0.000000000000000000e+00 1.011745627783763949e-04 0.000000000000000000e+00 0.000000000000000000e+00 0.000000000000000000e+00 3.003403289974981936e-03 1.421438451022523060e-03 3.869180518964141901e-03 2.651790257333334119e-03 0.000000000000000000e+00 2.855047091179183875e-03 1.230372675708563080e-03
0.000000000000000000e+00 0.000000000000000000e+00 0.000000000000000000e+00 1.481940475019542965e-03 0.000000000000000000e+00 0.000000000000000000e+00 1.700181989755134015e-03 9.443918317103907082e-04 0.000000000000000000e+00 3.100313158940447983e-03 4.879460819275168067e-04 0.000000000000000000e+00 4.849535361604893034e-03 4.524421884580703650e-03 1.540029421495980964e-03 1.616094136540519065e-04 0.000000000000000000e+00 4.285382179004639143e-03 0.000000000000000000e+00 4.876092932685850700e-03 0.000000000000000000e+00 0.000000000000000000e+00 0.000000000000000000e+00 4.994565630883913976e-03 0.000000000000000000e+00
1.558773345795417913e-04 0.000000000000000000e+00 3.006179936930611103e-03 4.109599097834349367e-03 1.099660856370012038e-04 0.000000000000000000e+00 3.241976878556976013e-03 0.000000000000000000e+00 3.237078081867945153e-03 1.168193042860053927e-03 4.548078028456054023e-03 0.000000000000000000e+00 2.576831931374023825e-03 1.245229053273946927e-03 2.085638391078900936e-03 0.000000000000000000e+00 1.621095241319672926e-03 0.000000000000000000e+00 0.000000000000000000e+00 1.766548535561740952e-03 3.020265958013064987e-03 1.490204551406654025e-03 0.000000000000000000e+00 2.177450060084587091e-03 3.042465205805679196e-03
9.657255805167120266e-04 4.663939794575066092e-03 3.868443188657145083e-03 4.854388637478414086e-03 0.000000000000000000e+00 2.665340342031310809e-03 0.000000000000000000e+00 0.000000000000000000e+00 2.733075538303806219e-04 0.000000000000000000e+00 0.000000000000000000e+00 3.125084132542808955e-03 0.000000000000000000e+00 0.000000000000000000e+00 1.999900831859750122e-03 0.000000000000000000e+00 0.000000000000000000e+00 3.483104257483393869e-03 0.000000000000000000e+00 0.000000000000000000e+00 4.643484992968518847e-03 0.000000000000000000e+00 0.000000000000000000e+00 0.000000000000000000e+00 0.000000000000000000e+00
0.000000000000000000e+00 0.000000000000000000e+00 2.881647290951817094e-03 2.488750963634894179e-03 1.226764120324463046e-03 2.406781973163939822e-03 0.000000000000000000e+00 9.785388163325084692e-04 0.000000000000000000e+00 0.000000000000000000e+00 0.000000000000000000e+00 0.000000000000000000e+00 0.000000000000000000e+00 4.054799297027535804e-03 0.000000000000000000e+00 0.000000000000000000e+00 0.000000000000000000e+00 0.000000000000000000e+00 1.149554297273069989e-03 5.055062075489611664e-04 0.000000000000000000e+00 3.335356199151665035e-03 0.000000000000000000e+00 1.076503848644091987e-03 0.000000000000000000e+00
0.000000000000000000e+00 0.000000000000000000e+00 0.000000000000000000e+00 4.353092430042032612e-03 4.025480673007626742e-03 4.925621786626557114e-03 4.234232179810211959e-03 3.547608142827909060e-03 4.589779539922203729e-03 7.907994029971150782e-04 4.165857809456821256e-03 0.000000000000000000e+00 1.312430650926243092e-03 1.524057157724220939e-03 0.000000000000000000e+00 0.000000000000000000e+00 1.334946381399084022e-03 2.110954681117296200e-03 1.848202966212870958e-03 3.701475873598692162e-03 0.000000000000000000e+00 1.411454049093542953e-03 0.000000000000000000e+00 0.000000000000000000e+00 2.734683702435279987e-03
0.000000000000000000e+00 0.000000000000000000e+00 2.270191605385149958e-03 0.000000000000000000e+00 0.000000000000000000e+00 0.000000000000000000e+00 0.000000000000000000e+00 0.000000000000000000e+00 0.000000000000000000e+00 0.000000000000000000e+00 1.748325542787845062e-03 0.000000000000000000e+00 2.265362028827946905e-03 0.000000000000000000e+00 0.000000000000000000e+00 0.000000000000000000e+00 0.000000000000000000e+00 0.000000000000000000e+00 0.000000000000000000e+00 0.000000000000000000e+00 0.000000000000000000e+00 0.000000000000000000e+00 0.000000000000000000e+00 0.000000000000000000e+00 4.499752658975429871e-03
1.891188752721937975e-03 0.000000000000000000e+00 4.770092598715741129e-03 0.000000000000000000e+00 0.000000000000000000e+00 0.000000000000000000e+00 3.660821718764758082e-03 0.000000000000000000e+00 4.614967927896783915e-03 4.134181562838674983e-04 0.000000000000000000e+00 0.000000000000000000e+00 0.000000000000000000e+00 3.244154845604467919e-03 0.000000000000000000e+00 0.000000000000000000e+00 0.000000000000000000e+00 2.244408528042660198e-03 4.559616381905718697e-03 0.000000000000000000e+00 0.000000000000000000e+00 2.816667705431962973e-03 1.539724201208427000e-03 0.000000000000000000e+00 0.000000000000000000e+00
1.269802293562153966e-03 2.226068150177048198e-03 2.040876938204201890e-03 0.000000000000000000e+00 0.000000000000000000e+00 4.799216050816280249e-03 3.181978448818205928e-03 0.000000000000000000e+00 0.000000000000000000e+00 0.000000000000000000e+00 0.000000000000000000e+00 8.776007006871724275e-04 0.000000000000000000e+00 0.000000000000000000e+00 0.000000000000000000e+00 3.462473111088980771e-04 0.000000000000000000e+00 0.000000000000000000e+00 0.000000000000000000e+00 1.845466306055609925e-03 0.000000000000000000e+00 0.000000000000000000e+00 2.935000190169912045e-03 0.000000000000000000e+00 2.799143816724313210e-03
0.000000000000000000e+00 2.016248850138159954e-03 0.000000000000000000e+00 9.436103071115738020e-04 0.000000000000000000e+00 8.191874503165147382e-04 9.143802990444268187e-04 0.000000000000000000e+00 0.000000000000000000e+00 3.000431556527002885e-03 4.411966389299928795e-04 1.160427633168349898e-03 0.000000000000000000e+00 0.000000000000000000e+00 4.835766690760826166e-03 0.000000000000000000e+00 2.603217758546372967e-03 3.450721556345682974e-03 0.000000000000000000e+00 3.543228029611643153e-04 0.000000000000000000e+00 0.000000000000000000e+00 1.273055876793940987e-03 2.789717775053763942e-03 2.702973647273437113e-03
4.265072071509807584e-03 9.274825565391705239e-04 2.229676403209693812e-03 0.000000000000000000e+00 0.000000000000000000e+00 0.000000000000000000e+00 3.243531320696407816e-03 9.378205721255876990e-04 1.765147192745789061e-03 0.000000000000000000e+00 2.166054963549972172e-03 6.418355364891430376e-04 4.904606855854363665e-03 1.686861416368679988e-03 3.302633548364223952e-03 0.000000000000000000e+00 1.482252492466470039e-03 0.000000000000000000e+00 0.000000000000000000e+00 3.800163043409585020e-03 0.000000000000000000e+00 0.000000000000000000e+00 2.822784764120722916e-03 0.000000000000000000e+00 0.000000000000000000e+00
0.000000000000000000e+00 4.977222877974404013e-03 3.548061699057709212e-03 0.000000000000000000e+00 0.000000000000000000e+00 3.297128190836432025e-03 1.371487050780063107e-03 1.167492698742891898e-03 0.000000000000000000e+00 0.000000000000000000e+00 2.574059485981865930e-03 0.000000000000000000e+00 0.000000000000000000e+00 2.280293717231493891e-03 2.294640204916363092e-03 0.000000000000000000e+00 1.690761107266197053e-03 4.284948064054487638e-03 0.000000000000000000e+00 0.000000000000000000e+00 3.920829612117659888e-05 2.398259474698959202e-03 0.000000000000000000e+00 2.292570305012623950e-03 2.322059099507554989e-03
0.000000000000000000e+00 0.000000000000000000e+00 0.000000000000000000e+00 0.000000000000000000e+00 0.000000000000000000e+00 4.821873872177854202e-03 2.138865481858555871e-03 0.000000000000000000e+00 2.603157436302139856e-03 0.000000000000000000e+00 1.505370586296572071e-03 0.000000000000000000e+00 3.419626295605832176e-03 0.000000000000000000e+00 0.000000000000000000e+00 0.000000000000000000e+00 2.278477762444142216e-03 0.000000000000000000e+00 5.009345163538625250e-04 1.018322726691842008e-03 1.421956146885023937e-03 1.837994778051477976e-03 3.865807249508663047e-03 0.000000000000000000e+00 0.000000000000000000e+00
0.000000000000000000e+00 0.000000000000000000e+00 0.000000000000000000e+00 0.000000000000000000e+00 0.000000000000000000e+00 3.449499290105140833e-03 0.000000000000000000e+00 4.656583006823324621e-03 0.000000000000000000e+00 4.201489334302659431e-03 2.962357940146386186e-03 0.000000000000000000e+00 4.995166831792911995e-03 0.000000000000000000e+00 0.000000000000000000e+00 0.000000000000000000e+00 1.808018289269918994e-03 0.000000000000000000e+00 0.000000000000000000e+00 0.000000000000000000e+00 4.360717431998070194e-03 0.000000000000000000e+00 3.356314017646890024e-03 0.000000000000000000e+00 3.108310082541527845e-03
0.000000000000000000e+00 0.000000000000000000e+00 4.941647090310699424e-03 0.000000000000000000e+00 1.806145666063379033e-03 1.336386151403595995e-03 0.000000000000000000e+00 0.000000000000000000e+00 8.472209073072922139e-04 8.079786173353688001e-04 1.308313634758020907e-04 1.333428548904571102e-03 2.686263645976651009e-03 5.227993227662599066e-04 0.000000000000000000e+00 0.000000000000000000e+00 3.534811061795996984e-05 0.000000000000000000e+00 0.000000000000000000e+00 0.000000000000000000e+00 0.000000000000000000e+00 0.000000000000000000e+00 2.953285213198886868e-03 3.335349735827510074e-03 0.000000000000000000e+00
