# File created on Mon Apr 29 22:47:00 2024
# The following metaparameters were used for this matrix optimization : gamma0 = 0.5; alpha0 = 0; sigma0 = 0.25; l0 = 1;p = 1; R0 = 1; S0 = 0.05; NR = 25; NS = 25; matrix path = matrices/Nr25_Nc25/consumption/RandTrix_Nr25_Nc25_Nest0.35_Conn0.3216.txt; convergence threshold = 1e-08
4.551957295947463e-01 0.000000000000000e+00 0.000000000000000e+00 0.000000000000000e+00 5.304586584171766e-01 5.342042109724979e-01 3.535208565788584e-01 9.834808659653570e-01 0.000000000000000e+00 0.000000000000000e+00 3.038889553105644e-01 0.000000000000000e+00 2.614901145437985e-01 0.000000000000000e+00 1.074246138743524e-01 0.000000000000000e+00 0.000000000000000e+00 2.940680900929539e-01 5.724797534545151e-01 0.000000000000000e+00 4.089684071546552e-01 6.042165873668450e-01 0.000000000000000e+00 0.000000000000000e+00 1.027972540425628e-01 
0.000000000000000e+00 0.000000000000000e+00 0.000000000000000e+00 9.137870090503375e-01 0.000000000000000e+00 1.037404193182462e+00 0.000000000000000e+00 5.753684993665574e-01 1.090212604293496e+00 0.000000000000000e+00 6.323345060789630e-01 0.000000000000000e+00 0.000000000000000e+00 0.000000000000000e+00 0.000000000000000e+00 0.000000000000000e+00 4.060474968253001e-01 5.431668190539774e-02 0.000000000000000e+00 5.455069692988791e-01 0.000000000000000e+00 0.000000000000000e+00 0.000000000000000e+00 0.000000000000000e+00 0.000000000000000e+00 
0.000000000000000e+00 0.000000000000000e+00 0.000000000000000e+00 0.000000000000000e+00 4.051210855280722e-01 0.000000000000000e+00 4.752183867254925e-01 0.000000000000000e+00 0.000000000000000e+00 0.000000000000000e+00 3.100763761839525e-01 0.000000000000000e+00 1.984784371829172e-01 0.000000000000000e+00 4.661408008506692e-01 0.000000000000000e+00 9.412425845376928e-01 0.000000000000000e+00 0.000000000000000e+00 0.000000000000000e+00 1.225783719019121e+00 0.000000000000000e+00 9.918158720924160e-01 0.000000000000000e+00 0.000000000000000e+00 
8.798001967701843e-01 0.000000000000000e+00 0.000000000000000e+00 0.000000000000000e+00 0.000000000000000e+00 0.000000000000000e+00 0.000000000000000e+00 0.000000000000000e+00 0.000000000000000e+00 7.636064879688543e-01 0.000000000000000e+00 0.000000000000000e+00 0.000000000000000e+00 0.000000000000000e+00 3.480135847797006e-01 1.109052715977572e+00 0.000000000000000e+00 3.538110734901861e-01 7.318798455512970e-01 0.000000000000000e+00 0.000000000000000e+00 0.000000000000000e+00 9.071315428504110e-01 0.000000000000000e+00 0.000000000000000e+00 
2.715093256411011e-01 0.000000000000000e+00 9.490285454349474e-01 0.000000000000000e+00 2.550828754959367e-01 0.000000000000000e+00 5.384357556250711e-01 1.495376546707083e-01 0.000000000000000e+00 5.732435783779197e-01 0.000000000000000e+00 4.482580150794306e-01 5.444902165214570e-01 0.000000000000000e+00 0.000000000000000e+00 0.000000000000000e+00 7.240510325165131e-01 0.000000000000000e+00 0.000000000000000e+00 0.000000000000000e+00 0.000000000000000e+00 0.000000000000000e+00 0.000000000000000e+00 0.000000000000000e+00 0.000000000000000e+00 
4.446428732789992e-01 8.225405037555671e-01 0.000000000000000e+00 0.000000000000000e+00 0.000000000000000e+00 4.750754851355869e-01 0.000000000000000e+00 1.137099492068988e+00 0.000000000000000e+00 0.000000000000000e+00 2.698872756669773e-01 0.000000000000000e+00 0.000000000000000e+00 0.000000000000000e+00 0.000000000000000e+00 0.000000000000000e+00 0.000000000000000e+00 0.000000000000000e+00 0.000000000000000e+00 0.000000000000000e+00 1.409986592061947e+00 0.000000000000000e+00 0.000000000000000e+00 0.000000000000000e+00 5.970182176273339e-01 
0.000000000000000e+00 0.000000000000000e+00 0.000000000000000e+00 0.000000000000000e+00 0.000000000000000e+00 0.000000000000000e+00 0.000000000000000e+00 0.000000000000000e+00 0.000000000000000e+00 2.530192646974835e-01 0.000000000000000e+00 8.149204413554009e-01 4.733818521539273e-02 0.000000000000000e+00 3.548325852833411e-01 6.964838778032880e-02 7.421646736428109e-01 0.000000000000000e+00 0.000000000000000e+00 0.000000000000000e+00 1.097823379084355e+00 6.136781456312534e-01 8.992310419302841e-01 0.000000000000000e+00 5.145965316411236e-02 
0.000000000000000e+00 0.000000000000000e+00 0.000000000000000e+00 0.000000000000000e+00 0.000000000000000e+00 6.287702360880977e-01 3.941395202653137e-01 0.000000000000000e+00 0.000000000000000e+00 0.000000000000000e+00 2.558248204064538e-01 5.408067962253089e-01 0.000000000000000e+00 8.560399427413943e-01 5.913483835445358e-01 0.000000000000000e+00 0.000000000000000e+00 0.000000000000000e+00 4.626824510222191e-01 5.657195627977042e-01 5.787598958111824e-01 0.000000000000000e+00 0.000000000000000e+00 0.000000000000000e+00 1.556683238917067e-01 
8.004840532459547e-02 4.435154914031819e-01 1.009184532927018e+00 0.000000000000000e+00 0.000000000000000e+00 3.126523167766191e-01 0.000000000000000e+00 0.000000000000000e+00 0.000000000000000e+00 0.000000000000000e+00 6.466228062346829e-01 1.739243388553844e-01 0.000000000000000e+00 0.000000000000000e+00 0.000000000000000e+00 0.000000000000000e+00 0.000000000000000e+00 6.810055020937079e-01 0.000000000000000e+00 0.000000000000000e+00 3.169174344606959e-01 5.277485043034428e-02 0.000000000000000e+00 0.000000000000000e+00 0.000000000000000e+00 
0.000000000000000e+00 1.213874444480227e+00 0.000000000000000e+00 7.867492109534342e-01 0.000000000000000e+00 0.000000000000000e+00 0.000000000000000e+00 2.018457395179575e-01 2.990310013571845e-01 0.000000000000000e+00 0.000000000000000e+00 0.000000000000000e+00 0.000000000000000e+00 0.000000000000000e+00 0.000000000000000e+00 0.000000000000000e+00 0.000000000000000e+00 0.000000000000000e+00 1.114600953494777e+00 1.073795725111020e-01 0.000000000000000e+00 0.000000000000000e+00 0.000000000000000e+00 2.114365096183596e-01 0.000000000000000e+00 
0.000000000000000e+00 0.000000000000000e+00 8.407816353394031e-01 4.895897498376486e-01 0.000000000000000e+00 0.000000000000000e+00 6.373102126752914e-01 0.000000000000000e+00 0.000000000000000e+00 0.000000000000000e+00 0.000000000000000e+00 3.942377113539256e-01 0.000000000000000e+00 0.000000000000000e+00 0.000000000000000e+00 5.753869542713653e-01 0.000000000000000e+00 0.000000000000000e+00 0.000000000000000e+00 3.688491728702457e-02 0.000000000000000e+00 0.000000000000000e+00 1.009806688771372e+00 3.871798975296967e-01 0.000000000000000e+00 
0.000000000000000e+00 5.464990808195394e-01 3.113940718015968e-01 3.685955345407973e-01 0.000000000000000e+00 0.000000000000000e+00 2.294626442773495e-01 0.000000000000000e+00 4.784156678519740e-01 0.000000000000000e+00 0.000000000000000e+00 0.000000000000000e+00 0.000000000000000e+00 9.053987394047525e-01 0.000000000000000e+00 0.000000000000000e+00 9.452566671035845e-01 0.000000000000000e+00 0.000000000000000e+00 2.046204179201721e-01 0.000000000000000e+00 0.000000000000000e+00 0.000000000000000e+00 0.000000000000000e+00 0.000000000000000e+00 
4.629647842258953e-01 8.642078521104805e-01 0.000000000000000e+00 0.000000000000000e+00 2.048158225492510e-01 0.000000000000000e+00 0.000000000000000e+00 1.898167980531354e-01 0.000000000000000e+00 0.000000000000000e+00 0.000000000000000e+00 5.544531107169340e-01 3.793864269100995e-01 0.000000000000000e+00 0.000000000000000e+00 0.000000000000000e+00 0.000000000000000e+00 8.445363692693853e-01 0.000000000000000e+00 0.000000000000000e+00 6.744134424376330e-01 0.000000000000000e+00 0.000000000000000e+00 0.000000000000000e+00 0.000000000000000e+00 
0.000000000000000e+00 0.000000000000000e+00 0.000000000000000e+00 3.937860766366816e-01 0.000000000000000e+00 1.025634966853218e+00 0.000000000000000e+00 0.000000000000000e+00 0.000000000000000e+00 0.000000000000000e+00 0.000000000000000e+00 0.000000000000000e+00 0.000000000000000e+00 0.000000000000000e+00 0.000000000000000e+00 0.000000000000000e+00 6.802618258881302e-01 0.000000000000000e+00 0.000000000000000e+00 0.000000000000000e+00 1.109707572231219e+00 0.000000000000000e+00 1.071259200255648e-01 0.000000000000000e+00 4.093641038356161e-01 
0.000000000000000e+00 0.000000000000000e+00 0.000000000000000e+00 0.000000000000000e+00 4.011261909132653e-01 0.000000000000000e+00 0.000000000000000e+00 0.000000000000000e+00 6.767420373030695e-01 9.454924907827038e-01 0.000000000000000e+00 0.000000000000000e+00 0.000000000000000e+00 5.433876751732596e-01 0.000000000000000e+00 0.000000000000000e+00 0.000000000000000e+00 3.532571156342242e-01 0.000000000000000e+00 0.000000000000000e+00 5.608612496291007e-02 0.000000000000000e+00 0.000000000000000e+00 0.000000000000000e+00 0.000000000000000e+00 
0.000000000000000e+00 0.000000000000000e+00 0.000000000000000e+00 6.600409486981402e-01 9.498821377185150e-01 0.000000000000000e+00 1.084314098726484e+00 0.000000000000000e+00 5.259029117827498e-01 0.000000000000000e+00 0.000000000000000e+00 0.000000000000000e+00 0.000000000000000e+00 0.000000000000000e+00 0.000000000000000e+00 0.000000000000000e+00 0.000000000000000e+00 0.000000000000000e+00 0.000000000000000e+00 0.000000000000000e+00 0.000000000000000e+00 0.000000000000000e+00 0.000000000000000e+00 0.000000000000000e+00 0.000000000000000e+00 
0.000000000000000e+00 4.308475896590232e-01 5.334268206900354e-01 6.272848474878812e-01 1.671151870834473e-02 2.593922362417717e-01 0.000000000000000e+00 0.000000000000000e+00 0.000000000000000e+00 0.000000000000000e+00 0.000000000000000e+00 0.000000000000000e+00 0.000000000000000e+00 0.000000000000000e+00 1.140405499126712e-01 0.000000000000000e+00 3.140321783813032e-01 0.000000000000000e+00 3.907615723608408e-02 7.021444295313730e-01 1.365965953744190e-01 0.000000000000000e+00 0.000000000000000e+00 0.000000000000000e+00 0.000000000000000e+00 
0.000000000000000e+00 0.000000000000000e+00 6.364931339766472e-01 4.931452478825381e-01 0.000000000000000e+00 0.000000000000000e+00 6.169647389727834e-01 0.000000000000000e+00 4.230147513562615e-01 0.000000000000000e+00 4.463008888297575e-01 0.000000000000000e+00 0.000000000000000e+00 0.000000000000000e+00 0.000000000000000e+00 0.000000000000000e+00 0.000000000000000e+00 0.000000000000000e+00 0.000000000000000e+00 0.000000000000000e+00 0.000000000000000e+00 4.665149334776566e-01 4.571851569894078e-01 0.000000000000000e+00 0.000000000000000e+00 
4.422359378408625e-01 0.000000000000000e+00 0.000000000000000e+00 5.180769302884025e-01 0.000000000000000e+00 2.340014909381520e-02 0.000000000000000e+00 0.000000000000000e+00 0.000000000000000e+00 0.000000000000000e+00 0.000000000000000e+00 8.225046172150253e-01 0.000000000000000e+00 4.074520710094216e-01 0.000000000000000e+00 5.659441679055256e-01 0.000000000000000e+00 0.000000000000000e+00 0.000000000000000e+00 0.000000000000000e+00 0.000000000000000e+00 3.771999366360141e-01 0.000000000000000e+00 0.000000000000000e+00 0.000000000000000e+00 
0.000000000000000e+00 0.000000000000000e+00 0.000000000000000e+00 0.000000000000000e+00 0.000000000000000e+00 3.326489983173636e-01 0.000000000000000e+00 0.000000000000000e+00 2.193320632566463e-02 6.631899734595202e-01 0.000000000000000e+00 4.359613123574092e-01 7.171073024412783e-01 4.359906856696009e-02 0.000000000000000e+00 0.000000000000000e+00 0.000000000000000e+00 5.265908876586904e-01 0.000000000000000e+00 0.000000000000000e+00 0.000000000000000e+00 0.000000000000000e+00 4.176243959480906e-01 0.000000000000000e+00 0.000000000000000e+00 
0.000000000000000e+00 5.722780002064161e-02 0.000000000000000e+00 5.296392492701506e-01 0.000000000000000e+00 6.078818788132087e-01 0.000000000000000e+00 4.321775309610524e-01 0.000000000000000e+00 0.000000000000000e+00 2.396876632379665e-01 0.000000000000000e+00 2.599687051924080e-01 2.737866808431143e-01 2.477532108810899e-01 0.000000000000000e+00 0.000000000000000e+00 0.000000000000000e+00 0.000000000000000e+00 0.000000000000000e+00 3.712586828002687e-01 0.000000000000000e+00 0.000000000000000e+00 0.000000000000000e+00 4.956255636530695e-01 
1.796639711159503e-01 0.000000000000000e+00 0.000000000000000e+00 0.000000000000000e+00 0.000000000000000e+00 0.000000000000000e+00 0.000000000000000e+00 4.103927281250763e-01 9.664103736992969e-03 0.000000000000000e+00 0.000000000000000e+00 0.000000000000000e+00 1.792503135817711e-01 0.000000000000000e+00 4.649542272251203e-01 4.052939862701583e-01 0.000000000000000e+00 0.000000000000000e+00 0.000000000000000e+00 0.000000000000000e+00 0.000000000000000e+00 0.000000000000000e+00 5.016329129043040e-01 4.378635780684794e-01 1.617010144928074e-01 
0.000000000000000e+00 0.000000000000000e+00 2.213076314760188e-01 0.000000000000000e+00 5.588453394788678e-01 0.000000000000000e+00 0.000000000000000e+00 0.000000000000000e+00 6.091695830324762e-01 0.000000000000000e+00 0.000000000000000e+00 0.000000000000000e+00 0.000000000000000e+00 6.521944521424599e-02 0.000000000000000e+00 0.000000000000000e+00 0.000000000000000e+00 0.000000000000000e+00 2.501844105209882e-01 4.732166657638094e-01 4.193030422756472e-01 0.000000000000000e+00 0.000000000000000e+00 0.000000000000000e+00 0.000000000000000e+00 
0.000000000000000e+00 0.000000000000000e+00 0.000000000000000e+00 0.000000000000000e+00 0.000000000000000e+00 0.000000000000000e+00 0.000000000000000e+00 0.000000000000000e+00 0.000000000000000e+00 0.000000000000000e+00 4.288047348221138e-01 6.342163732167801e-01 2.922278064849832e-01 0.000000000000000e+00 1.726885296194455e-02 0.000000000000000e+00 0.000000000000000e+00 0.000000000000000e+00 0.000000000000000e+00 0.000000000000000e+00 0.000000000000000e+00 0.000000000000000e+00 8.690365031578421e-02 4.485056805651896e-01 4.795892138832276e-02 
0.000000000000000e+00 0.000000000000000e+00 0.000000000000000e+00 0.000000000000000e+00 0.000000000000000e+00 0.000000000000000e+00 0.000000000000000e+00 1.763718714961127e-02 0.000000000000000e+00 0.000000000000000e+00 0.000000000000000e+00 5.801865043287381e-01 0.000000000000000e+00 0.000000000000000e+00 0.000000000000000e+00 0.000000000000000e+00 0.000000000000000e+00 0.000000000000000e+00 0.000000000000000e+00 6.282003632568443e-01 0.000000000000000e+00 4.290665360032995e-01 0.000000000000000e+00 0.000000000000000e+00 0.000000000000000e+00 