# # File created on Tue Apr 30 02:42:59 2024
#  # The following metaparameters were used for this matrix optimization : gamma0 = 0.5; alpha0 = 0; sigma0 = 0.25; l0 = 1;p = 1; R0 = 1; S0 = 0.05; NR = 25; NS = 25; matrix path = matrices/Nr25_Nc25/consumption/RandTrix_Nr25_Nc25_Nest0.55_Conn0.4176.txt; convergence threshold = 1e-08
# 
5.433448159430717128e-01 0.000000000000000000e+00 1.302331069374961903e+00 2.397708415801486082e-01 0.000000000000000000e+00 9.838580120591783329e-01 3.278928666798032188e-01 5.792303476277599339e-01 0.000000000000000000e+00 0.000000000000000000e+00 0.000000000000000000e+00 3.980532644031030132e-01 5.566648542899325092e-01 8.560224291308535793e-01 1.201767518651077893e+00 0.000000000000000000e+00 0.000000000000000000e+00 2.042057263351756136e-01 0.000000000000000000e+00 0.000000000000000000e+00 0.000000000000000000e+00 0.000000000000000000e+00 0.000000000000000000e+00 0.000000000000000000e+00 4.049194582892950978e-01
0.000000000000000000e+00 0.000000000000000000e+00 1.043037440239845903e+00 1.504958303979891054e+00 0.000000000000000000e+00 1.250196337485971032e+00 0.000000000000000000e+00 0.000000000000000000e+00 0.000000000000000000e+00 0.000000000000000000e+00 0.000000000000000000e+00 9.211432692176064752e-01 3.842096493751174235e-01 1.111487789765893019e+00 1.167345143392459983e+00 0.000000000000000000e+00 0.000000000000000000e+00 0.000000000000000000e+00 0.000000000000000000e+00 0.000000000000000000e+00 0.000000000000000000e+00 0.000000000000000000e+00 0.000000000000000000e+00 2.799515721116068168e-01 0.000000000000000000e+00
8.911477550871890196e-01 1.029775362850678055e+00 0.000000000000000000e+00 0.000000000000000000e+00 8.083215820056365297e-01 0.000000000000000000e+00 0.000000000000000000e+00 0.000000000000000000e+00 0.000000000000000000e+00 0.000000000000000000e+00 1.483560583984329106e+00 5.195505219504624739e-01 0.000000000000000000e+00 0.000000000000000000e+00 0.000000000000000000e+00 9.946785125195093391e-01 0.000000000000000000e+00 0.000000000000000000e+00 0.000000000000000000e+00 0.000000000000000000e+00 8.953633617201743888e-01 5.973101612177473818e-01 5.638632561614131955e-01 0.000000000000000000e+00 0.000000000000000000e+00
0.000000000000000000e+00 1.414595650120084924e+00 6.560346227257753959e-01 0.000000000000000000e+00 0.000000000000000000e+00 8.682083059459512198e-01 0.000000000000000000e+00 0.000000000000000000e+00 0.000000000000000000e+00 0.000000000000000000e+00 0.000000000000000000e+00 7.051013121990933330e-01 8.462027195546133473e-01 0.000000000000000000e+00 9.062450843067545447e-01 0.000000000000000000e+00 5.931012597852635126e-01 0.000000000000000000e+00 0.000000000000000000e+00 0.000000000000000000e+00 0.000000000000000000e+00 0.000000000000000000e+00 0.000000000000000000e+00 0.000000000000000000e+00 0.000000000000000000e+00
7.913494734408772491e-01 0.000000000000000000e+00 0.000000000000000000e+00 0.000000000000000000e+00 9.625394525107278110e-01 0.000000000000000000e+00 0.000000000000000000e+00 5.941347896292299424e-01 1.231669640247750053e+00 0.000000000000000000e+00 1.068705576867470031e+00 0.000000000000000000e+00 8.028986566062111807e-01 0.000000000000000000e+00 0.000000000000000000e+00 0.000000000000000000e+00 0.000000000000000000e+00 0.000000000000000000e+00 0.000000000000000000e+00 0.000000000000000000e+00 0.000000000000000000e+00 0.000000000000000000e+00 0.000000000000000000e+00 0.000000000000000000e+00 0.000000000000000000e+00
6.704538852150000450e-01 3.832271513646041960e-02 0.000000000000000000e+00 1.954098037624947937e+00 0.000000000000000000e+00 4.051199930345006917e-01 0.000000000000000000e+00 0.000000000000000000e+00 0.000000000000000000e+00 0.000000000000000000e+00 0.000000000000000000e+00 5.815717753991584971e-01 5.901796206470497075e-02 3.748557788031952054e-01 6.161294725301804664e-01 0.000000000000000000e+00 0.000000000000000000e+00 2.312243722240227006e-01 0.000000000000000000e+00 8.547414409101269372e-01 3.097534839114570726e-01 0.000000000000000000e+00 0.000000000000000000e+00 0.000000000000000000e+00 0.000000000000000000e+00
0.000000000000000000e+00 0.000000000000000000e+00 0.000000000000000000e+00 0.000000000000000000e+00 0.000000000000000000e+00 2.641538631763312051e+00 0.000000000000000000e+00 0.000000000000000000e+00 0.000000000000000000e+00 1.249145279942209946e-01 0.000000000000000000e+00 0.000000000000000000e+00 1.128876373575379954e+00 7.215739309366471232e-01 0.000000000000000000e+00 0.000000000000000000e+00 0.000000000000000000e+00 0.000000000000000000e+00 1.544258357954185090e+00 0.000000000000000000e+00 0.000000000000000000e+00 0.000000000000000000e+00 0.000000000000000000e+00 0.000000000000000000e+00 0.000000000000000000e+00
0.000000000000000000e+00 1.579400650690437891e+00 0.000000000000000000e+00 2.509886794478741190e-01 0.000000000000000000e+00 0.000000000000000000e+00 1.272882353698788993e+00 0.000000000000000000e+00 0.000000000000000000e+00 0.000000000000000000e+00 0.000000000000000000e+00 0.000000000000000000e+00 0.000000000000000000e+00 0.000000000000000000e+00 0.000000000000000000e+00 0.000000000000000000e+00 0.000000000000000000e+00 2.022633273374025098e+00 0.000000000000000000e+00 0.000000000000000000e+00 0.000000000000000000e+00 0.000000000000000000e+00 3.084783349975221078e+00 0.000000000000000000e+00 0.000000000000000000e+00
1.640510805532928051e+00 4.279640466833599111e-01 0.000000000000000000e+00 1.053370079286765959e+00 0.000000000000000000e+00 0.000000000000000000e+00 0.000000000000000000e+00 0.000000000000000000e+00 0.000000000000000000e+00 0.000000000000000000e+00 0.000000000000000000e+00 2.765852542910715028e-01 0.000000000000000000e+00 0.000000000000000000e+00 0.000000000000000000e+00 5.051064712818156277e-01 0.000000000000000000e+00 0.000000000000000000e+00 0.000000000000000000e+00 0.000000000000000000e+00 0.000000000000000000e+00 8.564811063500535893e-01 5.953956121082455422e-01 0.000000000000000000e+00 0.000000000000000000e+00
0.000000000000000000e+00 0.000000000000000000e+00 0.000000000000000000e+00 1.263907149756382076e+00 0.000000000000000000e+00 7.568326964650673450e-01 0.000000000000000000e+00 7.240408277728579423e-01 0.000000000000000000e+00 0.000000000000000000e+00 1.880716685222565132e-01 1.153227749240670966e-02 0.000000000000000000e+00 0.000000000000000000e+00 0.000000000000000000e+00 0.000000000000000000e+00 0.000000000000000000e+00 0.000000000000000000e+00 0.000000000000000000e+00 1.717446144988240109e+00 0.000000000000000000e+00 0.000000000000000000e+00 8.804712340268019966e-02 6.239648174042072837e-01 0.000000000000000000e+00
1.204838386685068929e+00 4.935554635381980138e-01 4.820906526387598867e-01 0.000000000000000000e+00 0.000000000000000000e+00 0.000000000000000000e+00 0.000000000000000000e+00 0.000000000000000000e+00 0.000000000000000000e+00 0.000000000000000000e+00 0.000000000000000000e+00 0.000000000000000000e+00 0.000000000000000000e+00 0.000000000000000000e+00 6.357186815933969504e-01 1.549555496198510074e+00 0.000000000000000000e+00 0.000000000000000000e+00 0.000000000000000000e+00 0.000000000000000000e+00 3.784404775440575186e-01 0.000000000000000000e+00 0.000000000000000000e+00 0.000000000000000000e+00 0.000000000000000000e+00
0.000000000000000000e+00 1.074220563085060087e+00 0.000000000000000000e+00 9.967360283945312371e-01 0.000000000000000000e+00 5.304888735254963406e-01 7.451783228146980909e-01 0.000000000000000000e+00 0.000000000000000000e+00 3.749391529950769075e-01 0.000000000000000000e+00 0.000000000000000000e+00 0.000000000000000000e+00 3.135504009652591018e-01 0.000000000000000000e+00 0.000000000000000000e+00 0.000000000000000000e+00 0.000000000000000000e+00 0.000000000000000000e+00 0.000000000000000000e+00 0.000000000000000000e+00 0.000000000000000000e+00 6.858856230476904070e-01 3.673354483735362108e-01 5.525164246170414240e-01
1.239318364641309955e+00 0.000000000000000000e+00 0.000000000000000000e+00 0.000000000000000000e+00 0.000000000000000000e+00 0.000000000000000000e+00 1.221485565462564926e+00 0.000000000000000000e+00 5.591053484111757621e-01 0.000000000000000000e+00 0.000000000000000000e+00 0.000000000000000000e+00 0.000000000000000000e+00 6.268808806853171101e-01 0.000000000000000000e+00 0.000000000000000000e+00 0.000000000000000000e+00 9.769061045692736256e-01 0.000000000000000000e+00 0.000000000000000000e+00 0.000000000000000000e+00 3.295166608925449020e-02 0.000000000000000000e+00 0.000000000000000000e+00 0.000000000000000000e+00
0.000000000000000000e+00 0.000000000000000000e+00 0.000000000000000000e+00 6.901134006407747545e-01 0.000000000000000000e+00 1.152679682400649108e+00 0.000000000000000000e+00 0.000000000000000000e+00 0.000000000000000000e+00 0.000000000000000000e+00 2.951099556801913826e-01 0.000000000000000000e+00 0.000000000000000000e+00 6.773528869177674050e-01 0.000000000000000000e+00 0.000000000000000000e+00 8.947684991602905535e-02 0.000000000000000000e+00 0.000000000000000000e+00 4.248296599265863893e-01 1.205865281631040009e-01 0.000000000000000000e+00 0.000000000000000000e+00 9.791999836337792473e-01 0.000000000000000000e+00
0.000000000000000000e+00 0.000000000000000000e+00 0.000000000000000000e+00 0.000000000000000000e+00 1.451986674011966016e+00 0.000000000000000000e+00 1.640305744497310980e-01 6.889992953321210090e-01 0.000000000000000000e+00 0.000000000000000000e+00 8.329854880642113546e-01 0.000000000000000000e+00 0.000000000000000000e+00 0.000000000000000000e+00 0.000000000000000000e+00 5.508997873318627336e-01 0.000000000000000000e+00 0.000000000000000000e+00 2.648825766188258046e-01 0.000000000000000000e+00 0.000000000000000000e+00 0.000000000000000000e+00 0.000000000000000000e+00 7.351775195973432320e-01 0.000000000000000000e+00
0.000000000000000000e+00 0.000000000000000000e+00 0.000000000000000000e+00 9.114127332591115405e-01 0.000000000000000000e+00 8.296875360544700984e-01 0.000000000000000000e+00 0.000000000000000000e+00 0.000000000000000000e+00 1.218962371461570049e+00 3.872255553433444075e-01 0.000000000000000000e+00 0.000000000000000000e+00 0.000000000000000000e+00 0.000000000000000000e+00 0.000000000000000000e+00 0.000000000000000000e+00 0.000000000000000000e+00 0.000000000000000000e+00 0.000000000000000000e+00 0.000000000000000000e+00 0.000000000000000000e+00 0.000000000000000000e+00 0.000000000000000000e+00 0.000000000000000000e+00
5.998350881637547483e-01 0.000000000000000000e+00 0.000000000000000000e+00 5.686055692897046265e-02 0.000000000000000000e+00 3.022712276781108764e-01 0.000000000000000000e+00 0.000000000000000000e+00 0.000000000000000000e+00 0.000000000000000000e+00 0.000000000000000000e+00 5.133445991196502467e-01 0.000000000000000000e+00 0.000000000000000000e+00 8.079916532946868069e-01 4.622023799274115885e-01 0.000000000000000000e+00 0.000000000000000000e+00 0.000000000000000000e+00 0.000000000000000000e+00 0.000000000000000000e+00 0.000000000000000000e+00 1.013584682417715044e+00 0.000000000000000000e+00 1.213130929716701889e+00
0.000000000000000000e+00 0.000000000000000000e+00 0.000000000000000000e+00 8.348415776260046384e-01 0.000000000000000000e+00 0.000000000000000000e+00 0.000000000000000000e+00 1.382176340448831864e-01 0.000000000000000000e+00 0.000000000000000000e+00 0.000000000000000000e+00 0.000000000000000000e+00 0.000000000000000000e+00 0.000000000000000000e+00 1.247117077077831926e+00 4.595474126278056848e-01 0.000000000000000000e+00 0.000000000000000000e+00 4.606038883738312051e-01 0.000000000000000000e+00 1.710391775289886951e+00 0.000000000000000000e+00 0.000000000000000000e+00 0.000000000000000000e+00 4.370936095405881239e-01
1.812874664064527939e-04 0.000000000000000000e+00 5.596700330116850530e-01 5.637141850697240386e-01 0.000000000000000000e+00 0.000000000000000000e+00 0.000000000000000000e+00 0.000000000000000000e+00 3.904672308288151261e-01 9.350315865489068345e-01 0.000000000000000000e+00 0.000000000000000000e+00 3.941367730200370234e-01 0.000000000000000000e+00 0.000000000000000000e+00 0.000000000000000000e+00 7.715957339230347656e-02 0.000000000000000000e+00 0.000000000000000000e+00 0.000000000000000000e+00 0.000000000000000000e+00 1.436552004429215990e-01 6.112793714405843071e-01 0.000000000000000000e+00 0.000000000000000000e+00
0.000000000000000000e+00 0.000000000000000000e+00 7.509951704974775488e-01 0.000000000000000000e+00 5.931501087133338457e-01 6.596618463864387660e-01 0.000000000000000000e+00 2.098181232819203990e-01 0.000000000000000000e+00 3.549190997954655979e-01 0.000000000000000000e+00 0.000000000000000000e+00 2.909885821246626092e-01 0.000000000000000000e+00 0.000000000000000000e+00 0.000000000000000000e+00 0.000000000000000000e+00 0.000000000000000000e+00 0.000000000000000000e+00 5.206403954930555189e-01 0.000000000000000000e+00 0.000000000000000000e+00 0.000000000000000000e+00 1.835349593081558039e-01 0.000000000000000000e+00
4.195050113565668148e-01 0.000000000000000000e+00 0.000000000000000000e+00 1.034589899756223952e+00 0.000000000000000000e+00 0.000000000000000000e+00 8.097615712896254481e-01 0.000000000000000000e+00 0.000000000000000000e+00 0.000000000000000000e+00 0.000000000000000000e+00 0.000000000000000000e+00 0.000000000000000000e+00 0.000000000000000000e+00 0.000000000000000000e+00 0.000000000000000000e+00 0.000000000000000000e+00 7.367247440587806895e-02 0.000000000000000000e+00 2.439116852529487067e-01 0.000000000000000000e+00 0.000000000000000000e+00 0.000000000000000000e+00 2.470252447910112059e-01 0.000000000000000000e+00
0.000000000000000000e+00 9.745344259919652696e-01 0.000000000000000000e+00 0.000000000000000000e+00 0.000000000000000000e+00 6.582564173817357922e-01 1.012419478800663963e+00 0.000000000000000000e+00 0.000000000000000000e+00 0.000000000000000000e+00 0.000000000000000000e+00 0.000000000000000000e+00 0.000000000000000000e+00 1.070763353304261950e-01 0.000000000000000000e+00 0.000000000000000000e+00 0.000000000000000000e+00 1.019475808183964993e+00 0.000000000000000000e+00 0.000000000000000000e+00 0.000000000000000000e+00 0.000000000000000000e+00 1.167509170545684982e-01 0.000000000000000000e+00 0.000000000000000000e+00
0.000000000000000000e+00 8.830353366320416175e-02 0.000000000000000000e+00 4.538766285504429732e-01 0.000000000000000000e+00 0.000000000000000000e+00 0.000000000000000000e+00 0.000000000000000000e+00 3.312726354086933944e-01 0.000000000000000000e+00 0.000000000000000000e+00 0.000000000000000000e+00 2.586047789851216860e-01 0.000000000000000000e+00 0.000000000000000000e+00 0.000000000000000000e+00 0.000000000000000000e+00 0.000000000000000000e+00 0.000000000000000000e+00 1.826413727184252878e-01 0.000000000000000000e+00 5.142399260420762452e-01 0.000000000000000000e+00 2.088183471518537115e-01 0.000000000000000000e+00
0.000000000000000000e+00 0.000000000000000000e+00 0.000000000000000000e+00 0.000000000000000000e+00 2.457213314626484069e-01 0.000000000000000000e+00 0.000000000000000000e+00 0.000000000000000000e+00 0.000000000000000000e+00 0.000000000000000000e+00 0.000000000000000000e+00 0.000000000000000000e+00 3.415881991185610866e-01 0.000000000000000000e+00 0.000000000000000000e+00 0.000000000000000000e+00 0.000000000000000000e+00 0.000000000000000000e+00 0.000000000000000000e+00 5.449139618422134124e-01 6.332862958373531859e-01 5.927905531226584923e-01 0.000000000000000000e+00 0.000000000000000000e+00 0.000000000000000000e+00
0.000000000000000000e+00 0.000000000000000000e+00 0.000000000000000000e+00 0.000000000000000000e+00 0.000000000000000000e+00 5.470408065702705436e-01 0.000000000000000000e+00 0.000000000000000000e+00 2.133031677578766938e-01 0.000000000000000000e+00 0.000000000000000000e+00 0.000000000000000000e+00 0.000000000000000000e+00 0.000000000000000000e+00 0.000000000000000000e+00 0.000000000000000000e+00 0.000000000000000000e+00 0.000000000000000000e+00 0.000000000000000000e+00 0.000000000000000000e+00 2.898225977661397224e-01 4.001607727293183259e-01 0.000000000000000000e+00 0.000000000000000000e+00 0.000000000000000000e+00
