# File created on Tue Apr 30 01:34:18 2024
# The following metaparameters were used for this matrix optimization : gamma0 = 0.5; alpha0 = 0; sigma0 = 0.25; l0 = 1;p = 1; R0 = 1; S0 = 0.05; NR = 25; NS = 25; matrix path = matrices/Nr25_Nc25/consumption/RandTrix_Nr25_Nc25_Nest0.4_Conn0.3712.txt; convergence threshold = 1e-08
0.000000000000000e+00 0.000000000000000e+00 0.000000000000000e+00 8.742654240591385e-01 0.000000000000000e+00 6.820100123394263e-01 0.000000000000000e+00 0.000000000000000e+00 9.289125906182261e-01 0.000000000000000e+00 0.000000000000000e+00 0.000000000000000e+00 1.481638869782998e+00 0.000000000000000e+00 1.181465200481949e-02 0.000000000000000e+00 0.000000000000000e+00 0.000000000000000e+00 0.000000000000000e+00 0.000000000000000e+00 0.000000000000000e+00 1.075400922634401e+00 0.000000000000000e+00 0.000000000000000e+00 0.000000000000000e+00 
0.000000000000000e+00 4.698633099283813e-01 0.000000000000000e+00 1.093192931226285e+00 0.000000000000000e+00 0.000000000000000e+00 0.000000000000000e+00 5.632116938571856e-01 0.000000000000000e+00 1.787430613006945e-01 0.000000000000000e+00 0.000000000000000e+00 1.537718111641856e+00 0.000000000000000e+00 0.000000000000000e+00 0.000000000000000e+00 0.000000000000000e+00 0.000000000000000e+00 0.000000000000000e+00 1.827323247117566e+00 0.000000000000000e+00 0.000000000000000e+00 0.000000000000000e+00 0.000000000000000e+00 0.000000000000000e+00 
8.098207405368952e-01 0.000000000000000e+00 0.000000000000000e+00 0.000000000000000e+00 7.620011700756112e-01 0.000000000000000e+00 0.000000000000000e+00 0.000000000000000e+00 9.818463217516800e-01 0.000000000000000e+00 1.040431650332926e+00 2.222325677332870e-01 0.000000000000000e+00 0.000000000000000e+00 0.000000000000000e+00 0.000000000000000e+00 6.896251992398603e-02 0.000000000000000e+00 4.379676682246831e-02 0.000000000000000e+00 0.000000000000000e+00 4.303961502749368e-01 0.000000000000000e+00 3.972866584415159e-01 0.000000000000000e+00 
0.000000000000000e+00 0.000000000000000e+00 0.000000000000000e+00 1.913604214035819e+00 0.000000000000000e+00 0.000000000000000e+00 5.606315710273752e-01 4.545937003253836e-01 0.000000000000000e+00 0.000000000000000e+00 0.000000000000000e+00 0.000000000000000e+00 0.000000000000000e+00 0.000000000000000e+00 0.000000000000000e+00 0.000000000000000e+00 0.000000000000000e+00 0.000000000000000e+00 0.000000000000000e+00 6.716457048324632e-01 0.000000000000000e+00 8.943504223715260e-01 0.000000000000000e+00 1.371476382039440e+00 0.000000000000000e+00 
0.000000000000000e+00 3.618301161959693e-01 0.000000000000000e+00 4.292770279990126e-01 0.000000000000000e+00 0.000000000000000e+00 0.000000000000000e+00 0.000000000000000e+00 1.152399819974840e+00 0.000000000000000e+00 0.000000000000000e+00 1.288093848934618e+00 0.000000000000000e+00 0.000000000000000e+00 0.000000000000000e+00 8.443443995731617e-01 0.000000000000000e+00 0.000000000000000e+00 0.000000000000000e+00 8.076854171071452e-01 0.000000000000000e+00 0.000000000000000e+00 0.000000000000000e+00 0.000000000000000e+00 6.294269560971263e-01 
0.000000000000000e+00 0.000000000000000e+00 0.000000000000000e+00 0.000000000000000e+00 0.000000000000000e+00 5.376936936014235e-01 0.000000000000000e+00 0.000000000000000e+00 0.000000000000000e+00 1.605743882787612e+00 0.000000000000000e+00 0.000000000000000e+00 0.000000000000000e+00 5.464782344431230e-01 0.000000000000000e+00 0.000000000000000e+00 0.000000000000000e+00 4.648470025661903e-01 0.000000000000000e+00 6.323570097969696e-01 7.966450592422567e-01 0.000000000000000e+00 0.000000000000000e+00 1.400066511569520e-01 0.000000000000000e+00 
0.000000000000000e+00 0.000000000000000e+00 4.080710019194124e-01 0.000000000000000e+00 0.000000000000000e+00 9.182668903134456e-01 0.000000000000000e+00 3.371006000222653e-01 0.000000000000000e+00 8.925504344805078e-01 0.000000000000000e+00 0.000000000000000e+00 0.000000000000000e+00 0.000000000000000e+00 0.000000000000000e+00 0.000000000000000e+00 0.000000000000000e+00 0.000000000000000e+00 0.000000000000000e+00 0.000000000000000e+00 1.113641487301478e+00 1.420875264280342e-01 0.000000000000000e+00 0.000000000000000e+00 0.000000000000000e+00 
0.000000000000000e+00 3.179195351386360e-01 0.000000000000000e+00 2.237412418278134e-01 0.000000000000000e+00 8.829836617772812e-01 0.000000000000000e+00 0.000000000000000e+00 0.000000000000000e+00 0.000000000000000e+00 0.000000000000000e+00 0.000000000000000e+00 5.301820125408332e-01 5.253083461863356e-01 0.000000000000000e+00 1.290367967978469e+00 0.000000000000000e+00 0.000000000000000e+00 5.320754124306981e-01 0.000000000000000e+00 0.000000000000000e+00 0.000000000000000e+00 0.000000000000000e+00 0.000000000000000e+00 0.000000000000000e+00 
0.000000000000000e+00 0.000000000000000e+00 1.063509156360767e+00 0.000000000000000e+00 0.000000000000000e+00 7.588539044276076e-01 0.000000000000000e+00 0.000000000000000e+00 0.000000000000000e+00 0.000000000000000e+00 8.803612506960903e-02 1.035319236200726e+00 0.000000000000000e+00 0.000000000000000e+00 0.000000000000000e+00 1.712371316661479e-01 0.000000000000000e+00 0.000000000000000e+00 0.000000000000000e+00 0.000000000000000e+00 1.838263844578992e-01 3.800952408743431e-01 0.000000000000000e+00 0.000000000000000e+00 0.000000000000000e+00 
0.000000000000000e+00 0.000000000000000e+00 2.586763713829674e-01 3.494810863341664e-01 0.000000000000000e+00 0.000000000000000e+00 5.672932378739758e-01 8.955502472542743e-01 0.000000000000000e+00 5.229063521990440e-01 5.105064830341973e-01 0.000000000000000e+00 0.000000000000000e+00 9.222190839742554e-02 0.000000000000000e+00 0.000000000000000e+00 0.000000000000000e+00 2.969014441882922e-01 5.713911265673405e-01 1.381313571968893e-01 0.000000000000000e+00 0.000000000000000e+00 1.049004642837137e+00 0.000000000000000e+00 0.000000000000000e+00 
0.000000000000000e+00 0.000000000000000e+00 0.000000000000000e+00 0.000000000000000e+00 6.735775644732956e-01 0.000000000000000e+00 0.000000000000000e+00 0.000000000000000e+00 0.000000000000000e+00 0.000000000000000e+00 0.000000000000000e+00 7.907178160598380e-01 9.924063378593476e-01 2.379569385434299e-01 0.000000000000000e+00 0.000000000000000e+00 1.872093245954838e-01 1.030401833765788e-01 1.364145663745153e-01 0.000000000000000e+00 0.000000000000000e+00 0.000000000000000e+00 0.000000000000000e+00 1.731627751258146e-01 1.182704068825472e+00 
0.000000000000000e+00 3.215879259012066e-01 0.000000000000000e+00 0.000000000000000e+00 0.000000000000000e+00 0.000000000000000e+00 3.531953445609550e-01 0.000000000000000e+00 0.000000000000000e+00 0.000000000000000e+00 0.000000000000000e+00 0.000000000000000e+00 7.805417936929799e-01 0.000000000000000e+00 7.001833472086853e-01 8.787758588760291e-01 0.000000000000000e+00 0.000000000000000e+00 0.000000000000000e+00 0.000000000000000e+00 0.000000000000000e+00 0.000000000000000e+00 0.000000000000000e+00 1.026227961403236e-01 1.224990654367720e+00 
0.000000000000000e+00 0.000000000000000e+00 1.236926938673975e+00 0.000000000000000e+00 0.000000000000000e+00 0.000000000000000e+00 0.000000000000000e+00 0.000000000000000e+00 0.000000000000000e+00 1.550024896439241e+00 0.000000000000000e+00 0.000000000000000e+00 0.000000000000000e+00 0.000000000000000e+00 0.000000000000000e+00 0.000000000000000e+00 0.000000000000000e+00 2.063080513603829e-01 1.146649727099354e+00 0.000000000000000e+00 0.000000000000000e+00 0.000000000000000e+00 0.000000000000000e+00 1.617186448525935e-01 0.000000000000000e+00 
0.000000000000000e+00 0.000000000000000e+00 0.000000000000000e+00 0.000000000000000e+00 6.783373609378470e-01 9.932025891369715e-01 0.000000000000000e+00 0.000000000000000e+00 0.000000000000000e+00 3.794846053388351e-01 7.706803963812006e-01 0.000000000000000e+00 0.000000000000000e+00 0.000000000000000e+00 0.000000000000000e+00 0.000000000000000e+00 0.000000000000000e+00 0.000000000000000e+00 0.000000000000000e+00 0.000000000000000e+00 0.000000000000000e+00 7.676799878869099e-01 0.000000000000000e+00 0.000000000000000e+00 1.181402111518778e+00 
0.000000000000000e+00 0.000000000000000e+00 0.000000000000000e+00 0.000000000000000e+00 0.000000000000000e+00 1.416906403801797e+00 0.000000000000000e+00 0.000000000000000e+00 0.000000000000000e+00 2.926769990685598e-01 0.000000000000000e+00 0.000000000000000e+00 1.056174208805016e-01 5.688967203299603e-01 0.000000000000000e+00 0.000000000000000e+00 0.000000000000000e+00 0.000000000000000e+00 8.600029028434063e-01 0.000000000000000e+00 0.000000000000000e+00 0.000000000000000e+00 5.059751500558208e-01 4.012000580971514e-01 0.000000000000000e+00 
0.000000000000000e+00 0.000000000000000e+00 0.000000000000000e+00 1.252001572812705e+00 0.000000000000000e+00 6.221870556967740e-01 0.000000000000000e+00 8.362711341288751e-01 0.000000000000000e+00 0.000000000000000e+00 0.000000000000000e+00 0.000000000000000e+00 0.000000000000000e+00 0.000000000000000e+00 0.000000000000000e+00 0.000000000000000e+00 0.000000000000000e+00 0.000000000000000e+00 0.000000000000000e+00 5.335350525371976e-01 0.000000000000000e+00 4.734056131454039e-01 0.000000000000000e+00 0.000000000000000e+00 0.000000000000000e+00 
2.918204280844008e-01 0.000000000000000e+00 2.756760267029141e-01 1.090392355267592e+00 7.915392720287883e-01 5.557863297308259e-01 0.000000000000000e+00 6.576257869347254e-01 0.000000000000000e+00 0.000000000000000e+00 0.000000000000000e+00 0.000000000000000e+00 0.000000000000000e+00 0.000000000000000e+00 0.000000000000000e+00 0.000000000000000e+00 2.890494909933143e-03 0.000000000000000e+00 0.000000000000000e+00 0.000000000000000e+00 0.000000000000000e+00 3.461077939925247e-01 5.696224121651012e-01 0.000000000000000e+00 0.000000000000000e+00 
9.009577507162163e-02 0.000000000000000e+00 7.891933277903279e-01 9.996853330315716e-02 5.637796593134067e-01 0.000000000000000e+00 1.142449475856338e-01 0.000000000000000e+00 0.000000000000000e+00 7.292551135367046e-01 0.000000000000000e+00 1.994364778178771e-02 6.444894358218628e-01 0.000000000000000e+00 0.000000000000000e+00 0.000000000000000e+00 0.000000000000000e+00 0.000000000000000e+00 0.000000000000000e+00 3.371964137261987e-01 0.000000000000000e+00 2.422653533636783e-01 0.000000000000000e+00 0.000000000000000e+00 0.000000000000000e+00 
0.000000000000000e+00 0.000000000000000e+00 0.000000000000000e+00 0.000000000000000e+00 0.000000000000000e+00 0.000000000000000e+00 2.366349843003651e-01 0.000000000000000e+00 2.148052928111294e-01 0.000000000000000e+00 1.226557605469109e+00 0.000000000000000e+00 0.000000000000000e+00 0.000000000000000e+00 0.000000000000000e+00 0.000000000000000e+00 9.555614836580426e-01 0.000000000000000e+00 0.000000000000000e+00 0.000000000000000e+00 0.000000000000000e+00 0.000000000000000e+00 0.000000000000000e+00 0.000000000000000e+00 9.049383453863338e-01 
0.000000000000000e+00 1.762691766949441e-01 0.000000000000000e+00 0.000000000000000e+00 1.001123894334821e-01 3.974884759562126e-02 0.000000000000000e+00 0.000000000000000e+00 0.000000000000000e+00 1.517066681962610e+00 0.000000000000000e+00 0.000000000000000e+00 0.000000000000000e+00 2.377302911693473e-01 0.000000000000000e+00 0.000000000000000e+00 7.429784127145109e-01 0.000000000000000e+00 3.995459531085585e-02 0.000000000000000e+00 0.000000000000000e+00 0.000000000000000e+00 0.000000000000000e+00 0.000000000000000e+00 0.000000000000000e+00 
5.277957710228052e-01 5.065364817565581e-01 0.000000000000000e+00 1.179675288921427e+00 0.000000000000000e+00 0.000000000000000e+00 5.986782416533826e-01 3.499944448870443e-01 6.123443586882582e-01 0.000000000000000e+00 0.000000000000000e+00 0.000000000000000e+00 0.000000000000000e+00 0.000000000000000e+00 0.000000000000000e+00 0.000000000000000e+00 0.000000000000000e+00 0.000000000000000e+00 6.095738288257516e-02 0.000000000000000e+00 0.000000000000000e+00 0.000000000000000e+00 0.000000000000000e+00 0.000000000000000e+00 0.000000000000000e+00 
0.000000000000000e+00 0.000000000000000e+00 0.000000000000000e+00 0.000000000000000e+00 9.237265466091859e-02 9.269223758393224e-01 3.742059243099429e-01 0.000000000000000e+00 0.000000000000000e+00 0.000000000000000e+00 0.000000000000000e+00 7.700526284407531e-01 3.992719595948306e-01 0.000000000000000e+00 4.122626413954737e-01 0.000000000000000e+00 0.000000000000000e+00 0.000000000000000e+00 7.482119964039273e-01 0.000000000000000e+00 0.000000000000000e+00 0.000000000000000e+00 0.000000000000000e+00 0.000000000000000e+00 0.000000000000000e+00 
0.000000000000000e+00 0.000000000000000e+00 6.288535797500009e-01 0.000000000000000e+00 0.000000000000000e+00 3.568879612469311e-01 0.000000000000000e+00 0.000000000000000e+00 3.789206271029732e-01 0.000000000000000e+00 6.925447065634399e-01 0.000000000000000e+00 0.000000000000000e+00 9.925972133019303e-01 0.000000000000000e+00 2.829522074073712e-01 0.000000000000000e+00 0.000000000000000e+00 0.000000000000000e+00 0.000000000000000e+00 0.000000000000000e+00 5.512849803333617e-02 0.000000000000000e+00 0.000000000000000e+00 0.000000000000000e+00 
0.000000000000000e+00 8.235891335403795e-01 0.000000000000000e+00 0.000000000000000e+00 0.000000000000000e+00 0.000000000000000e+00 0.000000000000000e+00 0.000000000000000e+00 3.178357130502348e-01 0.000000000000000e+00 3.036104856713966e-01 3.243251179860711e-01 0.000000000000000e+00 0.000000000000000e+00 0.000000000000000e+00 0.000000000000000e+00 0.000000000000000e+00 0.000000000000000e+00 0.000000000000000e+00 5.236107203912021e-01 0.000000000000000e+00 0.000000000000000e+00 0.000000000000000e+00 0.000000000000000e+00 0.000000000000000e+00 
0.000000000000000e+00 0.000000000000000e+00 0.000000000000000e+00 0.000000000000000e+00 2.436014924383390e-01 0.000000000000000e+00 7.459977157214781e-01 0.000000000000000e+00 0.000000000000000e+00 0.000000000000000e+00 0.000000000000000e+00 0.000000000000000e+00 0.000000000000000e+00 0.000000000000000e+00 0.000000000000000e+00 0.000000000000000e+00 0.000000000000000e+00 0.000000000000000e+00 0.000000000000000e+00 0.000000000000000e+00 0.000000000000000e+00 3.819164353529615e-01 5.669631682518854e-01 0.000000000000000e+00 0.000000000000000e+00 