# # File created on Fri May 17 15:42:06 2024
#  # The following metaparameters were used for this matrix optimization : gamma0 = 0.5; alpha0 = 0; sigma0 = 0.25; l0 = 1;p = 1; R0 = 1; S0 = 0.05; NR = 25; NS = 25; matrix path = matrices/Nr25_Nc25/consumption/RandTrix_Nr25_Nc25_Nest0.55_Conn0.184.txt; convergence threshold = 1e-08
# 
6.050701273388090721e-04 0.000000000000000000e+00 2.531148909657706791e-03 2.309049663520293914e-03 4.319641886252799053e-04 2.850563704370326140e-04 0.000000000000000000e+00 5.990220287244543999e-04 0.000000000000000000e+00 1.136707340048024066e-03 0.000000000000000000e+00 3.972477555928735637e-03 0.000000000000000000e+00 0.000000000000000000e+00 0.000000000000000000e+00 9.332060673363679363e-04 3.311106311966832000e-03 0.000000000000000000e+00 0.000000000000000000e+00 0.000000000000000000e+00 1.219640004496731029e-03 2.611974696923580891e-03 4.282820587139212799e-03 2.868845963689338040e-03 0.000000000000000000e+00
0.000000000000000000e+00 0.000000000000000000e+00 0.000000000000000000e+00 0.000000000000000000e+00 1.763856486076082006e-04 3.172595462358152041e-03 2.868039053503108806e-03 2.245424775353188976e-03 2.432059193204258885e-03 2.407160470997639096e-03 0.000000000000000000e+00 0.000000000000000000e+00 0.000000000000000000e+00 0.000000000000000000e+00 3.263807280224558047e-03 2.555781572550444147e-03 0.000000000000000000e+00 0.000000000000000000e+00 2.100479297395492929e-03 4.907286535331892817e-03 4.039167481468463813e-03 3.407875791984917198e-03 0.000000000000000000e+00 0.000000000000000000e+00 0.000000000000000000e+00
1.512309475147184060e-03 0.000000000000000000e+00 0.000000000000000000e+00 0.000000000000000000e+00 0.000000000000000000e+00 0.000000000000000000e+00 2.808980739047521082e-03 3.221609833518382197e-03 0.000000000000000000e+00 0.000000000000000000e+00 0.000000000000000000e+00 0.000000000000000000e+00 4.418554769380679710e-03 0.000000000000000000e+00 0.000000000000000000e+00 0.000000000000000000e+00 0.000000000000000000e+00 0.000000000000000000e+00 2.018892135368949986e-03 0.000000000000000000e+00 2.585093450491791119e-03 3.580383573009895092e-03 0.000000000000000000e+00 1.537849539802447086e-03 4.879929074178807058e-03
0.000000000000000000e+00 0.000000000000000000e+00 3.099905006030488196e-03 0.000000000000000000e+00 2.228887714468291963e-03 3.215456212139625961e-03 0.000000000000000000e+00 0.000000000000000000e+00 3.349092178889658857e-03 0.000000000000000000e+00 4.751789539519551617e-03 1.576367062196892994e-03 4.249586582022701377e-03 0.000000000000000000e+00 1.042714443083231026e-04 0.000000000000000000e+00 0.000000000000000000e+00 0.000000000000000000e+00 3.599170103037185181e-03 0.000000000000000000e+00 3.638947504818832151e-03 0.000000000000000000e+00 1.702686374888625915e-03 0.000000000000000000e+00 0.000000000000000000e+00
4.844617984204054040e-03 0.000000000000000000e+00 2.593877941505776195e-03 1.575130901490769076e-03 0.000000000000000000e+00 3.190935211312040994e-03 0.000000000000000000e+00 0.000000000000000000e+00 4.663121138365556965e-03 4.850273599486117429e-03 2.876744606109866813e-03 0.000000000000000000e+00 4.037289578588429233e-03 0.000000000000000000e+00 0.000000000000000000e+00 0.000000000000000000e+00 0.000000000000000000e+00 1.137726587485814915e-03 1.612484874403598972e-04 0.000000000000000000e+00 3.430018698796265166e-03 0.000000000000000000e+00 0.000000000000000000e+00 0.000000000000000000e+00 0.000000000000000000e+00
0.000000000000000000e+00 1.574915794654817075e-03 0.000000000000000000e+00 0.000000000000000000e+00 0.000000000000000000e+00 0.000000000000000000e+00 0.000000000000000000e+00 0.000000000000000000e+00 0.000000000000000000e+00 0.000000000000000000e+00 0.000000000000000000e+00 7.196900527205251459e-04 2.761040517443569958e-03 2.507481106525703829e-03 0.000000000000000000e+00 0.000000000000000000e+00 0.000000000000000000e+00 0.000000000000000000e+00 0.000000000000000000e+00 3.826782648302580817e-03 0.000000000000000000e+00 0.000000000000000000e+00 0.000000000000000000e+00 0.000000000000000000e+00 3.207379316282351982e-04
0.000000000000000000e+00 3.883238483020500127e-03 3.300269772488627091e-03 0.000000000000000000e+00 1.082597781681048912e-03 4.748722117803950982e-03 2.848687575814665834e-03 1.568794379241872968e-04 2.246180425151937058e-03 7.876472529109902624e-04 4.729877770006459155e-04 3.033952431349383212e-03 0.000000000000000000e+00 0.000000000000000000e+00 2.104621037964871035e-04 0.000000000000000000e+00 0.000000000000000000e+00 0.000000000000000000e+00 3.086347873728639921e-03 0.000000000000000000e+00 0.000000000000000000e+00 0.000000000000000000e+00 4.452415471113322330e-03 0.000000000000000000e+00 1.166421400700989918e-03
0.000000000000000000e+00 2.443660373039249940e-03 0.000000000000000000e+00 3.646137987982486003e-03 5.003196941000294514e-04 0.000000000000000000e+00 0.000000000000000000e+00 3.670166666000806901e-03 0.000000000000000000e+00 3.126518974640635998e-03 0.000000000000000000e+00 0.000000000000000000e+00 0.000000000000000000e+00 7.994333084335094198e-04 4.725942915560979798e-03 4.238679812003155224e-03 1.705910178252131957e-03 2.171185618328280947e-05 0.000000000000000000e+00 7.601243947161863196e-04 0.000000000000000000e+00 0.000000000000000000e+00 0.000000000000000000e+00 1.838671878981974067e-03 0.000000000000000000e+00
1.773854054244478106e-03 2.339673347044106139e-03 0.000000000000000000e+00 3.122121852435595039e-03 0.000000000000000000e+00 0.000000000000000000e+00 0.000000000000000000e+00 0.000000000000000000e+00 0.000000000000000000e+00 0.000000000000000000e+00 0.000000000000000000e+00 0.000000000000000000e+00 0.000000000000000000e+00 3.272431481887657940e-03 0.000000000000000000e+00 3.781816698706033913e-03 2.204562633733172031e-03 0.000000000000000000e+00 2.243347043341730081e-03 0.000000000000000000e+00 2.505452378537048955e-03 0.000000000000000000e+00 3.695933151763737198e-03 2.873066745695685830e-03 0.000000000000000000e+00
4.524708718525788029e-03 4.350921454363112020e-04 1.190970720567939914e-03 7.504248333130114461e-04 2.341981496398443108e-03 4.468769662647227060e-03 0.000000000000000000e+00 6.859850980896410773e-04 0.000000000000000000e+00 4.966125629804956721e-04 0.000000000000000000e+00 0.000000000000000000e+00 0.000000000000000000e+00 1.811453427427137011e-04 2.769548732621340912e-03 0.000000000000000000e+00 4.058516693843993405e-03 9.362510391066665048e-04 4.102352241985914895e-03 0.000000000000000000e+00 0.000000000000000000e+00 3.147068167197846975e-03 2.964926304131559019e-03 0.000000000000000000e+00 7.048126211540302029e-04
2.103067327527594153e-03 0.000000000000000000e+00 0.000000000000000000e+00 2.169499047737675872e-03 0.000000000000000000e+00 3.916405173112087572e-03 0.000000000000000000e+00 3.167654006547635914e-03 0.000000000000000000e+00 0.000000000000000000e+00 2.780121634352818952e-03 0.000000000000000000e+00 0.000000000000000000e+00 4.090727939909112945e-03 3.387063682690703067e-03 0.000000000000000000e+00 3.713453639999288181e-03 1.322796255168083059e-03 1.224732257782698910e-03 4.772202072177838053e-03 0.000000000000000000e+00 7.650455083483536506e-04 2.455959519745718866e-03 0.000000000000000000e+00 4.071356200089902913e-03
0.000000000000000000e+00 0.000000000000000000e+00 0.000000000000000000e+00 4.507320267671519921e-03 2.640567720848026149e-03 0.000000000000000000e+00 3.097293956583222884e-03 0.000000000000000000e+00 0.000000000000000000e+00 0.000000000000000000e+00 0.000000000000000000e+00 2.818423728316154803e-03 2.357151798922946066e-03 3.120023532334632952e-03 3.962870725952676726e-03 0.000000000000000000e+00 3.541384544783437831e-03 0.000000000000000000e+00 5.449403537588364032e-04 3.241680736399897046e-03 0.000000000000000000e+00 2.426271650181925036e-03 0.000000000000000000e+00 0.000000000000000000e+00 0.000000000000000000e+00
0.000000000000000000e+00 2.906322485723529785e-03 0.000000000000000000e+00 7.567529547374863023e-04 0.000000000000000000e+00 0.000000000000000000e+00 0.000000000000000000e+00 0.000000000000000000e+00 0.000000000000000000e+00 3.894007602836229830e-03 0.000000000000000000e+00 1.234592961177355007e-03 2.721557878768500843e-05 1.357539834255604974e-03 2.709730834734671179e-03 1.177951813098215925e-03 0.000000000000000000e+00 0.000000000000000000e+00 0.000000000000000000e+00 2.261120268300445806e-03 3.408651191065636792e-03 9.242596193598228435e-04 0.000000000000000000e+00 2.935839895480670935e-03 1.765026947627818064e-03
0.000000000000000000e+00 0.000000000000000000e+00 0.000000000000000000e+00 0.000000000000000000e+00 2.651843452472216894e-03 3.163792946517830166e-03 0.000000000000000000e+00 0.000000000000000000e+00 0.000000000000000000e+00 0.000000000000000000e+00 0.000000000000000000e+00 0.000000000000000000e+00 7.180560044422873694e-04 4.530259726303419339e-03 4.834649389884474423e-03 9.290915936585575872e-04 0.000000000000000000e+00 7.943024496916106488e-04 0.000000000000000000e+00 0.000000000000000000e+00 0.000000000000000000e+00 0.000000000000000000e+00 6.457243930424370296e-05 8.702035420606880596e-04 1.667628420059869042e-03
0.000000000000000000e+00 2.784011544031913133e-03 3.956966922169096205e-04 4.986014815926949686e-03 0.000000000000000000e+00 4.496218322177519648e-03 0.000000000000000000e+00 3.607576642290367085e-03 3.356997348887896890e-03 3.704601272466486080e-03 4.813944186536164675e-03 0.000000000000000000e+00 0.000000000000000000e+00 2.168592234913362202e-03 0.000000000000000000e+00 0.000000000000000000e+00 0.000000000000000000e+00 2.223500324799911141e-03 4.647326025008687196e-03 0.000000000000000000e+00 0.000000000000000000e+00 0.000000000000000000e+00 0.000000000000000000e+00 2.523668317006933035e-03 3.558560314866360090e-03
2.338879132418725162e-03 3.451014836683774858e-03 3.235218910966029815e-03 0.000000000000000000e+00 0.000000000000000000e+00 0.000000000000000000e+00 0.000000000000000000e+00 0.000000000000000000e+00 0.000000000000000000e+00 1.752966844693465897e-03 0.000000000000000000e+00 3.561530540336067807e-03 0.000000000000000000e+00 0.000000000000000000e+00 4.928377755880445320e-03 3.064560579537293182e-03 0.000000000000000000e+00 0.000000000000000000e+00 0.000000000000000000e+00 0.000000000000000000e+00 9.868713775264574203e-05 0.000000000000000000e+00 0.000000000000000000e+00 0.000000000000000000e+00 2.941300110440530843e-03
0.000000000000000000e+00 3.809165278699397101e-03 6.094179418212184634e-04 3.572835447026173790e-03 1.923003958751240026e-03 4.801037610658378217e-03 0.000000000000000000e+00 2.404993410149635844e-03 0.000000000000000000e+00 0.000000000000000000e+00 0.000000000000000000e+00 4.143454984070191194e-03 0.000000000000000000e+00 0.000000000000000000e+00 0.000000000000000000e+00 3.905686553967552179e-03 2.999153537288220053e-03 4.705849616136915589e-03 3.295077574675145133e-03 0.000000000000000000e+00 1.861234702349029001e-03 0.000000000000000000e+00 1.904972263045636056e-03 3.620484148690920022e-03 0.000000000000000000e+00
8.508901633135978679e-04 4.709340357876093570e-03 2.789920770895580864e-03 0.000000000000000000e+00 0.000000000000000000e+00 7.926328440285136754e-04 3.627479215052801815e-03 0.000000000000000000e+00 2.387413997460371040e-04 2.771164634449168121e-03 7.712842212236929122e-04 0.000000000000000000e+00 0.000000000000000000e+00 0.000000000000000000e+00 0.000000000000000000e+00 0.000000000000000000e+00 0.000000000000000000e+00 0.000000000000000000e+00 0.000000000000000000e+00 4.272985888224620568e-03 0.000000000000000000e+00 4.485495850094445291e-03 0.000000000000000000e+00 3.747935785106312843e-03 1.047816587652475101e-03
2.904251778165902863e-03 0.000000000000000000e+00 0.000000000000000000e+00 1.568525412639648012e-03 0.000000000000000000e+00 5.843524814897725368e-04 4.055351180564666959e-03 4.429440120096513230e-03 8.257515789567777039e-04 1.476207188315349957e-05 0.000000000000000000e+00 4.753284290108454602e-03 4.721981351584330321e-03 0.000000000000000000e+00 0.000000000000000000e+00 0.000000000000000000e+00 3.690497851361551184e-03 1.894334685436807912e-03 3.519653720930499084e-03 2.772483486828450881e-03 0.000000000000000000e+00 2.845359376480722895e-03 2.671962653328753892e-03 2.777323299079063109e-03 0.000000000000000000e+00
0.000000000000000000e+00 0.000000000000000000e+00 0.000000000000000000e+00 0.000000000000000000e+00 0.000000000000000000e+00 0.000000000000000000e+00 0.000000000000000000e+00 0.000000000000000000e+00 0.000000000000000000e+00 0.000000000000000000e+00 2.773132144830645941e-03 0.000000000000000000e+00 3.218806297462308095e-03 0.000000000000000000e+00 1.228088263221517075e-03 1.325158436660058047e-03 5.636764732186287132e-05 0.000000000000000000e+00 0.000000000000000000e+00 1.030752766722658033e-03 0.000000000000000000e+00 4.448643907749816676e-03 3.448013260254626216e-03 2.934157773520060025e-04 2.943384841855656211e-03
0.000000000000000000e+00 9.752907757746910090e-05 2.524864631053508964e-04 3.970036029346325421e-03 4.210082105471033356e-03 3.753196729735305045e-03 9.123337290490344479e-04 0.000000000000000000e+00 0.000000000000000000e+00 1.921915575374808080e-03 3.682296383873551052e-04 0.000000000000000000e+00 0.000000000000000000e+00 0.000000000000000000e+00 0.000000000000000000e+00 0.000000000000000000e+00 0.000000000000000000e+00 2.905383922984539156e-03 3.287593455113548956e-03 0.000000000000000000e+00 2.412335418205692993e-03 2.989580148887489939e-03 0.000000000000000000e+00 1.881982019285229101e-04 0.000000000000000000e+00
4.818641361091271710e-03 6.375296304066247572e-04 3.992141481352937810e-03 2.888736148267778085e-03 0.000000000000000000e+00 0.000000000000000000e+00 1.274732329607857926e-03 0.000000000000000000e+00 0.000000000000000000e+00 9.317005087168553574e-04 0.000000000000000000e+00 0.000000000000000000e+00 4.615518120362671964e-03 3.524082853848775967e-03 0.000000000000000000e+00 0.000000000000000000e+00 0.000000000000000000e+00 4.739525888763789635e-03 4.403379463259281430e-03 0.000000000000000000e+00 2.312598036710453164e-03 2.519625609102744968e-03 1.852009588244223027e-03 5.103703678018515913e-04 1.344074218284351972e-03
0.000000000000000000e+00 0.000000000000000000e+00 0.000000000000000000e+00 0.000000000000000000e+00 3.023489376397092178e-03 4.418151995619123973e-03 2.812774884182152931e-05 2.097004287674291909e-03 0.000000000000000000e+00 2.677995669555911871e-03 0.000000000000000000e+00 0.000000000000000000e+00 0.000000000000000000e+00 2.481950497849026022e-03 2.696017939434523867e-03 1.461838530296173102e-03 1.396209642247758917e-03 4.289770616341390293e-03 0.000000000000000000e+00 0.000000000000000000e+00 2.797258223400979089e-03 3.489635198907352007e-03 2.476441635199791869e-03 0.000000000000000000e+00 4.569697793629108780e-03
0.000000000000000000e+00 0.000000000000000000e+00 0.000000000000000000e+00 2.980068879132316204e-03 3.482011346245296891e-03 4.411448980094051162e-03 2.499422071632504891e-03 0.000000000000000000e+00 1.280745116321380930e-03 0.000000000000000000e+00 0.000000000000000000e+00 4.503761977600241433e-03 3.590512601287907182e-03 4.359643265008645088e-03 0.000000000000000000e+00 2.111517083561398941e-03 1.169857923008083000e-03 0.000000000000000000e+00 0.000000000000000000e+00 0.000000000000000000e+00 0.000000000000000000e+00 0.000000000000000000e+00 1.613578304016784898e-03 3.895964170251037142e-04 4.189815152173514945e-04
1.380330701057270104e-03 0.000000000000000000e+00 0.000000000000000000e+00 2.708406416576361088e-03 4.637663347153574318e-03 4.416793197807565054e-03 1.582975195037983947e-03 0.000000000000000000e+00 1.736495590984243106e-03 0.000000000000000000e+00 0.000000000000000000e+00 0.000000000000000000e+00 0.000000000000000000e+00 0.000000000000000000e+00 0.000000000000000000e+00 2.774484409840720193e-03 0.000000000000000000e+00 2.368634414590100202e-03 0.000000000000000000e+00 3.879388576807532834e-03 1.008801441711025104e-03 0.000000000000000000e+00 7.848500029513997807e-04 0.000000000000000000e+00 2.396924800752030151e-03
