# # File created on Fri May 17 15:42:04 2024
#  # The following metaparameters were used for this matrix optimization : gamma0 = 0.5; alpha0 = 0; sigma0 = 0.25; l0 = 1;p = 1; R0 = 1; S0 = 0.05; NR = 25; NS = 25; matrix path = matrices/Nr25_Nc25/consumption/RandTrix_Nr25_Nc25_Nest0.45_Conn0.2672.txt; convergence threshold = 1e-08
# 
0.000000000000000000e+00 0.000000000000000000e+00 0.000000000000000000e+00 4.636636909175368207e-03 0.000000000000000000e+00 0.000000000000000000e+00 1.718277631317350002e-03 0.000000000000000000e+00 3.709333222210611011e-03 0.000000000000000000e+00 0.000000000000000000e+00 3.142337036277686839e-03 1.916515859101020937e-03 2.387191058780698070e-03 4.278634033286381373e-03 3.771645301894873884e-05 5.835602384842634820e-04 3.595140686381815783e-04 2.103791464640058888e-03 0.000000000000000000e+00 0.000000000000000000e+00 2.901957264065601998e-03 2.227936233683460842e-03 2.679177968861199202e-03 0.000000000000000000e+00
1.622402366274486004e-03 0.000000000000000000e+00 2.864736239203167795e-03 4.134149752996949673e-03 0.000000000000000000e+00 4.519623057636382168e-03 0.000000000000000000e+00 1.348296037625258941e-03 1.193910457679397052e-03 3.560817702566805923e-03 0.000000000000000000e+00 0.000000000000000000e+00 4.904296317448554252e-03 0.000000000000000000e+00 0.000000000000000000e+00 1.111544475524791102e-03 3.523004294147018094e-03 3.579071117023070996e-03 0.000000000000000000e+00 0.000000000000000000e+00 4.905213954488024490e-04 0.000000000000000000e+00 0.000000000000000000e+00 3.363549802170867891e-03 1.206715618160855968e-03
0.000000000000000000e+00 2.020610842604218978e-03 0.000000000000000000e+00 2.822836642474845902e-03 3.409786174568018181e-03 2.711023440812462826e-03 4.240401455374843281e-03 0.000000000000000000e+00 0.000000000000000000e+00 0.000000000000000000e+00 0.000000000000000000e+00 3.023255349578818883e-03 4.255317616330516785e-03 4.347238648578269013e-03 4.913954051900547987e-03 0.000000000000000000e+00 0.000000000000000000e+00 0.000000000000000000e+00 4.451280234352431725e-03 1.673085590496502868e-04 0.000000000000000000e+00 2.056808889509812843e-03 3.241041204566758017e-04 0.000000000000000000e+00 0.000000000000000000e+00
0.000000000000000000e+00 3.250786687064613836e-03 3.406177339046482979e-03 3.976716315078784175e-03 0.000000000000000000e+00 8.349303960615484703e-04 0.000000000000000000e+00 3.374970781266127887e-03 0.000000000000000000e+00 8.698863306054778347e-04 0.000000000000000000e+00 2.378909866518350794e-03 0.000000000000000000e+00 0.000000000000000000e+00 1.783364931550713911e-03 0.000000000000000000e+00 4.496195445065066972e-03 2.516031216659513851e-03 0.000000000000000000e+00 1.392731213894054946e-03 0.000000000000000000e+00 2.735298536152233010e-03 0.000000000000000000e+00 0.000000000000000000e+00 0.000000000000000000e+00
1.900008647077454892e-03 5.676496095074368576e-04 0.000000000000000000e+00 1.603901358738106032e-04 2.436803549558224096e-04 3.795088603309809076e-04 2.925941500949044878e-03 4.698782272647476083e-03 1.487987826799125985e-03 3.851722748639718925e-03 0.000000000000000000e+00 0.000000000000000000e+00 0.000000000000000000e+00 1.341049624555811989e-03 1.291534108847475085e-03 2.888826768451481855e-03 0.000000000000000000e+00 0.000000000000000000e+00 0.000000000000000000e+00 0.000000000000000000e+00 1.004314463197983950e-03 0.000000000000000000e+00 0.000000000000000000e+00 2.943436172148481030e-03 2.671887629320652841e-03
1.571008955694507079e-03 2.756934415027285055e-03 0.000000000000000000e+00 0.000000000000000000e+00 0.000000000000000000e+00 4.293811208795164994e-03 1.231341009185965086e-03 0.000000000000000000e+00 3.031751455465346926e-03 0.000000000000000000e+00 3.809605864723938050e-03 0.000000000000000000e+00 2.830512387869241805e-03 0.000000000000000000e+00 0.000000000000000000e+00 0.000000000000000000e+00 0.000000000000000000e+00 0.000000000000000000e+00 1.980504223662532190e-03 4.023381018498573686e-03 4.410053836243927987e-03 0.000000000000000000e+00 1.873478083775939997e-03 0.000000000000000000e+00 0.000000000000000000e+00
0.000000000000000000e+00 0.000000000000000000e+00 3.610884216220880145e-03 4.169978987951785017e-03 2.516724495627291076e-03 0.000000000000000000e+00 1.955419491684423118e-03 3.711750789696318959e-03 0.000000000000000000e+00 6.580395342348192714e-04 0.000000000000000000e+00 2.505427797800701979e-03 3.122676226030469959e-03 0.000000000000000000e+00 0.000000000000000000e+00 1.005368431568592034e-03 0.000000000000000000e+00 5.332620544877583312e-04 1.684427989721433991e-03 0.000000000000000000e+00 2.296548245522238210e-03 2.294067820432418078e-03 0.000000000000000000e+00 0.000000000000000000e+00 3.767920113255046090e-03
2.585756021021732784e-03 0.000000000000000000e+00 0.000000000000000000e+00 0.000000000000000000e+00 2.239242126065894931e-03 2.322444700442839911e-03 0.000000000000000000e+00 0.000000000000000000e+00 7.803094651115456042e-04 0.000000000000000000e+00 1.003602387975785102e-03 0.000000000000000000e+00 4.985755000310857811e-03 3.134050466119469181e-03 0.000000000000000000e+00 0.000000000000000000e+00 0.000000000000000000e+00 0.000000000000000000e+00 2.936839000322585824e-03 1.918776537505240912e-03 1.376736171848782098e-03 0.000000000000000000e+00 1.338786397861153974e-03 4.250569967941524724e-03 0.000000000000000000e+00
2.050346432342219083e-03 1.673317576406188904e-04 2.137636087449719825e-03 3.646727557340257928e-03 0.000000000000000000e+00 2.995983902937330180e-03 0.000000000000000000e+00 0.000000000000000000e+00 2.852102400356321035e-03 0.000000000000000000e+00 3.636023578863499181e-03 0.000000000000000000e+00 0.000000000000000000e+00 6.045107027734709796e-04 4.294263442945679687e-03 0.000000000000000000e+00 4.964837859933448960e-05 0.000000000000000000e+00 4.699086866939048215e-03 2.624690830505746909e-03 0.000000000000000000e+00 0.000000000000000000e+00 3.742376854929404129e-03 1.355384836237046031e-03 0.000000000000000000e+00
0.000000000000000000e+00 0.000000000000000000e+00 0.000000000000000000e+00 0.000000000000000000e+00 2.487963968557937132e-03 4.166477855535187860e-03 0.000000000000000000e+00 4.349427424141001294e-03 2.962754176122643981e-03 0.000000000000000000e+00 0.000000000000000000e+00 3.233601926141426147e-03 0.000000000000000000e+00 3.928246085341627683e-03 4.072437248850565954e-03 2.584349050142127104e-03 2.496955491811741860e-03 1.412209659177801960e-03 2.093727033913458935e-03 1.509884944216629979e-03 0.000000000000000000e+00 4.488767448699067762e-03 0.000000000000000000e+00 0.000000000000000000e+00 3.573418463937349989e-03
2.630959962831227062e-03 1.792894137770143989e-03 0.000000000000000000e+00 0.000000000000000000e+00 0.000000000000000000e+00 2.569523760442352957e-03 4.152389693585492245e-03 3.773514821759898900e-04 3.726699982978345840e-03 0.000000000000000000e+00 0.000000000000000000e+00 3.632360891215242939e-03 3.572018089651679031e-03 3.190113934614824832e-03 2.992532796232220786e-03 0.000000000000000000e+00 0.000000000000000000e+00 0.000000000000000000e+00 0.000000000000000000e+00 0.000000000000000000e+00 0.000000000000000000e+00 0.000000000000000000e+00 0.000000000000000000e+00 1.970453139653265129e-03 0.000000000000000000e+00
1.024650311229951963e-03 0.000000000000000000e+00 0.000000000000000000e+00 0.000000000000000000e+00 3.842601631953291089e-03 0.000000000000000000e+00 9.771584376684488982e-04 2.426691766123716901e-03 0.000000000000000000e+00 6.964397589471864325e-04 7.467710708475742499e-04 0.000000000000000000e+00 0.000000000000000000e+00 4.445621618604669954e-04 0.000000000000000000e+00 4.476478063461062674e-03 2.731557420438986920e-03 0.000000000000000000e+00 1.931717487729381084e-03 0.000000000000000000e+00 2.176602509943920127e-03 7.235232781133491952e-04 0.000000000000000000e+00 1.313202255058975101e-03 0.000000000000000000e+00
0.000000000000000000e+00 0.000000000000000000e+00 1.627268427347930988e-03 0.000000000000000000e+00 0.000000000000000000e+00 2.806736832786393011e-03 0.000000000000000000e+00 0.000000000000000000e+00 3.165234729180135820e-03 5.181558677199504326e-04 2.511171885061481979e-03 2.618409923470506155e-03 3.977176080896095180e-03 2.784201581703254179e-03 1.021756171831288097e-03 0.000000000000000000e+00 2.805078689387281114e-03 0.000000000000000000e+00 0.000000000000000000e+00 0.000000000000000000e+00 2.944024597800182132e-03 3.156860838722548926e-03 4.180244760203203833e-03 4.655909975894671239e-03 4.438091911623266153e-04
2.434113191764179958e-03 0.000000000000000000e+00 8.579735088556714054e-04 0.000000000000000000e+00 0.000000000000000000e+00 0.000000000000000000e+00 0.000000000000000000e+00 0.000000000000000000e+00 2.237023173074751022e-03 0.000000000000000000e+00 0.000000000000000000e+00 2.306673435997139837e-03 4.057624879823896157e-03 0.000000000000000000e+00 0.000000000000000000e+00 1.449188719842558083e-03 0.000000000000000000e+00 1.238319393706622032e-04 2.495023320187804081e-03 8.239335966985890857e-04 4.955776617308772086e-03 0.000000000000000000e+00 0.000000000000000000e+00 1.129265020486104956e-03 0.000000000000000000e+00
1.242915004897122023e-03 1.870698006196648945e-03 0.000000000000000000e+00 0.000000000000000000e+00 0.000000000000000000e+00 5.037112068177930372e-04 0.000000000000000000e+00 0.000000000000000000e+00 0.000000000000000000e+00 3.759622133554925156e-03 0.000000000000000000e+00 0.000000000000000000e+00 0.000000000000000000e+00 3.282985864889067032e-03 9.877794472871353256e-04 0.000000000000000000e+00 0.000000000000000000e+00 4.082017379804061749e-03 6.401255612572998195e-04 8.553995651198486086e-05 1.060170833619650992e-03 3.325883626402342829e-04 4.487638772275994413e-03 3.122168060481332868e-03 2.510384662490435827e-03
0.000000000000000000e+00 3.609629013113921023e-03 0.000000000000000000e+00 0.000000000000000000e+00 0.000000000000000000e+00 1.762782994115740095e-03 1.184817794532482026e-03 0.000000000000000000e+00 0.000000000000000000e+00 0.000000000000000000e+00 1.653885331239228007e-03 0.000000000000000000e+00 0.000000000000000000e+00 0.000000000000000000e+00 0.000000000000000000e+00 0.000000000000000000e+00 1.970527285583752956e-03 5.597802454383266963e-05 0.000000000000000000e+00 4.788717182909760749e-03 0.000000000000000000e+00 6.609517043699402036e-04 1.260920797022141004e-03 2.859606328586939989e-03 2.914962832348459796e-03
0.000000000000000000e+00 0.000000000000000000e+00 6.323434069453701969e-05 0.000000000000000000e+00 8.835821497688174089e-04 1.621838583557273046e-03 0.000000000000000000e+00 2.614548978608647201e-03 0.000000000000000000e+00 2.777807951976672164e-03 0.000000000000000000e+00 0.000000000000000000e+00 0.000000000000000000e+00 1.838380438288313981e-03 2.699498663571297998e-03 1.382175085023993081e-03 0.000000000000000000e+00 3.872718504137057007e-03 4.697327886886057055e-03 2.493065191710600124e-03 4.142599266263129881e-03 0.000000000000000000e+00 4.324997603660570879e-03 0.000000000000000000e+00 3.901589990622034067e-03
0.000000000000000000e+00 0.000000000000000000e+00 3.002851593654454979e-03 0.000000000000000000e+00 0.000000000000000000e+00 0.000000000000000000e+00 0.000000000000000000e+00 4.631914892607678740e-03 0.000000000000000000e+00 1.425806991547602003e-03 0.000000000000000000e+00 4.853751162683965156e-03 4.958387198585855957e-03 5.133453892129428119e-04 2.918599309474470809e-03 0.000000000000000000e+00 0.000000000000000000e+00 0.000000000000000000e+00 0.000000000000000000e+00 1.851098668816267094e-04 0.000000000000000000e+00 0.000000000000000000e+00 0.000000000000000000e+00 3.381754144482018200e-03 1.683813575680803958e-03
0.000000000000000000e+00 1.820366205867537989e-03 0.000000000000000000e+00 0.000000000000000000e+00 0.000000000000000000e+00 0.000000000000000000e+00 0.000000000000000000e+00 0.000000000000000000e+00 0.000000000000000000e+00 8.964972779538933059e-04 0.000000000000000000e+00 1.862106812524510005e-03 0.000000000000000000e+00 3.297032559712957060e-03 0.000000000000000000e+00 0.000000000000000000e+00 3.478211119005618877e-03 2.192182429106305161e-03 2.116167672021725067e-04 2.545407732693686070e-03 0.000000000000000000e+00 3.307141153961374019e-03 0.000000000000000000e+00 0.000000000000000000e+00 2.963415864813663883e-03
0.000000000000000000e+00 8.627930935309627508e-04 0.000000000000000000e+00 3.765446690751655077e-03 0.000000000000000000e+00 0.000000000000000000e+00 0.000000000000000000e+00 0.000000000000000000e+00 4.707431848028621919e-03 0.000000000000000000e+00 0.000000000000000000e+00 0.000000000000000000e+00 1.585336641252514970e-03 4.958578658779065097e-03 0.000000000000000000e+00 4.590726587307222654e-03 0.000000000000000000e+00 3.946539092806619804e-03 0.000000000000000000e+00 1.985939096635646901e-03 2.057784205301235216e-03 0.000000000000000000e+00 5.134971591866524868e-04 5.839162339186835474e-04 0.000000000000000000e+00
0.000000000000000000e+00 0.000000000000000000e+00 3.079321060765082951e-03 0.000000000000000000e+00 2.774017792795470914e-03 1.996816531179928817e-03 4.439555362937198935e-03 0.000000000000000000e+00 2.165438255725864961e-03 0.000000000000000000e+00 0.000000000000000000e+00 0.000000000000000000e+00 4.544987993144272882e-03 0.000000000000000000e+00 0.000000000000000000e+00 1.787146832844948045e-03 0.000000000000000000e+00 7.632420250151772346e-04 2.917067253095385112e-03 0.000000000000000000e+00 2.366606339223131187e-03 0.000000000000000000e+00 0.000000000000000000e+00 2.104514415390600860e-03 0.000000000000000000e+00
0.000000000000000000e+00 1.676842556573576943e-03 2.911652519073910841e-03 0.000000000000000000e+00 0.000000000000000000e+00 0.000000000000000000e+00 4.625412554288902724e-03 4.706805053609735244e-03 4.151680408204413129e-04 3.233301340619464115e-03 0.000000000000000000e+00 0.000000000000000000e+00 0.000000000000000000e+00 0.000000000000000000e+00 4.343003384729995919e-03 5.981514861869601570e-04 3.589283942100588917e-03 1.036311647330797085e-03 1.983610906270413983e-03 3.843863214670800114e-03 0.000000000000000000e+00 0.000000000000000000e+00 1.652727870158335896e-03 0.000000000000000000e+00 3.470654373853717181e-03
0.000000000000000000e+00 0.000000000000000000e+00 2.061971942376678978e-03 0.000000000000000000e+00 0.000000000000000000e+00 0.000000000000000000e+00 1.432703373337526056e-03 4.749704076870859062e-03 4.764082943728532166e-03 0.000000000000000000e+00 2.918752345108673995e-03 0.000000000000000000e+00 3.970478729770891661e-03 4.880972013258611138e-03 0.000000000000000000e+00 1.965478325980906868e-03 1.056765521128070909e-03 0.000000000000000000e+00 0.000000000000000000e+00 3.980480282251138910e-03 2.086206546741770085e-03 3.550629271623207024e-03 3.380569535786521855e-03 1.666143978124239944e-03 0.000000000000000000e+00
4.431867128510042809e-03 0.000000000000000000e+00 0.000000000000000000e+00 4.507359088313529945e-03 0.000000000000000000e+00 3.923403389991563135e-03 0.000000000000000000e+00 1.274652236360437928e-04 0.000000000000000000e+00 0.000000000000000000e+00 4.585728639415309615e-03 0.000000000000000000e+00 0.000000000000000000e+00 0.000000000000000000e+00 4.073017940032725771e-04 0.000000000000000000e+00 3.483217319239141239e-04 0.000000000000000000e+00 0.000000000000000000e+00 3.412921399295360848e-03 3.753023240099150927e-03 1.900902266246499994e-03 3.354713391831006929e-03 2.634770035726063204e-04 1.821271277724416989e-03
0.000000000000000000e+00 0.000000000000000000e+00 2.766465602134272200e-03 4.402546474572098002e-03 0.000000000000000000e+00 0.000000000000000000e+00 0.000000000000000000e+00 0.000000000000000000e+00 0.000000000000000000e+00 9.608737406799890222e-04 0.000000000000000000e+00 0.000000000000000000e+00 3.922403812427151248e-03 1.557210531864445992e-03 0.000000000000000000e+00 1.578074805801810967e-03 2.593158527605077170e-03 0.000000000000000000e+00 0.000000000000000000e+00 4.508420123374935122e-04 4.787379761696062587e-03 1.417018525089660044e-03 0.000000000000000000e+00 0.000000000000000000e+00 2.538816086936411792e-03
