# # # File created on Tue Apr 30 04:57:58 2024
#  #  # The following metaparameters were used for this matrix optimization : gamma0 = 0.5; alpha0 = 0; sigma0 = 0.25; l0 = 1;p = 1; R0 = 1; S0 = 0.05; NR = 25; NS = 25; matrix path = matrices/Nr25_Nc25/consumption/RandTrix_Nr25_Nc25_Nest0.6_Conn0.2048.txt; convergence threshold = 1e-08
# 
3.465131444190898136e-01 1.360701371304771090e+00 2.241374866209437100e-01 7.997135259734271528e-01 8.046820871185953461e-01 1.001877320453584908e+00 0.000000000000000000e+00 3.329499257786263100e-01 4.640871273519208140e-01 5.787614639449164544e-01 0.000000000000000000e+00 0.000000000000000000e+00 1.534733858770417070e-01 0.000000000000000000e+00 5.925148440530066951e-01 0.000000000000000000e+00 0.000000000000000000e+00 0.000000000000000000e+00 0.000000000000000000e+00 0.000000000000000000e+00 5.442685616792671821e-01 0.000000000000000000e+00 0.000000000000000000e+00 1.584883240358194056e+00 0.000000000000000000e+00
2.571248473276684932e-01 7.192933112348978142e-01 1.884557283916551973e-01 0.000000000000000000e+00 4.927130024187765245e-01 5.668518576426401223e-01 4.608539492929488723e-01 1.567831802870631952e+00 9.689618310571156412e-01 0.000000000000000000e+00 0.000000000000000000e+00 0.000000000000000000e+00 0.000000000000000000e+00 0.000000000000000000e+00 0.000000000000000000e+00 9.322995903115073313e-01 0.000000000000000000e+00 0.000000000000000000e+00 7.877035585805954865e-01 0.000000000000000000e+00 1.992332626539004004e-01 0.000000000000000000e+00 6.365042593359822032e-01 0.000000000000000000e+00 9.656921518289075523e-01
0.000000000000000000e+00 1.376244877152479895e-01 0.000000000000000000e+00 1.514573283601349907e+00 5.999595476342443057e-01 4.677286365951919822e-01 0.000000000000000000e+00 8.674533694324737532e-01 0.000000000000000000e+00 4.198603369667107121e-01 0.000000000000000000e+00 4.197648313150191268e-01 5.290671955705527063e-01 0.000000000000000000e+00 0.000000000000000000e+00 0.000000000000000000e+00 1.965432141976526936e-01 0.000000000000000000e+00 3.894487147564258955e-01 0.000000000000000000e+00 5.719217261430007415e-01 0.000000000000000000e+00 0.000000000000000000e+00 6.818231138105993461e-01 9.377990089247882910e-01
2.640508781691749962e-01 1.122682378695085026e+00 5.339730240244759951e-01 0.000000000000000000e+00 2.563679950976803235e-01 0.000000000000000000e+00 0.000000000000000000e+00 0.000000000000000000e+00 0.000000000000000000e+00 1.946581211017764934e-01 4.090084021963231731e-01 0.000000000000000000e+00 0.000000000000000000e+00 0.000000000000000000e+00 0.000000000000000000e+00 0.000000000000000000e+00 0.000000000000000000e+00 0.000000000000000000e+00 0.000000000000000000e+00 1.064488247575029911e+00 0.000000000000000000e+00 0.000000000000000000e+00 0.000000000000000000e+00 9.995913193537416808e-01 0.000000000000000000e+00
0.000000000000000000e+00 1.640092777163838056e+00 0.000000000000000000e+00 0.000000000000000000e+00 0.000000000000000000e+00 4.278777352648224230e-01 0.000000000000000000e+00 4.542100519242430745e-01 0.000000000000000000e+00 0.000000000000000000e+00 0.000000000000000000e+00 0.000000000000000000e+00 0.000000000000000000e+00 0.000000000000000000e+00 0.000000000000000000e+00 0.000000000000000000e+00 0.000000000000000000e+00 0.000000000000000000e+00 4.600636954403795054e-01 0.000000000000000000e+00 0.000000000000000000e+00 3.568159391199474118e-01 0.000000000000000000e+00 3.741099257214340890e-01 0.000000000000000000e+00
0.000000000000000000e+00 0.000000000000000000e+00 7.062002320647188247e-01 8.341630090690909105e-01 0.000000000000000000e+00 1.470978425720305127e-01 3.656381719976066758e-01 0.000000000000000000e+00 0.000000000000000000e+00 0.000000000000000000e+00 0.000000000000000000e+00 0.000000000000000000e+00 4.999535743946519895e-01 0.000000000000000000e+00 0.000000000000000000e+00 0.000000000000000000e+00 0.000000000000000000e+00 3.960323260468713857e-01 0.000000000000000000e+00 0.000000000000000000e+00 0.000000000000000000e+00 0.000000000000000000e+00 0.000000000000000000e+00 2.077362797460499122e-01 0.000000000000000000e+00
3.362541921047655924e-01 0.000000000000000000e+00 0.000000000000000000e+00 3.827522800778032086e-01 0.000000000000000000e+00 1.439139045607651102e-01 5.008531792723520670e-01 0.000000000000000000e+00 0.000000000000000000e+00 0.000000000000000000e+00 0.000000000000000000e+00 0.000000000000000000e+00 0.000000000000000000e+00 0.000000000000000000e+00 0.000000000000000000e+00 8.599188337481027400e-01 0.000000000000000000e+00 0.000000000000000000e+00 0.000000000000000000e+00 3.182707383158543957e-01 0.000000000000000000e+00 0.000000000000000000e+00 0.000000000000000000e+00 0.000000000000000000e+00 0.000000000000000000e+00
0.000000000000000000e+00 0.000000000000000000e+00 8.903560506847667533e-01 2.932667770292687881e-02 3.791038847851088134e-01 0.000000000000000000e+00 0.000000000000000000e+00 0.000000000000000000e+00 0.000000000000000000e+00 0.000000000000000000e+00 0.000000000000000000e+00 0.000000000000000000e+00 0.000000000000000000e+00 0.000000000000000000e+00 0.000000000000000000e+00 0.000000000000000000e+00 0.000000000000000000e+00 0.000000000000000000e+00 0.000000000000000000e+00 3.202211499283926233e-01 0.000000000000000000e+00 3.025807203453220739e-01 0.000000000000000000e+00 0.000000000000000000e+00 4.358275562818132998e-01
0.000000000000000000e+00 0.000000000000000000e+00 0.000000000000000000e+00 5.827508363522879709e-01 4.633431641308511928e-01 4.561465672997149778e-01 0.000000000000000000e+00 0.000000000000000000e+00 0.000000000000000000e+00 0.000000000000000000e+00 0.000000000000000000e+00 0.000000000000000000e+00 0.000000000000000000e+00 4.476897273738763006e-01 0.000000000000000000e+00 0.000000000000000000e+00 0.000000000000000000e+00 0.000000000000000000e+00 0.000000000000000000e+00 0.000000000000000000e+00 0.000000000000000000e+00 4.063960270914884765e-01 0.000000000000000000e+00 0.000000000000000000e+00 0.000000000000000000e+00
0.000000000000000000e+00 1.235010196955427020e+00 0.000000000000000000e+00 0.000000000000000000e+00 0.000000000000000000e+00 0.000000000000000000e+00 0.000000000000000000e+00 4.483671468829686924e-01 0.000000000000000000e+00 0.000000000000000000e+00 2.387690445922555083e-01 0.000000000000000000e+00 0.000000000000000000e+00 0.000000000000000000e+00 0.000000000000000000e+00 0.000000000000000000e+00 0.000000000000000000e+00 5.054809604402287215e-01 0.000000000000000000e+00 0.000000000000000000e+00 0.000000000000000000e+00 0.000000000000000000e+00 0.000000000000000000e+00 0.000000000000000000e+00 0.000000000000000000e+00
4.778796034964700734e-01 4.562419579617941201e-01 0.000000000000000000e+00 0.000000000000000000e+00 0.000000000000000000e+00 0.000000000000000000e+00 0.000000000000000000e+00 0.000000000000000000e+00 0.000000000000000000e+00 0.000000000000000000e+00 0.000000000000000000e+00 0.000000000000000000e+00 0.000000000000000000e+00 0.000000000000000000e+00 0.000000000000000000e+00 0.000000000000000000e+00 0.000000000000000000e+00 0.000000000000000000e+00 0.000000000000000000e+00 0.000000000000000000e+00 0.000000000000000000e+00 1.007247029645131908e+00 0.000000000000000000e+00 0.000000000000000000e+00 0.000000000000000000e+00
4.703769600768508141e-01 0.000000000000000000e+00 0.000000000000000000e+00 0.000000000000000000e+00 4.891244179086083887e-01 0.000000000000000000e+00 0.000000000000000000e+00 0.000000000000000000e+00 0.000000000000000000e+00 0.000000000000000000e+00 0.000000000000000000e+00 0.000000000000000000e+00 0.000000000000000000e+00 0.000000000000000000e+00 0.000000000000000000e+00 0.000000000000000000e+00 0.000000000000000000e+00 0.000000000000000000e+00 0.000000000000000000e+00 0.000000000000000000e+00 0.000000000000000000e+00 0.000000000000000000e+00 0.000000000000000000e+00 0.000000000000000000e+00 0.000000000000000000e+00
4.986385436732064802e-01 0.000000000000000000e+00 0.000000000000000000e+00 0.000000000000000000e+00 0.000000000000000000e+00 0.000000000000000000e+00 0.000000000000000000e+00 0.000000000000000000e+00 0.000000000000000000e+00 0.000000000000000000e+00 3.035859517956678855e-01 0.000000000000000000e+00 0.000000000000000000e+00 0.000000000000000000e+00 6.463153356657040660e-02 0.000000000000000000e+00 2.175014010935842068e-01 0.000000000000000000e+00 0.000000000000000000e+00 0.000000000000000000e+00 0.000000000000000000e+00 4.220958749357346940e-01 0.000000000000000000e+00 0.000000000000000000e+00 0.000000000000000000e+00
0.000000000000000000e+00 0.000000000000000000e+00 0.000000000000000000e+00 2.946170327112386800e-01 0.000000000000000000e+00 0.000000000000000000e+00 1.584986161350963041e-01 0.000000000000000000e+00 0.000000000000000000e+00 4.590751906165670970e-01 0.000000000000000000e+00 0.000000000000000000e+00 0.000000000000000000e+00 1.962128480234716921e-01 0.000000000000000000e+00 0.000000000000000000e+00 3.190946981370909041e-01 0.000000000000000000e+00 0.000000000000000000e+00 0.000000000000000000e+00 0.000000000000000000e+00 0.000000000000000000e+00 6.010880886756453378e-01 0.000000000000000000e+00 0.000000000000000000e+00
2.488257823432439009e-01 0.000000000000000000e+00 0.000000000000000000e+00 0.000000000000000000e+00 0.000000000000000000e+00 0.000000000000000000e+00 0.000000000000000000e+00 0.000000000000000000e+00 0.000000000000000000e+00 0.000000000000000000e+00 0.000000000000000000e+00 0.000000000000000000e+00 1.374956710148325101e-01 6.405242493922881641e-02 0.000000000000000000e+00 7.815237518342002532e-02 3.620275634148046873e-01 1.776260310631146977e-01 0.000000000000000000e+00 0.000000000000000000e+00 0.000000000000000000e+00 0.000000000000000000e+00 0.000000000000000000e+00 0.000000000000000000e+00 0.000000000000000000e+00
0.000000000000000000e+00 0.000000000000000000e+00 0.000000000000000000e+00 0.000000000000000000e+00 0.000000000000000000e+00 0.000000000000000000e+00 0.000000000000000000e+00 0.000000000000000000e+00 0.000000000000000000e+00 0.000000000000000000e+00 4.748850137647928071e-01 0.000000000000000000e+00 4.672103200269651091e-01 0.000000000000000000e+00 0.000000000000000000e+00 0.000000000000000000e+00 0.000000000000000000e+00 0.000000000000000000e+00 0.000000000000000000e+00 0.000000000000000000e+00 0.000000000000000000e+00 0.000000000000000000e+00 0.000000000000000000e+00 0.000000000000000000e+00 0.000000000000000000e+00
0.000000000000000000e+00 0.000000000000000000e+00 5.732667998828273603e-01 0.000000000000000000e+00 0.000000000000000000e+00 0.000000000000000000e+00 0.000000000000000000e+00 0.000000000000000000e+00 0.000000000000000000e+00 0.000000000000000000e+00 0.000000000000000000e+00 0.000000000000000000e+00 0.000000000000000000e+00 0.000000000000000000e+00 0.000000000000000000e+00 0.000000000000000000e+00 0.000000000000000000e+00 0.000000000000000000e+00 0.000000000000000000e+00 0.000000000000000000e+00 0.000000000000000000e+00 0.000000000000000000e+00 0.000000000000000000e+00 0.000000000000000000e+00 4.528963218220313780e-01
0.000000000000000000e+00 3.618498148110558255e-01 0.000000000000000000e+00 0.000000000000000000e+00 0.000000000000000000e+00 0.000000000000000000e+00 6.266664871217053623e-01 0.000000000000000000e+00 0.000000000000000000e+00 0.000000000000000000e+00 0.000000000000000000e+00 0.000000000000000000e+00 0.000000000000000000e+00 0.000000000000000000e+00 0.000000000000000000e+00 0.000000000000000000e+00 0.000000000000000000e+00 0.000000000000000000e+00 0.000000000000000000e+00 0.000000000000000000e+00 0.000000000000000000e+00 0.000000000000000000e+00 0.000000000000000000e+00 0.000000000000000000e+00 0.000000000000000000e+00
3.445251967977367991e-01 0.000000000000000000e+00 0.000000000000000000e+00 3.704752904863868879e-01 0.000000000000000000e+00 0.000000000000000000e+00 0.000000000000000000e+00 0.000000000000000000e+00 0.000000000000000000e+00 0.000000000000000000e+00 0.000000000000000000e+00 0.000000000000000000e+00 0.000000000000000000e+00 0.000000000000000000e+00 0.000000000000000000e+00 0.000000000000000000e+00 0.000000000000000000e+00 0.000000000000000000e+00 0.000000000000000000e+00 0.000000000000000000e+00 0.000000000000000000e+00 1.584542295602772988e-01 0.000000000000000000e+00 0.000000000000000000e+00 0.000000000000000000e+00
0.000000000000000000e+00 0.000000000000000000e+00 4.169430492228419216e-01 0.000000000000000000e+00 0.000000000000000000e+00 3.370276230583283961e-01 0.000000000000000000e+00 0.000000000000000000e+00 0.000000000000000000e+00 0.000000000000000000e+00 0.000000000000000000e+00 0.000000000000000000e+00 0.000000000000000000e+00 0.000000000000000000e+00 0.000000000000000000e+00 0.000000000000000000e+00 1.317146923026107086e-01 0.000000000000000000e+00 0.000000000000000000e+00 2.967226152270064157e-02 0.000000000000000000e+00 0.000000000000000000e+00 0.000000000000000000e+00 0.000000000000000000e+00 0.000000000000000000e+00
0.000000000000000000e+00 0.000000000000000000e+00 0.000000000000000000e+00 0.000000000000000000e+00 0.000000000000000000e+00 0.000000000000000000e+00 0.000000000000000000e+00 0.000000000000000000e+00 5.401787905892481145e-01 0.000000000000000000e+00 0.000000000000000000e+00 0.000000000000000000e+00 0.000000000000000000e+00 0.000000000000000000e+00 0.000000000000000000e+00 0.000000000000000000e+00 0.000000000000000000e+00 0.000000000000000000e+00 0.000000000000000000e+00 0.000000000000000000e+00 0.000000000000000000e+00 0.000000000000000000e+00 0.000000000000000000e+00 5.830338485467114751e-01 6.124578526917899834e-01
4.151281829983753946e-01 0.000000000000000000e+00 0.000000000000000000e+00 0.000000000000000000e+00 2.987523454659031241e-01 0.000000000000000000e+00 0.000000000000000000e+00 0.000000000000000000e+00 0.000000000000000000e+00 0.000000000000000000e+00 0.000000000000000000e+00 0.000000000000000000e+00 0.000000000000000000e+00 0.000000000000000000e+00 0.000000000000000000e+00 0.000000000000000000e+00 0.000000000000000000e+00 0.000000000000000000e+00 0.000000000000000000e+00 0.000000000000000000e+00 0.000000000000000000e+00 2.574992618117762921e-01 0.000000000000000000e+00 0.000000000000000000e+00 0.000000000000000000e+00
0.000000000000000000e+00 0.000000000000000000e+00 3.640735496093284729e-01 0.000000000000000000e+00 0.000000000000000000e+00 9.845800390669695590e-02 0.000000000000000000e+00 0.000000000000000000e+00 0.000000000000000000e+00 0.000000000000000000e+00 0.000000000000000000e+00 0.000000000000000000e+00 0.000000000000000000e+00 0.000000000000000000e+00 0.000000000000000000e+00 0.000000000000000000e+00 0.000000000000000000e+00 0.000000000000000000e+00 0.000000000000000000e+00 0.000000000000000000e+00 0.000000000000000000e+00 0.000000000000000000e+00 0.000000000000000000e+00 0.000000000000000000e+00 0.000000000000000000e+00
0.000000000000000000e+00 0.000000000000000000e+00 0.000000000000000000e+00 0.000000000000000000e+00 0.000000000000000000e+00 0.000000000000000000e+00 0.000000000000000000e+00 0.000000000000000000e+00 0.000000000000000000e+00 0.000000000000000000e+00 0.000000000000000000e+00 0.000000000000000000e+00 0.000000000000000000e+00 5.512665121280414526e-01 0.000000000000000000e+00 0.000000000000000000e+00 0.000000000000000000e+00 0.000000000000000000e+00 0.000000000000000000e+00 0.000000000000000000e+00 0.000000000000000000e+00 0.000000000000000000e+00 0.000000000000000000e+00 0.000000000000000000e+00 0.000000000000000000e+00
0.000000000000000000e+00 0.000000000000000000e+00 0.000000000000000000e+00 0.000000000000000000e+00 5.291478339023923949e-01 0.000000000000000000e+00 0.000000000000000000e+00 0.000000000000000000e+00 0.000000000000000000e+00 0.000000000000000000e+00 0.000000000000000000e+00 0.000000000000000000e+00 0.000000000000000000e+00 0.000000000000000000e+00 0.000000000000000000e+00 0.000000000000000000e+00 0.000000000000000000e+00 0.000000000000000000e+00 0.000000000000000000e+00 0.000000000000000000e+00 0.000000000000000000e+00 0.000000000000000000e+00 0.000000000000000000e+00 0.000000000000000000e+00 0.000000000000000000e+00
