# # File created on Fri May 17 15:42:02 2024
#  # The following metaparameters were used for this matrix optimization : gamma0 = 0.5; alpha0 = 0; sigma0 = 0.25; l0 = 1;p = 1; R0 = 1; S0 = 0.05; NR = 25; NS = 25; matrix path = matrices/Nr25_Nc25/consumption/RandTrix_Nr25_Nc25_Nest0.25_Conn0.184.txt; convergence threshold = 1e-08
# 
0.000000000000000000e+00 3.108170886986079146e-03 3.554401787264042153e-03 0.000000000000000000e+00 2.035927638931761974e-03 0.000000000000000000e+00 3.053196650307477781e-04 0.000000000000000000e+00 3.276353259886673891e-03 3.938826918177194304e-03 3.326601216438468921e-03 1.162152799388152091e-03 0.000000000000000000e+00 4.685323938112636970e-03 2.022375998064960840e-03 2.284744306890424109e-03 0.000000000000000000e+00 4.653217557664635247e-03 0.000000000000000000e+00 1.274865398764975927e-03 0.000000000000000000e+00 0.000000000000000000e+00 4.430189247873153602e-03 3.871364309795356871e-03 0.000000000000000000e+00
0.000000000000000000e+00 0.000000000000000000e+00 1.437707184641631069e-03 0.000000000000000000e+00 7.655060544908999639e-04 0.000000000000000000e+00 0.000000000000000000e+00 4.631192620039393214e-03 1.324962617115863026e-03 4.652857898538727624e-03 0.000000000000000000e+00 2.082761576085446955e-03 1.664984471093584060e-03 3.321893338985539967e-03 9.775895965403109174e-04 3.584070090608550141e-03 0.000000000000000000e+00 2.955422606965641026e-03 1.369452176444230923e-03 0.000000000000000000e+00 0.000000000000000000e+00 0.000000000000000000e+00 0.000000000000000000e+00 1.728083724606670939e-03 0.000000000000000000e+00
4.573319516238323092e-03 0.000000000000000000e+00 0.000000000000000000e+00 0.000000000000000000e+00 0.000000000000000000e+00 0.000000000000000000e+00 0.000000000000000000e+00 3.378765478159981815e-03 0.000000000000000000e+00 0.000000000000000000e+00 0.000000000000000000e+00 3.860083334088914783e-03 0.000000000000000000e+00 2.300485489762634211e-03 0.000000000000000000e+00 1.538627449554402966e-05 5.497830895926848109e-04 0.000000000000000000e+00 2.564595371278434888e-03 4.781346463693692829e-04 0.000000000000000000e+00 1.656146598075861022e-03 0.000000000000000000e+00 0.000000000000000000e+00 0.000000000000000000e+00
7.727064963601461929e-04 3.053307878494969916e-04 0.000000000000000000e+00 0.000000000000000000e+00 4.770867237726542261e-03 0.000000000000000000e+00 4.670366212270310176e-04 2.562932947155257841e-03 4.893074872390258852e-03 0.000000000000000000e+00 0.000000000000000000e+00 0.000000000000000000e+00 0.000000000000000000e+00 0.000000000000000000e+00 1.577693118900657082e-04 0.000000000000000000e+00 2.934498215501396036e-03 1.305032170947211054e-03 4.522717159166279866e-03 1.650571346825489101e-03 0.000000000000000000e+00 0.000000000000000000e+00 3.353924159920734956e-03 0.000000000000000000e+00 0.000000000000000000e+00
0.000000000000000000e+00 0.000000000000000000e+00 1.706580816348857079e-03 3.595273723502818812e-03 4.957426892569673574e-03 0.000000000000000000e+00 1.056000058070355029e-03 2.710393983570204193e-03 0.000000000000000000e+00 0.000000000000000000e+00 1.036876495046480965e-03 0.000000000000000000e+00 0.000000000000000000e+00 0.000000000000000000e+00 1.752726413461520904e-03 0.000000000000000000e+00 3.536325999535082192e-03 2.842038680600452154e-03 0.000000000000000000e+00 3.089862639896466187e-03 0.000000000000000000e+00 0.000000000000000000e+00 0.000000000000000000e+00 2.372068288013806994e-03 1.998460898555686101e-03
0.000000000000000000e+00 4.797374665057549045e-03 0.000000000000000000e+00 0.000000000000000000e+00 0.000000000000000000e+00 1.141807156172604037e-03 0.000000000000000000e+00 0.000000000000000000e+00 0.000000000000000000e+00 4.138109069924141947e-04 0.000000000000000000e+00 2.958863547166493916e-03 0.000000000000000000e+00 0.000000000000000000e+00 4.387045680352149625e-03 0.000000000000000000e+00 0.000000000000000000e+00 1.556519386053493992e-04 0.000000000000000000e+00 2.689862173780136877e-03 1.587600536417740947e-03 2.120733868525969106e-03 3.366186346067663853e-03 0.000000000000000000e+00 0.000000000000000000e+00
0.000000000000000000e+00 1.466198062640939898e-03 4.186719397154963634e-03 3.584997192041531038e-03 0.000000000000000000e+00 5.118795635540625971e-04 2.538717854910076122e-03 5.723083436940223489e-04 0.000000000000000000e+00 8.281703223283092604e-04 0.000000000000000000e+00 7.143384193740614282e-04 0.000000000000000000e+00 0.000000000000000000e+00 4.745319454812639386e-03 0.000000000000000000e+00 0.000000000000000000e+00 0.000000000000000000e+00 0.000000000000000000e+00 0.000000000000000000e+00 1.653047904640660929e-03 9.816390124973211825e-04 0.000000000000000000e+00 1.651066688857197925e-03 4.466203861508685757e-03
0.000000000000000000e+00 0.000000000000000000e+00 0.000000000000000000e+00 0.000000000000000000e+00 0.000000000000000000e+00 0.000000000000000000e+00 1.779183288728510004e-03 1.054194348440088032e-03 0.000000000000000000e+00 2.282154042266344067e-04 2.827157184467690102e-03 1.547254344171864046e-03 4.240065399488427908e-03 0.000000000000000000e+00 1.919493528881506062e-03 2.303560843365953965e-03 0.000000000000000000e+00 0.000000000000000000e+00 6.137659048205029765e-04 0.000000000000000000e+00 2.975152677365098045e-03 4.027432457508765742e-04 0.000000000000000000e+00 3.571354665109523880e-04 9.572707798504648052e-05
1.111065291043925995e-03 0.000000000000000000e+00 4.443174109668833298e-03 3.067525233909862924e-04 3.068250127624443037e-04 1.189981284232024964e-03 0.000000000000000000e+00 1.006492158569217976e-03 1.885602782889698927e-03 2.532108393448394019e-03 9.488895377415352888e-04 4.399757935996444214e-03 1.317281834286695942e-03 3.768903949742378155e-03 0.000000000000000000e+00 0.000000000000000000e+00 0.000000000000000000e+00 0.000000000000000000e+00 2.283197895318864017e-03 1.131824368032832099e-03 0.000000000000000000e+00 0.000000000000000000e+00 0.000000000000000000e+00 0.000000000000000000e+00 5.901045746750354639e-04
0.000000000000000000e+00 1.098761234690191074e-03 3.614517115774097157e-03 0.000000000000000000e+00 0.000000000000000000e+00 3.909836414110951994e-03 4.963240346693682283e-03 0.000000000000000000e+00 0.000000000000000000e+00 0.000000000000000000e+00 0.000000000000000000e+00 0.000000000000000000e+00 3.066109783157358864e-03 4.342810084448830640e-03 4.678142374794771324e-03 0.000000000000000000e+00 0.000000000000000000e+00 0.000000000000000000e+00 3.116147280464714921e-03 1.507849645321613979e-03 3.829033694452675836e-03 2.562123391662602008e-03 4.801299743578034407e-03 2.003925860053588828e-03 0.000000000000000000e+00
4.983306483521822254e-03 0.000000000000000000e+00 0.000000000000000000e+00 2.087799008651713886e-03 0.000000000000000000e+00 4.514499222248231046e-03 2.960432439601126155e-03 3.629860164997084082e-03 9.402914807522508344e-04 9.727163718276218493e-04 0.000000000000000000e+00 1.673482797788043019e-05 1.864363818547615985e-04 4.225850309020892821e-03 0.000000000000000000e+00 0.000000000000000000e+00 3.163676385236402922e-03 3.506686473384672785e-03 0.000000000000000000e+00 0.000000000000000000e+00 0.000000000000000000e+00 3.765522577987602103e-03 3.628816565064042852e-03 0.000000000000000000e+00 2.193745511372976933e-03
4.597996543829208256e-03 3.579941138578345960e-03 0.000000000000000000e+00 0.000000000000000000e+00 4.993704920793383233e-03 0.000000000000000000e+00 0.000000000000000000e+00 4.653881059611995148e-04 0.000000000000000000e+00 0.000000000000000000e+00 0.000000000000000000e+00 7.187476483850954462e-04 0.000000000000000000e+00 2.776206492990518880e-03 2.404496318487363922e-04 4.232382326721992154e-03 3.518118361255448824e-04 0.000000000000000000e+00 4.742315131441689820e-05 2.196100985388684912e-04 0.000000000000000000e+00 2.886307403098791174e-03 1.455772527592030970e-03 0.000000000000000000e+00 0.000000000000000000e+00
3.785214704906512788e-03 2.564838727200459845e-03 0.000000000000000000e+00 1.966180993250458107e-03 3.841834908650634036e-04 1.918695904370633061e-03 2.250624836410545972e-03 0.000000000000000000e+00 4.105527332745810922e-04 3.559223046795179091e-03 0.000000000000000000e+00 0.000000000000000000e+00 3.440911831129113939e-03 3.520127010401530830e-03 4.837584254824834869e-04 4.000331065242828700e-03 1.364787001551033075e-03 0.000000000000000000e+00 8.256844163797938483e-04 3.193404578762239036e-03 0.000000000000000000e+00 0.000000000000000000e+00 0.000000000000000000e+00 0.000000000000000000e+00 3.668939662271600809e-03
0.000000000000000000e+00 0.000000000000000000e+00 3.542024742256984996e-03 4.507305159285526254e-03 1.112871807669239084e-03 0.000000000000000000e+00 0.000000000000000000e+00 0.000000000000000000e+00 2.460190225152539094e-03 1.117432155891485068e-03 0.000000000000000000e+00 0.000000000000000000e+00 5.189637079260579419e-04 8.946037429148454186e-04 0.000000000000000000e+00 3.909192524535728790e-03 0.000000000000000000e+00 0.000000000000000000e+00 3.340925654279249066e-03 4.011000719192216006e-04 1.522308971568231027e-03 1.945596279075199105e-03 0.000000000000000000e+00 3.185201423462239150e-03 0.000000000000000000e+00
0.000000000000000000e+00 0.000000000000000000e+00 4.968220730625466132e-03 2.678646146102658856e-03 0.000000000000000000e+00 0.000000000000000000e+00 1.359064501636225069e-03 2.312810105238899839e-03 0.000000000000000000e+00 0.000000000000000000e+00 2.827056804663637037e-03 0.000000000000000000e+00 3.396960889973842969e-03 1.552156305354005005e-04 0.000000000000000000e+00 6.156016896415000654e-04 0.000000000000000000e+00 0.000000000000000000e+00 0.000000000000000000e+00 7.901318669226068498e-04 0.000000000000000000e+00 0.000000000000000000e+00 0.000000000000000000e+00 2.641166827958842892e-03 8.530960307933306867e-04
0.000000000000000000e+00 0.000000000000000000e+00 0.000000000000000000e+00 0.000000000000000000e+00 0.000000000000000000e+00 1.607811872435710053e-03 0.000000000000000000e+00 3.926965310910659340e-03 0.000000000000000000e+00 0.000000000000000000e+00 4.399913070266435119e-03 0.000000000000000000e+00 1.950732296487319014e-03 0.000000000000000000e+00 0.000000000000000000e+00 3.351180412250635149e-03 0.000000000000000000e+00 0.000000000000000000e+00 3.982936485578888151e-03 1.240201237272390991e-03 2.480739697624397087e-03 1.451678201967657091e-03 0.000000000000000000e+00 0.000000000000000000e+00 0.000000000000000000e+00
0.000000000000000000e+00 2.034037145857084915e-03 4.670885722591840150e-03 0.000000000000000000e+00 4.927454054209086387e-03 0.000000000000000000e+00 1.881380284131606902e-03 0.000000000000000000e+00 0.000000000000000000e+00 0.000000000000000000e+00 0.000000000000000000e+00 1.185587133750165990e-03 0.000000000000000000e+00 7.872200328882347125e-04 3.226283508963832813e-03 0.000000000000000000e+00 0.000000000000000000e+00 8.103338451355522750e-05 4.940139459911347362e-03 0.000000000000000000e+00 8.606749284601727511e-04 0.000000000000000000e+00 0.000000000000000000e+00 0.000000000000000000e+00 0.000000000000000000e+00
2.621530906063620787e-03 0.000000000000000000e+00 0.000000000000000000e+00 4.225823335492861002e-03 0.000000000000000000e+00 6.969060449533385354e-04 0.000000000000000000e+00 0.000000000000000000e+00 3.529681156410455992e-03 1.282294537505650894e-03 6.740431462848012591e-04 1.572245699843893016e-03 4.583061744034483583e-03 8.002247633179150480e-04 0.000000000000000000e+00 1.910787575550817021e-03 7.479272075612791552e-05 0.000000000000000000e+00 1.662710217775976908e-03 0.000000000000000000e+00 5.599112771170937711e-04 0.000000000000000000e+00 0.000000000000000000e+00 0.000000000000000000e+00 0.000000000000000000e+00
9.590562860199445053e-04 2.240977007118445923e-03 3.403601957462077093e-03 0.000000000000000000e+00 0.000000000000000000e+00 0.000000000000000000e+00 0.000000000000000000e+00 1.466516436371181984e-03 0.000000000000000000e+00 0.000000000000000000e+00 0.000000000000000000e+00 1.116155568692488902e-03 3.098084196313528882e-03 3.446957662391070005e-03 0.000000000000000000e+00 0.000000000000000000e+00 1.040755635305034904e-03 4.707220331002679933e-03 0.000000000000000000e+00 4.314974675412443055e-03 0.000000000000000000e+00 3.947036288386007036e-03 7.796869756313024469e-04 0.000000000000000000e+00 0.000000000000000000e+00
3.264856751495312168e-03 3.253890120346823820e-03 1.764566445918470082e-03 0.000000000000000000e+00 0.000000000000000000e+00 0.000000000000000000e+00 0.000000000000000000e+00 0.000000000000000000e+00 4.891663208756883395e-03 1.884845254232827942e-03 0.000000000000000000e+00 2.959838051274777185e-03 0.000000000000000000e+00 0.000000000000000000e+00 1.433622157221062894e-04 0.000000000000000000e+00 0.000000000000000000e+00 0.000000000000000000e+00 0.000000000000000000e+00 4.234680458780955281e-03 0.000000000000000000e+00 0.000000000000000000e+00 1.463298478799155951e-03 0.000000000000000000e+00 2.410670659180475135e-03
0.000000000000000000e+00 4.183566912496422064e-04 0.000000000000000000e+00 1.523619058852644908e-03 0.000000000000000000e+00 7.891670333000938174e-04 0.000000000000000000e+00 3.508331944751000905e-03 0.000000000000000000e+00 4.895138360078307932e-04 0.000000000000000000e+00 4.007449476349202004e-03 4.420530263258963012e-03 1.368384736516264043e-04 0.000000000000000000e+00 7.352235630287827940e-04 7.566524723409969551e-04 0.000000000000000000e+00 1.426522119809831056e-03 4.499856692468847882e-03 3.476668565214875804e-03 0.000000000000000000e+00 3.128040567378842160e-04 0.000000000000000000e+00 0.000000000000000000e+00
0.000000000000000000e+00 4.564563157921247040e-03 1.919437255455796023e-03 0.000000000000000000e+00 1.395220719772903898e-04 0.000000000000000000e+00 4.682525482700572862e-04 0.000000000000000000e+00 0.000000000000000000e+00 4.076385831854205171e-04 0.000000000000000000e+00 1.980239478832847028e-03 3.161981295588531856e-03 0.000000000000000000e+00 1.184624218674163988e-04 4.848789617439215258e-03 0.000000000000000000e+00 1.862121094956365906e-03 0.000000000000000000e+00 0.000000000000000000e+00 0.000000000000000000e+00 0.000000000000000000e+00 0.000000000000000000e+00 8.901395878078672370e-04 3.180378886528248145e-03
0.000000000000000000e+00 0.000000000000000000e+00 9.631847307239429557e-05 3.267466736431893885e-03 3.742954448228219891e-03 0.000000000000000000e+00 6.224740694962972026e-04 0.000000000000000000e+00 0.000000000000000000e+00 0.000000000000000000e+00 1.086817863513952955e-03 0.000000000000000000e+00 0.000000000000000000e+00 3.560447473731762156e-03 0.000000000000000000e+00 2.577126151907898916e-03 4.889561339102193975e-03 1.083698664191386912e-03 0.000000000000000000e+00 2.861921243698304935e-03 1.230282537908259082e-04 0.000000000000000000e+00 0.000000000000000000e+00 4.687691084478495286e-03 3.446236822316009214e-03
1.657066126205093909e-03 4.106010878567032708e-03 3.939177001182208281e-03 0.000000000000000000e+00 2.734011156548879929e-03 0.000000000000000000e+00 3.820221712725919028e-03 0.000000000000000000e+00 0.000000000000000000e+00 0.000000000000000000e+00 0.000000000000000000e+00 0.000000000000000000e+00 0.000000000000000000e+00 3.355768787859558159e-04 0.000000000000000000e+00 0.000000000000000000e+00 0.000000000000000000e+00 1.540177428145367029e-03 0.000000000000000000e+00 0.000000000000000000e+00 0.000000000000000000e+00 3.764553872734911159e-03 0.000000000000000000e+00 2.219146384316477913e-03 0.000000000000000000e+00
0.000000000000000000e+00 2.342872549718536066e-03 0.000000000000000000e+00 0.000000000000000000e+00 0.000000000000000000e+00 0.000000000000000000e+00 0.000000000000000000e+00 4.599899183880922816e-03 0.000000000000000000e+00 4.003327225412462234e-03 0.000000000000000000e+00 1.371842410774027927e-03 1.253616989235637998e-03 0.000000000000000000e+00 0.000000000000000000e+00 0.000000000000000000e+00 0.000000000000000000e+00 0.000000000000000000e+00 0.000000000000000000e+00 1.022462673619224010e-03 3.858769177967785215e-03 4.411417557059840906e-03 0.000000000000000000e+00 0.000000000000000000e+00 0.000000000000000000e+00
