# # File created on Fri May 17 15:42:05 2024
#  # The following metaparameters were used for this matrix optimization : gamma0 = 0.5; alpha0 = 0; sigma0 = 0.25; l0 = 1;p = 1; R0 = 1; S0 = 0.05; NR = 25; NS = 25; matrix path = matrices/Nr25_Nc25/consumption/RandTrix_Nr25_Nc25_Nest0.4_Conn0.3312.txt; convergence threshold = 1e-08
# 
2.651934697046955201e-03 0.000000000000000000e+00 0.000000000000000000e+00 2.424161096763376155e-03 0.000000000000000000e+00 3.778325723377386983e-03 4.614731837588180625e-03 7.653385902911335288e-04 0.000000000000000000e+00 3.112019332464219940e-03 0.000000000000000000e+00 1.183692276741289033e-03 0.000000000000000000e+00 0.000000000000000000e+00 0.000000000000000000e+00 0.000000000000000000e+00 0.000000000000000000e+00 0.000000000000000000e+00 0.000000000000000000e+00 4.159180977409084393e-03 4.473412809818826108e-03 1.612493162041576987e-03 0.000000000000000000e+00 2.748626243025486127e-03 0.000000000000000000e+00
0.000000000000000000e+00 2.112458430480944078e-03 0.000000000000000000e+00 0.000000000000000000e+00 0.000000000000000000e+00 4.410605730229150319e-03 0.000000000000000000e+00 3.605468392836382908e-03 0.000000000000000000e+00 3.908008000195508681e-03 2.730147292076991975e-03 0.000000000000000000e+00 0.000000000000000000e+00 2.886914897408917983e-03 0.000000000000000000e+00 0.000000000000000000e+00 0.000000000000000000e+00 0.000000000000000000e+00 3.857377379954030853e-03 0.000000000000000000e+00 1.213768147529646971e-03 2.944910535989159975e-03 0.000000000000000000e+00 0.000000000000000000e+00 0.000000000000000000e+00
0.000000000000000000e+00 3.452940396290727059e-03 4.025405995978908850e-03 3.108433438800425105e-03 0.000000000000000000e+00 0.000000000000000000e+00 3.577764163144579214e-03 3.862043962791497902e-03 0.000000000000000000e+00 4.085381725697483785e-03 1.389132123207850993e-03 0.000000000000000000e+00 2.240787752409771801e-03 0.000000000000000000e+00 3.904164275582803004e-03 9.549860703966094478e-04 0.000000000000000000e+00 1.933312615102989991e-03 4.686822617963606712e-03 1.233373568910067937e-04 3.089401909612789036e-03 2.654762613778915026e-03 1.530892488104385095e-03 0.000000000000000000e+00 0.000000000000000000e+00
0.000000000000000000e+00 4.412711976948271130e-03 1.549453791088847973e-03 4.802096189088399941e-03 2.293711647470492946e-03 2.853255385192275066e-03 0.000000000000000000e+00 3.562033204965145156e-03 0.000000000000000000e+00 0.000000000000000000e+00 0.000000000000000000e+00 0.000000000000000000e+00 0.000000000000000000e+00 0.000000000000000000e+00 0.000000000000000000e+00 1.771990445212773095e-03 0.000000000000000000e+00 0.000000000000000000e+00 2.995079405205993209e-03 1.690606742608811996e-03 0.000000000000000000e+00 2.553336300077385808e-04 2.375493180861113201e-03 1.043606058172222989e-03 2.130590088892549919e-03
1.326586731058789067e-03 4.594267199362341708e-03 2.590671065768422078e-03 0.000000000000000000e+00 3.894451856768601106e-03 8.710807320925946506e-04 0.000000000000000000e+00 0.000000000000000000e+00 4.612801358384122433e-03 2.325850572956590992e-03 2.132564417461973831e-03 0.000000000000000000e+00 0.000000000000000000e+00 3.874632269124390991e-03 0.000000000000000000e+00 0.000000000000000000e+00 0.000000000000000000e+00 0.000000000000000000e+00 6.649392205772012773e-04 0.000000000000000000e+00 2.018942376782444786e-03 0.000000000000000000e+00 2.804719261485320164e-04 2.116712296939717800e-03 0.000000000000000000e+00
1.471466980561361975e-03 4.700703328096679685e-03 0.000000000000000000e+00 1.026973144355688029e-03 0.000000000000000000e+00 3.464356200757280190e-03 0.000000000000000000e+00 0.000000000000000000e+00 2.994905125575565968e-03 3.702242905591293046e-03 0.000000000000000000e+00 0.000000000000000000e+00 0.000000000000000000e+00 0.000000000000000000e+00 0.000000000000000000e+00 0.000000000000000000e+00 1.488623311189376033e-03 1.971139937682667848e-03 0.000000000000000000e+00 0.000000000000000000e+00 0.000000000000000000e+00 8.924062361145322165e-04 1.330769578650055048e-03 6.489897998302225504e-04 0.000000000000000000e+00
0.000000000000000000e+00 0.000000000000000000e+00 0.000000000000000000e+00 0.000000000000000000e+00 4.971525870819061034e-03 1.157889488162730995e-03 0.000000000000000000e+00 1.020264811540508949e-03 0.000000000000000000e+00 1.476282146282205951e-03 0.000000000000000000e+00 0.000000000000000000e+00 3.640845518271880899e-03 0.000000000000000000e+00 1.498261989989787928e-03 2.306575880934335840e-03 0.000000000000000000e+00 0.000000000000000000e+00 0.000000000000000000e+00 0.000000000000000000e+00 4.578007616880262406e-03 1.226964945353090986e-04 2.198512088490321963e-03 0.000000000000000000e+00 0.000000000000000000e+00
0.000000000000000000e+00 0.000000000000000000e+00 0.000000000000000000e+00 0.000000000000000000e+00 6.605109526000738042e-04 0.000000000000000000e+00 0.000000000000000000e+00 0.000000000000000000e+00 3.608227687590539827e-04 3.360919017979407866e-03 4.768946687714792267e-04 4.388624329948088640e-03 4.099790353624780358e-03 0.000000000000000000e+00 1.834724581906367960e-03 0.000000000000000000e+00 1.147577346737368087e-03 2.916228898648020023e-03 0.000000000000000000e+00 0.000000000000000000e+00 0.000000000000000000e+00 0.000000000000000000e+00 4.837194871067369666e-03 0.000000000000000000e+00 0.000000000000000000e+00
0.000000000000000000e+00 0.000000000000000000e+00 0.000000000000000000e+00 0.000000000000000000e+00 0.000000000000000000e+00 0.000000000000000000e+00 0.000000000000000000e+00 1.740162320261137013e-03 4.038962829068158851e-03 0.000000000000000000e+00 0.000000000000000000e+00 1.161174390427281060e-03 2.844018210990837889e-03 4.230837897660806243e-03 0.000000000000000000e+00 0.000000000000000000e+00 0.000000000000000000e+00 5.580857643144994341e-04 3.866538606250214186e-03 1.510557101222980998e-03 1.937682204491625922e-03 0.000000000000000000e+00 2.859993907316243057e-05 0.000000000000000000e+00 0.000000000000000000e+00
0.000000000000000000e+00 0.000000000000000000e+00 2.734125040958027019e-04 1.649540214821474966e-03 1.611033388132273930e-03 0.000000000000000000e+00 9.581497233065070732e-04 0.000000000000000000e+00 0.000000000000000000e+00 0.000000000000000000e+00 9.476263692334449497e-04 3.279873879355723210e-03 0.000000000000000000e+00 4.718041336899218667e-03 3.253887601984810970e-03 3.836887594267101870e-03 1.980725911967508041e-03 0.000000000000000000e+00 7.542306872775324592e-04 0.000000000000000000e+00 2.244146545842845130e-03 4.583693875798086625e-03 3.222792950396765124e-03 1.858566546764301016e-03 0.000000000000000000e+00
8.137049976284528574e-05 1.349475318188385949e-03 0.000000000000000000e+00 0.000000000000000000e+00 0.000000000000000000e+00 4.589703360042799059e-03 2.758510987163898844e-03 0.000000000000000000e+00 0.000000000000000000e+00 0.000000000000000000e+00 0.000000000000000000e+00 9.610095648220727668e-04 0.000000000000000000e+00 0.000000000000000000e+00 3.388658416150193853e-03 3.466306928330220149e-03 0.000000000000000000e+00 0.000000000000000000e+00 0.000000000000000000e+00 0.000000000000000000e+00 0.000000000000000000e+00 3.821070844992350178e-06 0.000000000000000000e+00 1.959812302693437060e-04 1.979848708373790813e-03
0.000000000000000000e+00 1.095895689437997953e-03 3.068931038675960874e-03 1.522858106022423894e-03 2.827191010950351902e-03 3.750935075097899200e-03 0.000000000000000000e+00 0.000000000000000000e+00 0.000000000000000000e+00 0.000000000000000000e+00 0.000000000000000000e+00 0.000000000000000000e+00 0.000000000000000000e+00 0.000000000000000000e+00 0.000000000000000000e+00 3.227344016902511988e-03 3.800199855827043980e-03 9.778887773141630140e-04 3.584691965239368994e-03 2.917881951883400868e-03 0.000000000000000000e+00 4.478636323082632945e-03 0.000000000000000000e+00 0.000000000000000000e+00 3.834890344488104796e-03
3.712535485249664983e-03 0.000000000000000000e+00 0.000000000000000000e+00 1.815297600595906129e-04 0.000000000000000000e+00 0.000000000000000000e+00 6.135767651740346024e-05 4.245538510569741089e-03 4.173506162368670162e-03 0.000000000000000000e+00 0.000000000000000000e+00 2.115707203788827918e-03 0.000000000000000000e+00 1.965381785691102876e-03 0.000000000000000000e+00 3.887848433246749846e-03 0.000000000000000000e+00 1.077852067065291058e-03 0.000000000000000000e+00 4.228606601889299890e-03 0.000000000000000000e+00 0.000000000000000000e+00 4.823687893393956150e-03 0.000000000000000000e+00 0.000000000000000000e+00
1.643468666426966054e-03 3.086222870950575126e-03 0.000000000000000000e+00 0.000000000000000000e+00 2.941697726165040053e-03 2.761917690863880011e-03 9.877445805504812045e-04 3.649403035187456963e-03 0.000000000000000000e+00 4.230175949454676419e-03 0.000000000000000000e+00 7.332100405912487411e-05 0.000000000000000000e+00 1.119916319642673972e-03 1.656755086255950072e-03 0.000000000000000000e+00 0.000000000000000000e+00 3.823469812659963107e-03 3.659674255086512156e-03 0.000000000000000000e+00 1.147145760082213988e-03 4.079121881803592607e-03 3.913474641668322762e-03 0.000000000000000000e+00 0.000000000000000000e+00
4.293175426537749334e-03 0.000000000000000000e+00 0.000000000000000000e+00 0.000000000000000000e+00 4.914069372034833572e-03 0.000000000000000000e+00 0.000000000000000000e+00 2.512557749520936100e-03 4.056271226560185183e-04 3.794735144341729143e-03 2.101692742789343978e-03 0.000000000000000000e+00 0.000000000000000000e+00 5.186404217612693634e-04 1.887448222156306926e-03 4.217468068046107202e-03 6.029443015599124638e-04 3.486040181917528930e-03 4.831183036475204980e-03 0.000000000000000000e+00 4.535110276320095026e-04 0.000000000000000000e+00 2.677517835952570105e-03 2.776783010976291172e-03 0.000000000000000000e+00
0.000000000000000000e+00 0.000000000000000000e+00 0.000000000000000000e+00 4.991805207018223944e-03 1.436233880592853928e-03 1.690719855153911041e-03 0.000000000000000000e+00 0.000000000000000000e+00 1.881882930565086012e-03 0.000000000000000000e+00 2.528215913529374866e-03 2.914848274635486059e-03 0.000000000000000000e+00 7.588937266242312294e-04 0.000000000000000000e+00 0.000000000000000000e+00 0.000000000000000000e+00 0.000000000000000000e+00 0.000000000000000000e+00 4.571935601587991289e-03 5.076572758766133373e-04 1.712039758946082898e-03 0.000000000000000000e+00 0.000000000000000000e+00 2.556838571542866933e-03
5.205791219656068485e-04 0.000000000000000000e+00 5.082237705907865230e-04 0.000000000000000000e+00 4.445933253282491338e-03 3.647613779456152037e-03 0.000000000000000000e+00 0.000000000000000000e+00 4.078794373035634670e-03 0.000000000000000000e+00 8.844957436287718489e-04 3.364242798637102124e-03 1.992224234081507988e-03 0.000000000000000000e+00 4.449016461843369836e-04 0.000000000000000000e+00 0.000000000000000000e+00 0.000000000000000000e+00 1.968367094508101812e-03 3.525763026649335850e-03 0.000000000000000000e+00 0.000000000000000000e+00 4.729242937915156819e-03 3.319112441248307029e-04 0.000000000000000000e+00
0.000000000000000000e+00 0.000000000000000000e+00 1.959897174173831982e-03 0.000000000000000000e+00 0.000000000000000000e+00 0.000000000000000000e+00 0.000000000000000000e+00 5.859557711931234498e-04 3.597781000104622023e-03 4.681035234836512272e-03 1.594239524662579991e-03 0.000000000000000000e+00 0.000000000000000000e+00 0.000000000000000000e+00 1.582005843564697088e-03 3.049002430254462142e-03 2.829189250201891073e-03 0.000000000000000000e+00 4.163904845544898377e-03 0.000000000000000000e+00 2.418358605373697144e-03 5.926037201056258766e-04 0.000000000000000000e+00 3.472815215602421089e-03 2.439504295886474935e-03
4.860453898409626897e-03 5.449349945407434446e-04 3.854220777142073999e-03 3.638731380947726139e-03 3.196108214561137108e-03 3.797097361022697994e-03 0.000000000000000000e+00 2.993711428893285932e-03 0.000000000000000000e+00 0.000000000000000000e+00 5.300490859168823258e-04 4.298776428098012581e-03 0.000000000000000000e+00 2.571516938153127160e-04 0.000000000000000000e+00 0.000000000000000000e+00 4.172105114084512841e-04 4.879493065853151429e-03 0.000000000000000000e+00 0.000000000000000000e+00 0.000000000000000000e+00 0.000000000000000000e+00 0.000000000000000000e+00 0.000000000000000000e+00 3.320147774527536146e-03
0.000000000000000000e+00 0.000000000000000000e+00 0.000000000000000000e+00 0.000000000000000000e+00 0.000000000000000000e+00 4.494187926057662159e-03 0.000000000000000000e+00 3.940630144163676310e-03 0.000000000000000000e+00 0.000000000000000000e+00 0.000000000000000000e+00 0.000000000000000000e+00 0.000000000000000000e+00 0.000000000000000000e+00 3.849256092765354111e-03 0.000000000000000000e+00 3.622882200675883041e-03 0.000000000000000000e+00 0.000000000000000000e+00 0.000000000000000000e+00 2.066031043979624053e-03 1.321731584324392075e-03 0.000000000000000000e+00 0.000000000000000000e+00 0.000000000000000000e+00
0.000000000000000000e+00 8.099056651378055971e-04 3.739537525883611206e-03 0.000000000000000000e+00 9.356586959004474209e-04 2.246373542050955196e-03 2.017777258683180024e-03 0.000000000000000000e+00 0.000000000000000000e+00 3.046801463955165976e-03 1.122759376378461033e-03 0.000000000000000000e+00 3.418717567645274038e-03 3.460528728276266158e-03 0.000000000000000000e+00 2.426577696600971858e-03 2.928979332420022889e-03 1.499733272844250937e-03 2.701200438491336946e-03 1.248661346509351028e-03 0.000000000000000000e+00 1.460218944813634987e-03 0.000000000000000000e+00 1.019893312607830912e-03 0.000000000000000000e+00
0.000000000000000000e+00 0.000000000000000000e+00 0.000000000000000000e+00 2.717913028831325968e-03 1.632542636197983899e-03 2.560935925046295934e-03 0.000000000000000000e+00 3.264742307804584937e-03 0.000000000000000000e+00 3.232745192719255027e-03 1.928470966803888086e-03 3.397697349339433986e-03 0.000000000000000000e+00 0.000000000000000000e+00 1.542368975355861089e-03 0.000000000000000000e+00 0.000000000000000000e+00 0.000000000000000000e+00 0.000000000000000000e+00 0.000000000000000000e+00 0.000000000000000000e+00 3.605275952828499927e-03 2.250653492955556178e-03 0.000000000000000000e+00 0.000000000000000000e+00
2.452994987972957792e-03 0.000000000000000000e+00 0.000000000000000000e+00 0.000000000000000000e+00 0.000000000000000000e+00 0.000000000000000000e+00 0.000000000000000000e+00 1.781959012470952933e-03 2.446746318012058170e-03 0.000000000000000000e+00 0.000000000000000000e+00 0.000000000000000000e+00 3.087778073257066869e-03 0.000000000000000000e+00 0.000000000000000000e+00 3.769240931363077897e-03 0.000000000000000000e+00 3.268579837360360927e-03 3.407088446906958879e-03 0.000000000000000000e+00 1.000896940879759947e-05 0.000000000000000000e+00 3.551150219418311958e-03 3.989899396149262575e-03 0.000000000000000000e+00
4.754617318134643131e-04 0.000000000000000000e+00 0.000000000000000000e+00 4.038093191561687063e-04 0.000000000000000000e+00 1.515762381523264079e-03 0.000000000000000000e+00 0.000000000000000000e+00 1.872937331710799102e-03 0.000000000000000000e+00 4.238081986500614150e-03 0.000000000000000000e+00 0.000000000000000000e+00 4.730327729217363893e-03 0.000000000000000000e+00 2.783448638709439937e-03 0.000000000000000000e+00 0.000000000000000000e+00 2.583127901401401820e-04 0.000000000000000000e+00 0.000000000000000000e+00 8.336193075735707407e-04 1.708674522688195981e-03 0.000000000000000000e+00 1.043611299026774106e-03
0.000000000000000000e+00 2.509926765120273993e-03 2.899936375817686093e-03 3.292160616410880810e-03 4.966428846936325921e-03 3.665711249000727038e-03 1.898028906102301001e-03 2.815026090704741881e-03 0.000000000000000000e+00 2.911387377777505982e-03 0.000000000000000000e+00 0.000000000000000000e+00 0.000000000000000000e+00 4.652238710864156981e-03 0.000000000000000000e+00 0.000000000000000000e+00 0.000000000000000000e+00 3.047070790083855900e-04 2.834015372534609990e-03 0.000000000000000000e+00 8.566927057174831932e-04 4.482303488678319146e-03 0.000000000000000000e+00 0.000000000000000000e+00 9.987627872303454085e-04
