# File created on Fri May 17 15:42:03 2024
# The following metaparameters were used for this matrix optimization : gamma0 = 0.5; alpha0 = 0; sigma0 = 0.25; l0 = 1;p = 1; R0 = 1; S0 = 0.05; NR = 25; NS = 25; matrix path = matrices/Nr25_Nc25/consumption/RandTrix_Nr25_Nc25_Nest0.35_Conn0.2208.txt; convergence threshold = 1e-08
2.646587311769695e-03 0.000000000000000e+00 0.000000000000000e+00 0.000000000000000e+00 3.523342205307852e-03 3.988050791921560e-03 2.821614527278157e-03 0.000000000000000e+00 1.664515744855121e-03 0.000000000000000e+00 2.547917699587339e-03 0.000000000000000e+00 3.344510511201288e-03 0.000000000000000e+00 4.251857663617457e-03 3.317951379025153e-03 0.000000000000000e+00 2.356660003896545e-03 0.000000000000000e+00 9.186208467132954e-04 7.412271898800225e-04 0.000000000000000e+00 4.000201891889415e-04 0.000000000000000e+00 0.000000000000000e+00 
0.000000000000000e+00 0.000000000000000e+00 0.000000000000000e+00 0.000000000000000e+00 0.000000000000000e+00 4.010638100413051e-03 4.172771935959494e-03 4.535260662273983e-05 4.975127421680962e-03 4.654158450385817e-03 0.000000000000000e+00 0.000000000000000e+00 3.757698436005060e-03 5.621147212878248e-04 2.122012569763291e-03 4.444698310245340e-03 0.000000000000000e+00 0.000000000000000e+00 3.743765314332459e-03 0.000000000000000e+00 4.147609526161820e-03 0.000000000000000e+00 0.000000000000000e+00 0.000000000000000e+00 0.000000000000000e+00 
0.000000000000000e+00 2.212508461215321e-03 0.000000000000000e+00 3.172487013225133e-03 0.000000000000000e+00 3.216976378301397e-03 3.107064159571407e-03 2.356297512791906e-03 4.083761978156932e-03 2.020997015109817e-03 0.000000000000000e+00 3.155145800654273e-03 7.847655975316511e-04 7.392074198392263e-04 4.318013736460542e-03 4.727734684719831e-03 0.000000000000000e+00 2.132335290414680e-03 1.198345993103496e-03 4.999900670517923e-03 8.203239002661533e-04 0.000000000000000e+00 0.000000000000000e+00 0.000000000000000e+00 0.000000000000000e+00 
0.000000000000000e+00 9.489289643728670e-05 0.000000000000000e+00 3.443278000098116e-03 0.000000000000000e+00 2.586678959795142e-03 0.000000000000000e+00 0.000000000000000e+00 0.000000000000000e+00 4.998807026021202e-03 0.000000000000000e+00 4.304494187831488e-03 0.000000000000000e+00 0.000000000000000e+00 3.995805447440688e-03 0.000000000000000e+00 4.199006371106611e-03 2.946404111371879e-03 4.039193485665537e-03 0.000000000000000e+00 0.000000000000000e+00 0.000000000000000e+00 1.662482540069948e-03 1.025194276400650e-04 3.222577904777707e-03 
0.000000000000000e+00 0.000000000000000e+00 0.000000000000000e+00 2.528133620790573e-03 0.000000000000000e+00 3.194053178779817e-03 3.895254806956092e-03 0.000000000000000e+00 0.000000000000000e+00 2.124277692969687e-03 0.000000000000000e+00 4.838321238795947e-03 0.000000000000000e+00 3.535743987391873e-04 1.571553434820812e-03 2.821419265779418e-04 0.000000000000000e+00 0.000000000000000e+00 0.000000000000000e+00 0.000000000000000e+00 3.930135269485140e-03 6.294678688020966e-04 0.000000000000000e+00 0.000000000000000e+00 3.649059794195756e-03 
2.707535459493248e-03 3.517547677181562e-03 4.161917529685376e-03 0.000000000000000e+00 4.711226131282292e-03 1.806354325360758e-03 0.000000000000000e+00 0.000000000000000e+00 0.000000000000000e+00 0.000000000000000e+00 0.000000000000000e+00 4.832811747223484e-03 2.478133950751207e-03 0.000000000000000e+00 0.000000000000000e+00 0.000000000000000e+00 2.012506744138201e-03 0.000000000000000e+00 4.782215535897540e-03 4.193717653356572e-03 0.000000000000000e+00 6.722087441539670e-04 0.000000000000000e+00 0.000000000000000e+00 2.686556919143440e-03 
2.068920179583134e-03 1.469640345849746e-03 0.000000000000000e+00 3.419676749444295e-03 0.000000000000000e+00 0.000000000000000e+00 4.902482190828045e-03 0.000000000000000e+00 0.000000000000000e+00 1.999671519676241e-03 0.000000000000000e+00 0.000000000000000e+00 2.614479814324589e-03 0.000000000000000e+00 0.000000000000000e+00 0.000000000000000e+00 0.000000000000000e+00 0.000000000000000e+00 0.000000000000000e+00 0.000000000000000e+00 0.000000000000000e+00 1.849285119347961e-03 3.031932110104425e-03 0.000000000000000e+00 0.000000000000000e+00 
3.027623302058507e-03 1.832105633361823e-03 3.493135937065998e-03 0.000000000000000e+00 1.129133471536244e-03 7.144623433934623e-04 4.624546243644891e-03 8.848743413107014e-04 0.000000000000000e+00 0.000000000000000e+00 0.000000000000000e+00 2.846484535657615e-03 3.080351182007150e-03 8.903515672282180e-05 2.975986734985407e-03 0.000000000000000e+00 0.000000000000000e+00 4.648759249600986e-03 4.049204850403201e-03 0.000000000000000e+00 0.000000000000000e+00 1.763490734163904e-03 5.987481289852848e-04 0.000000000000000e+00 0.000000000000000e+00 
0.000000000000000e+00 4.079008527023221e-03 4.140406147807770e-04 4.459847665184084e-03 0.000000000000000e+00 0.000000000000000e+00 0.000000000000000e+00 1.392289758482377e-03 0.000000000000000e+00 3.139235418467045e-03 0.000000000000000e+00 4.753184493405479e-03 3.827915430234919e-03 0.000000000000000e+00 9.658271165136967e-05 0.000000000000000e+00 0.000000000000000e+00 0.000000000000000e+00 0.000000000000000e+00 0.000000000000000e+00 7.543250787958271e-04 1.199671753902863e-03 4.853214217428066e-03 4.468256498970607e-03 3.316738840402459e-03 
1.099335339587040e-03 0.000000000000000e+00 1.616819215796517e-03 0.000000000000000e+00 0.000000000000000e+00 8.075644793127940e-04 0.000000000000000e+00 5.357053202026922e-04 0.000000000000000e+00 0.000000000000000e+00 4.590479147408008e-03 0.000000000000000e+00 4.016751719190744e-03 1.339281664820913e-03 1.766337804672388e-04 0.000000000000000e+00 0.000000000000000e+00 0.000000000000000e+00 0.000000000000000e+00 1.308277726802795e-03 0.000000000000000e+00 0.000000000000000e+00 0.000000000000000e+00 0.000000000000000e+00 0.000000000000000e+00 
0.000000000000000e+00 0.000000000000000e+00 4.741754591503737e-03 0.000000000000000e+00 4.573805866154446e-03 6.254188380694405e-04 1.327350849882338e-03 1.624896904294798e-03 0.000000000000000e+00 0.000000000000000e+00 0.000000000000000e+00 0.000000000000000e+00 0.000000000000000e+00 1.847864262230326e-03 0.000000000000000e+00 4.266725397742449e-03 0.000000000000000e+00 0.000000000000000e+00 1.356067971759760e-03 0.000000000000000e+00 0.000000000000000e+00 1.518145782569424e-03 4.523331401957596e-03 4.077602627575891e-03 0.000000000000000e+00 
0.000000000000000e+00 0.000000000000000e+00 0.000000000000000e+00 1.791247007568238e-03 0.000000000000000e+00 0.000000000000000e+00 3.440143968597073e-03 0.000000000000000e+00 0.000000000000000e+00 0.000000000000000e+00 9.919767650958164e-04 0.000000000000000e+00 0.000000000000000e+00 3.280936181874027e-03 0.000000000000000e+00 0.000000000000000e+00 0.000000000000000e+00 4.314724154399999e-03 0.000000000000000e+00 0.000000000000000e+00 0.000000000000000e+00 1.878338720940829e-03 0.000000000000000e+00 0.000000000000000e+00 0.000000000000000e+00 
1.176868662785056e-03 0.000000000000000e+00 4.199913675467962e-03 0.000000000000000e+00 8.882726911331648e-04 2.170597875633808e-03 0.000000000000000e+00 3.567979044385144e-03 3.696919379314989e-03 0.000000000000000e+00 1.115264806554738e-03 0.000000000000000e+00 0.000000000000000e+00 0.000000000000000e+00 4.295775110820594e-03 0.000000000000000e+00 3.192907106559111e-03 8.776397986391970e-04 0.000000000000000e+00 4.746369830680901e-04 1.097921070445303e-03 2.647437160227565e-03 0.000000000000000e+00 2.549091752722070e-04 1.430983915476872e-03 
0.000000000000000e+00 1.244909742749546e-03 0.000000000000000e+00 0.000000000000000e+00 3.861084692376447e-03 0.000000000000000e+00 0.000000000000000e+00 0.000000000000000e+00 0.000000000000000e+00 0.000000000000000e+00 0.000000000000000e+00 1.180344448486128e-03 0.000000000000000e+00 2.377316351004068e-03 5.395444873607319e-05 3.593860359797598e-04 2.903898987289953e-03 0.000000000000000e+00 0.000000000000000e+00 0.000000000000000e+00 0.000000000000000e+00 4.848254684288609e-03 0.000000000000000e+00 0.000000000000000e+00 0.000000000000000e+00 
4.960500286373876e-03 0.000000000000000e+00 3.456305473850049e-03 5.742933505968289e-05 0.000000000000000e+00 0.000000000000000e+00 0.000000000000000e+00 0.000000000000000e+00 1.646551841118842e-03 0.000000000000000e+00 3.322511897895779e-03 8.269858826390810e-04 0.000000000000000e+00 1.461106824923936e-03 4.964344000540095e-03 0.000000000000000e+00 4.142475625779260e-03 0.000000000000000e+00 1.176850854413305e-03 0.000000000000000e+00 0.000000000000000e+00 1.495370222498826e-03 0.000000000000000e+00 2.076653311496279e-04 4.296298758647462e-03 
1.659021678209854e-04 3.526146439079140e-03 0.000000000000000e+00 0.000000000000000e+00 3.573017569920778e-03 0.000000000000000e+00 1.523366832646478e-03 1.559864874416512e-03 0.000000000000000e+00 1.051659482962138e-03 0.000000000000000e+00 0.000000000000000e+00 4.705104351515724e-04 3.686374638271963e-03 4.057212799582147e-03 0.000000000000000e+00 0.000000000000000e+00 0.000000000000000e+00 0.000000000000000e+00 1.154581349717295e-03 1.759517839588245e-03 0.000000000000000e+00 2.399227248188834e-03 0.000000000000000e+00 0.000000000000000e+00 
0.000000000000000e+00 4.879783280881476e-03 2.920963957475385e-03 5.806789321230945e-04 2.571587962365050e-03 0.000000000000000e+00 2.871226543327221e-03 5.400222929571612e-04 1.344095043159565e-03 0.000000000000000e+00 4.698069546651182e-03 0.000000000000000e+00 4.913542257096843e-03 0.000000000000000e+00 1.316287040370307e-03 0.000000000000000e+00 8.243879041080136e-04 2.522741827930770e-03 0.000000000000000e+00 0.000000000000000e+00 0.000000000000000e+00 1.129636686789977e-03 2.800255830870891e-04 4.579008339175258e-03 1.873081663562176e-03 
4.653030826208206e-03 1.711875960686408e-03 0.000000000000000e+00 1.784851402754020e-03 0.000000000000000e+00 2.962323029636811e-03 2.626631917311924e-03 5.417009981148470e-04 0.000000000000000e+00 8.209412472054325e-04 0.000000000000000e+00 1.949368632873654e-03 2.124203849191008e-04 0.000000000000000e+00 2.225338083817416e-04 1.184839012139813e-03 7.345414650455745e-04 0.000000000000000e+00 2.024563777899798e-03 0.000000000000000e+00 2.378617570177334e-03 4.883794311175270e-03 0.000000000000000e+00 8.165893548863196e-04 0.000000000000000e+00 
3.064670194134074e-03 1.337176804509891e-04 0.000000000000000e+00 1.122932526721035e-03 3.091437866671969e-03 3.062453095246842e-03 0.000000000000000e+00 0.000000000000000e+00 3.988946051107301e-03 4.809068590457255e-03 4.914820831160849e-03 0.000000000000000e+00 2.265518870255174e-03 0.000000000000000e+00 4.156795671179507e-03 0.000000000000000e+00 5.732097788285586e-04 0.000000000000000e+00 0.000000000000000e+00 3.638097464240054e-03 4.883777185938377e-03 1.250710428298325e-03 2.038528900073529e-03 1.610606256907740e-04 0.000000000000000e+00 
0.000000000000000e+00 0.000000000000000e+00 0.000000000000000e+00 4.221562092547535e-03 1.401527123819917e-04 0.000000000000000e+00 0.000000000000000e+00 0.000000000000000e+00 0.000000000000000e+00 0.000000000000000e+00 0.000000000000000e+00 0.000000000000000e+00 0.000000000000000e+00 0.000000000000000e+00 0.000000000000000e+00 1.587688905387349e-03 3.709476171336168e-03 0.000000000000000e+00 0.000000000000000e+00 0.000000000000000e+00 0.000000000000000e+00 0.000000000000000e+00 1.952319810626011e-03 0.000000000000000e+00 5.066119857793193e-04 
1.387167616380980e-03 0.000000000000000e+00 4.321377362105176e-03 3.291856551929218e-04 0.000000000000000e+00 8.725497652935226e-05 0.000000000000000e+00 0.000000000000000e+00 3.032111630985443e-03 3.553246667889694e-04 4.181211058723850e-03 4.252664240725032e-03 3.104239578221148e-04 4.463763982064778e-04 1.178482945156089e-03 4.425347062127818e-03 0.000000000000000e+00 3.005603824266225e-03 0.000000000000000e+00 0.000000000000000e+00 4.538060989464938e-03 0.000000000000000e+00 4.707117596538651e-03 2.292709584286292e-03 0.000000000000000e+00 
0.000000000000000e+00 0.000000000000000e+00 0.000000000000000e+00 0.000000000000000e+00 3.970569446868325e-03 3.857449009142373e-03 0.000000000000000e+00 5.432262718088322e-04 0.000000000000000e+00 3.898157044687217e-03 9.081091555918829e-05 0.000000000000000e+00 2.607458391595883e-03 5.243822281025934e-04 3.200887537987115e-03 0.000000000000000e+00 1.502156756921901e-03 0.000000000000000e+00 1.551531407321937e-03 0.000000000000000e+00 0.000000000000000e+00 4.439017654131602e-03 0.000000000000000e+00 3.090138962062672e-03 0.000000000000000e+00 
2.449633461379924e-03 0.000000000000000e+00 2.364110829794085e-03 0.000000000000000e+00 0.000000000000000e+00 0.000000000000000e+00 1.530620690061263e-04 0.000000000000000e+00 1.064604090098293e-03 0.000000000000000e+00 0.000000000000000e+00 0.000000000000000e+00 0.000000000000000e+00 4.006963126697780e-05 0.000000000000000e+00 0.000000000000000e+00 0.000000000000000e+00 0.000000000000000e+00 0.000000000000000e+00 0.000000000000000e+00 0.000000000000000e+00 0.000000000000000e+00 2.019668304790595e-03 6.268156598835629e-04 2.967634659043816e-03 
3.234549783125143e-03 0.000000000000000e+00 4.395623756523654e-03 2.796876799882395e-03 0.000000000000000e+00 1.845227948948718e-03 9.149178129710750e-04 0.000000000000000e+00 1.058921668376138e-03 0.000000000000000e+00 3.330294707080038e-03 4.510098229139779e-04 3.549389589483233e-03 0.000000000000000e+00 1.936523710857980e-03 0.000000000000000e+00 0.000000000000000e+00 8.832611587007156e-04 8.735155821449502e-04 0.000000000000000e+00 0.000000000000000e+00 0.000000000000000e+00 1.725771616697057e-03 3.359904288688800e-03 0.000000000000000e+00 
0.000000000000000e+00 0.000000000000000e+00 0.000000000000000e+00 2.185430878688203e-03 2.193520239944406e-04 0.000000000000000e+00 4.880672031903203e-03 0.000000000000000e+00 0.000000000000000e+00 0.000000000000000e+00 4.347191026482306e-04 2.118874868802523e-03 1.859044998354719e-03 0.000000000000000e+00 0.000000000000000e+00 2.378441255858103e-03 4.305013602945174e-03 1.611632623215683e-03 0.000000000000000e+00 0.000000000000000e+00 1.342446093936895e-03 0.000000000000000e+00 0.000000000000000e+00 4.570249529172578e-03 0.000000000000000e+00 