# File created on Fri May 17 15:41:51 2024
# The following metaparameters were used for this matrix optimization : gamma0 = 0.5; alpha0 = 0; sigma0 = 0.25; l0 = 1;p = 1; R0 = 1; S0 = 0.05; NR = 25; NS = 25; matrix path = matrices/Nr25_Nc25/consumption/RandTrix_Nr25_Nc25_Nest0.55_Conn0.2304.txt; convergence threshold = 1e-08
2.220587112005990e-03 0.000000000000000e+00 0.000000000000000e+00 2.844859460264119e-03 4.563044829799146e-03 3.038746981852408e-03 0.000000000000000e+00 0.000000000000000e+00 3.772002267675303e-03 0.000000000000000e+00 0.000000000000000e+00 0.000000000000000e+00 0.000000000000000e+00 0.000000000000000e+00 2.924582238725869e-03 5.825250060197196e-04 0.000000000000000e+00 0.000000000000000e+00 8.758877526315572e-04 1.462665341572625e-03 2.316995488048607e-03 0.000000000000000e+00 4.624685001819727e-03 0.000000000000000e+00 5.921135966434428e-04 
3.903510812645124e-03 3.903590351584390e-03 0.000000000000000e+00 1.682117276993802e-03 0.000000000000000e+00 4.314163991176446e-03 0.000000000000000e+00 4.809614607814986e-03 2.321720932184086e-04 0.000000000000000e+00 0.000000000000000e+00 2.832039861395775e-03 2.246036472997636e-03 2.790801212578022e-03 0.000000000000000e+00 2.583333242455210e-03 3.430175035116203e-03 0.000000000000000e+00 1.730944029160694e-03 2.034057607052770e-03 0.000000000000000e+00 2.812832835018765e-03 0.000000000000000e+00 0.000000000000000e+00 4.560254558847122e-04 
3.166187254287594e-03 1.384852680964162e-03 0.000000000000000e+00 0.000000000000000e+00 1.724469882224372e-03 3.117960784241537e-04 0.000000000000000e+00 0.000000000000000e+00 7.554081765822532e-04 0.000000000000000e+00 3.628904379545829e-03 4.234351211989438e-03 6.432996558940732e-04 3.869319150440894e-03 4.580581483541007e-03 2.365515741582427e-03 4.008093001126151e-03 2.072517943979752e-03 0.000000000000000e+00 6.228051464064285e-04 1.276814485272938e-03 5.848392456317833e-04 3.997936728022683e-03 1.463776689257159e-03 0.000000000000000e+00 
0.000000000000000e+00 0.000000000000000e+00 4.785495580937878e-03 0.000000000000000e+00 0.000000000000000e+00 1.709255748845278e-03 0.000000000000000e+00 0.000000000000000e+00 0.000000000000000e+00 0.000000000000000e+00 2.030617858183422e-03 0.000000000000000e+00 2.967320711726152e-03 0.000000000000000e+00 0.000000000000000e+00 0.000000000000000e+00 3.933265171804344e-03 2.189340588665959e-03 1.346178531978190e-04 3.423904782428357e-03 0.000000000000000e+00 0.000000000000000e+00 3.914504110345731e-03 0.000000000000000e+00 0.000000000000000e+00 
1.302619233817669e-03 2.478807543452990e-03 3.855293419076189e-03 2.325192600063262e-03 0.000000000000000e+00 4.188539288276941e-03 0.000000000000000e+00 2.181697877956402e-03 1.852357766585984e-03 0.000000000000000e+00 1.027113837104338e-03 4.850556803998282e-03 0.000000000000000e+00 3.830667348276473e-03 0.000000000000000e+00 2.267571901262189e-03 0.000000000000000e+00 2.669755064612319e-03 3.215130058369671e-03 0.000000000000000e+00 1.674030035610506e-03 0.000000000000000e+00 1.244519656880630e-03 0.000000000000000e+00 2.036804307336509e-03 
0.000000000000000e+00 4.189877855839149e-03 0.000000000000000e+00 0.000000000000000e+00 0.000000000000000e+00 3.845401904470449e-03 0.000000000000000e+00 6.477121714058218e-04 3.706472547464282e-03 4.686892141010969e-03 0.000000000000000e+00 0.000000000000000e+00 2.897861513737674e-03 0.000000000000000e+00 0.000000000000000e+00 2.412991517563521e-03 0.000000000000000e+00 1.642985067187820e-03 4.366033671960413e-03 2.132600921432333e-03 0.000000000000000e+00 2.393363151877277e-04 0.000000000000000e+00 2.472799517902820e-03 3.198993387671144e-03 
1.976827991680302e-03 0.000000000000000e+00 1.990562107661713e-03 0.000000000000000e+00 2.300317753138322e-03 3.366759286882915e-03 0.000000000000000e+00 1.564110173454739e-03 0.000000000000000e+00 0.000000000000000e+00 0.000000000000000e+00 0.000000000000000e+00 2.618941489847126e-03 2.998926471213216e-03 3.594568229849806e-03 0.000000000000000e+00 0.000000000000000e+00 2.954052367444019e-03 4.684586475123987e-03 0.000000000000000e+00 3.453102207314891e-03 0.000000000000000e+00 0.000000000000000e+00 2.768855570444212e-03 1.838656562846218e-03 
3.078214510083493e-03 2.900201297735056e-03 2.121927154246914e-03 7.783747435153287e-04 8.907281498307820e-04 1.302053627672400e-03 4.530623481611740e-03 0.000000000000000e+00 3.478920842452336e-03 0.000000000000000e+00 8.959208197128068e-05 4.499756218423821e-03 0.000000000000000e+00 1.030896849211932e-03 1.113394932742558e-03 2.348996906959418e-03 0.000000000000000e+00 0.000000000000000e+00 0.000000000000000e+00 3.505211403659806e-03 2.702180861472178e-03 0.000000000000000e+00 2.154777795985284e-03 2.476217172826405e-03 3.704760694821711e-03 
3.688560583651825e-03 0.000000000000000e+00 0.000000000000000e+00 4.379742177404694e-04 0.000000000000000e+00 0.000000000000000e+00 0.000000000000000e+00 3.765033950220204e-03 0.000000000000000e+00 2.376195121057518e-03 0.000000000000000e+00 0.000000000000000e+00 0.000000000000000e+00 0.000000000000000e+00 0.000000000000000e+00 3.959131585347130e-03 0.000000000000000e+00 3.079949732010407e-03 0.000000000000000e+00 0.000000000000000e+00 3.944781454352403e-03 3.377072920972631e-03 2.471634178192188e-04 0.000000000000000e+00 1.476630982734653e-03 
0.000000000000000e+00 2.621629116837484e-03 4.916479233047256e-03 0.000000000000000e+00 0.000000000000000e+00 3.777088234063934e-03 1.724165458563547e-03 1.231688089657764e-03 2.014312863315505e-03 0.000000000000000e+00 3.077531497533017e-03 3.538538632788986e-03 0.000000000000000e+00 0.000000000000000e+00 0.000000000000000e+00 0.000000000000000e+00 0.000000000000000e+00 0.000000000000000e+00 0.000000000000000e+00 4.404841957150127e-03 2.922480979982283e-03 4.463552106502322e-03 0.000000000000000e+00 0.000000000000000e+00 1.492541970973545e-03 
4.910756162785090e-03 0.000000000000000e+00 0.000000000000000e+00 0.000000000000000e+00 0.000000000000000e+00 0.000000000000000e+00 0.000000000000000e+00 0.000000000000000e+00 0.000000000000000e+00 3.506527874207350e-03 0.000000000000000e+00 7.073817845912026e-04 0.000000000000000e+00 1.148481346199572e-03 1.056338440725709e-03 0.000000000000000e+00 0.000000000000000e+00 0.000000000000000e+00 0.000000000000000e+00 0.000000000000000e+00 2.080089028911785e-03 0.000000000000000e+00 0.000000000000000e+00 0.000000000000000e+00 0.000000000000000e+00 
3.373162079977478e-03 0.000000000000000e+00 0.000000000000000e+00 0.000000000000000e+00 4.650123889474025e-04 0.000000000000000e+00 0.000000000000000e+00 0.000000000000000e+00 0.000000000000000e+00 0.000000000000000e+00 3.500775495863190e-03 0.000000000000000e+00 0.000000000000000e+00 1.126669434736901e-03 1.170278826213415e-04 0.000000000000000e+00 0.000000000000000e+00 0.000000000000000e+00 0.000000000000000e+00 0.000000000000000e+00 4.753100209747806e-03 3.663641031836111e-03 0.000000000000000e+00 4.323920154286482e-03 1.709763501107872e-03 
1.621299115247864e-03 2.690856360972556e-03 0.000000000000000e+00 0.000000000000000e+00 2.302815299960292e-04 7.327692773921161e-04 4.080368048376529e-03 0.000000000000000e+00 0.000000000000000e+00 4.173081240418797e-03 0.000000000000000e+00 0.000000000000000e+00 2.046990843047160e-04 4.911062487110334e-03 3.132544828490880e-04 9.408320845736758e-04 7.907402504165379e-04 0.000000000000000e+00 0.000000000000000e+00 2.187002338441046e-03 7.915080990100173e-04 1.361329286842735e-03 0.000000000000000e+00 4.978824667479618e-03 0.000000000000000e+00 
2.139790021317434e-03 0.000000000000000e+00 0.000000000000000e+00 0.000000000000000e+00 2.066444058659972e-03 2.013111861829392e-03 0.000000000000000e+00 2.361286332109161e-04 2.014157408559952e-03 0.000000000000000e+00 3.303503626679467e-03 3.720014241403727e-03 0.000000000000000e+00 1.955769577252262e-03 0.000000000000000e+00 0.000000000000000e+00 0.000000000000000e+00 1.794095685337992e-03 0.000000000000000e+00 0.000000000000000e+00 0.000000000000000e+00 2.966110646070615e-03 2.823473295427502e-04 1.681350415235610e-03 1.864150825954518e-03 
9.509394934941508e-04 0.000000000000000e+00 0.000000000000000e+00 4.795527789938157e-03 0.000000000000000e+00 0.000000000000000e+00 6.010428710170763e-04 4.548158155182758e-03 0.000000000000000e+00 3.470357337691891e-03 2.536399411445071e-03 4.253987019339797e-03 0.000000000000000e+00 1.091380766612602e-03 0.000000000000000e+00 0.000000000000000e+00 1.205286470328383e-03 2.394396968421026e-03 3.134525600604667e-03 0.000000000000000e+00 4.406008775866048e-03 1.444490872545020e-03 2.056892023254829e-03 4.043576035466343e-03 0.000000000000000e+00 
0.000000000000000e+00 0.000000000000000e+00 1.163099874200673e-03 5.710885262146563e-04 0.000000000000000e+00 7.794755927475401e-04 0.000000000000000e+00 0.000000000000000e+00 3.334536353528368e-03 1.369163376683738e-04 0.000000000000000e+00 3.817126815474906e-03 4.363046049705771e-03 4.695310908061044e-03 0.000000000000000e+00 0.000000000000000e+00 4.796972536685457e-03 0.000000000000000e+00 0.000000000000000e+00 1.461344321405020e-03 3.698128728705584e-03 4.071320424880321e-04 1.909949034696510e-03 1.334185640067722e-03 0.000000000000000e+00 
1.253943513735336e-03 0.000000000000000e+00 1.902703079151218e-03 1.977560938886898e-03 0.000000000000000e+00 4.956569987586084e-03 5.133393167762596e-04 0.000000000000000e+00 5.247762647153003e-05 0.000000000000000e+00 2.377608840474088e-03 1.279630752119238e-03 0.000000000000000e+00 3.584086097848400e-03 4.750704654192640e-03 2.373194670571686e-03 4.392325165866866e-03 3.654483885700022e-03 0.000000000000000e+00 3.276470987925972e-03 4.955693312965123e-03 5.517741215759643e-04 3.569257425452949e-04 0.000000000000000e+00 3.078869394988789e-03 
0.000000000000000e+00 0.000000000000000e+00 2.296770884953039e-03 0.000000000000000e+00 1.211844822092723e-04 0.000000000000000e+00 3.311776486483008e-03 0.000000000000000e+00 6.605374469341916e-05 1.557997154805225e-03 7.043164439091469e-04 3.903133215689197e-03 2.528324467350418e-03 2.413418793705347e-03 3.059091828520004e-03 1.406046392336844e-03 0.000000000000000e+00 0.000000000000000e+00 3.518865450018749e-03 0.000000000000000e+00 0.000000000000000e+00 0.000000000000000e+00 0.000000000000000e+00 0.000000000000000e+00 1.125886203047258e-03 
2.020404897737129e-03 4.360456607141590e-03 2.132119131830506e-03 4.679277831542616e-03 6.229230097903704e-04 3.656665860898859e-03 4.199614227493463e-03 0.000000000000000e+00 8.281950957202862e-04 0.000000000000000e+00 2.801496264390725e-04 1.648010023528676e-03 0.000000000000000e+00 0.000000000000000e+00 0.000000000000000e+00 2.000801403265282e-03 0.000000000000000e+00 2.069278383945636e-03 0.000000000000000e+00 8.348470030211279e-04 0.000000000000000e+00 0.000000000000000e+00 2.459653681381799e-03 0.000000000000000e+00 4.062276583252949e-03 
0.000000000000000e+00 0.000000000000000e+00 1.476707751876212e-03 1.773979474348385e-03 0.000000000000000e+00 1.798159117171159e-03 0.000000000000000e+00 0.000000000000000e+00 4.058179911287861e-04 1.423090664729939e-03 3.929956516569395e-03 0.000000000000000e+00 2.398513266197432e-03 0.000000000000000e+00 0.000000000000000e+00 1.784785500665743e-03 0.000000000000000e+00 0.000000000000000e+00 0.000000000000000e+00 4.462152014681989e-03 4.505370256507011e-03 0.000000000000000e+00 5.181152815587263e-04 0.000000000000000e+00 3.697163554066162e-03 
0.000000000000000e+00 3.034968652345899e-03 0.000000000000000e+00 0.000000000000000e+00 0.000000000000000e+00 3.067205937139640e-03 0.000000000000000e+00 1.331077430522154e-03 0.000000000000000e+00 3.754994391358278e-03 4.118116061256495e-03 0.000000000000000e+00 0.000000000000000e+00 8.012865099045395e-04 0.000000000000000e+00 0.000000000000000e+00 0.000000000000000e+00 0.000000000000000e+00 0.000000000000000e+00 0.000000000000000e+00 3.406640143035504e-04 2.523422563703800e-03 0.000000000000000e+00 3.697878403787585e-04 0.000000000000000e+00 
0.000000000000000e+00 2.802745642953087e-03 2.671526452388031e-04 0.000000000000000e+00 2.975033441171894e-03 0.000000000000000e+00 8.010549766979283e-04 0.000000000000000e+00 0.000000000000000e+00 0.000000000000000e+00 0.000000000000000e+00 2.532155844027220e-03 1.287786325930695e-03 3.518007042571950e-03 1.576915422624429e-03 4.446593395982928e-03 1.405777282342041e-03 0.000000000000000e+00 0.000000000000000e+00 0.000000000000000e+00 1.895055639829236e-03 0.000000000000000e+00 3.944595625197713e-03 0.000000000000000e+00 0.000000000000000e+00 
0.000000000000000e+00 2.414008502437867e-03 0.000000000000000e+00 0.000000000000000e+00 4.132546097542909e-04 2.283846863342063e-03 0.000000000000000e+00 3.558256740267397e-04 3.589950395657803e-04 3.438818298069721e-03 0.000000000000000e+00 0.000000000000000e+00 3.894885376278195e-03 0.000000000000000e+00 1.732579206457671e-03 0.000000000000000e+00 0.000000000000000e+00 0.000000000000000e+00 3.993134565235214e-03 0.000000000000000e+00 0.000000000000000e+00 0.000000000000000e+00 0.000000000000000e+00 0.000000000000000e+00 3.413394364969824e-03 
0.000000000000000e+00 0.000000000000000e+00 2.654574765821743e-03 1.456053865242717e-03 0.000000000000000e+00 0.000000000000000e+00 4.884565726017003e-03 1.703201502988129e-03 4.954349581927077e-03 2.274524207919342e-03 1.968370478262799e-03 4.247308558287695e-03 6.439398877985820e-04 4.205090052291378e-03 0.000000000000000e+00 2.891804260588305e-03 0.000000000000000e+00 2.292657766852405e-03 1.481635863715735e-04 0.000000000000000e+00 0.000000000000000e+00 2.615761969506037e-04 2.820846983639211e-03 4.932212219578953e-03 0.000000000000000e+00 
0.000000000000000e+00 2.538729614553934e-03 1.833309380954262e-03 4.140293108930416e-03 0.000000000000000e+00 6.020195725999560e-04 0.000000000000000e+00 2.246496686882310e-03 0.000000000000000e+00 4.610273306292812e-03 2.060481751199070e-03 0.000000000000000e+00 4.986696719684798e-03 4.764955418701277e-03 2.801141906109353e-03 0.000000000000000e+00 0.000000000000000e+00 3.674258952341846e-03 3.950481557618448e-04 0.000000000000000e+00 4.412142683717828e-03 4.187839235493432e-03 0.000000000000000e+00 3.289401211717603e-03 0.000000000000000e+00 