# # File created on Fri May 17 15:41:52 2024
#  # The following metaparameters were used for this matrix optimization : gamma0 = 0.5; alpha0 = 0; sigma0 = 0.25; l0 = 1;p = 1; R0 = 1; S0 = 0.05; NR = 25; NS = 25; matrix path = matrices/Nr25_Nc25/consumption/RandTrix_Nr25_Nc25_Nest0.6_Conn0.16.txt; convergence threshold = 1e-08
# 
2.527723262613655163e-03 8.822768400080141906e-04 0.000000000000000000e+00 0.000000000000000000e+00 0.000000000000000000e+00 4.125450917103043805e-03 8.129661028553318179e-04 0.000000000000000000e+00 3.733560623969546955e-03 0.000000000000000000e+00 1.008300897182353047e-04 0.000000000000000000e+00 2.443037005035380866e-03 3.142854864929901185e-03 4.287732742691991068e-03 4.674622348487904137e-03 0.000000000000000000e+00 0.000000000000000000e+00 3.238855687049862868e-03 0.000000000000000000e+00 0.000000000000000000e+00 0.000000000000000000e+00 1.656656673151677035e-03 3.834534264387570984e-03 0.000000000000000000e+00
0.000000000000000000e+00 4.858051200494552767e-03 0.000000000000000000e+00 3.361375893184141879e-03 4.075105567528138073e-04 4.521891627681026184e-03 2.812072930736838824e-03 3.437748855856096949e-03 0.000000000000000000e+00 4.728104654886639176e-03 0.000000000000000000e+00 0.000000000000000000e+00 0.000000000000000000e+00 2.778463310410927002e-04 8.459569606704450250e-04 0.000000000000000000e+00 0.000000000000000000e+00 2.756077588769595150e-03 1.310423846357466979e-03 1.829075384171369081e-03 4.808113384163229150e-03 0.000000000000000000e+00 0.000000000000000000e+00 8.716637855424960203e-04 4.872006000328966795e-03
8.353239922891461536e-04 0.000000000000000000e+00 0.000000000000000000e+00 0.000000000000000000e+00 0.000000000000000000e+00 2.861894855980345875e-03 4.327923866647706737e-03 0.000000000000000000e+00 0.000000000000000000e+00 2.496556515562450948e-04 0.000000000000000000e+00 0.000000000000000000e+00 0.000000000000000000e+00 1.867333851338384004e-03 0.000000000000000000e+00 0.000000000000000000e+00 0.000000000000000000e+00 2.397453771804781888e-03 3.203494478000632004e-03 0.000000000000000000e+00 0.000000000000000000e+00 0.000000000000000000e+00 0.000000000000000000e+00 4.387149980143429870e-03 2.711307989488159851e-03
0.000000000000000000e+00 0.000000000000000000e+00 0.000000000000000000e+00 3.719229885698420099e-03 0.000000000000000000e+00 0.000000000000000000e+00 4.120400491079261214e-03 0.000000000000000000e+00 0.000000000000000000e+00 1.205891771578886942e-04 0.000000000000000000e+00 0.000000000000000000e+00 4.870275664573061811e-03 2.820231540812380856e-03 6.328965241047394049e-04 3.504065149671227886e-03 0.000000000000000000e+00 3.101185354317271062e-03 3.962978918466465890e-03 0.000000000000000000e+00 8.913216838482289524e-04 4.856866598198409692e-03 0.000000000000000000e+00 4.805751233534208064e-03 3.759968352654807951e-03
5.575975870499038679e-05 0.000000000000000000e+00 0.000000000000000000e+00 0.000000000000000000e+00 2.253084353846854845e-03 4.121015783195633789e-03 0.000000000000000000e+00 1.299040934587183905e-03 3.084703695331393863e-03 0.000000000000000000e+00 0.000000000000000000e+00 1.042779615500362021e-03 3.849739123239469870e-03 5.940714051649496707e-05 0.000000000000000000e+00 1.038992350217410034e-04 0.000000000000000000e+00 2.464194820183359010e-03 1.782463374285213906e-04 0.000000000000000000e+00 0.000000000000000000e+00 0.000000000000000000e+00 3.445486714823020754e-05 5.974064624034256411e-04 0.000000000000000000e+00
0.000000000000000000e+00 4.292465611569097964e-03 0.000000000000000000e+00 3.884039859430366004e-03 1.527913444029698094e-03 4.808141041369279681e-03 0.000000000000000000e+00 0.000000000000000000e+00 2.941926763212570923e-03 0.000000000000000000e+00 0.000000000000000000e+00 0.000000000000000000e+00 3.039099551701794025e-03 1.290539672885735031e-03 8.333108616275958528e-04 0.000000000000000000e+00 2.304817490974218983e-03 4.291189788011303720e-03 4.008534266228248877e-03 0.000000000000000000e+00 3.866914823955756864e-03 2.346232868107821917e-03 0.000000000000000000e+00 4.539212501880627269e-03 2.380955646013066095e-03
0.000000000000000000e+00 0.000000000000000000e+00 3.870690366296415056e-03 1.527638300344605089e-03 3.715234124345169128e-03 2.288958356193250901e-03 0.000000000000000000e+00 0.000000000000000000e+00 6.555696738521199615e-05 3.335517144579221941e-03 0.000000000000000000e+00 1.842298652448225952e-04 0.000000000000000000e+00 0.000000000000000000e+00 1.116767021929017042e-03 0.000000000000000000e+00 0.000000000000000000e+00 0.000000000000000000e+00 0.000000000000000000e+00 3.850050236814062110e-03 0.000000000000000000e+00 1.014112155993825018e-03 0.000000000000000000e+00 0.000000000000000000e+00 2.047807927097019826e-03
4.185255802826048400e-03 0.000000000000000000e+00 0.000000000000000000e+00 0.000000000000000000e+00 4.484708738603931065e-03 0.000000000000000000e+00 0.000000000000000000e+00 0.000000000000000000e+00 0.000000000000000000e+00 0.000000000000000000e+00 0.000000000000000000e+00 4.020824362301464103e-03 0.000000000000000000e+00 3.873772703720149146e-03 0.000000000000000000e+00 3.035932181304741920e-04 0.000000000000000000e+00 1.118847667848840103e-03 3.011471199822880838e-03 4.754267962879004349e-03 3.738714626437040014e-03 9.907086333013513310e-04 4.950139523569169892e-03 1.849923931236134925e-03 6.542497104568261584e-04
0.000000000000000000e+00 0.000000000000000000e+00 1.613147028399621952e-03 3.575180407197912826e-03 1.140255880478545933e-03 1.271272444475836122e-04 0.000000000000000000e+00 0.000000000000000000e+00 0.000000000000000000e+00 2.723018146046841947e-03 0.000000000000000000e+00 1.835641337817862061e-03 3.058273283642356805e-03 0.000000000000000000e+00 0.000000000000000000e+00 1.680501725273708105e-03 1.494188821240159074e-04 1.550583797747069918e-03 0.000000000000000000e+00 0.000000000000000000e+00 0.000000000000000000e+00 0.000000000000000000e+00 3.550288742706833069e-03 2.308855582623458007e-03 2.492021433897500908e-03
1.934049306309430045e-03 0.000000000000000000e+00 0.000000000000000000e+00 0.000000000000000000e+00 6.323826834126718491e-04 0.000000000000000000e+00 0.000000000000000000e+00 0.000000000000000000e+00 1.800259715541805078e-03 0.000000000000000000e+00 0.000000000000000000e+00 2.944306758405085961e-03 1.217782776478991934e-03 3.295621722435337127e-04 0.000000000000000000e+00 0.000000000000000000e+00 3.518768104670309989e-03 2.913021672093211827e-03 0.000000000000000000e+00 0.000000000000000000e+00 3.539517358124260986e-03 1.399958607014663986e-03 2.748000347598198931e-03 0.000000000000000000e+00 0.000000000000000000e+00
0.000000000000000000e+00 0.000000000000000000e+00 2.310316760200799868e-05 0.000000000000000000e+00 0.000000000000000000e+00 3.531219020823524158e-04 1.408188606600218077e-03 2.277631843020870139e-03 0.000000000000000000e+00 0.000000000000000000e+00 4.675473225499123149e-03 3.155752173013530860e-04 2.990125162689813171e-03 2.027953120992625081e-03 0.000000000000000000e+00 2.928912927235688066e-03 5.449307684048475655e-04 0.000000000000000000e+00 0.000000000000000000e+00 0.000000000000000000e+00 0.000000000000000000e+00 3.198580924395492790e-03 6.968783765576458010e-04 0.000000000000000000e+00 0.000000000000000000e+00
0.000000000000000000e+00 3.918153909423481573e-03 3.542752546623448903e-03 0.000000000000000000e+00 3.126086188862411963e-03 0.000000000000000000e+00 2.062886965130550018e-03 3.208435904976518786e-04 0.000000000000000000e+00 0.000000000000000000e+00 4.052676481596389785e-04 0.000000000000000000e+00 0.000000000000000000e+00 0.000000000000000000e+00 2.184202963520466209e-03 0.000000000000000000e+00 3.161523751176040058e-03 0.000000000000000000e+00 3.134644642393603822e-03 0.000000000000000000e+00 0.000000000000000000e+00 0.000000000000000000e+00 0.000000000000000000e+00 4.383769411974266367e-03 0.000000000000000000e+00
0.000000000000000000e+00 0.000000000000000000e+00 1.345172305753000990e-03 3.133105217292487133e-03 0.000000000000000000e+00 4.592027334054845679e-03 0.000000000000000000e+00 4.313296824122914326e-03 0.000000000000000000e+00 0.000000000000000000e+00 0.000000000000000000e+00 1.522815364745208925e-03 0.000000000000000000e+00 8.092141231808148809e-04 0.000000000000000000e+00 0.000000000000000000e+00 4.194114315571775831e-03 3.651580875492456066e-03 1.777126439405841973e-03 1.318148566075806995e-03 2.931929832369845144e-03 4.911209520114297698e-03 0.000000000000000000e+00 0.000000000000000000e+00 0.000000000000000000e+00
0.000000000000000000e+00 0.000000000000000000e+00 0.000000000000000000e+00 0.000000000000000000e+00 4.890819770274039240e-03 0.000000000000000000e+00 0.000000000000000000e+00 4.490832613837025637e-03 0.000000000000000000e+00 0.000000000000000000e+00 0.000000000000000000e+00 3.321455248072982796e-03 0.000000000000000000e+00 0.000000000000000000e+00 0.000000000000000000e+00 0.000000000000000000e+00 2.013399140435172090e-03 0.000000000000000000e+00 4.748993179799087042e-03 0.000000000000000000e+00 0.000000000000000000e+00 0.000000000000000000e+00 4.586003530923110118e-03 3.191895581184826976e-03 0.000000000000000000e+00
4.530510184017944074e-04 0.000000000000000000e+00 0.000000000000000000e+00 2.131497089545678156e-03 0.000000000000000000e+00 3.190771127738151018e-03 2.131917297970424910e-03 1.355609728687937054e-03 0.000000000000000000e+00 1.294146366085584948e-03 0.000000000000000000e+00 1.931745937004141064e-03 0.000000000000000000e+00 2.584070987498300956e-03 1.158122813635335032e-03 1.615361301777802020e-03 4.616609250988507572e-03 0.000000000000000000e+00 0.000000000000000000e+00 2.984671837915385886e-03 3.130244269069882169e-03 0.000000000000000000e+00 1.326077613344996044e-03 0.000000000000000000e+00 2.619233815085077015e-03
0.000000000000000000e+00 0.000000000000000000e+00 0.000000000000000000e+00 0.000000000000000000e+00 8.581891255712350295e-04 7.552037429362978491e-04 0.000000000000000000e+00 0.000000000000000000e+00 2.256562683956595938e-03 5.755735667700232882e-04 0.000000000000000000e+00 0.000000000000000000e+00 1.912972363243172066e-03 3.304226326033601977e-03 0.000000000000000000e+00 0.000000000000000000e+00 1.992847140904894804e-03 2.188483738034997881e-03 0.000000000000000000e+00 0.000000000000000000e+00 4.520758344817031420e-03 3.378122527380953907e-03 0.000000000000000000e+00 0.000000000000000000e+00 1.376596009519875019e-03
3.959684903746136728e-03 0.000000000000000000e+00 0.000000000000000000e+00 0.000000000000000000e+00 0.000000000000000000e+00 3.286883271213624034e-03 0.000000000000000000e+00 0.000000000000000000e+00 0.000000000000000000e+00 3.388172893504343055e-03 4.951044326252483510e-04 0.000000000000000000e+00 0.000000000000000000e+00 0.000000000000000000e+00 3.302162143867963095e-03 3.819865893361321096e-03 3.158917129516426898e-03 8.354472839620102767e-04 0.000000000000000000e+00 0.000000000000000000e+00 0.000000000000000000e+00 0.000000000000000000e+00 4.614682578604903732e-03 0.000000000000000000e+00 0.000000000000000000e+00
3.549489628581588112e-03 4.776897724783828875e-03 6.925005981067161457e-04 3.336753461539125089e-03 0.000000000000000000e+00 0.000000000000000000e+00 0.000000000000000000e+00 0.000000000000000000e+00 3.596965307760073213e-03 0.000000000000000000e+00 0.000000000000000000e+00 1.053132995572803043e-03 2.099093003998357861e-03 1.910340588467919097e-03 4.467147961465202030e-03 0.000000000000000000e+00 0.000000000000000000e+00 3.321238431399677928e-03 3.224061110124055995e-03 0.000000000000000000e+00 0.000000000000000000e+00 0.000000000000000000e+00 0.000000000000000000e+00 1.806951571884657035e-03 2.106847298804002174e-03
0.000000000000000000e+00 0.000000000000000000e+00 0.000000000000000000e+00 0.000000000000000000e+00 0.000000000000000000e+00 0.000000000000000000e+00 2.535753857932213952e-03 4.717721917393441836e-03 1.156554701096122956e-03 2.937295699690248806e-03 0.000000000000000000e+00 2.066534063076276920e-03 2.417566614353038826e-03 0.000000000000000000e+00 2.093636831711406191e-03 0.000000000000000000e+00 3.798685644960986089e-03 0.000000000000000000e+00 3.050466361861235796e-03 0.000000000000000000e+00 3.162625825773863857e-03 0.000000000000000000e+00 0.000000000000000000e+00 3.829463436105639846e-03 3.019107275745080889e-03
0.000000000000000000e+00 3.254308250917774866e-03 0.000000000000000000e+00 0.000000000000000000e+00 0.000000000000000000e+00 0.000000000000000000e+00 0.000000000000000000e+00 0.000000000000000000e+00 0.000000000000000000e+00 1.879041627653135977e-03 1.109086543721638906e-03 0.000000000000000000e+00 0.000000000000000000e+00 1.730451898816565050e-03 1.045298043202833949e-03 0.000000000000000000e+00 2.937770606216799987e-03 0.000000000000000000e+00 9.611263407716115579e-05 0.000000000000000000e+00 0.000000000000000000e+00 0.000000000000000000e+00 0.000000000000000000e+00 1.065943827593936058e-03 0.000000000000000000e+00
2.405333694147066166e-03 0.000000000000000000e+00 3.883339818836362839e-03 1.617622571534680026e-03 0.000000000000000000e+00 0.000000000000000000e+00 2.680334924953545108e-03 0.000000000000000000e+00 2.399719433649851949e-03 0.000000000000000000e+00 4.950735867654134682e-03 1.161860478433016016e-04 2.778852632787170811e-03 2.042954808523267038e-03 3.412211069887519880e-03 0.000000000000000000e+00 0.000000000000000000e+00 4.786570024178323814e-03 1.438266076063292060e-03 3.146873793088235827e-03 0.000000000000000000e+00 0.000000000000000000e+00 0.000000000000000000e+00 0.000000000000000000e+00 0.000000000000000000e+00
4.419078180271519937e-04 0.000000000000000000e+00 3.844999714751727842e-03 2.618045086158293008e-03 0.000000000000000000e+00 4.062215389670860780e-03 2.907430698406699137e-03 4.428295011828039911e-03 4.802736301630436064e-03 0.000000000000000000e+00 4.285942545974010735e-04 0.000000000000000000e+00 0.000000000000000000e+00 0.000000000000000000e+00 0.000000000000000000e+00 0.000000000000000000e+00 0.000000000000000000e+00 5.192035968381818320e-04 0.000000000000000000e+00 2.588505138677755970e-03 0.000000000000000000e+00 3.876098092325811189e-03 0.000000000000000000e+00 0.000000000000000000e+00 0.000000000000000000e+00
0.000000000000000000e+00 4.010296135651776270e-03 1.640823094275846916e-03 0.000000000000000000e+00 2.691971771662446215e-03 3.671199463824416798e-03 0.000000000000000000e+00 1.477689876918257105e-03 3.825037040512194175e-03 3.388854627580963064e-04 0.000000000000000000e+00 0.000000000000000000e+00 3.510277550492791124e-03 4.238960032876022167e-03 0.000000000000000000e+00 2.406861420118154831e-03 0.000000000000000000e+00 0.000000000000000000e+00 0.000000000000000000e+00 0.000000000000000000e+00 3.323521270782313960e-03 8.073237915084656305e-04 0.000000000000000000e+00 2.414474402341567130e-04 2.847976633281781075e-03
1.893160295028176003e-03 0.000000000000000000e+00 4.246795213513974987e-03 0.000000000000000000e+00 0.000000000000000000e+00 0.000000000000000000e+00 1.493031910281312103e-04 2.722432119673880071e-03 1.270911078232697016e-03 0.000000000000000000e+00 0.000000000000000000e+00 1.717571807615992947e-03 0.000000000000000000e+00 1.700466382825180931e-03 2.223379176380873169e-03 3.368053047661708106e-03 5.214986081882014204e-04 1.456866841907188083e-03 0.000000000000000000e+00 0.000000000000000000e+00 4.210586893989585154e-03 1.509535887848057010e-03 0.000000000000000000e+00 0.000000000000000000e+00 0.000000000000000000e+00
0.000000000000000000e+00 0.000000000000000000e+00 0.000000000000000000e+00 0.000000000000000000e+00 0.000000000000000000e+00 0.000000000000000000e+00 3.760897891280198975e-03 0.000000000000000000e+00 1.003104570088102915e-03 0.000000000000000000e+00 1.328671408939339008e-03 1.378490525389831911e-03 0.000000000000000000e+00 2.759432439558257011e-03 1.083274945502578097e-03 0.000000000000000000e+00 8.234804430179374626e-04 0.000000000000000000e+00 9.679922200826947829e-04 0.000000000000000000e+00 2.880073741624045083e-03 2.740918384738911910e-03 0.000000000000000000e+00 2.551439511598014784e-03 0.000000000000000000e+00
