# # File created on Fri May 17 15:41:48 2024
#  # The following metaparameters were used for this matrix optimization : gamma0 = 0.5; alpha0 = 0; sigma0 = 0.25; l0 = 1;p = 1; R0 = 1; S0 = 0.05; NR = 25; NS = 25; matrix path = matrices/Nr25_Nc25/consumption/RandTrix_Nr25_Nc25_Nest0.35_Conn0.08.txt; convergence threshold = 1e-08
# 
0.000000000000000000e+00 0.000000000000000000e+00 0.000000000000000000e+00 0.000000000000000000e+00 4.621242386308547015e-03 0.000000000000000000e+00 2.799883925394010091e-03 3.994396627521689877e-03 0.000000000000000000e+00 0.000000000000000000e+00 0.000000000000000000e+00 0.000000000000000000e+00 0.000000000000000000e+00 0.000000000000000000e+00 0.000000000000000000e+00 2.089181304419450869e-03 0.000000000000000000e+00 4.460382878907999046e-03 4.671071756389177584e-03 0.000000000000000000e+00 0.000000000000000000e+00 0.000000000000000000e+00 8.067875243980825737e-05 3.731035898533911939e-03 0.000000000000000000e+00
0.000000000000000000e+00 3.348358906378013939e-03 0.000000000000000000e+00 5.000278835722124678e-04 0.000000000000000000e+00 0.000000000000000000e+00 4.186633211855455422e-03 2.732636797937517802e-03 3.687908130135501925e-03 4.008165638392314410e-06 0.000000000000000000e+00 0.000000000000000000e+00 1.871871478012289902e-03 1.112749856072260072e-03 0.000000000000000000e+00 5.637491745315958806e-04 0.000000000000000000e+00 2.609191021163556005e-03 2.023706882127104985e-03 0.000000000000000000e+00 0.000000000000000000e+00 3.684826814108367946e-03 0.000000000000000000e+00 0.000000000000000000e+00 0.000000000000000000e+00
1.401270447326515055e-03 3.205126304500356118e-04 0.000000000000000000e+00 1.838942152169136977e-03 3.877497008362189128e-03 4.934140438883556287e-03 4.199338845553145239e-03 0.000000000000000000e+00 3.344687937314233875e-03 0.000000000000000000e+00 0.000000000000000000e+00 0.000000000000000000e+00 0.000000000000000000e+00 0.000000000000000000e+00 0.000000000000000000e+00 2.585667131185681936e-03 2.840378728066503093e-03 1.189472924841927012e-03 3.842643565317234184e-03 0.000000000000000000e+00 0.000000000000000000e+00 0.000000000000000000e+00 2.279134858074772195e-03 0.000000000000000000e+00 1.193471466662768959e-03
0.000000000000000000e+00 4.635628690932290692e-03 0.000000000000000000e+00 0.000000000000000000e+00 1.011673828353187057e-04 8.833135531821801213e-04 0.000000000000000000e+00 4.730056270958366048e-04 0.000000000000000000e+00 3.539593308019125997e-03 0.000000000000000000e+00 0.000000000000000000e+00 3.848505996636829816e-03 0.000000000000000000e+00 0.000000000000000000e+00 0.000000000000000000e+00 2.340183309618470205e-03 0.000000000000000000e+00 4.489074209553209002e-03 4.719401430236050583e-03 1.371758518202502008e-03 2.909732254611224842e-03 8.306043234566015416e-04 2.697899690099364936e-03 2.747637275811842805e-03
1.755101818628018034e-03 1.348159396288020010e-03 0.000000000000000000e+00 4.403414243127942826e-04 0.000000000000000000e+00 0.000000000000000000e+00 4.865828309491089868e-03 0.000000000000000000e+00 0.000000000000000000e+00 2.431877114855084034e-03 0.000000000000000000e+00 0.000000000000000000e+00 0.000000000000000000e+00 2.850002685375128096e-03 0.000000000000000000e+00 0.000000000000000000e+00 2.304472427902271026e-03 5.758416914126496863e-04 4.541263863584894269e-04 2.007390130581451857e-03 9.792053631084223723e-04 0.000000000000000000e+00 0.000000000000000000e+00 1.852853408514869077e-03 6.107727190366852134e-04
0.000000000000000000e+00 0.000000000000000000e+00 1.149144530795239956e-03 1.075935886727608093e-03 0.000000000000000000e+00 1.725154169377866994e-03 0.000000000000000000e+00 0.000000000000000000e+00 4.064338201579638203e-03 2.943224665439168972e-03 0.000000000000000000e+00 3.826378423296026773e-04 2.072619826034236175e-03 3.831352390196170188e-03 4.042917710477653311e-03 2.029792548419606917e-03 2.276922961703342196e-03 0.000000000000000000e+00 2.218762304933292150e-03 0.000000000000000000e+00 2.327742454551561099e-04 0.000000000000000000e+00 1.444523074052652973e-04 3.562894289999870082e-03 0.000000000000000000e+00
1.643513721203604091e-03 4.371666761101849694e-03 2.236554243713145991e-03 4.501116225928444674e-03 0.000000000000000000e+00 4.629555420495892054e-03 1.161571276701540935e-03 2.846203446959359989e-03 2.587753251076609085e-03 3.408246757465331969e-03 2.176515407685384110e-03 3.434111719229295152e-03 4.786096222543579151e-03 0.000000000000000000e+00 9.482850592850155752e-06 3.128999711796523128e-03 3.661918596226611169e-03 2.758404636952719192e-03 0.000000000000000000e+00 0.000000000000000000e+00 8.635999694956472249e-04 6.921365204651184740e-04 1.344338581817688038e-03 0.000000000000000000e+00 8.220903410106232068e-04
0.000000000000000000e+00 0.000000000000000000e+00 0.000000000000000000e+00 6.308534786024947794e-04 1.959665532081995842e-03 4.287624526646048248e-03 0.000000000000000000e+00 0.000000000000000000e+00 0.000000000000000000e+00 1.653527357292726993e-03 6.631461586107236048e-04 0.000000000000000000e+00 1.716499637928249958e-03 0.000000000000000000e+00 0.000000000000000000e+00 2.572081392970064842e-03 0.000000000000000000e+00 2.464522812343041165e-03 0.000000000000000000e+00 1.475909512439990906e-03 0.000000000000000000e+00 0.000000000000000000e+00 0.000000000000000000e+00 0.000000000000000000e+00 4.947198501916541188e-03
2.889556323414969874e-03 0.000000000000000000e+00 0.000000000000000000e+00 1.636580580182925900e-03 4.796393320849925979e-03 0.000000000000000000e+00 0.000000000000000000e+00 0.000000000000000000e+00 0.000000000000000000e+00 2.925446017686376184e-03 0.000000000000000000e+00 4.629136235397766225e-03 0.000000000000000000e+00 4.802320332667102745e-03 3.922839536697372322e-03 1.371622095563800004e-03 1.463638772313478973e-03 0.000000000000000000e+00 1.350569692474704996e-03 3.530106696158463210e-03 0.000000000000000000e+00 0.000000000000000000e+00 0.000000000000000000e+00 0.000000000000000000e+00 0.000000000000000000e+00
4.380014206286149403e-03 0.000000000000000000e+00 0.000000000000000000e+00 2.548329791193613882e-03 0.000000000000000000e+00 0.000000000000000000e+00 2.725747879526827823e-03 0.000000000000000000e+00 0.000000000000000000e+00 4.480355966466917882e-03 3.651291925366775912e-03 1.892785676932704029e-03 0.000000000000000000e+00 1.189442515081774081e-03 1.341017434318072079e-03 0.000000000000000000e+00 4.992459246220675231e-03 0.000000000000000000e+00 0.000000000000000000e+00 0.000000000000000000e+00 0.000000000000000000e+00 0.000000000000000000e+00 0.000000000000000000e+00 4.428472534181731105e-03 0.000000000000000000e+00
0.000000000000000000e+00 0.000000000000000000e+00 3.262680041034915056e-03 0.000000000000000000e+00 0.000000000000000000e+00 1.809276754822360068e-04 1.495392982568838043e-03 0.000000000000000000e+00 0.000000000000000000e+00 2.516595488678947945e-03 0.000000000000000000e+00 4.541259912582398285e-03 3.637000578100034031e-03 3.554165805915377157e-03 2.158176334461674867e-03 6.303273307807132292e-04 0.000000000000000000e+00 0.000000000000000000e+00 0.000000000000000000e+00 3.788961465144867913e-03 0.000000000000000000e+00 1.232104856118483973e-03 0.000000000000000000e+00 1.184761390219765025e-03 2.914135260566239147e-03
0.000000000000000000e+00 0.000000000000000000e+00 0.000000000000000000e+00 4.958300164408194211e-03 0.000000000000000000e+00 0.000000000000000000e+00 0.000000000000000000e+00 3.713488772025729835e-03 4.502138804172269720e-03 0.000000000000000000e+00 2.918387758102419099e-03 4.877944383450088899e-03 0.000000000000000000e+00 0.000000000000000000e+00 0.000000000000000000e+00 0.000000000000000000e+00 0.000000000000000000e+00 4.759891262165608268e-03 0.000000000000000000e+00 0.000000000000000000e+00 3.121918687178324987e-04 0.000000000000000000e+00 0.000000000000000000e+00 2.974135144778622831e-03 0.000000000000000000e+00
4.898032197647587613e-03 2.211287352792566142e-03 0.000000000000000000e+00 4.646651718861053056e-03 2.941445584746839054e-03 3.107698746355142937e-03 0.000000000000000000e+00 4.763569110111726644e-03 0.000000000000000000e+00 0.000000000000000000e+00 3.722812946377238984e-03 0.000000000000000000e+00 0.000000000000000000e+00 0.000000000000000000e+00 2.252660122433476197e-03 6.247765375370722095e-04 4.651570762374547009e-03 0.000000000000000000e+00 0.000000000000000000e+00 8.121789514978815586e-04 0.000000000000000000e+00 2.500296525498500993e-03 0.000000000000000000e+00 1.779299900333520005e-03 1.636070878637693954e-03
0.000000000000000000e+00 0.000000000000000000e+00 2.184923913633507898e-03 0.000000000000000000e+00 1.188664291194573962e-03 1.487943316443703090e-03 0.000000000000000000e+00 6.941685526599163103e-04 0.000000000000000000e+00 0.000000000000000000e+00 0.000000000000000000e+00 2.687613792302659833e-03 0.000000000000000000e+00 6.256590747189154974e-04 5.811067876514413189e-05 2.244162998185640059e-04 3.859179888486156192e-04 0.000000000000000000e+00 4.076053107332141059e-03 0.000000000000000000e+00 1.957307211227562061e-03 0.000000000000000000e+00 2.184821418301534889e-03 5.179068907561610495e-04 0.000000000000000000e+00
7.357760353335538427e-04 3.311568237494804182e-03 4.944757566567163989e-03 0.000000000000000000e+00 0.000000000000000000e+00 0.000000000000000000e+00 1.926557085651128950e-03 1.127969566919890089e-03 3.753077528635160014e-03 0.000000000000000000e+00 3.087160773478593058e-03 0.000000000000000000e+00 7.851911091208361440e-04 3.150989341394442103e-03 0.000000000000000000e+00 0.000000000000000000e+00 2.960553154490749069e-03 0.000000000000000000e+00 2.335968716078675855e-03 0.000000000000000000e+00 5.629023003231763741e-04 4.090981915285356665e-03 0.000000000000000000e+00 0.000000000000000000e+00 0.000000000000000000e+00
1.523866552998049068e-03 3.532778086999071882e-03 1.196369876570274994e-03 0.000000000000000000e+00 3.041272778238665164e-03 0.000000000000000000e+00 0.000000000000000000e+00 0.000000000000000000e+00 0.000000000000000000e+00 1.794757382484352039e-03 4.472453595406939396e-03 0.000000000000000000e+00 3.036227012012337155e-03 9.745602518822264141e-04 4.677044097239444788e-03 0.000000000000000000e+00 0.000000000000000000e+00 0.000000000000000000e+00 1.604553146658133003e-03 1.068710919313913899e-03 3.799311349804011806e-03 1.885343333400207010e-03 4.952411292894504102e-03 3.745630180776542834e-03 0.000000000000000000e+00
1.746940339497128972e-03 3.781334212076469144e-03 3.388519761098273103e-05 0.000000000000000000e+00 6.730211527447896823e-04 3.127881153065550143e-03 0.000000000000000000e+00 0.000000000000000000e+00 0.000000000000000000e+00 0.000000000000000000e+00 1.413200356905701914e-03 4.859104123111935084e-03 0.000000000000000000e+00 0.000000000000000000e+00 0.000000000000000000e+00 0.000000000000000000e+00 4.177903967548890138e-03 0.000000000000000000e+00 0.000000000000000000e+00 4.092342285342646761e-03 0.000000000000000000e+00 3.958501876294152379e-03 9.879854194040802937e-04 0.000000000000000000e+00 3.361566897138827063e-03
0.000000000000000000e+00 3.114898156943868984e-03 0.000000000000000000e+00 0.000000000000000000e+00 0.000000000000000000e+00 0.000000000000000000e+00 3.374627821836474035e-04 1.270279213407956046e-03 0.000000000000000000e+00 0.000000000000000000e+00 1.543420074163625970e-03 0.000000000000000000e+00 0.000000000000000000e+00 0.000000000000000000e+00 2.550583998194072034e-03 2.280855600795540089e-03 0.000000000000000000e+00 0.000000000000000000e+00 4.914947996230091716e-03 0.000000000000000000e+00 0.000000000000000000e+00 2.044387313558022803e-03 3.497339754559172006e-03 0.000000000000000000e+00 0.000000000000000000e+00
0.000000000000000000e+00 1.939000389499970006e-03 3.268635219043343997e-03 0.000000000000000000e+00 0.000000000000000000e+00 0.000000000000000000e+00 4.675771320947152976e-03 0.000000000000000000e+00 9.118678724064558760e-05 4.192572805803166693e-03 0.000000000000000000e+00 4.422252418754623639e-03 0.000000000000000000e+00 0.000000000000000000e+00 0.000000000000000000e+00 0.000000000000000000e+00 0.000000000000000000e+00 1.864026562880190989e-03 0.000000000000000000e+00 8.639968367643077317e-05 0.000000000000000000e+00 0.000000000000000000e+00 3.603805379076814933e-03 9.988814424558636884e-04 2.390197064481137165e-03
0.000000000000000000e+00 9.280652779177952485e-05 0.000000000000000000e+00 0.000000000000000000e+00 0.000000000000000000e+00 4.826395643145657208e-03 0.000000000000000000e+00 1.732239340303531015e-03 0.000000000000000000e+00 0.000000000000000000e+00 0.000000000000000000e+00 0.000000000000000000e+00 0.000000000000000000e+00 4.233206835396681293e-03 3.993441993131995396e-03 1.368474798671185993e-03 0.000000000000000000e+00 0.000000000000000000e+00 0.000000000000000000e+00 0.000000000000000000e+00 0.000000000000000000e+00 0.000000000000000000e+00 0.000000000000000000e+00 1.932968944183763912e-03 0.000000000000000000e+00
3.844155389566617821e-03 0.000000000000000000e+00 4.914378741987788547e-04 4.506954807756617751e-04 2.580730821600000970e-03 2.974128166956318924e-03 0.000000000000000000e+00 0.000000000000000000e+00 0.000000000000000000e+00 0.000000000000000000e+00 0.000000000000000000e+00 5.995325277023853209e-04 0.000000000000000000e+00 0.000000000000000000e+00 0.000000000000000000e+00 0.000000000000000000e+00 0.000000000000000000e+00 0.000000000000000000e+00 0.000000000000000000e+00 1.143295699113641012e-03 1.054228127232505067e-03 0.000000000000000000e+00 0.000000000000000000e+00 3.423955697311971739e-04 4.436278811437374854e-03
2.188013675271892160e-03 2.679316014966568946e-03 6.655221628243608622e-04 3.077001247257198872e-03 1.014374032249955055e-03 2.943388624136927811e-03 3.181872951187202873e-03 3.301324788666065951e-04 0.000000000000000000e+00 0.000000000000000000e+00 0.000000000000000000e+00 4.039958465810265971e-03 0.000000000000000000e+00 2.565727995539301889e-03 0.000000000000000000e+00 0.000000000000000000e+00 2.127508530361899106e-03 3.651321966547924937e-03 2.746394942208674889e-03 2.957445154466374106e-03 0.000000000000000000e+00 3.421888734224707933e-04 4.541852296830722197e-03 2.397120880543533034e-03 1.689422682395854878e-04
4.395655875829665785e-03 3.497505090115530201e-03 7.488579596132126934e-04 0.000000000000000000e+00 0.000000000000000000e+00 2.145068170969860206e-03 0.000000000000000000e+00 0.000000000000000000e+00 7.646718948977682725e-04 0.000000000000000000e+00 1.079931899473937943e-03 0.000000000000000000e+00 2.732966551088864080e-03 0.000000000000000000e+00 3.092646157698066955e-03 4.747234805524804327e-03 2.208145690777623803e-03 1.717827490888813001e-03 0.000000000000000000e+00 0.000000000000000000e+00 0.000000000000000000e+00 0.000000000000000000e+00 0.000000000000000000e+00 1.586606228533313104e-03 0.000000000000000000e+00
3.126437698466589827e-03 2.777542652788911066e-03 4.809182414118254832e-03 0.000000000000000000e+00 0.000000000000000000e+00 3.898038915454286966e-03 3.119813098990811134e-03 0.000000000000000000e+00 3.943894933922410632e-03 7.984882115747721091e-04 0.000000000000000000e+00 0.000000000000000000e+00 0.000000000000000000e+00 4.910068025787734866e-03 2.570298610224213114e-03 0.000000000000000000e+00 3.099431968532116201e-03 1.358574515381191913e-03 0.000000000000000000e+00 0.000000000000000000e+00 0.000000000000000000e+00 0.000000000000000000e+00 0.000000000000000000e+00 0.000000000000000000e+00 2.536868482642886009e-03
4.196391533342522760e-03 3.926281605843175322e-03 2.420582735099578112e-03 0.000000000000000000e+00 0.000000000000000000e+00 1.219509217582597036e-03 0.000000000000000000e+00 0.000000000000000000e+00 0.000000000000000000e+00 1.845444192065394905e-04 4.087554774595369804e-03 0.000000000000000000e+00 0.000000000000000000e+00 2.424517278693655992e-03 0.000000000000000000e+00 0.000000000000000000e+00 1.787650916639251918e-03 0.000000000000000000e+00 4.295542222882559047e-03 0.000000000000000000e+00 4.791856806740259060e-05 0.000000000000000000e+00 0.000000000000000000e+00 0.000000000000000000e+00 2.362940796217444033e-04
