# # File created on Fri May 17 15:41:49 2024
#  # The following metaparameters were used for this matrix optimization : gamma0 = 0.5; alpha0 = 0; sigma0 = 0.25; l0 = 1;p = 1; R0 = 1; S0 = 0.05; NR = 25; NS = 25; matrix path = matrices/Nr25_Nc25/consumption/RandTrix_Nr25_Nc25_Nest0.3_Conn0.2816.txt; convergence threshold = 1e-08
# 
2.297235652248394086e-03 1.654155798354185096e-03 2.726857851598874817e-03 2.818680997101310863e-03 2.295382607112855106e-04 5.972700621922301042e-04 0.000000000000000000e+00 0.000000000000000000e+00 4.769217111748929629e-03 0.000000000000000000e+00 0.000000000000000000e+00 4.405255667925778336e-03 0.000000000000000000e+00 2.930900341487655165e-03 5.754102783772501199e-04 0.000000000000000000e+00 0.000000000000000000e+00 6.840038531609137461e-04 2.911035398539582163e-03 3.407514149519182134e-03 1.133563179789314921e-03 1.919830581362802924e-03 0.000000000000000000e+00 7.672883941094225902e-04 3.373724603915047998e-03
3.045423203828802154e-03 0.000000000000000000e+00 0.000000000000000000e+00 3.411784120072063140e-03 0.000000000000000000e+00 1.208004696747798064e-03 0.000000000000000000e+00 0.000000000000000000e+00 3.576229094705265978e-03 2.654899734916585981e-03 3.925140274315755580e-03 0.000000000000000000e+00 8.077424007088119086e-04 7.630389085756850197e-04 0.000000000000000000e+00 0.000000000000000000e+00 0.000000000000000000e+00 5.125220942790965298e-04 0.000000000000000000e+00 0.000000000000000000e+00 1.137317896458223078e-03 3.000522186334452033e-03 2.716818392318224126e-05 0.000000000000000000e+00 0.000000000000000000e+00
0.000000000000000000e+00 4.178478298245327099e-03 0.000000000000000000e+00 0.000000000000000000e+00 4.440404011460893224e-03 0.000000000000000000e+00 0.000000000000000000e+00 3.823584142240665090e-03 2.790275037377713818e-03 2.337480618676837912e-03 3.202508723120499855e-03 4.150990465115605987e-03 0.000000000000000000e+00 0.000000000000000000e+00 0.000000000000000000e+00 3.088545912272787092e-03 0.000000000000000000e+00 4.170689198164514305e-03 0.000000000000000000e+00 1.394515597871306099e-03 3.464572842782003112e-04 4.130631499988783074e-03 0.000000000000000000e+00 4.348912451972685974e-04 2.984331762071947003e-03
0.000000000000000000e+00 0.000000000000000000e+00 0.000000000000000000e+00 0.000000000000000000e+00 2.816315672377920926e-03 4.837649409730817272e-03 0.000000000000000000e+00 0.000000000000000000e+00 2.338382984086186090e-04 0.000000000000000000e+00 3.347720203388776083e-03 0.000000000000000000e+00 0.000000000000000000e+00 2.382600441503663832e-03 3.160398559822500883e-03 4.011552555276878991e-03 0.000000000000000000e+00 0.000000000000000000e+00 0.000000000000000000e+00 0.000000000000000000e+00 2.612688376133655201e-03 0.000000000000000000e+00 0.000000000000000000e+00 4.032925540738114580e-03 4.531430879607870402e-03
0.000000000000000000e+00 1.871482601423583945e-03 1.231927275178678954e-03 3.138043176804228892e-03 2.609690052345901064e-04 0.000000000000000000e+00 6.902816708802820460e-04 0.000000000000000000e+00 3.684394347209503894e-03 3.025970443771579168e-03 3.775077514042511195e-03 0.000000000000000000e+00 0.000000000000000000e+00 0.000000000000000000e+00 4.148238254415403080e-03 0.000000000000000000e+00 4.326170704396208196e-04 0.000000000000000000e+00 0.000000000000000000e+00 0.000000000000000000e+00 0.000000000000000000e+00 9.988646837577937893e-04 0.000000000000000000e+00 2.005291966443741199e-03 3.131775895240863049e-03
0.000000000000000000e+00 0.000000000000000000e+00 1.609858471232683986e-03 0.000000000000000000e+00 0.000000000000000000e+00 3.888714447129335006e-03 0.000000000000000000e+00 2.248508543596491795e-03 0.000000000000000000e+00 2.434265913840392807e-03 0.000000000000000000e+00 3.721065721006451988e-03 9.946089205246371086e-04 0.000000000000000000e+00 0.000000000000000000e+00 0.000000000000000000e+00 0.000000000000000000e+00 0.000000000000000000e+00 0.000000000000000000e+00 1.462354830693993971e-03 0.000000000000000000e+00 3.145917569688018792e-03 6.415084874444718826e-04 4.313388757605715607e-03 0.000000000000000000e+00
0.000000000000000000e+00 8.703768149596816236e-04 4.603799945857969637e-03 0.000000000000000000e+00 0.000000000000000000e+00 0.000000000000000000e+00 0.000000000000000000e+00 3.345405390787906021e-03 3.987047756324554708e-03 0.000000000000000000e+00 0.000000000000000000e+00 3.509734604217031907e-03 4.802740358422617761e-03 0.000000000000000000e+00 0.000000000000000000e+00 0.000000000000000000e+00 0.000000000000000000e+00 0.000000000000000000e+00 0.000000000000000000e+00 3.524364913088838796e-03 0.000000000000000000e+00 3.277096860858804122e-03 0.000000000000000000e+00 4.817586307003576644e-03 3.869877316395078839e-03
1.574997581982006062e-03 3.366443260221268791e-03 1.014261377228408041e-03 2.602922976074434954e-03 4.507762226155896321e-03 0.000000000000000000e+00 2.839830616898482169e-03 0.000000000000000000e+00 0.000000000000000000e+00 0.000000000000000000e+00 0.000000000000000000e+00 4.742719884146612101e-03 2.881046345701044893e-04 1.747363422332453989e-03 0.000000000000000000e+00 0.000000000000000000e+00 0.000000000000000000e+00 0.000000000000000000e+00 2.810491764329022847e-03 0.000000000000000000e+00 1.351364215235132966e-03 2.178231927634899975e-03 4.344826714972251092e-03 0.000000000000000000e+00 3.705908273547268116e-03
0.000000000000000000e+00 0.000000000000000000e+00 0.000000000000000000e+00 1.232716304982403881e-04 0.000000000000000000e+00 0.000000000000000000e+00 3.518099886151101943e-03 2.741949753760831998e-03 0.000000000000000000e+00 0.000000000000000000e+00 3.562581848771083793e-03 0.000000000000000000e+00 1.216381693100011081e-03 3.735677083016527794e-06 0.000000000000000000e+00 0.000000000000000000e+00 0.000000000000000000e+00 4.371109814119872837e-03 0.000000000000000000e+00 3.476254139086222810e-03 0.000000000000000000e+00 3.405372126019145032e-03 3.048194352307331909e-03 3.557196169953810889e-03 1.782077778421664984e-03
0.000000000000000000e+00 4.604230915846141067e-03 4.228761293790669028e-03 9.792361685795601157e-04 4.858893198224730121e-04 2.233131224190039975e-03 3.556477351429822905e-03 3.406532218776714936e-03 2.373368950094175041e-03 0.000000000000000000e+00 0.000000000000000000e+00 2.170594520528001860e-03 0.000000000000000000e+00 4.040305875534013240e-04 0.000000000000000000e+00 2.177463606886846908e-03 3.212533505761814862e-03 1.750586023605188056e-03 0.000000000000000000e+00 0.000000000000000000e+00 0.000000000000000000e+00 0.000000000000000000e+00 3.645645827090808044e-03 0.000000000000000000e+00 4.999410569346327167e-03
4.910674465502722595e-03 2.612741463611199799e-03 0.000000000000000000e+00 2.143559031775791972e-04 3.528718743872151075e-03 0.000000000000000000e+00 4.971658759212339157e-03 3.277008506068295867e-03 0.000000000000000000e+00 1.448531921537766966e-03 0.000000000000000000e+00 0.000000000000000000e+00 0.000000000000000000e+00 2.597664196262674911e-03 0.000000000000000000e+00 4.867069631014529600e-03 0.000000000000000000e+00 0.000000000000000000e+00 2.438448674017299183e-03 0.000000000000000000e+00 2.039250129052708888e-03 1.813284512863101022e-03 1.118252814537726899e-03 4.360062585504448363e-03 4.995293716582101425e-03
0.000000000000000000e+00 0.000000000000000000e+00 4.863881238295858327e-03 0.000000000000000000e+00 2.303732184361477215e-03 0.000000000000000000e+00 0.000000000000000000e+00 0.000000000000000000e+00 9.750826925397472825e-04 0.000000000000000000e+00 0.000000000000000000e+00 4.311971643214771756e-03 9.204441181763166856e-04 4.935171131064499880e-03 2.926549029227521956e-03 4.500098182701178090e-04 3.972532597703866408e-03 1.779013509246371930e-03 0.000000000000000000e+00 4.699025145934993160e-03 0.000000000000000000e+00 3.544640263639627868e-03 0.000000000000000000e+00 3.470075027791392000e-03 2.223367188914479944e-03
3.980875022233741796e-03 0.000000000000000000e+00 1.346647336463672106e-03 9.972556549362483064e-04 0.000000000000000000e+00 3.489437327309486987e-03 0.000000000000000000e+00 2.445127593945150939e-03 0.000000000000000000e+00 0.000000000000000000e+00 0.000000000000000000e+00 0.000000000000000000e+00 0.000000000000000000e+00 1.855397950033177944e-03 2.184069899488448856e-03 0.000000000000000000e+00 0.000000000000000000e+00 0.000000000000000000e+00 0.000000000000000000e+00 8.528618146807953777e-04 1.473728199225069055e-03 4.131560228348675305e-03 2.135756025562385915e-03 2.407570926646091826e-03 0.000000000000000000e+00
4.070205673031506745e-03 3.719453453514938012e-03 0.000000000000000000e+00 3.094054056662515770e-04 2.172966367038943209e-03 0.000000000000000000e+00 2.888709679272057160e-03 0.000000000000000000e+00 0.000000000000000000e+00 2.915635373260898940e-03 1.832295494616636988e-03 3.440110436986745096e-03 0.000000000000000000e+00 1.342051954231960080e-03 0.000000000000000000e+00 0.000000000000000000e+00 4.571871076025247650e-03 9.846797055285338388e-04 2.093292504886662929e-03 1.007850878458730910e-03 0.000000000000000000e+00 8.494453720624915976e-04 0.000000000000000000e+00 8.352883061245270973e-04 3.220518660626810973e-03
0.000000000000000000e+00 1.044496536059095993e-03 3.799828456046466969e-03 3.267521367639626001e-03 4.689750153517318991e-03 0.000000000000000000e+00 1.738388968176819965e-03 0.000000000000000000e+00 4.398583264638892577e-03 8.078400036495825796e-04 1.272874520499425906e-03 0.000000000000000000e+00 0.000000000000000000e+00 4.311738934568499701e-03 3.511509321951098057e-03 1.065026615864530981e-03 0.000000000000000000e+00 0.000000000000000000e+00 1.412877188528934101e-03 0.000000000000000000e+00 0.000000000000000000e+00 0.000000000000000000e+00 1.948422498559183088e-03 4.732309448858292196e-03 0.000000000000000000e+00
1.145075045097288923e-03 0.000000000000000000e+00 0.000000000000000000e+00 4.798414662071657892e-03 0.000000000000000000e+00 0.000000000000000000e+00 3.536749417649396026e-03 2.372875446389532093e-03 4.139514568010913866e-03 4.931613950246306177e-04 0.000000000000000000e+00 0.000000000000000000e+00 0.000000000000000000e+00 1.142430511559154897e-03 0.000000000000000000e+00 4.837477921349050622e-03 4.340662633103727769e-03 3.916345950942284014e-03 3.892538822626371176e-03 0.000000000000000000e+00 0.000000000000000000e+00 0.000000000000000000e+00 3.894996422999734268e-04 0.000000000000000000e+00 0.000000000000000000e+00
0.000000000000000000e+00 3.578885503562926132e-03 0.000000000000000000e+00 0.000000000000000000e+00 0.000000000000000000e+00 0.000000000000000000e+00 0.000000000000000000e+00 0.000000000000000000e+00 1.421071546120024950e-03 7.113174696537193911e-04 4.284502769913272821e-03 0.000000000000000000e+00 0.000000000000000000e+00 0.000000000000000000e+00 2.424063012810533189e-03 4.732962062453864409e-03 2.951794510576177030e-03 5.028819041750666853e-04 2.620953651703608047e-04 4.731961193299465650e-03 0.000000000000000000e+00 0.000000000000000000e+00 0.000000000000000000e+00 2.510172875754404943e-03 0.000000000000000000e+00
6.681143139303159133e-04 0.000000000000000000e+00 0.000000000000000000e+00 0.000000000000000000e+00 0.000000000000000000e+00 0.000000000000000000e+00 0.000000000000000000e+00 1.944902082344766945e-03 0.000000000000000000e+00 6.732507629119664772e-04 3.225810659275206872e-03 4.469349814188091903e-04 0.000000000000000000e+00 1.566372335384478990e-03 0.000000000000000000e+00 0.000000000000000000e+00 2.216120168151306056e-03 0.000000000000000000e+00 0.000000000000000000e+00 4.839923612638278097e-03 0.000000000000000000e+00 0.000000000000000000e+00 1.813430842020803983e-03 3.718200188151728203e-03 1.129472712045726055e-03
1.275062117267100961e-03 0.000000000000000000e+00 1.449282727815665028e-03 9.310842979797257380e-04 0.000000000000000000e+00 0.000000000000000000e+00 0.000000000000000000e+00 0.000000000000000000e+00 4.897603075787619609e-03 0.000000000000000000e+00 1.731717885145360025e-03 0.000000000000000000e+00 3.096925843273430189e-03 0.000000000000000000e+00 2.482370382111976845e-03 3.034081136888589110e-04 0.000000000000000000e+00 2.376633473817498215e-03 0.000000000000000000e+00 0.000000000000000000e+00 2.126260600237600985e-03 0.000000000000000000e+00 0.000000000000000000e+00 0.000000000000000000e+00 0.000000000000000000e+00
0.000000000000000000e+00 3.097103596745759933e-03 4.824011537341249198e-03 0.000000000000000000e+00 9.152278485448365119e-04 1.395710350901383998e-03 3.872570958095687948e-03 3.339224613489846175e-03 0.000000000000000000e+00 1.774779044314692090e-03 4.832895696996277780e-03 0.000000000000000000e+00 1.935995168092261064e-03 9.940731987905756292e-04 0.000000000000000000e+00 0.000000000000000000e+00 1.671698743386568990e-03 0.000000000000000000e+00 1.429559836023192899e-03 4.884921903056757379e-03 2.807578338531973097e-03 1.666821594322043915e-04 2.465023801289939129e-03 0.000000000000000000e+00 0.000000000000000000e+00
1.599691337652089105e-03 7.969367447590643572e-04 1.013151837353629906e-03 4.379687825361496326e-03 0.000000000000000000e+00 0.000000000000000000e+00 0.000000000000000000e+00 0.000000000000000000e+00 0.000000000000000000e+00 0.000000000000000000e+00 0.000000000000000000e+00 2.093738915500365123e-03 0.000000000000000000e+00 3.569938325491407954e-04 0.000000000000000000e+00 4.304490024771866208e-03 3.734938955408456055e-03 0.000000000000000000e+00 4.984763307670477331e-03 0.000000000000000000e+00 0.000000000000000000e+00 0.000000000000000000e+00 0.000000000000000000e+00 3.799504988038966170e-03 1.425013288111276087e-03
0.000000000000000000e+00 1.680443497824134994e-03 3.476261756581893077e-03 1.388865873560001006e-03 3.562666204607772055e-03 0.000000000000000000e+00 0.000000000000000000e+00 5.815145629796204850e-04 0.000000000000000000e+00 0.000000000000000000e+00 4.180753468037688193e-04 0.000000000000000000e+00 0.000000000000000000e+00 0.000000000000000000e+00 1.376358131065447067e-04 3.689467095157759804e-03 4.631434440799534272e-03 0.000000000000000000e+00 0.000000000000000000e+00 0.000000000000000000e+00 0.000000000000000000e+00 0.000000000000000000e+00 2.290363090253020022e-03 0.000000000000000000e+00 0.000000000000000000e+00
0.000000000000000000e+00 0.000000000000000000e+00 0.000000000000000000e+00 0.000000000000000000e+00 0.000000000000000000e+00 0.000000000000000000e+00 3.975298606505586578e-03 0.000000000000000000e+00 0.000000000000000000e+00 3.992031545154160581e-03 1.759773182304654078e-03 0.000000000000000000e+00 0.000000000000000000e+00 0.000000000000000000e+00 0.000000000000000000e+00 2.621957541569867791e-03 0.000000000000000000e+00 1.347586871176471900e-04 1.555427111867975997e-04 0.000000000000000000e+00 0.000000000000000000e+00 2.370623255340423806e-03 0.000000000000000000e+00 0.000000000000000000e+00 4.157270184730102111e-03
3.005229129765241950e-04 0.000000000000000000e+00 0.000000000000000000e+00 1.389276430603849938e-03 1.689529929036712088e-03 0.000000000000000000e+00 0.000000000000000000e+00 0.000000000000000000e+00 1.118901966623537993e-03 4.901813891287848737e-03 4.402866100236569116e-03 3.913688851205544654e-03 0.000000000000000000e+00 1.919787164495565933e-04 0.000000000000000000e+00 0.000000000000000000e+00 0.000000000000000000e+00 2.531496124823116086e-03 2.679052607659724097e-03 1.381547080097761003e-03 2.178254588607800215e-03 4.231222416371745870e-03 0.000000000000000000e+00 0.000000000000000000e+00 1.408310824476450077e-03
9.974588391910086792e-04 0.000000000000000000e+00 0.000000000000000000e+00 0.000000000000000000e+00 1.607572690079968033e-03 1.884657568654494022e-03 1.044081000425212038e-03 0.000000000000000000e+00 1.118875776430372981e-03 0.000000000000000000e+00 0.000000000000000000e+00 3.619123953491362820e-03 2.771980679158030873e-03 2.122653255834174111e-03 9.777060427616366051e-05 2.944059262266117850e-03 0.000000000000000000e+00 2.546969145287560033e-04 3.978222435626855777e-03 1.355690566875962077e-03 2.612410009250739837e-03 2.629819743526592112e-03 3.711555832996489990e-03 4.583690727459203626e-03 4.951901146967822333e-03
