# # File created on Tue Apr 30 02:50:39 2024
#  # The following metaparameters were used for this matrix optimization : gamma0 = 0.5; alpha0 = 0; sigma0 = 0.25; l0 = 1;p = 1; R0 = 1; S0 = 0.05; NR = 25; NS = 25; matrix path = matrices/Nr25_Nc25/consumption/RandTrix_Nr25_Nc25_Nest0.5_Conn0.1744.txt; convergence threshold = 1e-08
# 
5.009961628407720857e-01 0.000000000000000000e+00 0.000000000000000000e+00 4.757460727178783877e-01 8.832278562085883467e-01 7.349291358181786471e-01 6.510113286429141111e-01 0.000000000000000000e+00 0.000000000000000000e+00 0.000000000000000000e+00 0.000000000000000000e+00 0.000000000000000000e+00 0.000000000000000000e+00 5.030453704838151463e-01 1.577152764890296988e+00 1.101270865540058930e+00 0.000000000000000000e+00 7.769059757719307124e-02 1.260214183282587941e+00 0.000000000000000000e+00 2.343577261146005064e+00 0.000000000000000000e+00 0.000000000000000000e+00 7.279259205841120961e-01 0.000000000000000000e+00
0.000000000000000000e+00 1.427949661341489929e+00 4.129553949884803843e-01 4.617036978223382215e-01 6.629724493069876212e-01 4.915756629066879158e-01 1.633065322917013895e-01 0.000000000000000000e+00 3.733951443414593729e-01 4.453959633110441962e-01 0.000000000000000000e+00 0.000000000000000000e+00 0.000000000000000000e+00 0.000000000000000000e+00 0.000000000000000000e+00 0.000000000000000000e+00 0.000000000000000000e+00 0.000000000000000000e+00 1.790273648698775116e-02 0.000000000000000000e+00 0.000000000000000000e+00 0.000000000000000000e+00 0.000000000000000000e+00 0.000000000000000000e+00 0.000000000000000000e+00
1.463049303688030101e+00 0.000000000000000000e+00 0.000000000000000000e+00 0.000000000000000000e+00 0.000000000000000000e+00 0.000000000000000000e+00 0.000000000000000000e+00 0.000000000000000000e+00 0.000000000000000000e+00 0.000000000000000000e+00 1.551185105610094928e+00 0.000000000000000000e+00 0.000000000000000000e+00 0.000000000000000000e+00 0.000000000000000000e+00 3.259743836256436822e-01 8.701902168668514959e-01 0.000000000000000000e+00 4.763424301595632904e-01 1.783308759651663022e+00 0.000000000000000000e+00 0.000000000000000000e+00 0.000000000000000000e+00 0.000000000000000000e+00 0.000000000000000000e+00
5.121706124905960333e-01 1.127685562473905945e+00 5.361473577100035470e-01 0.000000000000000000e+00 2.779758292329126967e-01 0.000000000000000000e+00 0.000000000000000000e+00 3.271463700616872861e-01 3.584184795141722168e-01 0.000000000000000000e+00 0.000000000000000000e+00 0.000000000000000000e+00 5.035116365785694340e-03 0.000000000000000000e+00 0.000000000000000000e+00 0.000000000000000000e+00 2.577286168616325090e-01 0.000000000000000000e+00 0.000000000000000000e+00 0.000000000000000000e+00 0.000000000000000000e+00 0.000000000000000000e+00 0.000000000000000000e+00 5.074936665177035566e-01 0.000000000000000000e+00
8.532118601127052226e-01 0.000000000000000000e+00 1.927162846719804867e-01 0.000000000000000000e+00 2.945726472788312011e-01 0.000000000000000000e+00 0.000000000000000000e+00 2.434228371235936106e-01 1.852204859651098989e-01 0.000000000000000000e+00 0.000000000000000000e+00 0.000000000000000000e+00 2.241170692317752122e-01 0.000000000000000000e+00 9.656704719369771373e-02 1.230289290867605079e+00 0.000000000000000000e+00 0.000000000000000000e+00 0.000000000000000000e+00 0.000000000000000000e+00 0.000000000000000000e+00 0.000000000000000000e+00 2.925058318591313156e-01 6.202170226134812170e-01 1.355367862212067065e+00
0.000000000000000000e+00 0.000000000000000000e+00 0.000000000000000000e+00 5.095915339459374804e-01 5.086942709923544248e-01 0.000000000000000000e+00 4.607942078901984262e-01 8.173809245494223497e-01 0.000000000000000000e+00 0.000000000000000000e+00 0.000000000000000000e+00 0.000000000000000000e+00 0.000000000000000000e+00 0.000000000000000000e+00 0.000000000000000000e+00 0.000000000000000000e+00 0.000000000000000000e+00 4.748701495976994091e-01 1.056299691216642911e+00 4.318460263511560981e-01 0.000000000000000000e+00 0.000000000000000000e+00 0.000000000000000000e+00 0.000000000000000000e+00 1.047830565796598945e+00
0.000000000000000000e+00 1.642530360616875962e+00 0.000000000000000000e+00 0.000000000000000000e+00 4.017431191989762063e-01 0.000000000000000000e+00 0.000000000000000000e+00 0.000000000000000000e+00 0.000000000000000000e+00 0.000000000000000000e+00 0.000000000000000000e+00 0.000000000000000000e+00 0.000000000000000000e+00 0.000000000000000000e+00 0.000000000000000000e+00 0.000000000000000000e+00 0.000000000000000000e+00 0.000000000000000000e+00 0.000000000000000000e+00 0.000000000000000000e+00 0.000000000000000000e+00 0.000000000000000000e+00 0.000000000000000000e+00 7.512260063129510002e-01 0.000000000000000000e+00
6.359235394213592629e-01 4.001631760471949240e-01 0.000000000000000000e+00 0.000000000000000000e+00 6.990789688460669060e-01 0.000000000000000000e+00 0.000000000000000000e+00 3.352441476226918904e-01 0.000000000000000000e+00 0.000000000000000000e+00 0.000000000000000000e+00 0.000000000000000000e+00 0.000000000000000000e+00 0.000000000000000000e+00 0.000000000000000000e+00 0.000000000000000000e+00 0.000000000000000000e+00 0.000000000000000000e+00 4.685417801418558792e-01 0.000000000000000000e+00 0.000000000000000000e+00 0.000000000000000000e+00 0.000000000000000000e+00 0.000000000000000000e+00 0.000000000000000000e+00
0.000000000000000000e+00 0.000000000000000000e+00 3.890922971416144738e-01 1.811416647258838053e-01 3.449550753945997972e-01 0.000000000000000000e+00 0.000000000000000000e+00 0.000000000000000000e+00 2.717700524579225729e-01 0.000000000000000000e+00 0.000000000000000000e+00 0.000000000000000000e+00 3.315985224606343151e-01 0.000000000000000000e+00 3.001034208985404184e-01 3.577254701249517055e-01 0.000000000000000000e+00 0.000000000000000000e+00 4.244622258529553993e-01 0.000000000000000000e+00 0.000000000000000000e+00 0.000000000000000000e+00 1.697425174972571060e-01 0.000000000000000000e+00 1.090949727016035986e+00
6.507041292678894528e-01 0.000000000000000000e+00 0.000000000000000000e+00 0.000000000000000000e+00 0.000000000000000000e+00 0.000000000000000000e+00 0.000000000000000000e+00 3.872033456644071170e-01 0.000000000000000000e+00 0.000000000000000000e+00 5.182684034074208634e-01 0.000000000000000000e+00 0.000000000000000000e+00 0.000000000000000000e+00 0.000000000000000000e+00 1.094044354442496925e+00 0.000000000000000000e+00 2.343514765538085021e-01 8.945418925337681459e-01 0.000000000000000000e+00 1.859791515084366909e-01 0.000000000000000000e+00 4.043336669159047214e-01 0.000000000000000000e+00 6.179207244754937323e-01
3.120639734607061899e-01 1.212350358713756016e-01 0.000000000000000000e+00 0.000000000000000000e+00 0.000000000000000000e+00 0.000000000000000000e+00 0.000000000000000000e+00 0.000000000000000000e+00 5.593246943205647526e-01 0.000000000000000000e+00 5.673177970341252152e-01 0.000000000000000000e+00 0.000000000000000000e+00 0.000000000000000000e+00 0.000000000000000000e+00 0.000000000000000000e+00 0.000000000000000000e+00 0.000000000000000000e+00 5.259344593065720108e-01 0.000000000000000000e+00 0.000000000000000000e+00 0.000000000000000000e+00 4.385625994166795771e-01 0.000000000000000000e+00 0.000000000000000000e+00
0.000000000000000000e+00 0.000000000000000000e+00 4.435575153727485120e-01 0.000000000000000000e+00 4.498827417418527208e-01 0.000000000000000000e+00 0.000000000000000000e+00 0.000000000000000000e+00 0.000000000000000000e+00 0.000000000000000000e+00 0.000000000000000000e+00 0.000000000000000000e+00 0.000000000000000000e+00 0.000000000000000000e+00 0.000000000000000000e+00 0.000000000000000000e+00 0.000000000000000000e+00 8.378966899480333463e-02 0.000000000000000000e+00 0.000000000000000000e+00 0.000000000000000000e+00 0.000000000000000000e+00 0.000000000000000000e+00 0.000000000000000000e+00 5.674440790610347785e-01
0.000000000000000000e+00 9.723953691077249495e-01 0.000000000000000000e+00 0.000000000000000000e+00 0.000000000000000000e+00 0.000000000000000000e+00 0.000000000000000000e+00 0.000000000000000000e+00 0.000000000000000000e+00 4.368895115640885063e-01 0.000000000000000000e+00 0.000000000000000000e+00 5.578883635457215773e-01 0.000000000000000000e+00 0.000000000000000000e+00 0.000000000000000000e+00 0.000000000000000000e+00 0.000000000000000000e+00 0.000000000000000000e+00 6.444816750666231275e-01 0.000000000000000000e+00 0.000000000000000000e+00 0.000000000000000000e+00 0.000000000000000000e+00 1.556551930014150875e-01
5.827288965812755794e-01 4.026816190491729897e-01 0.000000000000000000e+00 0.000000000000000000e+00 0.000000000000000000e+00 0.000000000000000000e+00 0.000000000000000000e+00 0.000000000000000000e+00 0.000000000000000000e+00 0.000000000000000000e+00 0.000000000000000000e+00 0.000000000000000000e+00 0.000000000000000000e+00 0.000000000000000000e+00 0.000000000000000000e+00 0.000000000000000000e+00 0.000000000000000000e+00 0.000000000000000000e+00 0.000000000000000000e+00 5.760187649088926998e-01 0.000000000000000000e+00 0.000000000000000000e+00 0.000000000000000000e+00 0.000000000000000000e+00 0.000000000000000000e+00
0.000000000000000000e+00 0.000000000000000000e+00 0.000000000000000000e+00 0.000000000000000000e+00 0.000000000000000000e+00 0.000000000000000000e+00 0.000000000000000000e+00 0.000000000000000000e+00 0.000000000000000000e+00 0.000000000000000000e+00 9.809701977708529252e-01 0.000000000000000000e+00 0.000000000000000000e+00 0.000000000000000000e+00 0.000000000000000000e+00 0.000000000000000000e+00 3.574942987812557149e-01 0.000000000000000000e+00 5.468806640464938251e-01 1.422764249576411899e+00 1.064240358855176094e+00 0.000000000000000000e+00 1.372956008892366908e+00 0.000000000000000000e+00 0.000000000000000000e+00
3.188355334749808923e-01 1.836043439368225116e-01 0.000000000000000000e+00 0.000000000000000000e+00 0.000000000000000000e+00 0.000000000000000000e+00 0.000000000000000000e+00 0.000000000000000000e+00 0.000000000000000000e+00 0.000000000000000000e+00 0.000000000000000000e+00 0.000000000000000000e+00 0.000000000000000000e+00 0.000000000000000000e+00 0.000000000000000000e+00 0.000000000000000000e+00 0.000000000000000000e+00 0.000000000000000000e+00 4.854849669512861787e-01 0.000000000000000000e+00 7.831819406817336349e-01 0.000000000000000000e+00 0.000000000000000000e+00 0.000000000000000000e+00 4.168904246856905971e-01
0.000000000000000000e+00 0.000000000000000000e+00 6.866423918111326241e-01 0.000000000000000000e+00 4.460122663078088801e-01 0.000000000000000000e+00 0.000000000000000000e+00 0.000000000000000000e+00 0.000000000000000000e+00 0.000000000000000000e+00 0.000000000000000000e+00 0.000000000000000000e+00 0.000000000000000000e+00 0.000000000000000000e+00 0.000000000000000000e+00 0.000000000000000000e+00 0.000000000000000000e+00 0.000000000000000000e+00 0.000000000000000000e+00 0.000000000000000000e+00 0.000000000000000000e+00 0.000000000000000000e+00 0.000000000000000000e+00 0.000000000000000000e+00 0.000000000000000000e+00
0.000000000000000000e+00 0.000000000000000000e+00 5.066603976438277535e-01 0.000000000000000000e+00 0.000000000000000000e+00 0.000000000000000000e+00 0.000000000000000000e+00 0.000000000000000000e+00 0.000000000000000000e+00 0.000000000000000000e+00 0.000000000000000000e+00 0.000000000000000000e+00 0.000000000000000000e+00 0.000000000000000000e+00 0.000000000000000000e+00 0.000000000000000000e+00 0.000000000000000000e+00 0.000000000000000000e+00 0.000000000000000000e+00 0.000000000000000000e+00 0.000000000000000000e+00 0.000000000000000000e+00 0.000000000000000000e+00 0.000000000000000000e+00 0.000000000000000000e+00
0.000000000000000000e+00 0.000000000000000000e+00 0.000000000000000000e+00 4.585250743594070921e-01 7.010529897335364587e-03 0.000000000000000000e+00 0.000000000000000000e+00 0.000000000000000000e+00 7.752656949909289552e-02 0.000000000000000000e+00 0.000000000000000000e+00 0.000000000000000000e+00 0.000000000000000000e+00 0.000000000000000000e+00 0.000000000000000000e+00 0.000000000000000000e+00 0.000000000000000000e+00 0.000000000000000000e+00 0.000000000000000000e+00 0.000000000000000000e+00 0.000000000000000000e+00 0.000000000000000000e+00 0.000000000000000000e+00 2.140893097386524155e-02 0.000000000000000000e+00
0.000000000000000000e+00 4.120952293872096051e-02 0.000000000000000000e+00 0.000000000000000000e+00 0.000000000000000000e+00 4.037333480909244265e-01 0.000000000000000000e+00 0.000000000000000000e+00 0.000000000000000000e+00 0.000000000000000000e+00 0.000000000000000000e+00 5.107961727871931923e-02 0.000000000000000000e+00 0.000000000000000000e+00 0.000000000000000000e+00 0.000000000000000000e+00 0.000000000000000000e+00 0.000000000000000000e+00 0.000000000000000000e+00 0.000000000000000000e+00 0.000000000000000000e+00 0.000000000000000000e+00 0.000000000000000000e+00 0.000000000000000000e+00 0.000000000000000000e+00
0.000000000000000000e+00 0.000000000000000000e+00 0.000000000000000000e+00 0.000000000000000000e+00 0.000000000000000000e+00 0.000000000000000000e+00 0.000000000000000000e+00 0.000000000000000000e+00 0.000000000000000000e+00 0.000000000000000000e+00 0.000000000000000000e+00 0.000000000000000000e+00 0.000000000000000000e+00 0.000000000000000000e+00 0.000000000000000000e+00 0.000000000000000000e+00 0.000000000000000000e+00 0.000000000000000000e+00 0.000000000000000000e+00 0.000000000000000000e+00 0.000000000000000000e+00 0.000000000000000000e+00 0.000000000000000000e+00 0.000000000000000000e+00 0.000000000000000000e+00
0.000000000000000000e+00 0.000000000000000000e+00 0.000000000000000000e+00 0.000000000000000000e+00 0.000000000000000000e+00 0.000000000000000000e+00 5.029823527272258010e-01 0.000000000000000000e+00 0.000000000000000000e+00 0.000000000000000000e+00 0.000000000000000000e+00 0.000000000000000000e+00 0.000000000000000000e+00 0.000000000000000000e+00 0.000000000000000000e+00 0.000000000000000000e+00 0.000000000000000000e+00 0.000000000000000000e+00 0.000000000000000000e+00 0.000000000000000000e+00 0.000000000000000000e+00 0.000000000000000000e+00 0.000000000000000000e+00 0.000000000000000000e+00 0.000000000000000000e+00
6.339788798901065947e-01 0.000000000000000000e+00 0.000000000000000000e+00 0.000000000000000000e+00 0.000000000000000000e+00 0.000000000000000000e+00 0.000000000000000000e+00 0.000000000000000000e+00 0.000000000000000000e+00 0.000000000000000000e+00 0.000000000000000000e+00 0.000000000000000000e+00 0.000000000000000000e+00 0.000000000000000000e+00 0.000000000000000000e+00 0.000000000000000000e+00 0.000000000000000000e+00 0.000000000000000000e+00 0.000000000000000000e+00 0.000000000000000000e+00 0.000000000000000000e+00 0.000000000000000000e+00 0.000000000000000000e+00 0.000000000000000000e+00 0.000000000000000000e+00
0.000000000000000000e+00 0.000000000000000000e+00 0.000000000000000000e+00 0.000000000000000000e+00 0.000000000000000000e+00 0.000000000000000000e+00 0.000000000000000000e+00 0.000000000000000000e+00 0.000000000000000000e+00 0.000000000000000000e+00 0.000000000000000000e+00 1.819903652637598068e-01 0.000000000000000000e+00 0.000000000000000000e+00 0.000000000000000000e+00 0.000000000000000000e+00 0.000000000000000000e+00 0.000000000000000000e+00 3.430542177304879981e-01 3.581981581592231234e-01 0.000000000000000000e+00 0.000000000000000000e+00 0.000000000000000000e+00 0.000000000000000000e+00 0.000000000000000000e+00
0.000000000000000000e+00 0.000000000000000000e+00 0.000000000000000000e+00 0.000000000000000000e+00 0.000000000000000000e+00 0.000000000000000000e+00 0.000000000000000000e+00 0.000000000000000000e+00 0.000000000000000000e+00 0.000000000000000000e+00 0.000000000000000000e+00 0.000000000000000000e+00 0.000000000000000000e+00 0.000000000000000000e+00 0.000000000000000000e+00 0.000000000000000000e+00 0.000000000000000000e+00 0.000000000000000000e+00 0.000000000000000000e+00 0.000000000000000000e+00 0.000000000000000000e+00 0.000000000000000000e+00 0.000000000000000000e+00 0.000000000000000000e+00 5.078269546658537026e-01
