# File created on Tue Apr 30 01:43:30 2024
# The following metaparameters were used for this matrix optimization : gamma0 = 0.5; alpha0 = 0; sigma0 = 0.25; l0 = 1;p = 1; R0 = 1; S0 = 0.05; NR = 25; NS = 25; matrix path = matrices/Nr25_Nc25/consumption/RandTrix_Nr25_Nc25_Nest0.4_Conn0.272.txt; convergence threshold = 1e-08
7.502317166826062e-01 0.000000000000000e+00 5.197444022723884e-01 4.088619869690934e-01 5.718402297011382e-01 0.000000000000000e+00 8.075835693606126e-01 0.000000000000000e+00 0.000000000000000e+00 9.182124010370980e-01 0.000000000000000e+00 0.000000000000000e+00 1.372254316351969e-02 0.000000000000000e+00 0.000000000000000e+00 1.572012574613139e-01 0.000000000000000e+00 0.000000000000000e+00 1.114661443839453e+00 0.000000000000000e+00 0.000000000000000e+00 0.000000000000000e+00 0.000000000000000e+00 0.000000000000000e+00 0.000000000000000e+00 
6.998512895448520e-02 0.000000000000000e+00 6.864817005878857e-01 0.000000000000000e+00 2.546240546182749e-01 6.783145022017139e-01 8.425478608847564e-01 0.000000000000000e+00 0.000000000000000e+00 0.000000000000000e+00 1.414462404926295e+00 8.916976926488570e-01 0.000000000000000e+00 0.000000000000000e+00 0.000000000000000e+00 0.000000000000000e+00 0.000000000000000e+00 4.217430610034180e-01 0.000000000000000e+00 0.000000000000000e+00 0.000000000000000e+00 0.000000000000000e+00 0.000000000000000e+00 0.000000000000000e+00 0.000000000000000e+00 
5.134707280647902e-01 0.000000000000000e+00 5.441726146246380e-01 0.000000000000000e+00 0.000000000000000e+00 2.811336838190246e-01 0.000000000000000e+00 1.036264164461364e+00 0.000000000000000e+00 0.000000000000000e+00 3.926574891213584e-01 0.000000000000000e+00 3.351247579874031e-02 0.000000000000000e+00 4.971060121213907e-01 0.000000000000000e+00 0.000000000000000e+00 8.787158388834739e-01 0.000000000000000e+00 0.000000000000000e+00 0.000000000000000e+00 0.000000000000000e+00 0.000000000000000e+00 0.000000000000000e+00 1.379167076860603e-01 
0.000000000000000e+00 5.377042357509288e-01 0.000000000000000e+00 5.553616267009789e-01 0.000000000000000e+00 8.980398009317483e-01 0.000000000000000e+00 0.000000000000000e+00 0.000000000000000e+00 0.000000000000000e+00 0.000000000000000e+00 0.000000000000000e+00 0.000000000000000e+00 6.618592769241628e-01 0.000000000000000e+00 0.000000000000000e+00 0.000000000000000e+00 5.521700615547527e-01 0.000000000000000e+00 0.000000000000000e+00 0.000000000000000e+00 0.000000000000000e+00 8.798270768169987e-01 8.982762037272489e-01 0.000000000000000e+00 
9.403477896803637e-01 1.404184783877263e-01 0.000000000000000e+00 0.000000000000000e+00 9.972342422467433e-01 0.000000000000000e+00 0.000000000000000e+00 0.000000000000000e+00 0.000000000000000e+00 0.000000000000000e+00 0.000000000000000e+00 9.607025617454308e-01 0.000000000000000e+00 0.000000000000000e+00 5.212510061732498e-01 0.000000000000000e+00 4.151541942009538e-01 0.000000000000000e+00 0.000000000000000e+00 0.000000000000000e+00 0.000000000000000e+00 0.000000000000000e+00 0.000000000000000e+00 3.385346220431979e-01 0.000000000000000e+00 
7.806881016129881e-01 5.250636842059456e-01 0.000000000000000e+00 3.777090649295854e-01 0.000000000000000e+00 0.000000000000000e+00 0.000000000000000e+00 8.181416866766404e-01 5.019295362428060e-01 0.000000000000000e+00 0.000000000000000e+00 0.000000000000000e+00 1.333759088729608e-01 9.543629393409813e-02 0.000000000000000e+00 0.000000000000000e+00 0.000000000000000e+00 0.000000000000000e+00 1.229544403931422e+00 2.016852664641077e-01 1.338059038872247e-01 3.041541348132529e-01 0.000000000000000e+00 0.000000000000000e+00 0.000000000000000e+00 
0.000000000000000e+00 0.000000000000000e+00 0.000000000000000e+00 3.613636202210833e-01 3.316535311933623e-01 3.910989756409343e-01 0.000000000000000e+00 0.000000000000000e+00 0.000000000000000e+00 0.000000000000000e+00 8.386159428670493e-01 0.000000000000000e+00 9.199304084139839e-01 5.880677128796664e-01 2.201000224271103e-01 8.899842967367470e-02 0.000000000000000e+00 0.000000000000000e+00 2.355597877922434e-01 0.000000000000000e+00 6.540387968584878e-01 0.000000000000000e+00 0.000000000000000e+00 0.000000000000000e+00 9.547116832709815e-01 
7.133779963846317e-01 5.034691925076671e-01 5.318598783453985e-01 0.000000000000000e+00 1.633180257085525e-01 0.000000000000000e+00 0.000000000000000e+00 4.331383864459657e-01 0.000000000000000e+00 0.000000000000000e+00 1.447085125928812e-01 0.000000000000000e+00 0.000000000000000e+00 3.763949596331310e-01 0.000000000000000e+00 4.622209440235058e-01 3.035121441677458e-01 0.000000000000000e+00 0.000000000000000e+00 0.000000000000000e+00 0.000000000000000e+00 0.000000000000000e+00 1.852512944509963e-01 0.000000000000000e+00 6.081582857254051e-01 
0.000000000000000e+00 3.146819371221124e-01 0.000000000000000e+00 8.021663565088963e-01 0.000000000000000e+00 0.000000000000000e+00 0.000000000000000e+00 0.000000000000000e+00 0.000000000000000e+00 8.768505917820514e-01 0.000000000000000e+00 7.434062706778425e-02 0.000000000000000e+00 5.853969425718844e-01 0.000000000000000e+00 0.000000000000000e+00 1.711899208652325e-01 1.053236901578848e-01 0.000000000000000e+00 0.000000000000000e+00 0.000000000000000e+00 0.000000000000000e+00 8.634482880804326e-01 6.168878626903445e-01 0.000000000000000e+00 
8.340345490136151e-01 0.000000000000000e+00 6.761253382889597e-01 0.000000000000000e+00 0.000000000000000e+00 5.714442226511298e-02 0.000000000000000e+00 0.000000000000000e+00 5.711066434371183e-01 0.000000000000000e+00 0.000000000000000e+00 0.000000000000000e+00 0.000000000000000e+00 0.000000000000000e+00 3.884355745225210e-01 0.000000000000000e+00 0.000000000000000e+00 0.000000000000000e+00 7.551727399398401e-01 0.000000000000000e+00 0.000000000000000e+00 0.000000000000000e+00 0.000000000000000e+00 0.000000000000000e+00 4.431069693267881e-01 
0.000000000000000e+00 0.000000000000000e+00 0.000000000000000e+00 1.953416956978632e-01 3.460562404665006e-01 0.000000000000000e+00 0.000000000000000e+00 5.507879986162933e-01 3.825273087162508e-02 2.284476217557660e-01 0.000000000000000e+00 6.584697427584182e-01 0.000000000000000e+00 0.000000000000000e+00 0.000000000000000e+00 0.000000000000000e+00 3.933874633131866e-01 0.000000000000000e+00 0.000000000000000e+00 0.000000000000000e+00 0.000000000000000e+00 4.156060451459042e-01 0.000000000000000e+00 0.000000000000000e+00 0.000000000000000e+00 
0.000000000000000e+00 5.196136322239400e-01 0.000000000000000e+00 0.000000000000000e+00 0.000000000000000e+00 1.228967175512706e+00 0.000000000000000e+00 0.000000000000000e+00 7.877253085601052e-01 0.000000000000000e+00 0.000000000000000e+00 3.555378559906623e-01 0.000000000000000e+00 0.000000000000000e+00 0.000000000000000e+00 0.000000000000000e+00 0.000000000000000e+00 5.515899960169239e-01 0.000000000000000e+00 0.000000000000000e+00 0.000000000000000e+00 0.000000000000000e+00 0.000000000000000e+00 0.000000000000000e+00 0.000000000000000e+00 
0.000000000000000e+00 0.000000000000000e+00 3.567226355284078e-01 0.000000000000000e+00 0.000000000000000e+00 4.906129968509104e-01 0.000000000000000e+00 0.000000000000000e+00 0.000000000000000e+00 0.000000000000000e+00 0.000000000000000e+00 6.947303481342406e-01 0.000000000000000e+00 6.731778900103153e-02 0.000000000000000e+00 0.000000000000000e+00 0.000000000000000e+00 1.485813022253354e+00 0.000000000000000e+00 0.000000000000000e+00 0.000000000000000e+00 0.000000000000000e+00 0.000000000000000e+00 0.000000000000000e+00 0.000000000000000e+00 
3.759101376409376e-01 0.000000000000000e+00 0.000000000000000e+00 0.000000000000000e+00 0.000000000000000e+00 4.089436161393427e-01 0.000000000000000e+00 0.000000000000000e+00 4.778847049598410e-01 0.000000000000000e+00 5.910430681792340e-01 0.000000000000000e+00 0.000000000000000e+00 0.000000000000000e+00 0.000000000000000e+00 0.000000000000000e+00 6.036952297402217e-01 0.000000000000000e+00 0.000000000000000e+00 0.000000000000000e+00 2.841479153618018e-01 0.000000000000000e+00 0.000000000000000e+00 1.687206986692515e-02 0.000000000000000e+00 
6.138468730047025e-02 2.365778661939597e-01 2.226392945913807e-01 0.000000000000000e+00 6.768435905693153e-01 0.000000000000000e+00 0.000000000000000e+00 0.000000000000000e+00 0.000000000000000e+00 0.000000000000000e+00 0.000000000000000e+00 4.828616233830346e-01 2.922031330294993e-01 0.000000000000000e+00 0.000000000000000e+00 0.000000000000000e+00 4.054387228982353e-01 0.000000000000000e+00 0.000000000000000e+00 0.000000000000000e+00 0.000000000000000e+00 0.000000000000000e+00 0.000000000000000e+00 0.000000000000000e+00 0.000000000000000e+00 
0.000000000000000e+00 0.000000000000000e+00 0.000000000000000e+00 0.000000000000000e+00 0.000000000000000e+00 4.869167285757530e-01 0.000000000000000e+00 0.000000000000000e+00 0.000000000000000e+00 0.000000000000000e+00 7.369598051462270e-01 5.727201879632920e-01 0.000000000000000e+00 2.383271696488230e-01 0.000000000000000e+00 1.633131056113044e-01 0.000000000000000e+00 3.765913193909134e-01 0.000000000000000e+00 0.000000000000000e+00 0.000000000000000e+00 1.176626185128437e-01 0.000000000000000e+00 5.270028284837779e-01 0.000000000000000e+00 
0.000000000000000e+00 5.498037517695787e-01 0.000000000000000e+00 3.732642662199712e-01 2.873025539949076e-01 3.356925354972281e-01 0.000000000000000e+00 0.000000000000000e+00 0.000000000000000e+00 6.565552419476652e-02 0.000000000000000e+00 0.000000000000000e+00 0.000000000000000e+00 0.000000000000000e+00 1.338486911545630e-01 0.000000000000000e+00 0.000000000000000e+00 0.000000000000000e+00 2.869696091925785e-01 0.000000000000000e+00 0.000000000000000e+00 0.000000000000000e+00 0.000000000000000e+00 3.698608152402141e-01 0.000000000000000e+00 
0.000000000000000e+00 4.404217373531875e-01 3.758831625047733e-01 0.000000000000000e+00 0.000000000000000e+00 0.000000000000000e+00 0.000000000000000e+00 0.000000000000000e+00 2.183808654844406e-01 0.000000000000000e+00 3.749030277731904e-01 0.000000000000000e+00 0.000000000000000e+00 1.836301120096096e-01 0.000000000000000e+00 0.000000000000000e+00 3.499015469243471e-01 0.000000000000000e+00 0.000000000000000e+00 0.000000000000000e+00 0.000000000000000e+00 0.000000000000000e+00 0.000000000000000e+00 0.000000000000000e+00 0.000000000000000e+00 
0.000000000000000e+00 0.000000000000000e+00 0.000000000000000e+00 5.368672960150184e-01 0.000000000000000e+00 0.000000000000000e+00 2.623578638296209e-01 0.000000000000000e+00 0.000000000000000e+00 6.535716306469596e-01 0.000000000000000e+00 0.000000000000000e+00 3.142795489499380e-01 0.000000000000000e+00 0.000000000000000e+00 0.000000000000000e+00 0.000000000000000e+00 0.000000000000000e+00 0.000000000000000e+00 6.334706947513027e-01 1.421667013485711e-01 2.371907383482633e-01 0.000000000000000e+00 0.000000000000000e+00 1.778580606984418e-01 
0.000000000000000e+00 6.193902682725410e-01 5.823227811958745e-01 0.000000000000000e+00 0.000000000000000e+00 0.000000000000000e+00 0.000000000000000e+00 0.000000000000000e+00 0.000000000000000e+00 0.000000000000000e+00 0.000000000000000e+00 0.000000000000000e+00 0.000000000000000e+00 0.000000000000000e+00 0.000000000000000e+00 0.000000000000000e+00 0.000000000000000e+00 0.000000000000000e+00 1.060358710871965e+00 0.000000000000000e+00 2.412100799706914e-01 0.000000000000000e+00 0.000000000000000e+00 0.000000000000000e+00 0.000000000000000e+00 
0.000000000000000e+00 0.000000000000000e+00 1.710071379443171e-01 0.000000000000000e+00 0.000000000000000e+00 4.932088019963897e-01 3.941556289525913e-01 4.044566973774913e-01 0.000000000000000e+00 0.000000000000000e+00 0.000000000000000e+00 0.000000000000000e+00 0.000000000000000e+00 0.000000000000000e+00 0.000000000000000e+00 2.966019496903729e-03 0.000000000000000e+00 3.121998160758572e-01 0.000000000000000e+00 0.000000000000000e+00 0.000000000000000e+00 1.126108979643483e+00 0.000000000000000e+00 0.000000000000000e+00 0.000000000000000e+00 
0.000000000000000e+00 6.198599767996102e-01 0.000000000000000e+00 0.000000000000000e+00 0.000000000000000e+00 0.000000000000000e+00 0.000000000000000e+00 0.000000000000000e+00 1.138425100880858e-01 0.000000000000000e+00 8.126053787043098e-01 0.000000000000000e+00 0.000000000000000e+00 0.000000000000000e+00 1.184438443202399e-01 0.000000000000000e+00 0.000000000000000e+00 0.000000000000000e+00 0.000000000000000e+00 0.000000000000000e+00 0.000000000000000e+00 0.000000000000000e+00 0.000000000000000e+00 0.000000000000000e+00 0.000000000000000e+00 
0.000000000000000e+00 0.000000000000000e+00 5.036910472823293e-01 3.970019276533381e-01 0.000000000000000e+00 0.000000000000000e+00 0.000000000000000e+00 3.717261523403845e-01 0.000000000000000e+00 0.000000000000000e+00 0.000000000000000e+00 0.000000000000000e+00 0.000000000000000e+00 0.000000000000000e+00 7.259084783730613e-01 0.000000000000000e+00 0.000000000000000e+00 0.000000000000000e+00 0.000000000000000e+00 0.000000000000000e+00 0.000000000000000e+00 0.000000000000000e+00 0.000000000000000e+00 0.000000000000000e+00 0.000000000000000e+00 
0.000000000000000e+00 5.398423030087927e-01 0.000000000000000e+00 0.000000000000000e+00 0.000000000000000e+00 0.000000000000000e+00 0.000000000000000e+00 0.000000000000000e+00 0.000000000000000e+00 0.000000000000000e+00 0.000000000000000e+00 0.000000000000000e+00 4.392890829229859e-01 0.000000000000000e+00 6.081588786833685e-01 0.000000000000000e+00 0.000000000000000e+00 0.000000000000000e+00 0.000000000000000e+00 0.000000000000000e+00 0.000000000000000e+00 0.000000000000000e+00 0.000000000000000e+00 0.000000000000000e+00 0.000000000000000e+00 
0.000000000000000e+00 5.438919535990811e-01 0.000000000000000e+00 0.000000000000000e+00 0.000000000000000e+00 0.000000000000000e+00 0.000000000000000e+00 0.000000000000000e+00 0.000000000000000e+00 0.000000000000000e+00 0.000000000000000e+00 0.000000000000000e+00 0.000000000000000e+00 0.000000000000000e+00 0.000000000000000e+00 0.000000000000000e+00 0.000000000000000e+00 0.000000000000000e+00 0.000000000000000e+00 4.850393869577796e-01 0.000000000000000e+00 0.000000000000000e+00 0.000000000000000e+00 0.000000000000000e+00 0.000000000000000e+00 