# # File created on Thu Mar 28 04:55:11 2024
# 
0 1 1 0 1 0 0 0 0 0 1 0 0 1 1 1 1 0 0 1 0 0 0 0 1
0 0 1 1 1 0 0 1 0 1 0 1 1 1 1 0 1 1 0 1 0 0 1 0 0
0 1 1 0 1 0 1 1 0 0 1 0 1 1 0 1 0 0 1 1 0 1 1 0 1
0 1 1 0 1 1 1 1 0 0 1 0 0 0 1 0 1 0 0 1 1 0 1 0 1
1 0 1 0 1 1 1 1 1 1 0 1 0 0 1 0 1 1 1 1 0 1 0 0 0
1 1 0 0 0 1 1 0 0 0 0 0 0 1 0 0 1 1 1 1 1 0 1 1 1
1 1 1 0 0 1 0 1 1 1 1 1 1 1 1 0 1 1 0 0 1 0 0 0 1
0 0 0 0 0 0 1 1 0 0 0 1 1 1 1 1 0 0 1 0 1 0 0 0 0
0 0 1 1 1 0 1 1 0 0 0 0 0 1 0 1 1 1 1 1 0 0 1 0 0
0 1 0 1 0 1 1 1 1 0 0 0 1 1 0 1 0 1 0 0 1 0 0 1 0
0 0 1 0 1 0 0 0 1 1 0 0 0 1 0 0 1 1 1 1 0 0 0 0 0
0 0 1 0 0 0 0 0 1 0 0 0 1 0 1 0 1 1 1 1 0 1 0 1 0
0 1 0 0 0 0 1 0 0 1 1 1 0 0 0 0 0 1 0 1 0 1 1 0 0
1 1 0 0 1 1 0 1 0 0 1 1 0 1 1 0 1 1 1 1 0 1 0 1 1
1 1 0 0 0 1 1 0 0 1 0 0 1 0 0 1 1 0 0 1 1 1 1 0 0
0 0 1 0 1 0 0 1 1 1 1 0 0 0 0 1 0 1 0 1 0 0 0 1 1
0 1 0 1 1 0 1 0 1 1 1 1 0 1 0 1 0 0 0 0 0 1 1 1 1
0 0 1 1 1 1 1 1 0 0 0 0 1 1 1 1 0 1 0 0 0 0 0 1 0
0 0 1 0 0 1 0 0 0 1 1 0 0 0 0 1 0 0 0 1 0 1 1 1 0
1 0 1 0 0 0 1 0 0 0 0 1 0 1 0 1 0 1 0 0 0 0 0 1 1
0 0 0 0 1 0 0 0 0 0 0 1 1 0 1 1 0 0 1 0 1 0 1 1 1
0 1 1 0 0 1 1 0 1 0 1 1 0 0 0 0 1 1 1 1 1 1 1 1 1
1 1 1 0 0 1 1 1 1 0 0 0 0 0 1 1 1 1 1 0 1 1 1 1 1
1 0 1 1 0 1 1 1 1 0 1 0 0 0 1 0 0 0 1 0 0 0 1 1 0
1 0 1 0 0 1 1 0 1 1 1 1 0 1 1 1 1 1 1 1 0 1 0 1 1
