# # File created on Tue Apr 30 13:15:18 2024
#  # The following metaparameters were used for this matrix optimization : gamma0 = 0.5; alpha0 = 0; sigma0 = 0.25; l0 = 1;p = 1; R0 = 1; S0 = 0.05; NR = 25; NS = 25; matrix path = matrices/Nr25_Nc25/consumption/RandTrix_Nr25_Nc25_Nest0.6_Conn0.3168.txt; convergence threshold = 1e-08
# 
2.938663137658802937e-01 1.842864309933245903e-01 1.064107534273194933e+00 0.000000000000000000e+00 5.581602519280338681e-01 8.780828544260793622e-01 4.347070980975006882e-01 6.884944055853892131e-01 0.000000000000000000e+00 0.000000000000000000e+00 3.033248450372099114e-01 2.540471063564580037e-02 8.977763611778342145e-01 0.000000000000000000e+00 1.123434240737078982e+00 0.000000000000000000e+00 0.000000000000000000e+00 0.000000000000000000e+00 0.000000000000000000e+00 9.242426479914363224e-02 0.000000000000000000e+00 6.404321328201502128e-01 0.000000000000000000e+00 0.000000000000000000e+00 0.000000000000000000e+00
4.434227120414485079e-01 5.881847838541830464e-01 0.000000000000000000e+00 2.026841102163828179e+00 0.000000000000000000e+00 0.000000000000000000e+00 0.000000000000000000e+00 4.320239238180436092e-01 0.000000000000000000e+00 0.000000000000000000e+00 8.334454520158289803e-01 1.969267165655819996e-01 0.000000000000000000e+00 2.849985519814661750e-01 0.000000000000000000e+00 0.000000000000000000e+00 0.000000000000000000e+00 0.000000000000000000e+00 0.000000000000000000e+00 0.000000000000000000e+00 3.921947042131628813e-01 9.225934059125686648e-01 0.000000000000000000e+00 0.000000000000000000e+00 0.000000000000000000e+00
4.365409469738338877e-01 3.258748925079458236e-01 8.962527380550794343e-01 3.691489049171918224e-01 4.933232884807784990e-01 4.663427677557042128e-01 4.040739185413242951e-01 0.000000000000000000e+00 1.318707155471177117e-01 5.753552279987854678e-01 0.000000000000000000e+00 0.000000000000000000e+00 9.380255414400187064e-01 0.000000000000000000e+00 0.000000000000000000e+00 0.000000000000000000e+00 0.000000000000000000e+00 0.000000000000000000e+00 2.875252728097849042e-01 0.000000000000000000e+00 6.480798018232163393e-01 0.000000000000000000e+00 0.000000000000000000e+00 0.000000000000000000e+00 7.174627982994944420e-01
6.460547793186194321e-02 1.186239983992664060e+00 0.000000000000000000e+00 3.290926844916409327e-02 2.033065051800539091e+00 6.311287173617526891e-01 0.000000000000000000e+00 0.000000000000000000e+00 0.000000000000000000e+00 0.000000000000000000e+00 0.000000000000000000e+00 2.233276000874152012e-01 0.000000000000000000e+00 1.027407583755378939e-01 0.000000000000000000e+00 1.356597560671833902e+00 0.000000000000000000e+00 0.000000000000000000e+00 0.000000000000000000e+00 0.000000000000000000e+00 0.000000000000000000e+00 8.894531648776741184e-01 0.000000000000000000e+00 0.000000000000000000e+00 0.000000000000000000e+00
1.092220634258683098e+00 7.426764578190230282e-01 2.871002755395807848e-01 0.000000000000000000e+00 1.921457706095693052e-01 9.929651270273502917e-01 0.000000000000000000e+00 0.000000000000000000e+00 0.000000000000000000e+00 5.466174399439226173e-02 0.000000000000000000e+00 0.000000000000000000e+00 0.000000000000000000e+00 0.000000000000000000e+00 0.000000000000000000e+00 0.000000000000000000e+00 0.000000000000000000e+00 1.471256063877405929e+00 0.000000000000000000e+00 1.236072230561340995e-01 0.000000000000000000e+00 4.796164800220014124e-01 0.000000000000000000e+00 1.785750366341525952e+00 0.000000000000000000e+00
4.293945340263478072e-01 4.405758262578508000e-01 6.452174645645359918e-01 0.000000000000000000e+00 6.663169284129547565e-01 1.286834231392973038e+00 0.000000000000000000e+00 0.000000000000000000e+00 5.737358853243093026e-01 0.000000000000000000e+00 0.000000000000000000e+00 0.000000000000000000e+00 0.000000000000000000e+00 0.000000000000000000e+00 0.000000000000000000e+00 0.000000000000000000e+00 0.000000000000000000e+00 2.107378309730313093e-01 4.128410571488833752e-02 0.000000000000000000e+00 1.134291113833032938e+00 8.557169067422780717e-01 0.000000000000000000e+00 0.000000000000000000e+00 0.000000000000000000e+00
1.849360991251356889e+00 5.937528630622109782e-01 0.000000000000000000e+00 0.000000000000000000e+00 0.000000000000000000e+00 0.000000000000000000e+00 0.000000000000000000e+00 0.000000000000000000e+00 5.357972547449304512e-01 0.000000000000000000e+00 0.000000000000000000e+00 9.647945886278562477e-02 1.081832334453765920e+00 0.000000000000000000e+00 0.000000000000000000e+00 0.000000000000000000e+00 0.000000000000000000e+00 0.000000000000000000e+00 0.000000000000000000e+00 0.000000000000000000e+00 3.612556408042982836e-01 0.000000000000000000e+00 0.000000000000000000e+00 0.000000000000000000e+00 3.136158542333172816e-01
7.340782202552078584e-01 0.000000000000000000e+00 4.470196534310609260e-01 6.070997400005840872e-01 3.339648046786112268e-01 0.000000000000000000e+00 0.000000000000000000e+00 0.000000000000000000e+00 8.931742561723656770e-01 0.000000000000000000e+00 1.577532076662676863e-01 0.000000000000000000e+00 0.000000000000000000e+00 3.222851277936817915e-01 2.419330615646115012e-01 9.458146555689892487e-01 0.000000000000000000e+00 0.000000000000000000e+00 0.000000000000000000e+00 0.000000000000000000e+00 0.000000000000000000e+00 0.000000000000000000e+00 2.550676243446391989e-01 1.533109185967108934e-01 0.000000000000000000e+00
9.079973518269597310e-01 2.143477359732081158e-02 0.000000000000000000e+00 0.000000000000000000e+00 2.314465125575894955e-01 1.288538025887258964e+00 8.281656921472245469e-02 1.006916275372927938e+00 0.000000000000000000e+00 0.000000000000000000e+00 4.171479482493968272e-01 0.000000000000000000e+00 2.920485453009445953e-01 0.000000000000000000e+00 0.000000000000000000e+00 0.000000000000000000e+00 0.000000000000000000e+00 0.000000000000000000e+00 0.000000000000000000e+00 0.000000000000000000e+00 7.385631846016356139e-01 0.000000000000000000e+00 0.000000000000000000e+00 0.000000000000000000e+00 0.000000000000000000e+00
1.598934186212050967e-01 8.485860064246826262e-01 0.000000000000000000e+00 0.000000000000000000e+00 3.192032131168294762e-01 1.097827341428845083e+00 0.000000000000000000e+00 0.000000000000000000e+00 3.515610290406557814e-01 4.473768601927501920e-01 0.000000000000000000e+00 0.000000000000000000e+00 0.000000000000000000e+00 0.000000000000000000e+00 0.000000000000000000e+00 0.000000000000000000e+00 0.000000000000000000e+00 0.000000000000000000e+00 0.000000000000000000e+00 0.000000000000000000e+00 0.000000000000000000e+00 4.669593665687002959e-01 0.000000000000000000e+00 0.000000000000000000e+00 1.201073990804933933e+00
0.000000000000000000e+00 6.089391571612629006e-01 0.000000000000000000e+00 3.842319479462402154e-01 4.682074196836457092e-01 0.000000000000000000e+00 3.145044221085008807e-01 8.932914820105227749e-01 1.199638261018435015e-01 0.000000000000000000e+00 0.000000000000000000e+00 0.000000000000000000e+00 0.000000000000000000e+00 0.000000000000000000e+00 0.000000000000000000e+00 0.000000000000000000e+00 0.000000000000000000e+00 0.000000000000000000e+00 0.000000000000000000e+00 0.000000000000000000e+00 3.606797628978883896e-01 0.000000000000000000e+00 0.000000000000000000e+00 0.000000000000000000e+00 1.193255935711382998e+00
0.000000000000000000e+00 5.480773956822372339e-01 3.731729079041906094e-01 0.000000000000000000e+00 4.197308560946421130e-01 1.321415205502425971e+00 0.000000000000000000e+00 0.000000000000000000e+00 0.000000000000000000e+00 0.000000000000000000e+00 0.000000000000000000e+00 0.000000000000000000e+00 0.000000000000000000e+00 0.000000000000000000e+00 0.000000000000000000e+00 0.000000000000000000e+00 0.000000000000000000e+00 7.959168324982751619e-01 0.000000000000000000e+00 0.000000000000000000e+00 1.159894256838279042e-01 0.000000000000000000e+00 4.036687806148983038e-01 0.000000000000000000e+00 0.000000000000000000e+00
0.000000000000000000e+00 0.000000000000000000e+00 3.315816702830967078e-01 0.000000000000000000e+00 1.266580176561183935e-01 0.000000000000000000e+00 6.701892888110293489e-01 8.775614001566774958e-01 0.000000000000000000e+00 7.169994975000333337e-01 0.000000000000000000e+00 0.000000000000000000e+00 0.000000000000000000e+00 0.000000000000000000e+00 0.000000000000000000e+00 3.796656198168913976e-01 0.000000000000000000e+00 0.000000000000000000e+00 3.223883685426413848e-02 0.000000000000000000e+00 0.000000000000000000e+00 0.000000000000000000e+00 5.194824647329822076e-01 0.000000000000000000e+00 3.853890286709840129e-01
4.922536244230060754e-01 0.000000000000000000e+00 6.231585408824196204e-01 0.000000000000000000e+00 0.000000000000000000e+00 0.000000000000000000e+00 0.000000000000000000e+00 5.040359831935502521e-01 9.908908763050887636e-01 0.000000000000000000e+00 0.000000000000000000e+00 0.000000000000000000e+00 6.232883943821719841e-01 0.000000000000000000e+00 0.000000000000000000e+00 4.138048674678059258e-01 0.000000000000000000e+00 0.000000000000000000e+00 0.000000000000000000e+00 0.000000000000000000e+00 7.116030964776811629e-01 1.188132802402657034e-01 3.865120728539732098e-01 0.000000000000000000e+00 0.000000000000000000e+00
4.093234697109826015e-01 0.000000000000000000e+00 0.000000000000000000e+00 0.000000000000000000e+00 0.000000000000000000e+00 5.411303793997647160e-01 0.000000000000000000e+00 5.650416209950750446e-01 2.513574615224866138e-01 0.000000000000000000e+00 0.000000000000000000e+00 0.000000000000000000e+00 0.000000000000000000e+00 0.000000000000000000e+00 0.000000000000000000e+00 0.000000000000000000e+00 0.000000000000000000e+00 0.000000000000000000e+00 3.097017824166750088e-01 0.000000000000000000e+00 1.441106534262909911e+00 0.000000000000000000e+00 0.000000000000000000e+00 1.142399797529614069e+00 0.000000000000000000e+00
0.000000000000000000e+00 8.465965332585680958e-01 7.562262174203974174e-01 0.000000000000000000e+00 0.000000000000000000e+00 7.839749534993917246e-03 2.761488309958031739e-01 0.000000000000000000e+00 0.000000000000000000e+00 0.000000000000000000e+00 0.000000000000000000e+00 0.000000000000000000e+00 0.000000000000000000e+00 0.000000000000000000e+00 2.397374135854798138e-01 1.957486978607874961e-01 0.000000000000000000e+00 0.000000000000000000e+00 0.000000000000000000e+00 3.731250978905725213e-01 0.000000000000000000e+00 0.000000000000000000e+00 8.852190984573420351e-01 0.000000000000000000e+00 6.511234734544462111e-01
2.185204204426091090e-01 0.000000000000000000e+00 0.000000000000000000e+00 8.033728618605711080e-01 0.000000000000000000e+00 1.956462135929389057e-01 3.152663567703777869e-01 0.000000000000000000e+00 4.483010869440864909e-01 4.514976431505401955e-01 0.000000000000000000e+00 0.000000000000000000e+00 0.000000000000000000e+00 0.000000000000000000e+00 0.000000000000000000e+00 0.000000000000000000e+00 0.000000000000000000e+00 0.000000000000000000e+00 0.000000000000000000e+00 0.000000000000000000e+00 0.000000000000000000e+00 0.000000000000000000e+00 0.000000000000000000e+00 0.000000000000000000e+00 0.000000000000000000e+00
0.000000000000000000e+00 4.924300579951180201e-01 0.000000000000000000e+00 7.056619465697879789e-01 0.000000000000000000e+00 3.892139048330767181e-01 0.000000000000000000e+00 0.000000000000000000e+00 0.000000000000000000e+00 0.000000000000000000e+00 6.148271408732954024e-02 0.000000000000000000e+00 2.916686755681693888e-01 2.582039211918498930e-02 0.000000000000000000e+00 4.754879121262634012e-01 0.000000000000000000e+00 0.000000000000000000e+00 0.000000000000000000e+00 0.000000000000000000e+00 0.000000000000000000e+00 0.000000000000000000e+00 0.000000000000000000e+00 0.000000000000000000e+00 0.000000000000000000e+00
4.910056309469020275e-01 2.426883855445478022e-01 0.000000000000000000e+00 0.000000000000000000e+00 0.000000000000000000e+00 6.651638008816768144e-01 0.000000000000000000e+00 0.000000000000000000e+00 3.248149265032215238e-01 2.088523492334928011e-01 0.000000000000000000e+00 4.538882663584410948e-01 0.000000000000000000e+00 0.000000000000000000e+00 0.000000000000000000e+00 0.000000000000000000e+00 0.000000000000000000e+00 8.779804782462731216e-01 0.000000000000000000e+00 0.000000000000000000e+00 6.202142547558862073e-01 0.000000000000000000e+00 0.000000000000000000e+00 0.000000000000000000e+00 0.000000000000000000e+00
6.489239463883411663e-01 0.000000000000000000e+00 0.000000000000000000e+00 0.000000000000000000e+00 7.615708370330404042e-01 0.000000000000000000e+00 0.000000000000000000e+00 0.000000000000000000e+00 0.000000000000000000e+00 0.000000000000000000e+00 0.000000000000000000e+00 0.000000000000000000e+00 0.000000000000000000e+00 0.000000000000000000e+00 0.000000000000000000e+00 0.000000000000000000e+00 0.000000000000000000e+00 0.000000000000000000e+00 0.000000000000000000e+00 6.340277891236084651e-02 1.038093634079055999e-01 0.000000000000000000e+00 0.000000000000000000e+00 4.518835764919216236e-01 0.000000000000000000e+00
0.000000000000000000e+00 6.622548449021421479e-01 4.520059802907734903e-01 0.000000000000000000e+00 0.000000000000000000e+00 0.000000000000000000e+00 0.000000000000000000e+00 2.914443009952022989e-01 0.000000000000000000e+00 0.000000000000000000e+00 0.000000000000000000e+00 5.918283393707841622e-01 0.000000000000000000e+00 0.000000000000000000e+00 0.000000000000000000e+00 0.000000000000000000e+00 0.000000000000000000e+00 0.000000000000000000e+00 0.000000000000000000e+00 0.000000000000000000e+00 0.000000000000000000e+00 0.000000000000000000e+00 0.000000000000000000e+00 0.000000000000000000e+00 0.000000000000000000e+00
4.836268178633574832e-01 0.000000000000000000e+00 4.612522623900249807e-01 0.000000000000000000e+00 7.773809502446361597e-01 0.000000000000000000e+00 0.000000000000000000e+00 0.000000000000000000e+00 0.000000000000000000e+00 3.040580377201195783e-01 0.000000000000000000e+00 0.000000000000000000e+00 0.000000000000000000e+00 0.000000000000000000e+00 0.000000000000000000e+00 0.000000000000000000e+00 0.000000000000000000e+00 0.000000000000000000e+00 0.000000000000000000e+00 6.644945872192828396e-02 0.000000000000000000e+00 0.000000000000000000e+00 0.000000000000000000e+00 0.000000000000000000e+00 2.753407956299359083e-01
4.099484056424473888e-01 3.697326553697817819e-01 0.000000000000000000e+00 0.000000000000000000e+00 0.000000000000000000e+00 0.000000000000000000e+00 0.000000000000000000e+00 6.723865629684278034e-02 5.578597147212958074e-01 0.000000000000000000e+00 0.000000000000000000e+00 0.000000000000000000e+00 1.497823978604088946e-01 0.000000000000000000e+00 0.000000000000000000e+00 0.000000000000000000e+00 0.000000000000000000e+00 0.000000000000000000e+00 0.000000000000000000e+00 0.000000000000000000e+00 0.000000000000000000e+00 1.979820940579286870e-01 0.000000000000000000e+00 0.000000000000000000e+00 0.000000000000000000e+00
1.743032527277026955e-01 3.935923562227168770e-01 0.000000000000000000e+00 0.000000000000000000e+00 0.000000000000000000e+00 0.000000000000000000e+00 0.000000000000000000e+00 0.000000000000000000e+00 0.000000000000000000e+00 0.000000000000000000e+00 5.775958711872429818e-01 0.000000000000000000e+00 0.000000000000000000e+00 0.000000000000000000e+00 0.000000000000000000e+00 0.000000000000000000e+00 0.000000000000000000e+00 0.000000000000000000e+00 0.000000000000000000e+00 0.000000000000000000e+00 0.000000000000000000e+00 0.000000000000000000e+00 0.000000000000000000e+00 0.000000000000000000e+00 0.000000000000000000e+00
0.000000000000000000e+00 0.000000000000000000e+00 3.439623813923273210e-01 0.000000000000000000e+00 0.000000000000000000e+00 0.000000000000000000e+00 0.000000000000000000e+00 0.000000000000000000e+00 0.000000000000000000e+00 1.743665853884177885e-01 0.000000000000000000e+00 0.000000000000000000e+00 0.000000000000000000e+00 0.000000000000000000e+00 0.000000000000000000e+00 0.000000000000000000e+00 0.000000000000000000e+00 0.000000000000000000e+00 0.000000000000000000e+00 0.000000000000000000e+00 6.993129944340868709e-02 0.000000000000000000e+00 0.000000000000000000e+00 0.000000000000000000e+00 0.000000000000000000e+00
