# File created on Fri May 17 15:41:49 2024
# The following metaparameters were used for this matrix optimization : gamma0 = 0.5; alpha0 = 0; sigma0 = 0.25; l0 = 1;p = 1; R0 = 1; S0 = 0.05; NR = 25; NS = 25; matrix path = matrices/Nr25_Nc25/consumption/RandTrix_Nr25_Nc25_Nest0.45_Conn0.1232.txt; convergence threshold = 1e-08
2.873315714092674e-03 0.000000000000000e+00 0.000000000000000e+00 1.820536489212696e-03 0.000000000000000e+00 1.597043224161268e-03 5.243701833278172e-04 8.324158636148213e-04 3.294163082109356e-03 2.447322162186697e-03 0.000000000000000e+00 2.471579004234476e-03 2.479403128537564e-04 3.345724566916287e-03 4.091063155158820e-03 0.000000000000000e+00 0.000000000000000e+00 0.000000000000000e+00 0.000000000000000e+00 0.000000000000000e+00 0.000000000000000e+00 1.392414128692558e-03 4.162277800870269e-03 1.683390947874367e-03 0.000000000000000e+00 
3.475446045693179e-03 4.883631862675303e-03 0.000000000000000e+00 0.000000000000000e+00 2.860732988222158e-03 8.908428486867838e-04 0.000000000000000e+00 1.411768773324567e-03 0.000000000000000e+00 2.718957043299829e-03 0.000000000000000e+00 0.000000000000000e+00 1.056987311479591e-03 0.000000000000000e+00 0.000000000000000e+00 0.000000000000000e+00 2.672926385148175e-03 4.215912910072729e-03 0.000000000000000e+00 0.000000000000000e+00 0.000000000000000e+00 0.000000000000000e+00 4.607657259659708e-04 0.000000000000000e+00 0.000000000000000e+00 
0.000000000000000e+00 0.000000000000000e+00 0.000000000000000e+00 0.000000000000000e+00 0.000000000000000e+00 1.800534698706951e-03 0.000000000000000e+00 1.708287487666049e-03 0.000000000000000e+00 0.000000000000000e+00 0.000000000000000e+00 0.000000000000000e+00 2.203578541397603e-03 3.719506669337562e-03 1.167896917155513e-03 0.000000000000000e+00 4.796854212308689e-03 0.000000000000000e+00 0.000000000000000e+00 3.018137705316606e-03 2.321346958561814e-03 0.000000000000000e+00 4.866178391896718e-04 0.000000000000000e+00 5.293699993646390e-04 
0.000000000000000e+00 1.963474231438377e-03 0.000000000000000e+00 0.000000000000000e+00 1.504368329234550e-04 2.036696279804303e-03 7.832112343894868e-04 0.000000000000000e+00 9.371611039444910e-04 0.000000000000000e+00 2.578285576304299e-03 3.822086910905791e-03 0.000000000000000e+00 4.429449111751580e-03 0.000000000000000e+00 4.925393903098388e-03 0.000000000000000e+00 3.914602131514407e-03 0.000000000000000e+00 0.000000000000000e+00 2.486518878067912e-03 0.000000000000000e+00 0.000000000000000e+00 3.307910344011353e-03 2.058491423493810e-03 
0.000000000000000e+00 4.765806740608644e-03 0.000000000000000e+00 3.980670777065926e-03 0.000000000000000e+00 3.614534778365308e-03 8.477788101672837e-04 0.000000000000000e+00 0.000000000000000e+00 1.940981972966486e-03 0.000000000000000e+00 0.000000000000000e+00 0.000000000000000e+00 3.655060567617006e-03 0.000000000000000e+00 0.000000000000000e+00 2.647620346492482e-03 1.205566251821314e-03 0.000000000000000e+00 1.837727476379027e-03 3.856491113071661e-03 0.000000000000000e+00 1.573344213100881e-03 0.000000000000000e+00 0.000000000000000e+00 
1.970409656449079e-04 0.000000000000000e+00 4.423272566767823e-03 0.000000000000000e+00 0.000000000000000e+00 2.375050409895613e-04 2.111495484555832e-03 0.000000000000000e+00 0.000000000000000e+00 4.456896149552864e-03 0.000000000000000e+00 0.000000000000000e+00 0.000000000000000e+00 0.000000000000000e+00 7.111527901595672e-04 0.000000000000000e+00 2.509488193367387e-04 0.000000000000000e+00 0.000000000000000e+00 2.392987586866469e-04 0.000000000000000e+00 0.000000000000000e+00 0.000000000000000e+00 3.868597307515741e-03 4.912097392259797e-04 
0.000000000000000e+00 2.879790070012453e-03 3.465291994083058e-03 0.000000000000000e+00 0.000000000000000e+00 0.000000000000000e+00 0.000000000000000e+00 4.847646659965863e-03 0.000000000000000e+00 0.000000000000000e+00 0.000000000000000e+00 3.449679902380818e-03 1.799627304433189e-03 1.979256265670224e-03 0.000000000000000e+00 1.425992716173278e-03 0.000000000000000e+00 0.000000000000000e+00 2.987284539640580e-03 0.000000000000000e+00 1.894000723885978e-04 1.375576982055791e-03 0.000000000000000e+00 3.218770710306868e-03 0.000000000000000e+00 
0.000000000000000e+00 4.537276963214613e-03 0.000000000000000e+00 4.701370328385533e-03 0.000000000000000e+00 1.459043718617642e-03 2.252624614653418e-03 2.502064921566676e-03 0.000000000000000e+00 0.000000000000000e+00 3.966150888749486e-03 0.000000000000000e+00 2.993469645108546e-03 0.000000000000000e+00 0.000000000000000e+00 0.000000000000000e+00 1.788949326244995e-03 3.063328826489758e-03 0.000000000000000e+00 0.000000000000000e+00 4.387207854127591e-03 0.000000000000000e+00 0.000000000000000e+00 3.938394507542985e-03 0.000000000000000e+00 
3.376696655315900e-03 0.000000000000000e+00 3.223871923961529e-03 0.000000000000000e+00 0.000000000000000e+00 3.030259598300415e-03 1.221873363593589e-03 1.285503271207226e-03 0.000000000000000e+00 0.000000000000000e+00 0.000000000000000e+00 5.351787589941785e-05 2.327085415417801e-03 0.000000000000000e+00 0.000000000000000e+00 0.000000000000000e+00 4.867849632387743e-03 2.211527765768767e-03 4.684359380507225e-03 4.846860109800029e-03 0.000000000000000e+00 0.000000000000000e+00 0.000000000000000e+00 2.258124719617551e-03 4.090330915168428e-03 
0.000000000000000e+00 0.000000000000000e+00 0.000000000000000e+00 1.092226702102643e-03 4.319650067585587e-04 3.603003153400363e-03 1.894468104395154e-03 2.164705502863838e-03 0.000000000000000e+00 2.074635621164362e-03 0.000000000000000e+00 0.000000000000000e+00 4.020613902939238e-03 4.117377976493166e-03 3.280994934890861e-03 0.000000000000000e+00 4.177958352461390e-03 0.000000000000000e+00 4.331155416710331e-03 0.000000000000000e+00 4.075341673909771e-03 0.000000000000000e+00 2.861820795720318e-03 0.000000000000000e+00 0.000000000000000e+00 
0.000000000000000e+00 0.000000000000000e+00 4.528569401217814e-03 0.000000000000000e+00 2.436459100254244e-03 0.000000000000000e+00 0.000000000000000e+00 0.000000000000000e+00 3.039037864183159e-05 2.751728973722846e-03 1.627465632978417e-03 0.000000000000000e+00 0.000000000000000e+00 6.304930956557811e-05 0.000000000000000e+00 4.657582243691315e-03 0.000000000000000e+00 0.000000000000000e+00 2.177000572450165e-03 9.900988934383362e-04 0.000000000000000e+00 0.000000000000000e+00 0.000000000000000e+00 0.000000000000000e+00 0.000000000000000e+00 
0.000000000000000e+00 3.283345100030707e-03 0.000000000000000e+00 0.000000000000000e+00 2.516871816318895e-03 1.101861148191007e-03 0.000000000000000e+00 3.602964132214788e-03 2.193029032092360e-03 0.000000000000000e+00 0.000000000000000e+00 0.000000000000000e+00 0.000000000000000e+00 0.000000000000000e+00 3.804014823023821e-04 0.000000000000000e+00 0.000000000000000e+00 0.000000000000000e+00 4.007090714963486e-03 1.329045799233388e-03 0.000000000000000e+00 3.942984914354303e-03 3.525907173495661e-03 4.199850311952856e-03 0.000000000000000e+00 
4.412462795298692e-04 3.142286928484608e-03 0.000000000000000e+00 4.168771811722467e-03 0.000000000000000e+00 0.000000000000000e+00 0.000000000000000e+00 1.204004937483287e-04 0.000000000000000e+00 2.006014430417290e-03 0.000000000000000e+00 0.000000000000000e+00 0.000000000000000e+00 0.000000000000000e+00 1.491836082558758e-03 1.664419976796131e-03 9.783859740801938e-04 3.540488241390668e-03 0.000000000000000e+00 0.000000000000000e+00 0.000000000000000e+00 0.000000000000000e+00 1.712410046858309e-03 1.873917456523841e-03 5.076520619970931e-05 
2.340167814982423e-03 4.543543007661491e-03 0.000000000000000e+00 3.994362887007017e-03 0.000000000000000e+00 8.803491517455481e-04 6.831401212098116e-04 3.748490844246470e-03 2.664318593076462e-03 0.000000000000000e+00 9.741284420610849e-04 1.987399230049320e-03 0.000000000000000e+00 3.842562653789882e-03 4.082361361209035e-03 0.000000000000000e+00 0.000000000000000e+00 3.720499063200644e-03 3.343362950710988e-03 0.000000000000000e+00 0.000000000000000e+00 0.000000000000000e+00 5.652133675629500e-04 1.013875242103954e-03 0.000000000000000e+00 
0.000000000000000e+00 0.000000000000000e+00 0.000000000000000e+00 3.628059323613172e-03 6.643720351629063e-05 4.616081823282649e-03 0.000000000000000e+00 0.000000000000000e+00 0.000000000000000e+00 4.989396628717541e-03 0.000000000000000e+00 0.000000000000000e+00 0.000000000000000e+00 2.619849410399422e-03 0.000000000000000e+00 1.199475008165165e-03 0.000000000000000e+00 0.000000000000000e+00 0.000000000000000e+00 1.829944294407194e-03 0.000000000000000e+00 2.588662949088481e-03 0.000000000000000e+00 0.000000000000000e+00 2.496569002829008e-03 
3.042027375859784e-03 3.961687103683690e-03 3.523023463464269e-04 4.478239457582800e-04 0.000000000000000e+00 0.000000000000000e+00 0.000000000000000e+00 3.559772764690956e-03 0.000000000000000e+00 0.000000000000000e+00 3.829272806081746e-03 0.000000000000000e+00 0.000000000000000e+00 0.000000000000000e+00 1.115827557851465e-03 3.722243017063802e-03 1.484085709190028e-04 4.348833262526156e-04 1.488600428149490e-03 2.898288023892616e-03 0.000000000000000e+00 1.407103506888843e-03 0.000000000000000e+00 0.000000000000000e+00 0.000000000000000e+00 
1.838297924929275e-03 0.000000000000000e+00 5.774898027591552e-04 3.247924030778964e-03 0.000000000000000e+00 0.000000000000000e+00 2.736551504595978e-03 0.000000000000000e+00 2.004559199571973e-03 1.879869418399271e-03 0.000000000000000e+00 0.000000000000000e+00 0.000000000000000e+00 5.990401883051361e-04 0.000000000000000e+00 4.457163589803018e-03 0.000000000000000e+00 0.000000000000000e+00 0.000000000000000e+00 2.372006138335690e-03 2.273810817018828e-03 4.935509076594633e-03 3.371146515130091e-03 0.000000000000000e+00 0.000000000000000e+00 
3.063723029481433e-03 0.000000000000000e+00 2.133699541489353e-03 5.428002872546030e-04 0.000000000000000e+00 8.505372602130957e-04 0.000000000000000e+00 0.000000000000000e+00 1.161098621743216e-03 3.479933989447156e-03 0.000000000000000e+00 2.506609532463399e-03 3.515508839330959e-03 4.641659195497317e-03 0.000000000000000e+00 0.000000000000000e+00 0.000000000000000e+00 0.000000000000000e+00 2.580369742174932e-03 0.000000000000000e+00 0.000000000000000e+00 8.244229068905731e-04 0.000000000000000e+00 3.434172808379958e-03 0.000000000000000e+00 
1.714545206511072e-03 1.726061452037378e-03 0.000000000000000e+00 0.000000000000000e+00 0.000000000000000e+00 2.973240491234986e-04 0.000000000000000e+00 0.000000000000000e+00 1.088038323152895e-03 4.378920702840977e-03 4.895054372046043e-03 0.000000000000000e+00 0.000000000000000e+00 0.000000000000000e+00 0.000000000000000e+00 0.000000000000000e+00 0.000000000000000e+00 0.000000000000000e+00 4.910254302883821e-03 0.000000000000000e+00 0.000000000000000e+00 1.320380871787730e-04 0.000000000000000e+00 1.389778780886208e-04 0.000000000000000e+00 
4.159683567181088e-03 1.143696379342554e-03 0.000000000000000e+00 4.885647709124881e-03 0.000000000000000e+00 0.000000000000000e+00 0.000000000000000e+00 1.652680939107553e-03 0.000000000000000e+00 9.626303382728794e-04 0.000000000000000e+00 0.000000000000000e+00 0.000000000000000e+00 4.053996263349401e-03 2.437602828325159e-03 0.000000000000000e+00 0.000000000000000e+00 2.189810411907646e-03 3.922293417491099e-03 0.000000000000000e+00 4.180195366822802e-03 3.188115872186825e-03 0.000000000000000e+00 0.000000000000000e+00 0.000000000000000e+00 
7.807990754621825e-04 0.000000000000000e+00 3.358598081498609e-03 4.580256942684629e-03 0.000000000000000e+00 0.000000000000000e+00 0.000000000000000e+00 0.000000000000000e+00 0.000000000000000e+00 1.638028100894236e-03 7.884055889590129e-04 0.000000000000000e+00 0.000000000000000e+00 0.000000000000000e+00 0.000000000000000e+00 5.501279748539126e-04 1.494141695398919e-03 0.000000000000000e+00 0.000000000000000e+00 3.084998566371149e-03 0.000000000000000e+00 3.442082928989537e-03 4.660489982597740e-03 0.000000000000000e+00 4.581953747788324e-03 
3.818289690341605e-03 3.904895447308853e-03 4.352338893606922e-03 0.000000000000000e+00 1.359813261317162e-03 1.981851616648212e-03 1.002925450855071e-03 0.000000000000000e+00 0.000000000000000e+00 0.000000000000000e+00 3.675497937587240e-03 0.000000000000000e+00 1.532981095786940e-03 8.157091510442571e-04 3.281877707620316e-03 0.000000000000000e+00 1.674551487409194e-03 0.000000000000000e+00 0.000000000000000e+00 0.000000000000000e+00 1.809622003552763e-03 2.412670208083794e-03 0.000000000000000e+00 1.477505029244520e-03 3.437190846792437e-03 
0.000000000000000e+00 3.418096107944930e-04 0.000000000000000e+00 0.000000000000000e+00 3.532357721360852e-03 0.000000000000000e+00 0.000000000000000e+00 3.218680524756671e-03 0.000000000000000e+00 2.201003327971389e-03 0.000000000000000e+00 0.000000000000000e+00 1.526167695431082e-03 0.000000000000000e+00 0.000000000000000e+00 0.000000000000000e+00 4.466413260909422e-03 0.000000000000000e+00 0.000000000000000e+00 0.000000000000000e+00 0.000000000000000e+00 0.000000000000000e+00 0.000000000000000e+00 4.551712431192615e-03 2.119095669970729e-03 
0.000000000000000e+00 0.000000000000000e+00 0.000000000000000e+00 0.000000000000000e+00 1.998953187132146e-03 3.623575383079491e-03 6.584487691861661e-04 0.000000000000000e+00 0.000000000000000e+00 2.343305116273923e-03 0.000000000000000e+00 0.000000000000000e+00 7.607246968732516e-04 0.000000000000000e+00 0.000000000000000e+00 0.000000000000000e+00 0.000000000000000e+00 0.000000000000000e+00 0.000000000000000e+00 0.000000000000000e+00 4.244628582555189e-03 0.000000000000000e+00 0.000000000000000e+00 0.000000000000000e+00 0.000000000000000e+00 
2.473304133916978e-03 3.514610252537024e-03 1.646551405945934e-03 1.945881511996434e-04 0.000000000000000e+00 1.515793523989653e-03 3.730472034082843e-03 4.373273720189181e-03 3.526580584384972e-03 7.948971055574308e-04 0.000000000000000e+00 4.896071885424999e-03 3.361487767220010e-03 0.000000000000000e+00 3.568918642490655e-03 1.111260503300623e-03 0.000000000000000e+00 2.128227924722547e-03 1.789335154452275e-03 0.000000000000000e+00 0.000000000000000e+00 3.876690572802001e-03 0.000000000000000e+00 0.000000000000000e+00 0.000000000000000e+00 