# # File created on Fri May 17 15:41:49 2024
#  # The following metaparameters were used for this matrix optimization : gamma0 = 0.5; alpha0 = 0; sigma0 = 0.25; l0 = 1;p = 1; R0 = 1; S0 = 0.05; NR = 25; NS = 25; matrix path = matrices/Nr25_Nc25/consumption/RandTrix_Nr25_Nc25_Nest0.3_Conn0.2816.txt; convergence threshold = 1e-08
# 
4.080739926567359191e-03 3.630816281853238917e-03 4.120908202115107152e-03 0.000000000000000000e+00 0.000000000000000000e+00 0.000000000000000000e+00 1.738310106157199965e-04 1.711128378772873112e-04 0.000000000000000000e+00 3.468122725854009842e-03 1.272104363575716005e-03 0.000000000000000000e+00 0.000000000000000000e+00 1.371511637036493118e-04 0.000000000000000000e+00 2.112609459578335992e-03 4.583393463110583578e-03 0.000000000000000000e+00 2.009206555418452909e-03 3.470683059169746808e-03 0.000000000000000000e+00 0.000000000000000000e+00 0.000000000000000000e+00 4.136779809835475739e-03 3.855837414692237126e-03
0.000000000000000000e+00 3.537144262111943140e-03 0.000000000000000000e+00 3.679091771075156201e-03 4.438618359248753219e-03 0.000000000000000000e+00 3.286736598230064182e-03 0.000000000000000000e+00 0.000000000000000000e+00 0.000000000000000000e+00 7.375231572738673433e-04 4.992916589655868424e-03 1.310466887816761012e-03 2.698075447727477788e-03 4.719151710768211203e-03 0.000000000000000000e+00 0.000000000000000000e+00 0.000000000000000000e+00 2.015568392215767810e-03 0.000000000000000000e+00 0.000000000000000000e+00 0.000000000000000000e+00 2.308092448336726012e-04 4.616797820208864110e-03 2.081146094236922817e-03
0.000000000000000000e+00 0.000000000000000000e+00 8.045354395302895456e-04 4.670715175027053377e-03 6.713779273067863908e-04 0.000000000000000000e+00 0.000000000000000000e+00 0.000000000000000000e+00 2.390924425859196865e-03 0.000000000000000000e+00 2.424641253100408202e-03 0.000000000000000000e+00 2.987330299426159061e-03 3.658085891258577946e-03 0.000000000000000000e+00 0.000000000000000000e+00 0.000000000000000000e+00 4.660139058130919124e-03 2.042192389341460947e-03 0.000000000000000000e+00 0.000000000000000000e+00 0.000000000000000000e+00 4.283973964815835679e-03 0.000000000000000000e+00 2.485655449783857971e-03
2.034929805095508047e-03 3.924611149813590077e-03 2.909681087914207931e-03 2.202627896462580896e-04 1.387458740668371954e-03 4.948183121084842769e-03 4.967628596624944735e-03 3.032989397480418195e-03 0.000000000000000000e+00 0.000000000000000000e+00 0.000000000000000000e+00 4.330468157815259636e-03 2.824780420550442820e-03 2.843126686136926862e-03 6.392442183599881525e-04 4.555132023466847103e-04 0.000000000000000000e+00 3.638515383582733003e-03 0.000000000000000000e+00 0.000000000000000000e+00 0.000000000000000000e+00 3.161762275927449111e-03 0.000000000000000000e+00 0.000000000000000000e+00 0.000000000000000000e+00
3.166338739863066090e-03 2.494255203292977847e-03 0.000000000000000000e+00 2.083709837085283897e-03 3.103821556069031196e-03 0.000000000000000000e+00 1.701860859473142097e-03 0.000000000000000000e+00 0.000000000000000000e+00 2.506341030966142015e-03 0.000000000000000000e+00 0.000000000000000000e+00 9.602750607525903674e-04 0.000000000000000000e+00 0.000000000000000000e+00 1.680594915545308935e-03 0.000000000000000000e+00 0.000000000000000000e+00 3.523926457542282849e-04 4.852799921380140241e-03 4.544401634051602017e-03 0.000000000000000000e+00 2.696139273344569810e-03 8.664046275530155015e-05 1.759591213255428960e-03
0.000000000000000000e+00 4.861506623772988804e-03 0.000000000000000000e+00 4.761275626643303796e-03 3.924245853588760255e-03 5.715096048423859128e-04 1.298529649130773962e-03 3.349471982826677813e-03 3.292438208536331177e-04 0.000000000000000000e+00 0.000000000000000000e+00 0.000000000000000000e+00 0.000000000000000000e+00 4.696648217650640882e-03 0.000000000000000000e+00 0.000000000000000000e+00 0.000000000000000000e+00 0.000000000000000000e+00 0.000000000000000000e+00 2.224382255895086813e-03 2.661691809078352809e-03 0.000000000000000000e+00 0.000000000000000000e+00 0.000000000000000000e+00 3.242083739749592949e-03
4.197404494708369821e-03 0.000000000000000000e+00 2.078925822527348012e-03 0.000000000000000000e+00 0.000000000000000000e+00 0.000000000000000000e+00 4.760234176595252650e-03 0.000000000000000000e+00 9.331796476545798323e-04 3.239682973197139867e-03 0.000000000000000000e+00 4.708108594204267298e-03 3.242899563513414792e-03 0.000000000000000000e+00 0.000000000000000000e+00 0.000000000000000000e+00 4.215952166666804730e-03 3.603395526819205136e-03 1.236975526600378071e-03 1.650246403588534949e-03 1.250806239138035902e-03 3.529715542374350186e-04 0.000000000000000000e+00 2.858109571282361865e-03 2.991735465847634914e-03
2.709629252741874161e-03 0.000000000000000000e+00 0.000000000000000000e+00 0.000000000000000000e+00 0.000000000000000000e+00 1.807436751547337106e-03 0.000000000000000000e+00 2.734485286017741216e-03 0.000000000000000000e+00 0.000000000000000000e+00 0.000000000000000000e+00 5.731459878244360212e-04 4.635930493093867732e-03 2.655394115949327120e-03 0.000000000000000000e+00 0.000000000000000000e+00 7.937406624320621391e-04 0.000000000000000000e+00 4.803471312277610150e-03 3.468332939601800197e-03 4.322497016413884806e-03 3.783333341667922088e-03 0.000000000000000000e+00 1.924390530320720929e-03 6.501732870484757927e-04
2.897972440625867785e-03 0.000000000000000000e+00 0.000000000000000000e+00 3.745548528947943191e-03 1.729305920365378953e-03 0.000000000000000000e+00 3.221494586476701932e-03 0.000000000000000000e+00 1.797286751476333949e-04 0.000000000000000000e+00 3.340238220360758001e-03 0.000000000000000000e+00 4.498666228831048851e-03 0.000000000000000000e+00 0.000000000000000000e+00 0.000000000000000000e+00 0.000000000000000000e+00 0.000000000000000000e+00 3.872882658686202170e-03 0.000000000000000000e+00 0.000000000000000000e+00 0.000000000000000000e+00 0.000000000000000000e+00 0.000000000000000000e+00 0.000000000000000000e+00
0.000000000000000000e+00 0.000000000000000000e+00 3.067323867048774196e-03 0.000000000000000000e+00 0.000000000000000000e+00 0.000000000000000000e+00 0.000000000000000000e+00 4.679407598872751747e-03 0.000000000000000000e+00 1.747525742613084080e-03 0.000000000000000000e+00 0.000000000000000000e+00 0.000000000000000000e+00 0.000000000000000000e+00 0.000000000000000000e+00 2.700020805820429180e-04 0.000000000000000000e+00 0.000000000000000000e+00 1.130422486927411030e-04 0.000000000000000000e+00 1.231340753963094904e-03 0.000000000000000000e+00 0.000000000000000000e+00 0.000000000000000000e+00 4.918698221670333125e-03
3.075482614993409105e-03 4.379173128374530717e-03 0.000000000000000000e+00 0.000000000000000000e+00 1.286899051564541901e-03 3.999178016553524978e-03 0.000000000000000000e+00 0.000000000000000000e+00 0.000000000000000000e+00 0.000000000000000000e+00 8.859237878313260504e-04 0.000000000000000000e+00 1.231298673926486910e-03 3.601673158668099173e-03 4.506318399909356107e-03 0.000000000000000000e+00 1.658106072302134018e-03 1.812815129543225061e-04 0.000000000000000000e+00 0.000000000000000000e+00 0.000000000000000000e+00 0.000000000000000000e+00 4.146415042475578260e-03 0.000000000000000000e+00 0.000000000000000000e+00
1.255949852197203991e-03 0.000000000000000000e+00 0.000000000000000000e+00 0.000000000000000000e+00 0.000000000000000000e+00 4.420421448876489913e-04 1.530653735943415025e-03 0.000000000000000000e+00 3.220355756998314993e-03 1.504202638637170981e-03 0.000000000000000000e+00 1.665482230621197950e-03 0.000000000000000000e+00 4.930386725570174399e-03 0.000000000000000000e+00 4.440823080105096160e-03 0.000000000000000000e+00 0.000000000000000000e+00 6.272452073731666147e-04 0.000000000000000000e+00 3.357080265502636936e-03 0.000000000000000000e+00 0.000000000000000000e+00 3.582784535303321083e-03 0.000000000000000000e+00
4.345870779778859263e-04 3.137939630752809971e-03 0.000000000000000000e+00 7.849336883139293192e-04 0.000000000000000000e+00 4.747235881377914052e-03 4.281713982544361335e-03 0.000000000000000000e+00 0.000000000000000000e+00 4.567775727127691004e-03 0.000000000000000000e+00 0.000000000000000000e+00 0.000000000000000000e+00 1.881965104471941931e-03 3.683881638103423794e-03 4.772746530725555103e-03 3.187688721211509937e-03 0.000000000000000000e+00 4.397864776913963311e-03 1.304862387850115038e-03 0.000000000000000000e+00 0.000000000000000000e+00 0.000000000000000000e+00 0.000000000000000000e+00 0.000000000000000000e+00
1.659589464803311017e-03 2.603383606929193014e-03 0.000000000000000000e+00 0.000000000000000000e+00 0.000000000000000000e+00 0.000000000000000000e+00 4.383377674309061646e-03 3.193844067267885209e-03 3.933441628975860305e-03 1.158169888238065040e-04 0.000000000000000000e+00 4.128817509406282685e-03 0.000000000000000000e+00 3.937975267463693363e-03 0.000000000000000000e+00 4.745808912433138391e-03 0.000000000000000000e+00 1.785477131429500904e-03 0.000000000000000000e+00 4.109211553018824944e-03 3.721852192681220257e-05 1.485115370961710094e-03 0.000000000000000000e+00 3.269882515676956862e-03 4.258748686175437351e-03
0.000000000000000000e+00 4.734565006148556965e-03 0.000000000000000000e+00 1.082027034998043905e-03 0.000000000000000000e+00 0.000000000000000000e+00 7.398477853628271459e-04 0.000000000000000000e+00 0.000000000000000000e+00 9.997712104315374226e-04 0.000000000000000000e+00 0.000000000000000000e+00 3.336012084961080017e-03 1.490345561171650072e-03 0.000000000000000000e+00 1.079622635505906062e-04 0.000000000000000000e+00 3.800807123769925095e-03 9.428866679998686206e-04 2.859128685589937963e-03 0.000000000000000000e+00 8.327724213155362392e-04 0.000000000000000000e+00 2.515548897447985113e-03 0.000000000000000000e+00
2.883248449115053888e-03 0.000000000000000000e+00 1.530652114569275909e-03 0.000000000000000000e+00 2.858465723481687891e-03 1.415147764097756050e-03 9.444957702942777472e-04 0.000000000000000000e+00 0.000000000000000000e+00 0.000000000000000000e+00 0.000000000000000000e+00 0.000000000000000000e+00 0.000000000000000000e+00 1.947650372426653091e-03 0.000000000000000000e+00 0.000000000000000000e+00 9.112856862422914674e-04 0.000000000000000000e+00 3.295256447912473918e-03 0.000000000000000000e+00 0.000000000000000000e+00 3.255492052603233964e-04 1.502982308608217903e-03 1.406197005630891892e-03 1.608101653609188926e-03
0.000000000000000000e+00 7.655428462859182118e-04 2.071929796614252993e-03 0.000000000000000000e+00 0.000000000000000000e+00 0.000000000000000000e+00 1.383065360270184941e-03 0.000000000000000000e+00 4.133793484452735062e-03 3.759777290528361956e-03 4.530472374334803404e-03 3.997103623651676423e-03 0.000000000000000000e+00 3.959074047277234137e-03 0.000000000000000000e+00 2.676337863335502901e-03 0.000000000000000000e+00 0.000000000000000000e+00 3.601467069167417143e-03 1.166057906577302019e-03 3.874574073559339162e-03 1.143370642702850899e-03 0.000000000000000000e+00 2.955162162164007809e-03 0.000000000000000000e+00
0.000000000000000000e+00 0.000000000000000000e+00 0.000000000000000000e+00 3.209137018489710124e-03 0.000000000000000000e+00 1.461521409500153102e-03 3.656473647855768092e-03 0.000000000000000000e+00 7.900246293569259054e-04 0.000000000000000000e+00 4.096747958677035084e-04 0.000000000000000000e+00 3.910140664054579870e-03 0.000000000000000000e+00 0.000000000000000000e+00 0.000000000000000000e+00 0.000000000000000000e+00 1.421215375328807075e-03 3.735688577661554904e-03 1.718549678860264106e-04 0.000000000000000000e+00 1.970424733465152897e-03 0.000000000000000000e+00 0.000000000000000000e+00 0.000000000000000000e+00
1.239456398990291001e-03 0.000000000000000000e+00 0.000000000000000000e+00 1.194727619769124938e-03 0.000000000000000000e+00 1.412829885370867978e-03 8.972804097747108824e-04 2.750416010103248852e-03 0.000000000000000000e+00 3.801094485404861792e-03 0.000000000000000000e+00 3.590375385071918179e-03 4.701516093763336707e-03 4.000494559725813713e-03 3.648474071652303089e-03 1.823540728414331904e-03 1.385791059904654086e-03 1.372234538188292063e-03 3.285814660425075921e-03 0.000000000000000000e+00 0.000000000000000000e+00 0.000000000000000000e+00 0.000000000000000000e+00 3.975371132758417220e-03 3.572885833317487100e-03
0.000000000000000000e+00 0.000000000000000000e+00 0.000000000000000000e+00 0.000000000000000000e+00 1.103103894245059972e-03 0.000000000000000000e+00 4.106723785378861395e-03 0.000000000000000000e+00 1.755244805825987089e-03 0.000000000000000000e+00 0.000000000000000000e+00 0.000000000000000000e+00 0.000000000000000000e+00 2.041203514599024098e-03 0.000000000000000000e+00 0.000000000000000000e+00 4.752302756122808378e-03 4.520009358569699286e-03 0.000000000000000000e+00 2.476684014223688030e-03 8.819098209306388452e-04 0.000000000000000000e+00 0.000000000000000000e+00 0.000000000000000000e+00 0.000000000000000000e+00
4.834900862558799174e-03 0.000000000000000000e+00 2.768515942936671057e-03 7.867394782318675762e-04 0.000000000000000000e+00 0.000000000000000000e+00 1.978060517625675196e-03 0.000000000000000000e+00 0.000000000000000000e+00 4.703548125735829838e-03 0.000000000000000000e+00 0.000000000000000000e+00 4.609591838783185826e-03 2.990946856148887865e-03 0.000000000000000000e+00 0.000000000000000000e+00 0.000000000000000000e+00 0.000000000000000000e+00 2.133798429966476170e-03 0.000000000000000000e+00 0.000000000000000000e+00 0.000000000000000000e+00 0.000000000000000000e+00 5.875285036020647025e-04 7.607914874363537862e-04
0.000000000000000000e+00 1.049070873302845007e-03 1.834095828896490071e-03 4.571604822709519379e-03 0.000000000000000000e+00 1.460805506065256890e-04 0.000000000000000000e+00 2.305862943452616047e-03 4.234461130949361725e-03 0.000000000000000000e+00 0.000000000000000000e+00 1.004750209500245061e-03 2.525350616616659199e-03 1.079844555154228954e-03 0.000000000000000000e+00 1.856559086621679911e-03 0.000000000000000000e+00 0.000000000000000000e+00 0.000000000000000000e+00 0.000000000000000000e+00 0.000000000000000000e+00 0.000000000000000000e+00 1.666921066661463053e-03 4.448064070852357672e-03 0.000000000000000000e+00
0.000000000000000000e+00 0.000000000000000000e+00 1.369853062512495050e-03 3.556843221712991786e-03 0.000000000000000000e+00 4.631366515643885705e-03 0.000000000000000000e+00 3.753146525510222967e-04 0.000000000000000000e+00 4.266373798168710332e-03 0.000000000000000000e+00 2.765348790364614839e-03 3.322101761851813887e-03 0.000000000000000000e+00 1.844762809339736893e-04 0.000000000000000000e+00 0.000000000000000000e+00 0.000000000000000000e+00 1.277753400965188964e-03 0.000000000000000000e+00 1.158152851154689014e-03 0.000000000000000000e+00 0.000000000000000000e+00 0.000000000000000000e+00 0.000000000000000000e+00
0.000000000000000000e+00 3.253392219598244019e-03 2.448100266059931827e-03 0.000000000000000000e+00 1.215337220664722967e-03 0.000000000000000000e+00 0.000000000000000000e+00 0.000000000000000000e+00 0.000000000000000000e+00 0.000000000000000000e+00 3.005161216249206050e-04 1.788242483241015996e-03 0.000000000000000000e+00 0.000000000000000000e+00 1.275880153660990035e-03 0.000000000000000000e+00 0.000000000000000000e+00 7.669894425181147469e-04 7.875762448109342295e-04 0.000000000000000000e+00 0.000000000000000000e+00 1.765385574917456915e-03 4.032686523367363073e-03 1.167485308138205930e-03 2.702603608063396112e-03
2.504486189821019792e-03 0.000000000000000000e+00 0.000000000000000000e+00 0.000000000000000000e+00 2.472482484581736088e-03 0.000000000000000000e+00 0.000000000000000000e+00 0.000000000000000000e+00 9.292651291673912749e-04 0.000000000000000000e+00 1.602545079480921985e-03 1.079089496443919050e-03 0.000000000000000000e+00 2.003177734538644835e-03 0.000000000000000000e+00 1.450432248846879064e-03 4.932033797524939048e-03 2.162752412750055912e-03 2.450358679554846993e-03 3.472554358822170853e-03 4.378544642421387627e-03 0.000000000000000000e+00 0.000000000000000000e+00 0.000000000000000000e+00 0.000000000000000000e+00
