# # File created on Fri May 17 15:41:50 2024
#  # The following metaparameters were used for this matrix optimization : gamma0 = 0.5; alpha0 = 0; sigma0 = 0.25; l0 = 1;p = 1; R0 = 1; S0 = 0.05; NR = 25; NS = 25; matrix path = matrices/Nr25_Nc25/consumption/RandTrix_Nr25_Nc25_Nest0.4_Conn0.3712.txt; convergence threshold = 1e-08
# 
0.000000000000000000e+00 0.000000000000000000e+00 0.000000000000000000e+00 0.000000000000000000e+00 0.000000000000000000e+00 0.000000000000000000e+00 0.000000000000000000e+00 0.000000000000000000e+00 0.000000000000000000e+00 3.416938552619405971e-03 8.534024591257768520e-04 0.000000000000000000e+00 0.000000000000000000e+00 0.000000000000000000e+00 0.000000000000000000e+00 0.000000000000000000e+00 0.000000000000000000e+00 1.010532135924708088e-03 3.150528639414815028e-03 0.000000000000000000e+00 3.294688625011251131e-03 2.520126398758953945e-03 0.000000000000000000e+00 0.000000000000000000e+00 2.692605236197575212e-03
0.000000000000000000e+00 8.812405435908766699e-04 8.763681290568322603e-04 0.000000000000000000e+00 2.343881777023812830e-03 1.885695127651887057e-03 2.857429256908633995e-03 1.673217308945445896e-03 0.000000000000000000e+00 1.547620698244897000e-03 2.336439356485477039e-03 2.273259572937169192e-03 0.000000000000000000e+00 3.494642042974676829e-04 3.631050016545973175e-03 2.848827480417837846e-03 0.000000000000000000e+00 0.000000000000000000e+00 3.609029269306188170e-03 0.000000000000000000e+00 8.535409856368708029e-04 0.000000000000000000e+00 0.000000000000000000e+00 1.135727445809377048e-03 2.100287483774380959e-03
0.000000000000000000e+00 3.907460619425364053e-03 0.000000000000000000e+00 0.000000000000000000e+00 2.022384900411020004e-04 1.760069602501485074e-03 4.641488506460261787e-03 0.000000000000000000e+00 3.049083724656626113e-03 4.416533493565058012e-03 0.000000000000000000e+00 3.278008387300700849e-03 2.428936315158726836e-03 0.000000000000000000e+00 0.000000000000000000e+00 0.000000000000000000e+00 7.903696736602157944e-04 4.216604958782717814e-03 0.000000000000000000e+00 4.894884640903571921e-03 3.030167693080188136e-03 2.974336307553974209e-03 4.295520436963602175e-03 3.056045268023637861e-04 0.000000000000000000e+00
2.525924464108049005e-03 3.866245347329053898e-03 0.000000000000000000e+00 1.737756023603549910e-03 1.842543118467849985e-03 0.000000000000000000e+00 1.957727822749482077e-03 0.000000000000000000e+00 3.604868172652366150e-03 3.183717566581938021e-03 0.000000000000000000e+00 2.093905597783329853e-03 0.000000000000000000e+00 2.447985186370002075e-03 0.000000000000000000e+00 2.458023884659649941e-03 0.000000000000000000e+00 3.291939346217474197e-03 0.000000000000000000e+00 0.000000000000000000e+00 0.000000000000000000e+00 1.468794982905082024e-03 3.275997665941971166e-04 2.952994649191404103e-04 4.022170383113926259e-03
0.000000000000000000e+00 4.622652185977848237e-03 0.000000000000000000e+00 0.000000000000000000e+00 2.060276252202840851e-03 0.000000000000000000e+00 0.000000000000000000e+00 1.009024447746762919e-03 1.916568552918086104e-03 0.000000000000000000e+00 1.332835958550929048e-03 7.382431944813619765e-04 4.007676227850889145e-03 0.000000000000000000e+00 3.934155612992558566e-03 0.000000000000000000e+00 0.000000000000000000e+00 1.125157154301371920e-03 0.000000000000000000e+00 2.028178070677915182e-03 0.000000000000000000e+00 0.000000000000000000e+00 0.000000000000000000e+00 5.243083113489515256e-04 2.454380317999767941e-03
3.453093619643379970e-03 0.000000000000000000e+00 1.874457850786266904e-03 6.242554188830508506e-04 3.819035892921803909e-03 6.037008719102656502e-04 0.000000000000000000e+00 4.413669004796743896e-04 2.453558788281808099e-03 0.000000000000000000e+00 3.663917948582853801e-03 7.759226184747720087e-04 1.296689681936405089e-03 0.000000000000000000e+00 2.033366518699101025e-03 1.162651911627709091e-03 9.602754136334111772e-04 7.716999634211007490e-04 0.000000000000000000e+00 0.000000000000000000e+00 8.220641039371336209e-05 0.000000000000000000e+00 0.000000000000000000e+00 1.170213025379918895e-03 0.000000000000000000e+00
0.000000000000000000e+00 0.000000000000000000e+00 0.000000000000000000e+00 0.000000000000000000e+00 3.434321159273649119e-03 0.000000000000000000e+00 4.095560372462923177e-03 6.038452265422346137e-04 0.000000000000000000e+00 1.474792850946209924e-03 2.301140796829579012e-03 0.000000000000000000e+00 2.664745736648331019e-05 2.541215334043158032e-03 0.000000000000000000e+00 4.614037453500025379e-03 0.000000000000000000e+00 0.000000000000000000e+00 2.677501009423803851e-03 5.379540322985037083e-04 1.824161838200431948e-03 1.255818951752113010e-03 2.532424462401066789e-03 0.000000000000000000e+00 0.000000000000000000e+00
0.000000000000000000e+00 0.000000000000000000e+00 2.609697404647188818e-03 1.631876904139814002e-03 3.842212142338707892e-03 0.000000000000000000e+00 2.764407341565743113e-03 4.020008477145653979e-03 0.000000000000000000e+00 2.707731375745099211e-03 0.000000000000000000e+00 0.000000000000000000e+00 1.137671161950293925e-03 4.534899624815882414e-03 0.000000000000000000e+00 0.000000000000000000e+00 3.082465035429065876e-03 2.915898384415748033e-03 0.000000000000000000e+00 4.761859530188666638e-03 0.000000000000000000e+00 0.000000000000000000e+00 3.538125096030601043e-03 0.000000000000000000e+00 2.953970986264610118e-03
4.911553014530670863e-03 2.996054513050972964e-03 4.148321647295594682e-03 0.000000000000000000e+00 0.000000000000000000e+00 0.000000000000000000e+00 9.346509599340484600e-04 0.000000000000000000e+00 3.453089089685393992e-03 0.000000000000000000e+00 2.418211983683192165e-03 4.475440884695316805e-03 1.319695813796556037e-03 0.000000000000000000e+00 2.273219135228984195e-03 4.059383318800452792e-03 2.906997762929183944e-03 0.000000000000000000e+00 1.573386898839017074e-03 2.575740347944467266e-04 4.201386632875526821e-03 0.000000000000000000e+00 0.000000000000000000e+00 0.000000000000000000e+00 3.589254436103809804e-03
0.000000000000000000e+00 3.886763826846776921e-03 0.000000000000000000e+00 2.444119156390740007e-03 2.385154732671397951e-04 0.000000000000000000e+00 2.590058732492472177e-03 0.000000000000000000e+00 0.000000000000000000e+00 1.221896987595469906e-03 6.542143536458521532e-04 0.000000000000000000e+00 0.000000000000000000e+00 0.000000000000000000e+00 0.000000000000000000e+00 2.037755803831877831e-03 4.193170620617104986e-03 4.512276986621973317e-03 1.097701277416986924e-03 0.000000000000000000e+00 0.000000000000000000e+00 0.000000000000000000e+00 1.908879889686616090e-03 1.653425904200723009e-03 0.000000000000000000e+00
1.597846036655738980e-03 0.000000000000000000e+00 0.000000000000000000e+00 0.000000000000000000e+00 0.000000000000000000e+00 1.916511460070910921e-03 3.786653435480558799e-03 4.971195961506330585e-03 4.487378066096957101e-03 0.000000000000000000e+00 2.511473024828412941e-03 7.051033178692581518e-04 0.000000000000000000e+00 4.340851397929908380e-03 0.000000000000000000e+00 8.812814292924171875e-04 3.692782483221814047e-03 3.841682182655056788e-03 0.000000000000000000e+00 3.227793793597849830e-03 0.000000000000000000e+00 0.000000000000000000e+00 0.000000000000000000e+00 0.000000000000000000e+00 0.000000000000000000e+00
5.754625410107934566e-04 0.000000000000000000e+00 0.000000000000000000e+00 0.000000000000000000e+00 3.085752723054997152e-03 3.019121178285510965e-03 4.313887441807461032e-03 4.351654453834509842e-04 2.673973716288382117e-05 0.000000000000000000e+00 0.000000000000000000e+00 3.659241326040884104e-04 1.917554753906064013e-03 3.257199677172427192e-03 2.255484659381864956e-03 4.529458428850726727e-03 0.000000000000000000e+00 0.000000000000000000e+00 0.000000000000000000e+00 0.000000000000000000e+00 0.000000000000000000e+00 0.000000000000000000e+00 0.000000000000000000e+00 2.120318985096766038e-04 8.599438948425528698e-04
0.000000000000000000e+00 5.025193250645168530e-04 0.000000000000000000e+00 0.000000000000000000e+00 6.397546102207555185e-04 0.000000000000000000e+00 1.516360504691403920e-03 1.259795952164068913e-03 2.451287524330607922e-03 0.000000000000000000e+00 4.963957245905836237e-03 0.000000000000000000e+00 0.000000000000000000e+00 0.000000000000000000e+00 1.934597099520667021e-03 0.000000000000000000e+00 0.000000000000000000e+00 3.631340114241835221e-04 0.000000000000000000e+00 0.000000000000000000e+00 4.834906672559922611e-03 9.879025755010113503e-04 0.000000000000000000e+00 0.000000000000000000e+00 5.016859590564638890e-04
4.317227661377987837e-03 3.502989814616364137e-03 0.000000000000000000e+00 0.000000000000000000e+00 9.062435185373039596e-04 1.353639727502983000e-03 2.839168765913681856e-03 4.067794060371924918e-03 1.642605368440750021e-03 8.858096127743847166e-04 2.185257069052720050e-03 4.625532665369785218e-03 0.000000000000000000e+00 0.000000000000000000e+00 3.530468767494987742e-04 3.195437944567240804e-04 8.979975726152217199e-04 0.000000000000000000e+00 0.000000000000000000e+00 4.907939312493061861e-03 0.000000000000000000e+00 0.000000000000000000e+00 0.000000000000000000e+00 4.563676008692905788e-04 0.000000000000000000e+00
4.100292286871830283e-03 0.000000000000000000e+00 0.000000000000000000e+00 0.000000000000000000e+00 4.995356414870907868e-03 0.000000000000000000e+00 6.043899423413473049e-04 0.000000000000000000e+00 2.864363841096268133e-03 0.000000000000000000e+00 0.000000000000000000e+00 2.899826108491544187e-03 0.000000000000000000e+00 0.000000000000000000e+00 4.022778566554494582e-03 0.000000000000000000e+00 9.690027525280195571e-04 3.447563986312415047e-04 0.000000000000000000e+00 0.000000000000000000e+00 1.619290992023389008e-03 0.000000000000000000e+00 0.000000000000000000e+00 1.592978490433123902e-03 3.186325592733615063e-03
0.000000000000000000e+00 0.000000000000000000e+00 4.080147755186925261e-03 0.000000000000000000e+00 0.000000000000000000e+00 4.693215069981896727e-03 1.955664806893650173e-03 2.971218626869220024e-03 8.099834045348265491e-04 0.000000000000000000e+00 1.183743186018184051e-03 0.000000000000000000e+00 0.000000000000000000e+00 0.000000000000000000e+00 3.253434238812645801e-03 0.000000000000000000e+00 4.521279666540777009e-03 3.065106363060868862e-03 0.000000000000000000e+00 1.417848801053475920e-04 7.293615838907259018e-04 4.950591885500301402e-03 2.186825830703368820e-03 0.000000000000000000e+00 4.616074183890274060e-03
7.683753676361918493e-05 3.639813717264506893e-03 2.993493080657285820e-03 4.992236480214059212e-03 0.000000000000000000e+00 1.798794518684572984e-03 0.000000000000000000e+00 2.395815996151018801e-03 8.067504054023149750e-04 3.176248787629252189e-03 3.930187858169677598e-03 0.000000000000000000e+00 1.950523947256308996e-03 0.000000000000000000e+00 2.849844494194455138e-03 7.377657992009133830e-04 4.518135059775901623e-03 0.000000000000000000e+00 3.772057135398435186e-03 1.998237242390845173e-03 0.000000000000000000e+00 0.000000000000000000e+00 0.000000000000000000e+00 1.893522360626914095e-03 1.979397121630038000e-03
0.000000000000000000e+00 0.000000000000000000e+00 0.000000000000000000e+00 4.124622444255538270e-03 4.251449532414170070e-03 0.000000000000000000e+00 0.000000000000000000e+00 0.000000000000000000e+00 0.000000000000000000e+00 2.377368842193913930e-03 0.000000000000000000e+00 0.000000000000000000e+00 2.971729278361579955e-05 0.000000000000000000e+00 1.566139188183083945e-03 0.000000000000000000e+00 0.000000000000000000e+00 0.000000000000000000e+00 0.000000000000000000e+00 0.000000000000000000e+00 4.398877005349904071e-05 0.000000000000000000e+00 0.000000000000000000e+00 4.416694295621838295e-03 1.339299036156637972e-03
0.000000000000000000e+00 0.000000000000000000e+00 0.000000000000000000e+00 0.000000000000000000e+00 0.000000000000000000e+00 1.678796200439428054e-03 0.000000000000000000e+00 0.000000000000000000e+00 4.843890092899480644e-03 1.175250592962924067e-03 3.375887182827613884e-03 0.000000000000000000e+00 3.834089571933772204e-03 0.000000000000000000e+00 0.000000000000000000e+00 0.000000000000000000e+00 0.000000000000000000e+00 2.677167381919724840e-03 0.000000000000000000e+00 2.661522078736348971e-03 4.542338631314147591e-03 0.000000000000000000e+00 2.341797390379131861e-03 0.000000000000000000e+00 2.420478252182410150e-03
1.357087580304271093e-03 0.000000000000000000e+00 0.000000000000000000e+00 1.902626400384719988e-04 0.000000000000000000e+00 1.235797814289341101e-03 4.518059191834461995e-03 3.000564524571901811e-03 0.000000000000000000e+00 0.000000000000000000e+00 3.640450305028998957e-03 0.000000000000000000e+00 2.229081392681593024e-04 3.713574799598599874e-03 2.122030350987345101e-03 0.000000000000000000e+00 3.255280944880323008e-03 0.000000000000000000e+00 0.000000000000000000e+00 1.967741297266666859e-03 0.000000000000000000e+00 0.000000000000000000e+00 0.000000000000000000e+00 0.000000000000000000e+00 1.655832732638621088e-03
0.000000000000000000e+00 0.000000000000000000e+00 0.000000000000000000e+00 1.201481858402786039e-03 0.000000000000000000e+00 2.525361297217610171e-03 3.406352337090206087e-03 2.860903837067186976e-03 1.503627422595371025e-03 3.854712241327348885e-03 0.000000000000000000e+00 0.000000000000000000e+00 0.000000000000000000e+00 4.809225527593168244e-03 0.000000000000000000e+00 4.139391003282595627e-03 0.000000000000000000e+00 0.000000000000000000e+00 3.166208175500494996e-03 0.000000000000000000e+00 0.000000000000000000e+00 2.619193904528512983e-03 4.597106987161075973e-05 2.346885122699126844e-03 0.000000000000000000e+00
4.653831474267761982e-03 0.000000000000000000e+00 0.000000000000000000e+00 0.000000000000000000e+00 0.000000000000000000e+00 3.989838202211218147e-03 3.124804928163553083e-03 1.552116570973340959e-03 0.000000000000000000e+00 0.000000000000000000e+00 0.000000000000000000e+00 0.000000000000000000e+00 1.465722874835026068e-03 0.000000000000000000e+00 2.296925956122828055e-03 7.247715853734989448e-04 0.000000000000000000e+00 4.773773251300687109e-03 2.961019164710078106e-03 0.000000000000000000e+00 2.556309192369379205e-03 0.000000000000000000e+00 0.000000000000000000e+00 0.000000000000000000e+00 0.000000000000000000e+00
0.000000000000000000e+00 0.000000000000000000e+00 1.606845463789341975e-03 0.000000000000000000e+00 0.000000000000000000e+00 9.894507913200856382e-04 1.027717509255344965e-03 2.294019027438841027e-04 0.000000000000000000e+00 0.000000000000000000e+00 0.000000000000000000e+00 6.349094873592215716e-04 1.169205341964078999e-03 2.369982049593405849e-03 3.727033311179891138e-03 0.000000000000000000e+00 4.764786259513656246e-03 0.000000000000000000e+00 4.560409183130177332e-03 3.689435129080956884e-03 1.361190740933433880e-04 4.030123642123894026e-03 0.000000000000000000e+00 4.780847956508750204e-03 0.000000000000000000e+00
0.000000000000000000e+00 0.000000000000000000e+00 0.000000000000000000e+00 3.382125586907550025e-05 1.186571395478759096e-03 0.000000000000000000e+00 0.000000000000000000e+00 3.801990466088340116e-03 0.000000000000000000e+00 0.000000000000000000e+00 1.033690857249272956e-03 0.000000000000000000e+00 0.000000000000000000e+00 4.663623710428622601e-03 1.202466749077137033e-03 0.000000000000000000e+00 0.000000000000000000e+00 0.000000000000000000e+00 0.000000000000000000e+00 1.607987729777482977e-03 0.000000000000000000e+00 1.094793799048680025e-03 0.000000000000000000e+00 0.000000000000000000e+00 2.477225366151212214e-03
3.464782597785117974e-04 3.007366457402810105e-03 0.000000000000000000e+00 3.569113828080346974e-03 1.323816781579496013e-03 1.187244779620623978e-03 0.000000000000000000e+00 4.479203603258474602e-03 2.147314438686370210e-03 3.008444940232328935e-03 0.000000000000000000e+00 2.312817541601379194e-03 0.000000000000000000e+00 0.000000000000000000e+00 0.000000000000000000e+00 3.312698211838431116e-03 1.603391932944096994e-03 0.000000000000000000e+00 4.122330813605161112e-04 0.000000000000000000e+00 0.000000000000000000e+00 6.688380634820437817e-04 0.000000000000000000e+00 3.070836421582155001e-03 1.516356689290046002e-03
