# # File created on Fri May 17 15:41:49 2024
#  # The following metaparameters were used for this matrix optimization : gamma0 = 0.5; alpha0 = 0; sigma0 = 0.25; l0 = 1;p = 1; R0 = 1; S0 = 0.05; NR = 25; NS = 25; matrix path = matrices/Nr25_Nc25/consumption/RandTrix_Nr25_Nc25_Nest0.45_Conn0.216.txt; convergence threshold = 1e-08
# 
4.925818336796386129e-03 1.914214981086869100e-03 4.525600046774663852e-04 3.899769791622132191e-04 1.196450115195663933e-03 4.400322632362813936e-03 1.188971161783943919e-03 0.000000000000000000e+00 1.654878611508456103e-03 0.000000000000000000e+00 0.000000000000000000e+00 3.059036819799873172e-03 2.039697563917443161e-03 4.302112062376992757e-03 0.000000000000000000e+00 0.000000000000000000e+00 0.000000000000000000e+00 1.576934369277584094e-03 0.000000000000000000e+00 0.000000000000000000e+00 3.288021265475072827e-03 0.000000000000000000e+00 0.000000000000000000e+00 2.773416620345415997e-03 0.000000000000000000e+00
4.280349760822027040e-03 7.998487448051702598e-04 0.000000000000000000e+00 0.000000000000000000e+00 1.685763205556173056e-03 3.655484808545435109e-03 0.000000000000000000e+00 0.000000000000000000e+00 0.000000000000000000e+00 2.204294086621566996e-04 4.000053583871019183e-03 3.204492891177238099e-03 0.000000000000000000e+00 0.000000000000000000e+00 1.450187335480289949e-03 3.869250666978147051e-03 2.089255393683632934e-03 0.000000000000000000e+00 1.166591142997551976e-03 1.463386393216874973e-03 4.420252311656021685e-03 0.000000000000000000e+00 3.752214764319018910e-03 2.742498491191000098e-03 0.000000000000000000e+00
0.000000000000000000e+00 0.000000000000000000e+00 1.439466616413323952e-03 0.000000000000000000e+00 4.296922846028160617e-03 2.127790315121890017e-03 3.602124207029214036e-03 4.061854420893917968e-03 1.942426724037088015e-03 1.397707586822252018e-03 0.000000000000000000e+00 0.000000000000000000e+00 3.465481746963172162e-03 0.000000000000000000e+00 0.000000000000000000e+00 1.595518327824033957e-03 0.000000000000000000e+00 2.587728917215012785e-03 0.000000000000000000e+00 0.000000000000000000e+00 0.000000000000000000e+00 0.000000000000000000e+00 0.000000000000000000e+00 0.000000000000000000e+00 0.000000000000000000e+00
0.000000000000000000e+00 0.000000000000000000e+00 0.000000000000000000e+00 2.515773684554458919e-03 2.680119584632071825e-03 4.807691391325871234e-03 3.216733520243097132e-03 0.000000000000000000e+00 2.594136344311893157e-03 0.000000000000000000e+00 0.000000000000000000e+00 1.053764932130995006e-04 1.575293662688303066e-03 0.000000000000000000e+00 0.000000000000000000e+00 1.834127123015444902e-03 4.633246314342543901e-03 0.000000000000000000e+00 3.433059489625469099e-03 0.000000000000000000e+00 0.000000000000000000e+00 1.523948073253943939e-03 0.000000000000000000e+00 0.000000000000000000e+00 4.027019941094311592e-03
0.000000000000000000e+00 3.292683343784609962e-03 0.000000000000000000e+00 6.807972475969241042e-04 4.591874857254719597e-03 1.064682371177726964e-03 4.278494445136145699e-03 1.722971417995578913e-03 0.000000000000000000e+00 0.000000000000000000e+00 1.501877769720534909e-03 4.385240589951299069e-03 0.000000000000000000e+00 0.000000000000000000e+00 4.900356329692957640e-03 2.437733085008303869e-03 0.000000000000000000e+00 3.800560904583786918e-03 0.000000000000000000e+00 0.000000000000000000e+00 0.000000000000000000e+00 4.526484470363799015e-03 2.924113244903743004e-03 0.000000000000000000e+00 4.272290341367506079e-03
3.708921103491781990e-03 0.000000000000000000e+00 0.000000000000000000e+00 0.000000000000000000e+00 0.000000000000000000e+00 0.000000000000000000e+00 0.000000000000000000e+00 0.000000000000000000e+00 1.519636664329461007e-03 0.000000000000000000e+00 0.000000000000000000e+00 0.000000000000000000e+00 0.000000000000000000e+00 0.000000000000000000e+00 5.934537804161865064e-04 3.220470061991032116e-03 4.149658941281445662e-03 0.000000000000000000e+00 1.237481641118138090e-03 4.323848723058488770e-04 0.000000000000000000e+00 0.000000000000000000e+00 1.167587210595821910e-03 0.000000000000000000e+00 4.406012933752478933e-03
0.000000000000000000e+00 4.503864780779200192e-04 6.665864582816777338e-04 0.000000000000000000e+00 2.723170496918470799e-03 1.825917209664717914e-03 5.411579228234701016e-04 0.000000000000000000e+00 2.673500507107749117e-03 4.983515295079510299e-03 0.000000000000000000e+00 0.000000000000000000e+00 0.000000000000000000e+00 0.000000000000000000e+00 9.779500551802264904e-04 0.000000000000000000e+00 4.319385675213039148e-04 1.899154889331289070e-03 2.514091655818841056e-03 3.552529515048456158e-03 0.000000000000000000e+00 8.575723837362718384e-04 0.000000000000000000e+00 0.000000000000000000e+00 0.000000000000000000e+00
3.854615851335057176e-03 4.592942413996940927e-03 2.060161439875092104e-03 0.000000000000000000e+00 0.000000000000000000e+00 0.000000000000000000e+00 0.000000000000000000e+00 0.000000000000000000e+00 1.380708550531790967e-03 3.960014242783717157e-03 2.322953582846531018e-03 3.184652735174839789e-04 0.000000000000000000e+00 0.000000000000000000e+00 0.000000000000000000e+00 5.171593000151382749e-04 0.000000000000000000e+00 0.000000000000000000e+00 4.911575720909599867e-03 0.000000000000000000e+00 3.174014684323106170e-03 0.000000000000000000e+00 0.000000000000000000e+00 2.046527306749745204e-03 8.128360639624498604e-04
0.000000000000000000e+00 0.000000000000000000e+00 0.000000000000000000e+00 0.000000000000000000e+00 1.032522419086282081e-03 0.000000000000000000e+00 4.905633195146186926e-03 0.000000000000000000e+00 1.380371238448083030e-04 0.000000000000000000e+00 1.515649013104783090e-03 0.000000000000000000e+00 0.000000000000000000e+00 0.000000000000000000e+00 0.000000000000000000e+00 4.230445121427111634e-03 6.971514312178698092e-04 0.000000000000000000e+00 0.000000000000000000e+00 0.000000000000000000e+00 3.390274644153781942e-03 0.000000000000000000e+00 4.420984398986855905e-03 0.000000000000000000e+00 0.000000000000000000e+00
1.464376567501930954e-03 4.169047972051738091e-03 0.000000000000000000e+00 0.000000000000000000e+00 6.689049631131866467e-04 1.633338613378852017e-04 0.000000000000000000e+00 4.150518930863526627e-03 0.000000000000000000e+00 0.000000000000000000e+00 2.756675066855493027e-03 3.409816672247808177e-03 4.585875013488359192e-04 0.000000000000000000e+00 0.000000000000000000e+00 4.566830231729828923e-03 0.000000000000000000e+00 3.766914470201518893e-03 0.000000000000000000e+00 3.683263731891292785e-03 0.000000000000000000e+00 0.000000000000000000e+00 2.348112653900420063e-05 0.000000000000000000e+00 4.413079740956132695e-03
1.166374199096623923e-03 4.880940477261055607e-03 1.114603080967590089e-03 0.000000000000000000e+00 9.634567785628716293e-04 0.000000000000000000e+00 4.235496471838297652e-03 4.883801748525772729e-03 1.171034311846098040e-03 2.693530452781505834e-03 0.000000000000000000e+00 3.068981196550259064e-04 0.000000000000000000e+00 3.119126391951216985e-03 2.382358662513306153e-03 3.738979878243781866e-03 0.000000000000000000e+00 4.111360219349168704e-03 0.000000000000000000e+00 3.551845925056808153e-03 2.618622073412227823e-03 0.000000000000000000e+00 3.692327197505341965e-03 4.478895482210095737e-03 2.105613980886740857e-03
0.000000000000000000e+00 0.000000000000000000e+00 0.000000000000000000e+00 1.098668008971639097e-03 2.747265200184122787e-03 1.369904688114203985e-03 0.000000000000000000e+00 2.639036228603946956e-03 0.000000000000000000e+00 0.000000000000000000e+00 0.000000000000000000e+00 0.000000000000000000e+00 4.741281169252558984e-03 2.783247567506287167e-03 0.000000000000000000e+00 4.996529272392943692e-03 0.000000000000000000e+00 3.050113876757452793e-03 0.000000000000000000e+00 0.000000000000000000e+00 0.000000000000000000e+00 0.000000000000000000e+00 2.264332155047457922e-03 3.065744065179374939e-03 7.857723793079076854e-05
2.698966494576876974e-03 2.799965240053318115e-03 3.375397952688478052e-03 5.217536304226202655e-04 3.425614285041132193e-03 0.000000000000000000e+00 4.660615980539446735e-04 8.442211723025418429e-04 2.950203528056292036e-03 0.000000000000000000e+00 2.859682474909652945e-03 7.810714315665940287e-04 0.000000000000000000e+00 0.000000000000000000e+00 0.000000000000000000e+00 0.000000000000000000e+00 0.000000000000000000e+00 4.577169649684046000e-03 0.000000000000000000e+00 0.000000000000000000e+00 5.964673669898721192e-05 0.000000000000000000e+00 0.000000000000000000e+00 0.000000000000000000e+00 0.000000000000000000e+00
3.472576034695794202e-03 4.103269434731290780e-04 0.000000000000000000e+00 0.000000000000000000e+00 0.000000000000000000e+00 3.109138974364338785e-03 0.000000000000000000e+00 2.771642943485773825e-03 2.129502257277818972e-03 0.000000000000000000e+00 0.000000000000000000e+00 0.000000000000000000e+00 0.000000000000000000e+00 0.000000000000000000e+00 0.000000000000000000e+00 1.335718522166442091e-03 0.000000000000000000e+00 6.970363503569335139e-04 3.567593029970205117e-03 3.967307303422842185e-03 2.972098700154658050e-03 0.000000000000000000e+00 3.119285027776484091e-03 0.000000000000000000e+00 4.671131936148488831e-03
0.000000000000000000e+00 9.656239354876495649e-04 0.000000000000000000e+00 1.837113873233734047e-03 0.000000000000000000e+00 1.690047496378212048e-03 0.000000000000000000e+00 2.811632356666380131e-03 2.205399504177355061e-03 1.007118113654909041e-03 0.000000000000000000e+00 0.000000000000000000e+00 2.009560775960800901e-03 1.373659011167698007e-03 4.964710534279197056e-03 0.000000000000000000e+00 0.000000000000000000e+00 0.000000000000000000e+00 1.512023961233613899e-03 7.021398238666227715e-04 0.000000000000000000e+00 4.925469331331529081e-03 0.000000000000000000e+00 2.933452135115830004e-03 2.820958946889236003e-03
0.000000000000000000e+00 0.000000000000000000e+00 4.841298544478959270e-03 0.000000000000000000e+00 0.000000000000000000e+00 0.000000000000000000e+00 2.909792286978742006e-03 0.000000000000000000e+00 0.000000000000000000e+00 2.480413822610447096e-04 0.000000000000000000e+00 0.000000000000000000e+00 1.332476598373601075e-03 0.000000000000000000e+00 0.000000000000000000e+00 0.000000000000000000e+00 0.000000000000000000e+00 0.000000000000000000e+00 0.000000000000000000e+00 1.329786778669533051e-03 0.000000000000000000e+00 1.776128069329325999e-03 4.982806538107711382e-03 4.101060306263596203e-03 4.431137185524800307e-03
1.832042975618981958e-03 4.061153263130616760e-03 0.000000000000000000e+00 0.000000000000000000e+00 5.340322896725220115e-04 1.088584171977954092e-03 0.000000000000000000e+00 0.000000000000000000e+00 0.000000000000000000e+00 0.000000000000000000e+00 0.000000000000000000e+00 0.000000000000000000e+00 2.172536264447031198e-03 1.584965775918013896e-03 4.087487980993433946e-03 0.000000000000000000e+00 0.000000000000000000e+00 3.553130258329866009e-03 0.000000000000000000e+00 0.000000000000000000e+00 4.191774688385959888e-03 0.000000000000000000e+00 4.967580490262006425e-03 2.755597794241549086e-03 0.000000000000000000e+00
2.304573644773045150e-03 0.000000000000000000e+00 0.000000000000000000e+00 0.000000000000000000e+00 0.000000000000000000e+00 4.867445284710494196e-04 0.000000000000000000e+00 0.000000000000000000e+00 0.000000000000000000e+00 2.760449918335911978e-03 0.000000000000000000e+00 1.977081327308068993e-03 0.000000000000000000e+00 3.854763328856741951e-03 2.511636024530757016e-03 0.000000000000000000e+00 0.000000000000000000e+00 9.615474154924029491e-04 1.378931623765435911e-03 0.000000000000000000e+00 0.000000000000000000e+00 0.000000000000000000e+00 2.728395920309929171e-03 2.279965167281840840e-03 0.000000000000000000e+00
0.000000000000000000e+00 4.771095359840817236e-03 4.625949240941750785e-03 3.329344653673800124e-03 0.000000000000000000e+00 0.000000000000000000e+00 0.000000000000000000e+00 0.000000000000000000e+00 7.273350745891418983e-04 0.000000000000000000e+00 0.000000000000000000e+00 4.583165277957289285e-03 0.000000000000000000e+00 0.000000000000000000e+00 4.019718453500056334e-03 4.419255832243494143e-03 4.861261408691070103e-03 0.000000000000000000e+00 0.000000000000000000e+00 0.000000000000000000e+00 2.777841481603317200e-03 3.139998530314627896e-03 0.000000000000000000e+00 0.000000000000000000e+00 1.749701992305798069e-03
0.000000000000000000e+00 5.836297502920992884e-04 2.020259156249321151e-03 1.007497289594917050e-03 0.000000000000000000e+00 3.610172136125520178e-03 3.724172825060152129e-03 0.000000000000000000e+00 0.000000000000000000e+00 3.080251106183777045e-03 0.000000000000000000e+00 1.269003448057560990e-03 0.000000000000000000e+00 0.000000000000000000e+00 3.077922064149219220e-04 3.107972805080638085e-03 1.616205013321995966e-03 0.000000000000000000e+00 3.576767537780526068e-03 0.000000000000000000e+00 2.193009874763444077e-03 1.377183655844949940e-04 0.000000000000000000e+00 0.000000000000000000e+00 4.086670379308356138e-03
0.000000000000000000e+00 4.465599036643893432e-03 0.000000000000000000e+00 2.014452407913043964e-03 0.000000000000000000e+00 1.977333059599263847e-03 1.084182732348378062e-03 0.000000000000000000e+00 0.000000000000000000e+00 0.000000000000000000e+00 1.290470210127128909e-04 0.000000000000000000e+00 4.552597003345395382e-03 2.071827684799565188e-03 0.000000000000000000e+00 4.563563416218351099e-03 2.854058595502076932e-03 0.000000000000000000e+00 0.000000000000000000e+00 0.000000000000000000e+00 0.000000000000000000e+00 0.000000000000000000e+00 0.000000000000000000e+00 7.368661771858578120e-05 0.000000000000000000e+00
2.436664365448198023e-03 0.000000000000000000e+00 2.717226987691145120e-03 2.053241835884781017e-03 4.752058787760256309e-03 2.153254997124617095e-03 2.285265192013447109e-03 0.000000000000000000e+00 0.000000000000000000e+00 0.000000000000000000e+00 0.000000000000000000e+00 3.868650519725071960e-03 2.735593735149582841e-03 2.588789083437616819e-03 0.000000000000000000e+00 2.015008508456814999e-04 3.810516751084379924e-03 0.000000000000000000e+00 0.000000000000000000e+00 0.000000000000000000e+00 0.000000000000000000e+00 0.000000000000000000e+00 1.773834397100381073e-04 4.422647871010949167e-03 4.308761287778666710e-03
7.284501520178137627e-04 0.000000000000000000e+00 0.000000000000000000e+00 0.000000000000000000e+00 0.000000000000000000e+00 1.157142290502952966e-03 1.785045781249001984e-03 0.000000000000000000e+00 0.000000000000000000e+00 0.000000000000000000e+00 2.115679514946879926e-03 2.801838498139125073e-03 0.000000000000000000e+00 2.916806445187465104e-03 0.000000000000000000e+00 1.613971613015084943e-03 1.159400842819395972e-03 0.000000000000000000e+00 0.000000000000000000e+00 1.333104198982116911e-03 0.000000000000000000e+00 0.000000000000000000e+00 3.869546582987974919e-03 0.000000000000000000e+00 4.385609334842782356e-03
0.000000000000000000e+00 4.790611257174933434e-03 0.000000000000000000e+00 5.577695759294827669e-04 2.432784404498315929e-04 2.541278090390856805e-03 0.000000000000000000e+00 3.285100762251060881e-03 0.000000000000000000e+00 0.000000000000000000e+00 0.000000000000000000e+00 0.000000000000000000e+00 0.000000000000000000e+00 0.000000000000000000e+00 3.699030070100156869e-03 0.000000000000000000e+00 0.000000000000000000e+00 0.000000000000000000e+00 3.841663768985985935e-03 0.000000000000000000e+00 0.000000000000000000e+00 1.828001211644493919e-03 0.000000000000000000e+00 0.000000000000000000e+00 1.468318938810558947e-03
0.000000000000000000e+00 4.813662815112017615e-03 0.000000000000000000e+00 3.010031634819069091e-03 1.880692509420229955e-03 4.026783306077966825e-04 0.000000000000000000e+00 0.000000000000000000e+00 0.000000000000000000e+00 0.000000000000000000e+00 0.000000000000000000e+00 1.065414398032512103e-03 1.034529305208496044e-05 3.596678369874471183e-03 0.000000000000000000e+00 2.274769995535962964e-03 1.629489834513949938e-03 3.107043401008091187e-03 0.000000000000000000e+00 0.000000000000000000e+00 0.000000000000000000e+00 3.735627731802795056e-03 0.000000000000000000e+00 0.000000000000000000e+00 4.530465535316428351e-03
