# File created on Tue Apr 30 13:39:05 2024
# The following metaparameters were used for this matrix optimization : gamma0 = 0.5; alpha0 = 0; sigma0 = 0.25; l0 = 1;p = 1; R0 = 1; S0 = 0.05; NR = 25; NS = 25; matrix path = matrices/Nr25_Nc25/consumption/RandTrix_Nr25_Nc25_Nest0.6_Conn0.3712.txt; convergence threshold = 1e-08
5.771221481945722e-01 8.942279871956875e-01 5.167034323068745e-01 0.000000000000000e+00 0.000000000000000e+00 1.102568513207452e+00 7.435822875184310e-01 0.000000000000000e+00 0.000000000000000e+00 1.067751545033375e+00 9.040468476787427e-01 0.000000000000000e+00 4.962887269136536e-01 0.000000000000000e+00 8.637810314280102e-01 0.000000000000000e+00 0.000000000000000e+00 0.000000000000000e+00 0.000000000000000e+00 0.000000000000000e+00 0.000000000000000e+00 0.000000000000000e+00 0.000000000000000e+00 0.000000000000000e+00 1.739458523723783e+00 
0.000000000000000e+00 0.000000000000000e+00 0.000000000000000e+00 3.784107473345662e-01 2.275429208114809e-01 0.000000000000000e+00 0.000000000000000e+00 0.000000000000000e+00 1.830357206573579e+00 0.000000000000000e+00 1.136473077426042e+00 0.000000000000000e+00 9.426884920512268e-01 0.000000000000000e+00 0.000000000000000e+00 1.366014186792848e+00 0.000000000000000e+00 7.560729116584447e-02 2.020400793245452e+00 0.000000000000000e+00 0.000000000000000e+00 0.000000000000000e+00 0.000000000000000e+00 2.028431723687114e+00 0.000000000000000e+00 
2.770510082575853e+00 0.000000000000000e+00 0.000000000000000e+00 0.000000000000000e+00 0.000000000000000e+00 0.000000000000000e+00 0.000000000000000e+00 0.000000000000000e+00 0.000000000000000e+00 1.517148242349005e-01 0.000000000000000e+00 0.000000000000000e+00 0.000000000000000e+00 0.000000000000000e+00 0.000000000000000e+00 0.000000000000000e+00 1.499338065396205e-01 0.000000000000000e+00 3.796796356930674e-01 8.672941703420194e-01 1.245810734278910e+00 6.171411124666333e-01 3.527562788954442e-01 1.890380182843287e+00 0.000000000000000e+00 
6.236045886464793e-02 0.000000000000000e+00 1.079667677833878e+00 0.000000000000000e+00 2.872658551833865e+00 0.000000000000000e+00 0.000000000000000e+00 0.000000000000000e+00 1.725808184196702e-01 7.441672475654610e-01 0.000000000000000e+00 0.000000000000000e+00 2.454390071149976e-01 0.000000000000000e+00 0.000000000000000e+00 0.000000000000000e+00 1.559787220439504e+00 0.000000000000000e+00 0.000000000000000e+00 0.000000000000000e+00 0.000000000000000e+00 0.000000000000000e+00 0.000000000000000e+00 7.021077504919324e-01 0.000000000000000e+00 
0.000000000000000e+00 5.400044441912171e-01 1.511592488962280e+00 0.000000000000000e+00 0.000000000000000e+00 6.360011652978169e-01 1.391214058830048e+00 0.000000000000000e+00 0.000000000000000e+00 7.919952076802676e-01 0.000000000000000e+00 0.000000000000000e+00 4.776748388265145e-01 0.000000000000000e+00 0.000000000000000e+00 0.000000000000000e+00 1.456687753003017e+00 1.771762809887855e-01 0.000000000000000e+00 0.000000000000000e+00 0.000000000000000e+00 0.000000000000000e+00 0.000000000000000e+00 5.005411781489777e-02 0.000000000000000e+00 
0.000000000000000e+00 8.072254273217715e-01 0.000000000000000e+00 9.726465537474339e-01 1.373794327353543e+00 0.000000000000000e+00 1.644188453359177e+00 0.000000000000000e+00 1.260018137811959e-01 0.000000000000000e+00 7.690713814694285e-01 0.000000000000000e+00 0.000000000000000e+00 0.000000000000000e+00 0.000000000000000e+00 0.000000000000000e+00 0.000000000000000e+00 1.178410583074053e-02 0.000000000000000e+00 0.000000000000000e+00 0.000000000000000e+00 0.000000000000000e+00 1.745815344709694e+00 0.000000000000000e+00 3.697221024754142e-02 
3.631235385652311e-01 0.000000000000000e+00 0.000000000000000e+00 0.000000000000000e+00 0.000000000000000e+00 5.476630457360406e-01 7.649045093603008e-01 8.614046165573394e-02 6.960663470007479e-01 5.977846525416337e-01 0.000000000000000e+00 1.324037647910490e+00 0.000000000000000e+00 0.000000000000000e+00 4.842749292280097e-01 0.000000000000000e+00 0.000000000000000e+00 0.000000000000000e+00 2.031561888295903e-01 0.000000000000000e+00 0.000000000000000e+00 0.000000000000000e+00 0.000000000000000e+00 0.000000000000000e+00 1.747748089766469e-01 
1.127058844649803e-01 0.000000000000000e+00 5.727289870104236e-01 9.121063505695995e-01 1.189931410376114e+00 0.000000000000000e+00 6.728358505608462e-01 0.000000000000000e+00 2.113044446410355e-01 5.096306072940896e-01 5.927072270939418e-01 0.000000000000000e+00 8.535149366188350e-01 0.000000000000000e+00 0.000000000000000e+00 0.000000000000000e+00 0.000000000000000e+00 2.885502200937250e-01 0.000000000000000e+00 0.000000000000000e+00 6.520052975525063e-01 0.000000000000000e+00 0.000000000000000e+00 0.000000000000000e+00 0.000000000000000e+00 
6.139554291290285e-01 0.000000000000000e+00 0.000000000000000e+00 8.009331752918538e-01 1.223720480309302e+00 4.084378939085174e-01 0.000000000000000e+00 0.000000000000000e+00 0.000000000000000e+00 0.000000000000000e+00 0.000000000000000e+00 0.000000000000000e+00 7.718081826354576e-01 0.000000000000000e+00 0.000000000000000e+00 5.308049530354370e-01 0.000000000000000e+00 1.855782304262152e+00 0.000000000000000e+00 0.000000000000000e+00 0.000000000000000e+00 7.210793699026022e-02 0.000000000000000e+00 0.000000000000000e+00 0.000000000000000e+00 
1.672864583526286e+00 0.000000000000000e+00 0.000000000000000e+00 6.106830693234236e-02 3.293326241323429e-01 0.000000000000000e+00 0.000000000000000e+00 0.000000000000000e+00 0.000000000000000e+00 0.000000000000000e+00 2.014785226795854e-01 0.000000000000000e+00 0.000000000000000e+00 0.000000000000000e+00 5.109685276387861e-01 0.000000000000000e+00 0.000000000000000e+00 0.000000000000000e+00 5.201163372214045e-01 1.729826494398722e+00 9.772650831299963e-02 0.000000000000000e+00 0.000000000000000e+00 0.000000000000000e+00 1.089212745524230e+00 
5.733452161178304e-01 0.000000000000000e+00 2.706341628433610e-01 6.220505217990970e-01 0.000000000000000e+00 0.000000000000000e+00 3.917247904708834e-01 4.165175166278894e-01 3.834948127494371e-01 0.000000000000000e+00 7.028860606862012e-01 0.000000000000000e+00 8.754593407574893e-01 0.000000000000000e+00 0.000000000000000e+00 0.000000000000000e+00 0.000000000000000e+00 0.000000000000000e+00 0.000000000000000e+00 0.000000000000000e+00 0.000000000000000e+00 0.000000000000000e+00 8.912755811220287e-02 0.000000000000000e+00 1.350845820384426e-01 
0.000000000000000e+00 0.000000000000000e+00 0.000000000000000e+00 1.427498266074747e+00 8.223204540555138e-01 0.000000000000000e+00 0.000000000000000e+00 3.498802325375304e-01 0.000000000000000e+00 0.000000000000000e+00 0.000000000000000e+00 0.000000000000000e+00 0.000000000000000e+00 0.000000000000000e+00 0.000000000000000e+00 0.000000000000000e+00 0.000000000000000e+00 2.433264977378568e-01 3.708205687544446e-01 1.797747737377520e+00 0.000000000000000e+00 0.000000000000000e+00 0.000000000000000e+00 0.000000000000000e+00 0.000000000000000e+00 
0.000000000000000e+00 4.682355029545651e-01 0.000000000000000e+00 9.774131466096234e-02 1.446232748756864e-01 0.000000000000000e+00 0.000000000000000e+00 5.874176806075489e-01 0.000000000000000e+00 0.000000000000000e+00 0.000000000000000e+00 5.654150326619975e-01 0.000000000000000e+00 0.000000000000000e+00 1.701177090420673e-01 0.000000000000000e+00 0.000000000000000e+00 0.000000000000000e+00 0.000000000000000e+00 7.386929912559584e-01 0.000000000000000e+00 0.000000000000000e+00 0.000000000000000e+00 0.000000000000000e+00 0.000000000000000e+00 
0.000000000000000e+00 1.498116368180279e-02 0.000000000000000e+00 0.000000000000000e+00 0.000000000000000e+00 0.000000000000000e+00 0.000000000000000e+00 2.847024075964831e-01 0.000000000000000e+00 5.821319918857754e-01 0.000000000000000e+00 1.304963981303451e+00 1.312369730815882e-01 0.000000000000000e+00 0.000000000000000e+00 0.000000000000000e+00 0.000000000000000e+00 9.926421684037073e-01 0.000000000000000e+00 2.777816227835301e-01 0.000000000000000e+00 2.762282760790538e-01 1.794178789982003e-01 2.344451597689793e-01 0.000000000000000e+00 
7.122303279478367e-01 0.000000000000000e+00 0.000000000000000e+00 0.000000000000000e+00 7.720713859025726e-01 0.000000000000000e+00 0.000000000000000e+00 0.000000000000000e+00 4.467371184028456e-01 0.000000000000000e+00 1.039927528145591e+00 0.000000000000000e+00 3.241856772958956e-01 0.000000000000000e+00 0.000000000000000e+00 0.000000000000000e+00 0.000000000000000e+00 0.000000000000000e+00 8.738658666366721e-01 0.000000000000000e+00 0.000000000000000e+00 7.977403060748325e-01 0.000000000000000e+00 0.000000000000000e+00 6.493939053087128e-01 
1.193583662760380e+00 0.000000000000000e+00 0.000000000000000e+00 0.000000000000000e+00 0.000000000000000e+00 9.194779409338541e-01 0.000000000000000e+00 0.000000000000000e+00 0.000000000000000e+00 0.000000000000000e+00 0.000000000000000e+00 7.505476789812644e-01 0.000000000000000e+00 4.693665375454341e-01 0.000000000000000e+00 1.731587852215415e-01 0.000000000000000e+00 0.000000000000000e+00 0.000000000000000e+00 0.000000000000000e+00 0.000000000000000e+00 1.493868687135786e-01 0.000000000000000e+00 0.000000000000000e+00 0.000000000000000e+00 
2.657643843727009e-01 4.164657398703060e-01 0.000000000000000e+00 0.000000000000000e+00 9.620054494261790e-01 7.703061983728757e-01 0.000000000000000e+00 0.000000000000000e+00 0.000000000000000e+00 0.000000000000000e+00 3.464752363754824e-01 3.064275778452720e-01 0.000000000000000e+00 0.000000000000000e+00 0.000000000000000e+00 2.357356316027667e-02 0.000000000000000e+00 0.000000000000000e+00 0.000000000000000e+00 0.000000000000000e+00 0.000000000000000e+00 0.000000000000000e+00 0.000000000000000e+00 0.000000000000000e+00 0.000000000000000e+00 
0.000000000000000e+00 0.000000000000000e+00 0.000000000000000e+00 0.000000000000000e+00 0.000000000000000e+00 0.000000000000000e+00 1.075162185101775e+00 9.532514566150644e-01 2.554313082927033e-02 0.000000000000000e+00 0.000000000000000e+00 4.858561874690841e-01 1.043862591965089e-01 0.000000000000000e+00 0.000000000000000e+00 5.359624388218132e-01 2.776823476685712e-01 0.000000000000000e+00 0.000000000000000e+00 0.000000000000000e+00 0.000000000000000e+00 0.000000000000000e+00 1.118956729229052e-01 0.000000000000000e+00 0.000000000000000e+00 
0.000000000000000e+00 0.000000000000000e+00 0.000000000000000e+00 2.068474305980633e-01 0.000000000000000e+00 0.000000000000000e+00 2.526612477437772e-01 0.000000000000000e+00 3.957893519556784e-01 0.000000000000000e+00 0.000000000000000e+00 0.000000000000000e+00 1.280473130035861e-01 0.000000000000000e+00 0.000000000000000e+00 2.184184565481460e-01 0.000000000000000e+00 1.069802462537358e+00 0.000000000000000e+00 8.829181067559785e-01 0.000000000000000e+00 0.000000000000000e+00 0.000000000000000e+00 3.794042035860051e-02 1.512157409095523e+00 
0.000000000000000e+00 0.000000000000000e+00 1.213041594112732e+00 0.000000000000000e+00 0.000000000000000e+00 0.000000000000000e+00 0.000000000000000e+00 0.000000000000000e+00 3.834160186862848e-01 2.003366549872026e-01 0.000000000000000e+00 0.000000000000000e+00 0.000000000000000e+00 0.000000000000000e+00 0.000000000000000e+00 1.012673417700197e+00 5.261700012443247e-01 0.000000000000000e+00 0.000000000000000e+00 0.000000000000000e+00 4.257967272028406e-01 0.000000000000000e+00 0.000000000000000e+00 0.000000000000000e+00 0.000000000000000e+00 
0.000000000000000e+00 0.000000000000000e+00 0.000000000000000e+00 0.000000000000000e+00 0.000000000000000e+00 0.000000000000000e+00 2.763774486338892e-01 0.000000000000000e+00 0.000000000000000e+00 0.000000000000000e+00 0.000000000000000e+00 0.000000000000000e+00 0.000000000000000e+00 2.710412474350106e-01 0.000000000000000e+00 0.000000000000000e+00 8.303064967524795e-02 0.000000000000000e+00 7.312295171034222e-01 0.000000000000000e+00 0.000000000000000e+00 1.195639349595531e+00 0.000000000000000e+00 0.000000000000000e+00 3.166961065802698e-01 
0.000000000000000e+00 2.903296042318047e-01 0.000000000000000e+00 9.981498770700170e-01 1.717716145842801e-02 0.000000000000000e+00 3.153848825130421e-01 0.000000000000000e+00 9.208784545603169e-02 0.000000000000000e+00 0.000000000000000e+00 0.000000000000000e+00 0.000000000000000e+00 2.457046020794983e-01 0.000000000000000e+00 0.000000000000000e+00 0.000000000000000e+00 1.654345702871794e-01 0.000000000000000e+00 0.000000000000000e+00 0.000000000000000e+00 0.000000000000000e+00 0.000000000000000e+00 0.000000000000000e+00 9.524396829502851e-02 
0.000000000000000e+00 0.000000000000000e+00 0.000000000000000e+00 0.000000000000000e+00 0.000000000000000e+00 0.000000000000000e+00 0.000000000000000e+00 0.000000000000000e+00 0.000000000000000e+00 0.000000000000000e+00 0.000000000000000e+00 0.000000000000000e+00 0.000000000000000e+00 8.901381285925349e-01 1.337682687181340e-01 0.000000000000000e+00 0.000000000000000e+00 7.386207821003710e-01 0.000000000000000e+00 0.000000000000000e+00 0.000000000000000e+00 0.000000000000000e+00 9.472600959467023e-01 0.000000000000000e+00 0.000000000000000e+00 
0.000000000000000e+00 0.000000000000000e+00 0.000000000000000e+00 0.000000000000000e+00 0.000000000000000e+00 0.000000000000000e+00 2.514536064329412e-01 0.000000000000000e+00 0.000000000000000e+00 0.000000000000000e+00 0.000000000000000e+00 0.000000000000000e+00 0.000000000000000e+00 0.000000000000000e+00 0.000000000000000e+00 0.000000000000000e+00 8.557039621704983e-01 0.000000000000000e+00 0.000000000000000e+00 0.000000000000000e+00 0.000000000000000e+00 9.440593796487057e-01 0.000000000000000e+00 0.000000000000000e+00 0.000000000000000e+00 
0.000000000000000e+00 0.000000000000000e+00 0.000000000000000e+00 0.000000000000000e+00 4.880750147456248e-01 0.000000000000000e+00 0.000000000000000e+00 0.000000000000000e+00 0.000000000000000e+00 0.000000000000000e+00 0.000000000000000e+00 0.000000000000000e+00 0.000000000000000e+00 3.043358766539506e-01 0.000000000000000e+00 0.000000000000000e+00 0.000000000000000e+00 0.000000000000000e+00 0.000000000000000e+00 0.000000000000000e+00 0.000000000000000e+00 0.000000000000000e+00 0.000000000000000e+00 2.600834785613879e-01 7.883614207809141e-01 