# # File created on Tue Apr 30 12:43:19 2024
#  # The following metaparameters were used for this matrix optimization : gamma0 = 0.5; alpha0 = 0; sigma0 = 0.25; l0 = 1;p = 1; R0 = 1; S0 = 0.05; NR = 25; NS = 25; matrix path = matrices/Nr25_Nc25/consumption/RandTrix_Nr25_Nc25_Nest0.5_Conn0.1744.txt; convergence threshold = 1e-08
# 
5.429106708315416530e-01 4.832004268701957095e-01 6.177763054436491430e-01 0.000000000000000000e+00 0.000000000000000000e+00 6.277893236728678827e-01 0.000000000000000000e+00 4.096436357040783016e-01 0.000000000000000000e+00 0.000000000000000000e+00 0.000000000000000000e+00 0.000000000000000000e+00 1.387431932188543993e+00 0.000000000000000000e+00 0.000000000000000000e+00 2.151159432121870996e+00 0.000000000000000000e+00 0.000000000000000000e+00 9.750264894630005230e-01 0.000000000000000000e+00 4.139404140072454052e-01 0.000000000000000000e+00 9.050176917271521848e-01 2.080775222991359197e+00 0.000000000000000000e+00
7.386275956291408207e-01 1.150780866777671108e+00 3.985451186573913951e-01 3.392182734925059950e-01 0.000000000000000000e+00 0.000000000000000000e+00 0.000000000000000000e+00 0.000000000000000000e+00 9.314036548876267751e-01 0.000000000000000000e+00 7.739446757811354605e-01 0.000000000000000000e+00 0.000000000000000000e+00 0.000000000000000000e+00 0.000000000000000000e+00 0.000000000000000000e+00 5.484355871540538274e-01 0.000000000000000000e+00 2.468145172685689004e-01 0.000000000000000000e+00 3.274468131490745892e-01 0.000000000000000000e+00 2.460593564942048939e-03 0.000000000000000000e+00 0.000000000000000000e+00
5.893819686826927695e-01 5.970738028380256912e-01 5.085554363171364001e-01 0.000000000000000000e+00 5.137457521657193826e-01 0.000000000000000000e+00 3.502132048804666997e-01 4.716203550724393789e-01 4.913757486481477033e-01 0.000000000000000000e+00 0.000000000000000000e+00 0.000000000000000000e+00 2.800327943893800020e-01 0.000000000000000000e+00 0.000000000000000000e+00 0.000000000000000000e+00 0.000000000000000000e+00 0.000000000000000000e+00 2.409039578482005117e-01 0.000000000000000000e+00 0.000000000000000000e+00 0.000000000000000000e+00 0.000000000000000000e+00 0.000000000000000000e+00 3.609446854859719167e-01
4.403244642017687949e-01 1.860802211603206080e-01 6.711362466903981749e-01 0.000000000000000000e+00 0.000000000000000000e+00 0.000000000000000000e+00 0.000000000000000000e+00 1.193628142228807087e+00 4.431332029292706087e-01 0.000000000000000000e+00 0.000000000000000000e+00 0.000000000000000000e+00 0.000000000000000000e+00 5.573123355748299534e-01 0.000000000000000000e+00 0.000000000000000000e+00 0.000000000000000000e+00 0.000000000000000000e+00 9.068703241596516307e-01 0.000000000000000000e+00 0.000000000000000000e+00 0.000000000000000000e+00 1.011088201248752094e+00 7.363576587000613127e-01 4.747658901170812018e-02
4.036470654370726829e-01 0.000000000000000000e+00 0.000000000000000000e+00 0.000000000000000000e+00 4.464430650085750019e-01 1.020177760119693966e+00 0.000000000000000000e+00 0.000000000000000000e+00 0.000000000000000000e+00 5.236957720594118681e-01 0.000000000000000000e+00 0.000000000000000000e+00 5.138457598725714170e-01 0.000000000000000000e+00 0.000000000000000000e+00 4.385716409425745033e-01 0.000000000000000000e+00 5.525291335091900846e-01 0.000000000000000000e+00 4.062201268248489261e-01 0.000000000000000000e+00 0.000000000000000000e+00 7.072564842124524631e-01 6.635148428815931254e-01 6.697189805642634886e-01
0.000000000000000000e+00 4.080159733778442877e-01 0.000000000000000000e+00 0.000000000000000000e+00 0.000000000000000000e+00 5.962319676148322145e-01 1.027134014052314970e-01 0.000000000000000000e+00 0.000000000000000000e+00 8.857628690588700282e-01 0.000000000000000000e+00 0.000000000000000000e+00 4.943813875151091830e-01 0.000000000000000000e+00 5.712091115143753950e-02 0.000000000000000000e+00 0.000000000000000000e+00 0.000000000000000000e+00 0.000000000000000000e+00 1.792594149930337943e+00 0.000000000000000000e+00 0.000000000000000000e+00 4.187779707631213988e-01 9.659448619262366309e-01 9.797473181558865596e-01
0.000000000000000000e+00 1.074867335028611981e+00 0.000000000000000000e+00 2.855367413829167922e-01 5.350949604588265407e-01 0.000000000000000000e+00 0.000000000000000000e+00 0.000000000000000000e+00 0.000000000000000000e+00 0.000000000000000000e+00 0.000000000000000000e+00 5.944963343784440829e-02 0.000000000000000000e+00 0.000000000000000000e+00 3.492333861070172074e-01 0.000000000000000000e+00 0.000000000000000000e+00 0.000000000000000000e+00 0.000000000000000000e+00 0.000000000000000000e+00 0.000000000000000000e+00 0.000000000000000000e+00 0.000000000000000000e+00 0.000000000000000000e+00 0.000000000000000000e+00
3.479042930005086243e-01 0.000000000000000000e+00 0.000000000000000000e+00 0.000000000000000000e+00 5.048498209445300144e-01 0.000000000000000000e+00 0.000000000000000000e+00 4.667855944663583112e-01 0.000000000000000000e+00 8.237404727755130718e-02 4.577461077263028089e-01 0.000000000000000000e+00 5.240425871806357883e-01 0.000000000000000000e+00 0.000000000000000000e+00 1.207686614263634023e-01 0.000000000000000000e+00 5.507685245746696268e-01 9.381565462289748192e-01 0.000000000000000000e+00 0.000000000000000000e+00 0.000000000000000000e+00 6.237679898018706481e-01 0.000000000000000000e+00 0.000000000000000000e+00
0.000000000000000000e+00 0.000000000000000000e+00 4.832736610099521157e-01 6.159274815328033004e-01 3.896319157531096256e-01 0.000000000000000000e+00 0.000000000000000000e+00 0.000000000000000000e+00 0.000000000000000000e+00 0.000000000000000000e+00 3.244425519418605020e-01 0.000000000000000000e+00 0.000000000000000000e+00 0.000000000000000000e+00 0.000000000000000000e+00 0.000000000000000000e+00 0.000000000000000000e+00 0.000000000000000000e+00 0.000000000000000000e+00 0.000000000000000000e+00 0.000000000000000000e+00 0.000000000000000000e+00 0.000000000000000000e+00 0.000000000000000000e+00 0.000000000000000000e+00
3.802905772863026113e-01 0.000000000000000000e+00 0.000000000000000000e+00 0.000000000000000000e+00 0.000000000000000000e+00 3.513921208095266979e-01 0.000000000000000000e+00 0.000000000000000000e+00 0.000000000000000000e+00 1.234521719411693974e+00 0.000000000000000000e+00 0.000000000000000000e+00 0.000000000000000000e+00 0.000000000000000000e+00 7.689616071982624534e-01 1.199070214869565110e+00 0.000000000000000000e+00 1.924587584524010131e-01 0.000000000000000000e+00 0.000000000000000000e+00 0.000000000000000000e+00 0.000000000000000000e+00 0.000000000000000000e+00 0.000000000000000000e+00 0.000000000000000000e+00
3.957303391011238736e-01 0.000000000000000000e+00 0.000000000000000000e+00 5.066007051271224082e-01 0.000000000000000000e+00 0.000000000000000000e+00 0.000000000000000000e+00 0.000000000000000000e+00 0.000000000000000000e+00 0.000000000000000000e+00 4.420112213491754136e-03 0.000000000000000000e+00 0.000000000000000000e+00 0.000000000000000000e+00 8.806017945701176408e-02 0.000000000000000000e+00 0.000000000000000000e+00 0.000000000000000000e+00 0.000000000000000000e+00 0.000000000000000000e+00 5.749673726856150413e-01 0.000000000000000000e+00 0.000000000000000000e+00 0.000000000000000000e+00 5.219684033595722861e-01
0.000000000000000000e+00 0.000000000000000000e+00 8.134509156870445290e-01 0.000000000000000000e+00 0.000000000000000000e+00 0.000000000000000000e+00 0.000000000000000000e+00 0.000000000000000000e+00 7.889712278824821678e-02 0.000000000000000000e+00 0.000000000000000000e+00 0.000000000000000000e+00 0.000000000000000000e+00 0.000000000000000000e+00 0.000000000000000000e+00 0.000000000000000000e+00 0.000000000000000000e+00 0.000000000000000000e+00 0.000000000000000000e+00 0.000000000000000000e+00 0.000000000000000000e+00 0.000000000000000000e+00 5.019409048666477746e-01 0.000000000000000000e+00 1.945434098699838910e-01
3.140460625119088078e-01 1.861741541773372088e-01 0.000000000000000000e+00 0.000000000000000000e+00 0.000000000000000000e+00 5.633416529507143666e-01 0.000000000000000000e+00 4.108993419724094043e-01 0.000000000000000000e+00 0.000000000000000000e+00 0.000000000000000000e+00 0.000000000000000000e+00 0.000000000000000000e+00 0.000000000000000000e+00 0.000000000000000000e+00 0.000000000000000000e+00 0.000000000000000000e+00 0.000000000000000000e+00 0.000000000000000000e+00 0.000000000000000000e+00 8.850317857058695448e-02 0.000000000000000000e+00 0.000000000000000000e+00 0.000000000000000000e+00 0.000000000000000000e+00
4.524139945575021970e-01 3.870530832718322989e-01 0.000000000000000000e+00 0.000000000000000000e+00 0.000000000000000000e+00 0.000000000000000000e+00 0.000000000000000000e+00 1.824520283342183080e-01 0.000000000000000000e+00 0.000000000000000000e+00 0.000000000000000000e+00 9.753847929934038319e-02 0.000000000000000000e+00 0.000000000000000000e+00 0.000000000000000000e+00 1.377802301213912894e-01 0.000000000000000000e+00 0.000000000000000000e+00 0.000000000000000000e+00 1.959196548444233910e-01 0.000000000000000000e+00 0.000000000000000000e+00 0.000000000000000000e+00 0.000000000000000000e+00 0.000000000000000000e+00
0.000000000000000000e+00 0.000000000000000000e+00 0.000000000000000000e+00 0.000000000000000000e+00 0.000000000000000000e+00 0.000000000000000000e+00 0.000000000000000000e+00 0.000000000000000000e+00 3.803260011198987267e-01 0.000000000000000000e+00 0.000000000000000000e+00 0.000000000000000000e+00 5.637995237350675870e-01 0.000000000000000000e+00 0.000000000000000000e+00 7.754437487624371572e-01 9.646364869850899693e-01 0.000000000000000000e+00 4.080365117672534181e-01 3.279092150277503892e-01 0.000000000000000000e+00 0.000000000000000000e+00 9.673607015716202406e-01 9.434627455168470567e-01 0.000000000000000000e+00
5.587275043416549680e-01 0.000000000000000000e+00 0.000000000000000000e+00 0.000000000000000000e+00 0.000000000000000000e+00 0.000000000000000000e+00 0.000000000000000000e+00 0.000000000000000000e+00 0.000000000000000000e+00 0.000000000000000000e+00 0.000000000000000000e+00 0.000000000000000000e+00 0.000000000000000000e+00 0.000000000000000000e+00 0.000000000000000000e+00 0.000000000000000000e+00 0.000000000000000000e+00 0.000000000000000000e+00 4.609784518029549916e-01 0.000000000000000000e+00 4.148382737823617106e-01 0.000000000000000000e+00 0.000000000000000000e+00 0.000000000000000000e+00 3.757801951781850058e-01
0.000000000000000000e+00 0.000000000000000000e+00 3.985889074400237875e-01 0.000000000000000000e+00 4.415406337974024931e-01 0.000000000000000000e+00 0.000000000000000000e+00 0.000000000000000000e+00 0.000000000000000000e+00 6.480402193024192847e-02 0.000000000000000000e+00 0.000000000000000000e+00 0.000000000000000000e+00 0.000000000000000000e+00 1.303487323472901915e-01 0.000000000000000000e+00 2.159838330335372980e-01 0.000000000000000000e+00 0.000000000000000000e+00 1.116348349216012004e-01 1.733818576713005988e-01 0.000000000000000000e+00 0.000000000000000000e+00 1.490817312026244124e-01 0.000000000000000000e+00
0.000000000000000000e+00 0.000000000000000000e+00 3.980231419264516068e-01 0.000000000000000000e+00 7.616853383920137166e-02 0.000000000000000000e+00 0.000000000000000000e+00 1.301324804578059963e-02 0.000000000000000000e+00 0.000000000000000000e+00 0.000000000000000000e+00 0.000000000000000000e+00 0.000000000000000000e+00 0.000000000000000000e+00 0.000000000000000000e+00 0.000000000000000000e+00 0.000000000000000000e+00 0.000000000000000000e+00 0.000000000000000000e+00 0.000000000000000000e+00 0.000000000000000000e+00 0.000000000000000000e+00 0.000000000000000000e+00 0.000000000000000000e+00 0.000000000000000000e+00
0.000000000000000000e+00 0.000000000000000000e+00 0.000000000000000000e+00 4.024845412937924083e-01 0.000000000000000000e+00 0.000000000000000000e+00 0.000000000000000000e+00 0.000000000000000000e+00 1.135219921103683971e-01 0.000000000000000000e+00 0.000000000000000000e+00 0.000000000000000000e+00 0.000000000000000000e+00 0.000000000000000000e+00 0.000000000000000000e+00 0.000000000000000000e+00 0.000000000000000000e+00 0.000000000000000000e+00 2.327638157320774948e-01 0.000000000000000000e+00 0.000000000000000000e+00 0.000000000000000000e+00 0.000000000000000000e+00 0.000000000000000000e+00 0.000000000000000000e+00
0.000000000000000000e+00 0.000000000000000000e+00 0.000000000000000000e+00 0.000000000000000000e+00 0.000000000000000000e+00 3.468913587813385879e-01 0.000000000000000000e+00 0.000000000000000000e+00 0.000000000000000000e+00 0.000000000000000000e+00 5.241497578320630096e-02 0.000000000000000000e+00 0.000000000000000000e+00 0.000000000000000000e+00 0.000000000000000000e+00 1.595374425975187027e-01 0.000000000000000000e+00 0.000000000000000000e+00 1.538459668293319094e-01 0.000000000000000000e+00 0.000000000000000000e+00 0.000000000000000000e+00 0.000000000000000000e+00 0.000000000000000000e+00 2.410944156572207009e-01
0.000000000000000000e+00 0.000000000000000000e+00 0.000000000000000000e+00 0.000000000000000000e+00 0.000000000000000000e+00 0.000000000000000000e+00 0.000000000000000000e+00 0.000000000000000000e+00 0.000000000000000000e+00 0.000000000000000000e+00 0.000000000000000000e+00 0.000000000000000000e+00 0.000000000000000000e+00 0.000000000000000000e+00 0.000000000000000000e+00 0.000000000000000000e+00 0.000000000000000000e+00 0.000000000000000000e+00 0.000000000000000000e+00 0.000000000000000000e+00 0.000000000000000000e+00 0.000000000000000000e+00 0.000000000000000000e+00 0.000000000000000000e+00 0.000000000000000000e+00
0.000000000000000000e+00 0.000000000000000000e+00 0.000000000000000000e+00 0.000000000000000000e+00 0.000000000000000000e+00 0.000000000000000000e+00 3.999799962749682747e-01 0.000000000000000000e+00 0.000000000000000000e+00 0.000000000000000000e+00 0.000000000000000000e+00 0.000000000000000000e+00 0.000000000000000000e+00 0.000000000000000000e+00 0.000000000000000000e+00 1.596354115036212051e-01 0.000000000000000000e+00 0.000000000000000000e+00 0.000000000000000000e+00 0.000000000000000000e+00 0.000000000000000000e+00 0.000000000000000000e+00 0.000000000000000000e+00 0.000000000000000000e+00 0.000000000000000000e+00
4.296764120170877832e-01 0.000000000000000000e+00 0.000000000000000000e+00 0.000000000000000000e+00 0.000000000000000000e+00 2.959165585468603865e-02 0.000000000000000000e+00 0.000000000000000000e+00 0.000000000000000000e+00 0.000000000000000000e+00 0.000000000000000000e+00 0.000000000000000000e+00 0.000000000000000000e+00 0.000000000000000000e+00 0.000000000000000000e+00 0.000000000000000000e+00 0.000000000000000000e+00 0.000000000000000000e+00 0.000000000000000000e+00 0.000000000000000000e+00 0.000000000000000000e+00 0.000000000000000000e+00 0.000000000000000000e+00 0.000000000000000000e+00 0.000000000000000000e+00
0.000000000000000000e+00 0.000000000000000000e+00 0.000000000000000000e+00 0.000000000000000000e+00 0.000000000000000000e+00 0.000000000000000000e+00 0.000000000000000000e+00 0.000000000000000000e+00 0.000000000000000000e+00 0.000000000000000000e+00 0.000000000000000000e+00 0.000000000000000000e+00 0.000000000000000000e+00 0.000000000000000000e+00 0.000000000000000000e+00 0.000000000000000000e+00 0.000000000000000000e+00 0.000000000000000000e+00 3.834182121742059079e-01 4.415689022978155909e-01 0.000000000000000000e+00 0.000000000000000000e+00 0.000000000000000000e+00 0.000000000000000000e+00 0.000000000000000000e+00
0.000000000000000000e+00 0.000000000000000000e+00 0.000000000000000000e+00 0.000000000000000000e+00 0.000000000000000000e+00 0.000000000000000000e+00 0.000000000000000000e+00 0.000000000000000000e+00 0.000000000000000000e+00 0.000000000000000000e+00 0.000000000000000000e+00 0.000000000000000000e+00 0.000000000000000000e+00 4.894548835256827823e-01 0.000000000000000000e+00 0.000000000000000000e+00 0.000000000000000000e+00 0.000000000000000000e+00 0.000000000000000000e+00 0.000000000000000000e+00 0.000000000000000000e+00 1.916354283104449927e-02 0.000000000000000000e+00 0.000000000000000000e+00 0.000000000000000000e+00
