# # File created on Fri May 17 15:41:48 2024
#  # The following metaparameters were used for this matrix optimization : gamma0 = 0.5; alpha0 = 0; sigma0 = 0.25; l0 = 1;p = 1; R0 = 1; S0 = 0.05; NR = 25; NS = 25; matrix path = matrices/Nr25_Nc25/consumption/RandTrix_Nr25_Nc25_Nest0.35_Conn0.2208.txt; convergence threshold = 1e-08
# 
0.000000000000000000e+00 6.964335981853247244e-04 0.000000000000000000e+00 6.804243919496968766e-04 1.328358881930694893e-03 0.000000000000000000e+00 0.000000000000000000e+00 2.393034618761408043e-03 0.000000000000000000e+00 0.000000000000000000e+00 6.610687250298790231e-04 6.467953944409970935e-05 1.762724661601032007e-03 0.000000000000000000e+00 0.000000000000000000e+00 4.418487930291421610e-03 0.000000000000000000e+00 9.953792662939246402e-04 0.000000000000000000e+00 3.066079796621286064e-03 0.000000000000000000e+00 0.000000000000000000e+00 2.118702335120069800e-03 3.851441360928339018e-03 0.000000000000000000e+00
0.000000000000000000e+00 0.000000000000000000e+00 2.980050754960331810e-03 1.146888669408875974e-03 4.599233117344657742e-03 1.074206203168752947e-03 3.413335194904621069e-03 4.034910795863481947e-03 0.000000000000000000e+00 4.465800118185924393e-03 1.056398821387203972e-03 0.000000000000000000e+00 0.000000000000000000e+00 0.000000000000000000e+00 3.421488624151296058e-03 0.000000000000000000e+00 3.680423862259511129e-03 0.000000000000000000e+00 0.000000000000000000e+00 2.818172157643855950e-04 0.000000000000000000e+00 0.000000000000000000e+00 4.245145111655223777e-03 2.465643321482694200e-03 0.000000000000000000e+00
9.376153569596615506e-05 0.000000000000000000e+00 0.000000000000000000e+00 4.067658541253660852e-03 0.000000000000000000e+00 9.890652047770261916e-04 8.235315120408030548e-04 0.000000000000000000e+00 1.445821545658886043e-03 0.000000000000000000e+00 9.081724741342396328e-04 1.380781705099840906e-03 0.000000000000000000e+00 2.136128155933550953e-03 0.000000000000000000e+00 0.000000000000000000e+00 0.000000000000000000e+00 0.000000000000000000e+00 4.871093663003782143e-04 0.000000000000000000e+00 3.821543322890334857e-03 0.000000000000000000e+00 4.788257902679614840e-03 0.000000000000000000e+00 2.264279383101727976e-03
0.000000000000000000e+00 0.000000000000000000e+00 0.000000000000000000e+00 4.684169826193284973e-03 4.408426739073195884e-03 0.000000000000000000e+00 0.000000000000000000e+00 1.957310747700999071e-03 4.532061870693437043e-03 0.000000000000000000e+00 1.356010770320230071e-03 0.000000000000000000e+00 3.750099269009344108e-03 2.724654932152653208e-03 0.000000000000000000e+00 3.792607406235532982e-03 0.000000000000000000e+00 1.158388713533415942e-03 1.266064566112481016e-03 0.000000000000000000e+00 1.537829179654705931e-03 2.319543483485554843e-03 0.000000000000000000e+00 2.044901251393119873e-03 3.366345793082126201e-03
2.734949201658683215e-03 0.000000000000000000e+00 2.508487033415841925e-03 2.693217794336833209e-03 1.576476230576310915e-03 7.884039269732302921e-04 4.491481486985206902e-04 0.000000000000000000e+00 0.000000000000000000e+00 4.633732958916625139e-04 0.000000000000000000e+00 3.577363065194829207e-03 4.526869124081887331e-03 0.000000000000000000e+00 0.000000000000000000e+00 4.564563114381986844e-04 0.000000000000000000e+00 4.779723251954149862e-03 1.254929168063253098e-03 2.330877947142461111e-03 3.733618340545737189e-03 0.000000000000000000e+00 0.000000000000000000e+00 0.000000000000000000e+00 1.538771873731340943e-03
4.602344936752171024e-03 0.000000000000000000e+00 2.954253468624861139e-03 1.716341638863951892e-03 0.000000000000000000e+00 0.000000000000000000e+00 0.000000000000000000e+00 1.453838735056608078e-03 0.000000000000000000e+00 0.000000000000000000e+00 0.000000000000000000e+00 0.000000000000000000e+00 2.081122352830503883e-03 3.709072489927593176e-03 0.000000000000000000e+00 9.774918794881127995e-04 0.000000000000000000e+00 0.000000000000000000e+00 0.000000000000000000e+00 0.000000000000000000e+00 0.000000000000000000e+00 0.000000000000000000e+00 0.000000000000000000e+00 4.753535256101046758e-04 4.791713231563766821e-03
2.351242948850420025e-03 0.000000000000000000e+00 0.000000000000000000e+00 1.895538989493043922e-03 4.761008948170697072e-03 0.000000000000000000e+00 4.919082564173635728e-03 0.000000000000000000e+00 0.000000000000000000e+00 0.000000000000000000e+00 4.334063376623461129e-04 0.000000000000000000e+00 7.186184524609167388e-05 2.352407828259074976e-03 0.000000000000000000e+00 2.426367175300757871e-03 4.043478064583465835e-03 2.427148961028074894e-03 1.448422128708737018e-03 4.107394666259952913e-03 0.000000000000000000e+00 0.000000000000000000e+00 0.000000000000000000e+00 4.447399940369303577e-03 4.192146737426852982e-03
0.000000000000000000e+00 0.000000000000000000e+00 0.000000000000000000e+00 0.000000000000000000e+00 0.000000000000000000e+00 0.000000000000000000e+00 0.000000000000000000e+00 0.000000000000000000e+00 0.000000000000000000e+00 3.518063620926074105e-03 1.502819958245359979e-04 3.791202897483721915e-03 2.985114698079474951e-03 3.826190706093659816e-03 3.612734132660746795e-03 0.000000000000000000e+00 0.000000000000000000e+00 0.000000000000000000e+00 0.000000000000000000e+00 3.824667254074026052e-03 4.540971895408293067e-03 1.837224147521954003e-03 0.000000000000000000e+00 3.786123131896502146e-03 0.000000000000000000e+00
3.695265608223348951e-03 0.000000000000000000e+00 2.567703578338562109e-03 2.776964760704728197e-03 0.000000000000000000e+00 0.000000000000000000e+00 0.000000000000000000e+00 1.935239395259814085e-03 0.000000000000000000e+00 0.000000000000000000e+00 0.000000000000000000e+00 1.074764976609250905e-03 0.000000000000000000e+00 3.185721024010793002e-04 0.000000000000000000e+00 0.000000000000000000e+00 0.000000000000000000e+00 0.000000000000000000e+00 0.000000000000000000e+00 3.662066379920012830e-03 3.981882672925371632e-03 3.825998805411083906e-03 0.000000000000000000e+00 0.000000000000000000e+00 0.000000000000000000e+00
0.000000000000000000e+00 5.937551017134780904e-04 0.000000000000000000e+00 1.966175441371691927e-03 0.000000000000000000e+00 4.364258157755878005e-03 0.000000000000000000e+00 3.209738651511259179e-03 1.458726355421568078e-03 4.168948800591026210e-03 3.380125233374792898e-03 0.000000000000000000e+00 4.896363443088511992e-03 9.960353099514379291e-04 0.000000000000000000e+00 4.929249982223766861e-03 3.015326815775242961e-03 0.000000000000000000e+00 0.000000000000000000e+00 0.000000000000000000e+00 0.000000000000000000e+00 0.000000000000000000e+00 0.000000000000000000e+00 0.000000000000000000e+00 0.000000000000000000e+00
0.000000000000000000e+00 0.000000000000000000e+00 2.096130023768406816e-03 0.000000000000000000e+00 0.000000000000000000e+00 0.000000000000000000e+00 5.297816419993107030e-04 4.583671197641183033e-03 1.887030110791756022e-03 3.471772188492829123e-03 0.000000000000000000e+00 1.754883915249156896e-03 2.285624601461588856e-03 3.327952169478449844e-03 3.301116614375927075e-03 0.000000000000000000e+00 0.000000000000000000e+00 0.000000000000000000e+00 0.000000000000000000e+00 7.336679038466829578e-04 3.166776884148020908e-03 0.000000000000000000e+00 3.123471209669988896e-03 3.482099093272845829e-03 3.885330342998526924e-03
0.000000000000000000e+00 4.808737678386557426e-03 3.561332635515346897e-03 4.126943557458763283e-03 3.073897462733424842e-03 2.313946512022333867e-04 0.000000000000000000e+00 0.000000000000000000e+00 0.000000000000000000e+00 4.831470421201246659e-03 0.000000000000000000e+00 6.154814214655703140e-04 0.000000000000000000e+00 4.574278169780439038e-03 0.000000000000000000e+00 8.566335797685100924e-04 0.000000000000000000e+00 5.892235929193131273e-05 0.000000000000000000e+00 0.000000000000000000e+00 2.236973134112178133e-03 0.000000000000000000e+00 0.000000000000000000e+00 1.060147073335137007e-03 0.000000000000000000e+00
0.000000000000000000e+00 2.069830667173790974e-03 0.000000000000000000e+00 4.773953915402241906e-03 0.000000000000000000e+00 3.364270946012205138e-03 0.000000000000000000e+00 1.250744443687450960e-03 4.409021212856598614e-03 1.389543062433764133e-04 3.071572225996382043e-03 0.000000000000000000e+00 2.187548165344757080e-03 2.159706092799244803e-03 0.000000000000000000e+00 0.000000000000000000e+00 0.000000000000000000e+00 0.000000000000000000e+00 0.000000000000000000e+00 4.676804491303028326e-03 2.589430110317988889e-03 3.126194587771084950e-03 2.751485199005566061e-03 0.000000000000000000e+00 0.000000000000000000e+00
0.000000000000000000e+00 0.000000000000000000e+00 3.727593326969418086e-03 0.000000000000000000e+00 4.823251877408482428e-03 0.000000000000000000e+00 1.794711257099463079e-03 1.436496523192079067e-03 0.000000000000000000e+00 2.873626846758120003e-03 3.577462649019121869e-03 0.000000000000000000e+00 0.000000000000000000e+00 0.000000000000000000e+00 4.254468826350973724e-03 2.696668971204766937e-03 3.324438421857719202e-03 3.330033906586139965e-03 0.000000000000000000e+00 0.000000000000000000e+00 0.000000000000000000e+00 7.855717263187803924e-04 4.184184254932442858e-03 0.000000000000000000e+00 0.000000000000000000e+00
0.000000000000000000e+00 0.000000000000000000e+00 4.011663800787550367e-03 2.944565757844954008e-03 8.660080721154986109e-04 2.617549268272918901e-03 0.000000000000000000e+00 2.609846362869910202e-03 3.025551474573704141e-03 1.855771201208934913e-03 4.401734029760264594e-03 0.000000000000000000e+00 3.587967426678344198e-03 8.877581870537725297e-04 3.522724509839438977e-03 3.939831439327445058e-04 0.000000000000000000e+00 0.000000000000000000e+00 4.617473381350841941e-03 2.910829046549870056e-04 0.000000000000000000e+00 0.000000000000000000e+00 0.000000000000000000e+00 2.797654029582037020e-03 2.757483081316962088e-03
0.000000000000000000e+00 1.199325363140147944e-03 2.670665764663793999e-04 0.000000000000000000e+00 4.843565623362662900e-03 0.000000000000000000e+00 1.636103044186539002e-04 2.988034189109701078e-03 1.168082923519635956e-03 2.473094331833315066e-03 0.000000000000000000e+00 0.000000000000000000e+00 1.069240200319652957e-03 0.000000000000000000e+00 0.000000000000000000e+00 0.000000000000000000e+00 0.000000000000000000e+00 4.129371257116935118e-03 0.000000000000000000e+00 0.000000000000000000e+00 2.419080522774586905e-04 0.000000000000000000e+00 1.786490592160421996e-03 0.000000000000000000e+00 0.000000000000000000e+00
1.551577702671496023e-03 2.694981981047436803e-03 0.000000000000000000e+00 4.540274714632036232e-03 0.000000000000000000e+00 4.933333202219495305e-03 3.960799285617209661e-03 0.000000000000000000e+00 4.517713375305910939e-03 4.609703875644296373e-03 2.879410493225092061e-03 0.000000000000000000e+00 3.627734907145449116e-03 2.748903821874366113e-04 2.396412921568829169e-03 2.308992045542395972e-03 0.000000000000000000e+00 7.158669257331753445e-04 0.000000000000000000e+00 0.000000000000000000e+00 3.380202088915516996e-03 8.649646472859928931e-04 1.824971128625044094e-03 2.736286436855174097e-03 2.525929290619093135e-03
3.875070399628437103e-03 1.951612713864614044e-03 4.980363738684530014e-03 4.704785226952550026e-04 0.000000000000000000e+00 0.000000000000000000e+00 0.000000000000000000e+00 9.499786926897821381e-04 0.000000000000000000e+00 0.000000000000000000e+00 0.000000000000000000e+00 0.000000000000000000e+00 0.000000000000000000e+00 4.319146186095132629e-03 0.000000000000000000e+00 2.560189205445488787e-03 3.070913796028156787e-03 0.000000000000000000e+00 9.839578495982521412e-04 0.000000000000000000e+00 0.000000000000000000e+00 3.710324574292460896e-03 1.854899882497234925e-03 2.632207258427860831e-03 0.000000000000000000e+00
4.437961438730410324e-03 0.000000000000000000e+00 2.166932855374979067e-03 1.514738763844399906e-03 4.191667140745436622e-03 0.000000000000000000e+00 2.717694343897074111e-03 1.322050656101285892e-03 0.000000000000000000e+00 4.060292498108287323e-03 6.312381964567397681e-04 4.937631461413678584e-03 3.128565041330847851e-03 0.000000000000000000e+00 6.015604551846528893e-04 9.558969896072963611e-05 0.000000000000000000e+00 0.000000000000000000e+00 0.000000000000000000e+00 1.491228755121998880e-04 3.623707405696631988e-03 1.077491402512851040e-03 0.000000000000000000e+00 4.964438675045958205e-03 0.000000000000000000e+00
0.000000000000000000e+00 0.000000000000000000e+00 0.000000000000000000e+00 4.805808023416627099e-03 3.596912411038800071e-03 0.000000000000000000e+00 0.000000000000000000e+00 0.000000000000000000e+00 0.000000000000000000e+00 1.836154833734598936e-03 0.000000000000000000e+00 0.000000000000000000e+00 0.000000000000000000e+00 4.107588398195738226e-03 0.000000000000000000e+00 2.657818328265859967e-03 6.388312294112423592e-04 3.245406085208585138e-03 0.000000000000000000e+00 0.000000000000000000e+00 0.000000000000000000e+00 0.000000000000000000e+00 4.843166982237617074e-03 0.000000000000000000e+00 0.000000000000000000e+00
0.000000000000000000e+00 4.804165323932707045e-03 2.116044682474961178e-03 0.000000000000000000e+00 0.000000000000000000e+00 0.000000000000000000e+00 0.000000000000000000e+00 2.824874101795658062e-03 1.634822885812044994e-03 0.000000000000000000e+00 2.847939494939190179e-03 0.000000000000000000e+00 2.362697814862431845e-03 0.000000000000000000e+00 0.000000000000000000e+00 2.680344209028085942e-03 1.880902800742214991e-03 0.000000000000000000e+00 0.000000000000000000e+00 0.000000000000000000e+00 1.107268627286348093e-03 0.000000000000000000e+00 0.000000000000000000e+00 0.000000000000000000e+00 2.543774989660227848e-03
2.727251195030895928e-03 1.343012387760551081e-03 0.000000000000000000e+00 0.000000000000000000e+00 9.335472514892654596e-04 0.000000000000000000e+00 0.000000000000000000e+00 3.099140998348604969e-03 2.523656401233919017e-04 2.681446811841456997e-03 0.000000000000000000e+00 0.000000000000000000e+00 3.601581670753770201e-03 0.000000000000000000e+00 1.765748395561496896e-03 3.327459789669417155e-03 0.000000000000000000e+00 0.000000000000000000e+00 2.792834049917914969e-03 4.698088616936395637e-03 0.000000000000000000e+00 0.000000000000000000e+00 2.398143845190245198e-03 2.896312100108819083e-03 0.000000000000000000e+00
4.053292580662896244e-03 0.000000000000000000e+00 4.854287889139123104e-03 0.000000000000000000e+00 0.000000000000000000e+00 2.191354354546416923e-03 4.222650326214659119e-03 4.532138633473637053e-03 0.000000000000000000e+00 1.207443139983696990e-04 0.000000000000000000e+00 0.000000000000000000e+00 0.000000000000000000e+00 0.000000000000000000e+00 2.566208425981487008e-03 3.017155550198075999e-03 4.060150866974606039e-03 0.000000000000000000e+00 4.692646157625539327e-03 0.000000000000000000e+00 0.000000000000000000e+00 3.424959970109609821e-03 0.000000000000000000e+00 0.000000000000000000e+00 0.000000000000000000e+00
0.000000000000000000e+00 0.000000000000000000e+00 0.000000000000000000e+00 0.000000000000000000e+00 0.000000000000000000e+00 3.810627828184223048e-03 0.000000000000000000e+00 0.000000000000000000e+00 1.229257107634523999e-03 2.518022919267914796e-03 2.970579631996401061e-03 8.180441520727768732e-04 0.000000000000000000e+00 0.000000000000000000e+00 3.946398384682608192e-04 0.000000000000000000e+00 3.693536601121679211e-03 0.000000000000000000e+00 0.000000000000000000e+00 0.000000000000000000e+00 0.000000000000000000e+00 2.696220161835286098e-03 0.000000000000000000e+00 0.000000000000000000e+00 0.000000000000000000e+00
5.768523914270521063e-04 0.000000000000000000e+00 0.000000000000000000e+00 3.123260788562258125e-03 0.000000000000000000e+00 0.000000000000000000e+00 0.000000000000000000e+00 0.000000000000000000e+00 0.000000000000000000e+00 0.000000000000000000e+00 4.801312614495335980e-03 1.544339500169392056e-03 1.894635549465421929e-03 1.284186994548628009e-03 0.000000000000000000e+00 0.000000000000000000e+00 0.000000000000000000e+00 2.100098275499103894e-03 1.510082405836224917e-03 1.858864944823856958e-03 1.166818470527019062e-03 0.000000000000000000e+00 0.000000000000000000e+00 1.171575172012844076e-03 0.000000000000000000e+00
