# File created on Wed May  1 02:34:47 2024
# The following metaparameters were used for this matrix optimization : gamma0 = 0.5; alpha0 = 0; sigma0 = 0.25; l0 = 1;p = 1; R0 = 1; S0 = 0.05; NR = 25; NS = 25; matrix path = matrices/Nr25_Nc25/consumption/RandTrix_Nr25_Nc25_Nest0.45_Conn0.424.txt; convergence threshold = 1e-08
0.000000000000000e+00 0.000000000000000e+00 0.000000000000000e+00 0.000000000000000e+00 0.000000000000000e+00 6.024269062947823e-01 5.300139878494612e-01 5.126123120004949e-01 0.000000000000000e+00 0.000000000000000e+00 4.973715875815120e-01 0.000000000000000e+00 0.000000000000000e+00 2.312038481128057e-01 1.101824918255767e-01 4.716052112994844e-01 9.253981533030265e-01 1.464502672781827e+00 0.000000000000000e+00 0.000000000000000e+00 0.000000000000000e+00 0.000000000000000e+00 0.000000000000000e+00 9.989453824469885e-01 0.000000000000000e+00 
0.000000000000000e+00 0.000000000000000e+00 1.055837148890817e-01 0.000000000000000e+00 8.568681003981433e-01 0.000000000000000e+00 0.000000000000000e+00 6.789591138504019e-01 0.000000000000000e+00 0.000000000000000e+00 0.000000000000000e+00 1.540726774473592e+00 0.000000000000000e+00 0.000000000000000e+00 0.000000000000000e+00 0.000000000000000e+00 8.164455191505730e-02 7.243046761346319e-01 0.000000000000000e+00 7.912064290023835e-01 4.302241128346902e-01 0.000000000000000e+00 0.000000000000000e+00 1.727348634957680e-01 0.000000000000000e+00 
0.000000000000000e+00 0.000000000000000e+00 6.602404942665388e-01 0.000000000000000e+00 9.625775819494500e-01 0.000000000000000e+00 0.000000000000000e+00 0.000000000000000e+00 7.200372783392525e-02 0.000000000000000e+00 0.000000000000000e+00 1.271145407257147e+00 0.000000000000000e+00 0.000000000000000e+00 0.000000000000000e+00 0.000000000000000e+00 8.270994793668906e-01 1.401103677133079e-01 0.000000000000000e+00 1.656093653105969e+00 0.000000000000000e+00 0.000000000000000e+00 0.000000000000000e+00 0.000000000000000e+00 3.152221086164920e-01 
0.000000000000000e+00 0.000000000000000e+00 8.774890508010690e-01 6.465913020273696e-01 0.000000000000000e+00 0.000000000000000e+00 0.000000000000000e+00 0.000000000000000e+00 9.262692902333789e-01 0.000000000000000e+00 0.000000000000000e+00 0.000000000000000e+00 1.314684804792849e+00 2.864678287540328e-01 2.088096202466615e-01 3.073111465078288e-01 0.000000000000000e+00 0.000000000000000e+00 0.000000000000000e+00 0.000000000000000e+00 0.000000000000000e+00 0.000000000000000e+00 2.801176945870142e-01 0.000000000000000e+00 0.000000000000000e+00 
6.620773469914447e-01 9.857719788124597e-01 1.503224120215040e-01 0.000000000000000e+00 3.535252050842909e-01 0.000000000000000e+00 6.008168456971676e-01 0.000000000000000e+00 0.000000000000000e+00 0.000000000000000e+00 0.000000000000000e+00 0.000000000000000e+00 0.000000000000000e+00 8.848664621879327e-01 6.456458850456179e-01 0.000000000000000e+00 9.209569783187707e-01 0.000000000000000e+00 0.000000000000000e+00 0.000000000000000e+00 0.000000000000000e+00 0.000000000000000e+00 0.000000000000000e+00 0.000000000000000e+00 4.055178968286425e-01 
2.113140329847147e-01 0.000000000000000e+00 0.000000000000000e+00 0.000000000000000e+00 0.000000000000000e+00 0.000000000000000e+00 0.000000000000000e+00 1.112146646842769e+00 5.958105346502155e-01 0.000000000000000e+00 4.562702273346305e-01 4.737373123406746e-01 2.547396098424564e-01 0.000000000000000e+00 0.000000000000000e+00 0.000000000000000e+00 0.000000000000000e+00 0.000000000000000e+00 0.000000000000000e+00 0.000000000000000e+00 9.302847887245458e-01 0.000000000000000e+00 1.216956410640258e+00 0.000000000000000e+00 7.241484060157770e-01 
3.436726619134745e-01 0.000000000000000e+00 7.082635517546797e-01 0.000000000000000e+00 0.000000000000000e+00 0.000000000000000e+00 0.000000000000000e+00 0.000000000000000e+00 0.000000000000000e+00 9.040985757156533e-01 0.000000000000000e+00 0.000000000000000e+00 3.518252503107208e-01 0.000000000000000e+00 1.102587680368852e+00 0.000000000000000e+00 0.000000000000000e+00 0.000000000000000e+00 0.000000000000000e+00 8.384890466975642e-01 5.217581589457810e-01 1.873595877390926e-01 0.000000000000000e+00 0.000000000000000e+00 5.558773342729452e-01 
5.133442701665448e-01 0.000000000000000e+00 3.285023866228690e-01 7.190026319079577e-01 3.469736798035157e-01 0.000000000000000e+00 6.704394640527055e-01 0.000000000000000e+00 8.017384312252670e-01 0.000000000000000e+00 0.000000000000000e+00 0.000000000000000e+00 0.000000000000000e+00 5.454817761793229e-02 0.000000000000000e+00 1.381521317729591e+00 0.000000000000000e+00 0.000000000000000e+00 0.000000000000000e+00 0.000000000000000e+00 0.000000000000000e+00 0.000000000000000e+00 0.000000000000000e+00 0.000000000000000e+00 0.000000000000000e+00 
0.000000000000000e+00 0.000000000000000e+00 0.000000000000000e+00 0.000000000000000e+00 0.000000000000000e+00 7.471174074605488e-01 8.957216347462954e-01 4.852634244941745e-01 5.946931562970408e-01 1.023259711075328e+00 0.000000000000000e+00 0.000000000000000e+00 0.000000000000000e+00 0.000000000000000e+00 2.577443932386548e-01 1.011681204164064e+00 0.000000000000000e+00 0.000000000000000e+00 7.464993296959835e-02 0.000000000000000e+00 0.000000000000000e+00 0.000000000000000e+00 0.000000000000000e+00 0.000000000000000e+00 0.000000000000000e+00 
3.401102817289688e-01 7.091100778972728e-01 3.697976913991427e-01 0.000000000000000e+00 0.000000000000000e+00 5.964456704726223e-01 0.000000000000000e+00 5.722135104809839e-01 0.000000000000000e+00 6.185082457285999e-01 0.000000000000000e+00 0.000000000000000e+00 0.000000000000000e+00 0.000000000000000e+00 3.261572182905357e-01 5.974722451499052e-01 0.000000000000000e+00 5.210607257405189e-01 0.000000000000000e+00 0.000000000000000e+00 0.000000000000000e+00 0.000000000000000e+00 0.000000000000000e+00 5.779116030402906e-01 0.000000000000000e+00 
0.000000000000000e+00 1.423048405470915e+00 0.000000000000000e+00 0.000000000000000e+00 0.000000000000000e+00 0.000000000000000e+00 5.933109927559849e-01 2.620407035204643e-01 8.367981657758647e-01 0.000000000000000e+00 0.000000000000000e+00 0.000000000000000e+00 0.000000000000000e+00 0.000000000000000e+00 5.902793331156478e-01 4.097365704467693e-01 0.000000000000000e+00 0.000000000000000e+00 3.217135876413930e-01 0.000000000000000e+00 0.000000000000000e+00 0.000000000000000e+00 6.455865995912061e-01 0.000000000000000e+00 5.692461557488879e-01 
4.039265133469507e-01 0.000000000000000e+00 0.000000000000000e+00 6.474954364960096e-01 4.029385918837791e-01 0.000000000000000e+00 5.145768454084196e-01 4.574284655128290e-01 0.000000000000000e+00 4.181013508115084e-01 0.000000000000000e+00 7.499444080955529e-01 2.169269470671037e-01 9.035539434621513e-01 6.492623331196533e-01 0.000000000000000e+00 0.000000000000000e+00 0.000000000000000e+00 0.000000000000000e+00 0.000000000000000e+00 0.000000000000000e+00 0.000000000000000e+00 0.000000000000000e+00 0.000000000000000e+00 0.000000000000000e+00 
3.152368536115188e-01 0.000000000000000e+00 0.000000000000000e+00 3.983298396668142e-01 1.305336796241320e-01 5.892379858331528e-01 8.444752668832896e-01 5.246010167771348e-03 8.378841397838702e-01 0.000000000000000e+00 3.896072120902941e-01 0.000000000000000e+00 0.000000000000000e+00 1.905367919630914e-01 2.058887667900022e-01 0.000000000000000e+00 0.000000000000000e+00 0.000000000000000e+00 8.621190481037229e-01 0.000000000000000e+00 0.000000000000000e+00 0.000000000000000e+00 0.000000000000000e+00 0.000000000000000e+00 0.000000000000000e+00 
7.723906897822172e-01 0.000000000000000e+00 0.000000000000000e+00 0.000000000000000e+00 0.000000000000000e+00 0.000000000000000e+00 0.000000000000000e+00 5.670698298300269e-01 0.000000000000000e+00 0.000000000000000e+00 0.000000000000000e+00 0.000000000000000e+00 5.232119580121167e-01 0.000000000000000e+00 0.000000000000000e+00 0.000000000000000e+00 0.000000000000000e+00 0.000000000000000e+00 0.000000000000000e+00 0.000000000000000e+00 0.000000000000000e+00 7.464241302310907e-01 8.145599937416038e-01 0.000000000000000e+00 1.802289663453433e+00 
0.000000000000000e+00 0.000000000000000e+00 9.181557900994064e-01 0.000000000000000e+00 0.000000000000000e+00 0.000000000000000e+00 0.000000000000000e+00 6.919519248067376e-01 0.000000000000000e+00 0.000000000000000e+00 0.000000000000000e+00 0.000000000000000e+00 1.034960223529203e+00 0.000000000000000e+00 9.445016020283800e-01 0.000000000000000e+00 6.126502011725379e-01 8.949975152607500e-01 0.000000000000000e+00 0.000000000000000e+00 0.000000000000000e+00 0.000000000000000e+00 3.126177430876144e-02 0.000000000000000e+00 0.000000000000000e+00 
0.000000000000000e+00 0.000000000000000e+00 0.000000000000000e+00 0.000000000000000e+00 5.202517477048761e-01 0.000000000000000e+00 7.377316853972081e-01 0.000000000000000e+00 0.000000000000000e+00 1.546087282997063e+00 0.000000000000000e+00 1.349787356521469e+00 0.000000000000000e+00 0.000000000000000e+00 0.000000000000000e+00 0.000000000000000e+00 0.000000000000000e+00 0.000000000000000e+00 0.000000000000000e+00 0.000000000000000e+00 0.000000000000000e+00 0.000000000000000e+00 0.000000000000000e+00 0.000000000000000e+00 0.000000000000000e+00 
0.000000000000000e+00 6.274728072421598e-01 3.541469988356718e-02 1.098114198998201e+00 0.000000000000000e+00 6.831056946565790e-01 0.000000000000000e+00 0.000000000000000e+00 0.000000000000000e+00 0.000000000000000e+00 0.000000000000000e+00 0.000000000000000e+00 2.586436198344877e-01 0.000000000000000e+00 0.000000000000000e+00 0.000000000000000e+00 0.000000000000000e+00 0.000000000000000e+00 8.512645978316648e-01 0.000000000000000e+00 0.000000000000000e+00 0.000000000000000e+00 0.000000000000000e+00 5.503825520482861e-01 0.000000000000000e+00 
0.000000000000000e+00 5.349029444124206e-01 8.257255246230659e-01 2.146163422581759e-01 0.000000000000000e+00 0.000000000000000e+00 0.000000000000000e+00 4.127887482753240e-01 2.702474387700851e-01 5.503651536592875e-01 0.000000000000000e+00 0.000000000000000e+00 3.096236923912856e-01 0.000000000000000e+00 0.000000000000000e+00 0.000000000000000e+00 0.000000000000000e+00 5.460991915911871e-01 6.511257573092532e-01 0.000000000000000e+00 0.000000000000000e+00 0.000000000000000e+00 0.000000000000000e+00 0.000000000000000e+00 0.000000000000000e+00 
1.279620833265635e-01 0.000000000000000e+00 0.000000000000000e+00 4.430476684720386e-01 0.000000000000000e+00 0.000000000000000e+00 0.000000000000000e+00 0.000000000000000e+00 0.000000000000000e+00 0.000000000000000e+00 4.325993244194218e-01 0.000000000000000e+00 4.024686549988730e-01 0.000000000000000e+00 0.000000000000000e+00 0.000000000000000e+00 1.887614454935806e-01 0.000000000000000e+00 0.000000000000000e+00 4.522053024016505e-01 8.803237621332274e-01 7.568569281066598e-01 6.416278683242900e-01 0.000000000000000e+00 0.000000000000000e+00 
0.000000000000000e+00 7.754813313984209e-01 0.000000000000000e+00 4.208352134344849e-01 0.000000000000000e+00 0.000000000000000e+00 4.449356497523468e-01 0.000000000000000e+00 4.858672675339862e-01 0.000000000000000e+00 0.000000000000000e+00 0.000000000000000e+00 0.000000000000000e+00 0.000000000000000e+00 0.000000000000000e+00 8.675300502815421e-01 0.000000000000000e+00 0.000000000000000e+00 6.127005380043767e-01 0.000000000000000e+00 0.000000000000000e+00 0.000000000000000e+00 0.000000000000000e+00 3.800737547829874e-01 0.000000000000000e+00 
0.000000000000000e+00 6.204605771939585e-01 3.733911379207084e-01 0.000000000000000e+00 0.000000000000000e+00 8.257563803412338e-01 0.000000000000000e+00 0.000000000000000e+00 0.000000000000000e+00 0.000000000000000e+00 3.477543427473648e-01 0.000000000000000e+00 0.000000000000000e+00 7.032655231733540e-01 0.000000000000000e+00 2.536754225228792e-01 0.000000000000000e+00 6.057893858458607e-01 0.000000000000000e+00 0.000000000000000e+00 0.000000000000000e+00 5.214064412944679e-01 0.000000000000000e+00 0.000000000000000e+00 0.000000000000000e+00 
4.342724269996696e-01 0.000000000000000e+00 0.000000000000000e+00 6.102902994712523e-01 0.000000000000000e+00 9.747531753932748e-01 0.000000000000000e+00 0.000000000000000e+00 1.403016900080239e-01 8.958791056303519e-01 0.000000000000000e+00 0.000000000000000e+00 1.015166270097639e+00 0.000000000000000e+00 0.000000000000000e+00 0.000000000000000e+00 0.000000000000000e+00 0.000000000000000e+00 2.545829633925470e-01 0.000000000000000e+00 0.000000000000000e+00 0.000000000000000e+00 0.000000000000000e+00 0.000000000000000e+00 0.000000000000000e+00 
0.000000000000000e+00 7.993212765992057e-01 2.601653689307317e-01 0.000000000000000e+00 0.000000000000000e+00 0.000000000000000e+00 1.784241396581687e-01 0.000000000000000e+00 0.000000000000000e+00 0.000000000000000e+00 7.879795376720880e-01 0.000000000000000e+00 0.000000000000000e+00 0.000000000000000e+00 1.449542468414800e-01 0.000000000000000e+00 3.873610769485313e-01 0.000000000000000e+00 4.912816274687427e-01 0.000000000000000e+00 0.000000000000000e+00 0.000000000000000e+00 4.506753752938333e-01 2.165205606139913e-01 8.924559808938049e-01 
0.000000000000000e+00 4.433615494704305e-01 0.000000000000000e+00 0.000000000000000e+00 1.045739552466999e+00 0.000000000000000e+00 0.000000000000000e+00 0.000000000000000e+00 8.758126487589243e-02 2.930066940583666e-01 0.000000000000000e+00 0.000000000000000e+00 0.000000000000000e+00 0.000000000000000e+00 0.000000000000000e+00 6.802766428500454e-01 0.000000000000000e+00 0.000000000000000e+00 1.005304701816570e+00 3.500690447696257e-01 0.000000000000000e+00 0.000000000000000e+00 1.724398872725015e-01 0.000000000000000e+00 2.967339366898164e-01 
3.120462121008018e-01 0.000000000000000e+00 1.705813600271979e-01 5.014171135487943e-01 0.000000000000000e+00 0.000000000000000e+00 9.001095607594899e-01 0.000000000000000e+00 0.000000000000000e+00 0.000000000000000e+00 0.000000000000000e+00 1.616470736926909e+00 0.000000000000000e+00 9.376311504691393e-01 0.000000000000000e+00 0.000000000000000e+00 0.000000000000000e+00 0.000000000000000e+00 0.000000000000000e+00 0.000000000000000e+00 0.000000000000000e+00 0.000000000000000e+00 0.000000000000000e+00 0.000000000000000e+00 4.740248676957166e-01 