# # File created on Fri May 17 15:42:02 2024
#  # The following metaparameters were used for this matrix optimization : gamma0 = 0.5; alpha0 = 0; sigma0 = 0.25; l0 = 1;p = 1; R0 = 1; S0 = 0.05; NR = 25; NS = 25; matrix path = matrices/Nr25_Nc25/consumption/RandTrix_Nr25_Nc25_Nest0.6_Conn0.3168.txt; convergence threshold = 1e-08
# 
1.818776846190036040e-03 3.077461257228855055e-03 4.823966810066912698e-03 0.000000000000000000e+00 0.000000000000000000e+00 0.000000000000000000e+00 4.714013990649153392e-03 2.217296534586661941e-03 2.195260754654477023e-03 0.000000000000000000e+00 0.000000000000000000e+00 0.000000000000000000e+00 0.000000000000000000e+00 6.456400234089418365e-04 0.000000000000000000e+00 2.037599277033219896e-03 2.022368520777798138e-03 1.261187903966738038e-03 2.952353700254668062e-03 0.000000000000000000e+00 2.957724700051807872e-03 0.000000000000000000e+00 9.824837189370007849e-04 2.828578039356445181e-03 0.000000000000000000e+00
3.571518250549027035e-04 1.827187697093133082e-03 0.000000000000000000e+00 1.274665485187689959e-04 0.000000000000000000e+00 0.000000000000000000e+00 1.267995773526696098e-03 0.000000000000000000e+00 1.803662603175430973e-03 1.455881583982877045e-03 0.000000000000000000e+00 0.000000000000000000e+00 7.499495700045521020e-04 2.802283584694015024e-03 0.000000000000000000e+00 0.000000000000000000e+00 3.403776953844315882e-03 3.408528533059970809e-03 4.934316385731461752e-03 1.819600124659457013e-03 0.000000000000000000e+00 7.018103315441884564e-04 4.259389268288505705e-03 3.780348515677816202e-03 4.781429437244326917e-03
1.302119838171948967e-03 6.717146452507972510e-04 0.000000000000000000e+00 0.000000000000000000e+00 4.454724656512826057e-03 0.000000000000000000e+00 3.424373669125299960e-03 4.512646496522987154e-03 0.000000000000000000e+00 1.922122155287900010e-03 1.993509833728176854e-03 0.000000000000000000e+00 8.709744401159990376e-04 0.000000000000000000e+00 0.000000000000000000e+00 0.000000000000000000e+00 4.480082894732437260e-03 0.000000000000000000e+00 2.084677786311708945e-03 0.000000000000000000e+00 0.000000000000000000e+00 1.365805551664784918e-03 3.932995200063121345e-03 0.000000000000000000e+00 0.000000000000000000e+00
3.535053902655601980e-03 0.000000000000000000e+00 0.000000000000000000e+00 1.292469248040469974e-03 0.000000000000000000e+00 3.546923302899939942e-03 2.490552216881005820e-03 0.000000000000000000e+00 0.000000000000000000e+00 0.000000000000000000e+00 0.000000000000000000e+00 2.661660079140688948e-03 0.000000000000000000e+00 4.510226830763098931e-03 0.000000000000000000e+00 6.947107453457669526e-04 2.899679879888096036e-04 0.000000000000000000e+00 0.000000000000000000e+00 0.000000000000000000e+00 2.616389351999232060e-03 0.000000000000000000e+00 0.000000000000000000e+00 0.000000000000000000e+00 0.000000000000000000e+00
0.000000000000000000e+00 0.000000000000000000e+00 0.000000000000000000e+00 0.000000000000000000e+00 0.000000000000000000e+00 0.000000000000000000e+00 0.000000000000000000e+00 1.436766822478404088e-03 4.327103719321804057e-03 0.000000000000000000e+00 0.000000000000000000e+00 1.090817009436746091e-03 0.000000000000000000e+00 4.700076350512385689e-03 0.000000000000000000e+00 2.383027796837986888e-03 0.000000000000000000e+00 0.000000000000000000e+00 4.106819858755944228e-03 1.827930137848424045e-03 6.862946907089862618e-04 0.000000000000000000e+00 4.984246699012703959e-03 2.230824870330846196e-03 0.000000000000000000e+00
0.000000000000000000e+00 0.000000000000000000e+00 1.975694948455108783e-03 1.158334012684399984e-03 1.110533103542130084e-03 1.234653511176927012e-03 0.000000000000000000e+00 0.000000000000000000e+00 4.770780780233708010e-03 0.000000000000000000e+00 4.456109780425846216e-04 3.720970300939739801e-03 2.194700860472569015e-03 0.000000000000000000e+00 4.292361502206225136e-03 3.379493694270882987e-04 0.000000000000000000e+00 0.000000000000000000e+00 5.698162663680621633e-04 0.000000000000000000e+00 0.000000000000000000e+00 0.000000000000000000e+00 0.000000000000000000e+00 1.835487919637225976e-03 1.907779002165256978e-03
0.000000000000000000e+00 2.257392346166356856e-03 4.183225502426494991e-03 4.636974608771880432e-03 0.000000000000000000e+00 0.000000000000000000e+00 1.915467990197598086e-03 0.000000000000000000e+00 0.000000000000000000e+00 0.000000000000000000e+00 2.693388877599240793e-03 3.871376268504717749e-04 0.000000000000000000e+00 0.000000000000000000e+00 9.991123046723005701e-05 0.000000000000000000e+00 3.758695339746106947e-03 0.000000000000000000e+00 2.459071618786624110e-03 0.000000000000000000e+00 0.000000000000000000e+00 5.917428370677791868e-05 0.000000000000000000e+00 1.450133932524528017e-03 0.000000000000000000e+00
0.000000000000000000e+00 0.000000000000000000e+00 9.745063167595855586e-04 0.000000000000000000e+00 1.773757856840746947e-03 0.000000000000000000e+00 4.621275442484374871e-03 2.677018611294140066e-03 4.448846617138795152e-03 9.688130769700470987e-04 2.752280620454840895e-03 0.000000000000000000e+00 0.000000000000000000e+00 0.000000000000000000e+00 4.467165169764007043e-03 0.000000000000000000e+00 0.000000000000000000e+00 1.832068525540973001e-03 5.473860518598731330e-04 0.000000000000000000e+00 3.240128517137202090e-03 0.000000000000000000e+00 0.000000000000000000e+00 0.000000000000000000e+00 2.621115546079872977e-03
0.000000000000000000e+00 0.000000000000000000e+00 3.962053452612214303e-03 0.000000000000000000e+00 0.000000000000000000e+00 1.330087376772259963e-04 0.000000000000000000e+00 1.737483733437492983e-03 0.000000000000000000e+00 3.374383417725856840e-03 0.000000000000000000e+00 2.600022976974902898e-03 1.492575447686453989e-03 0.000000000000000000e+00 0.000000000000000000e+00 0.000000000000000000e+00 3.859684075268909106e-03 0.000000000000000000e+00 0.000000000000000000e+00 0.000000000000000000e+00 0.000000000000000000e+00 2.824013798109828010e-03 0.000000000000000000e+00 3.158903696552401927e-03 0.000000000000000000e+00
1.897771356757714002e-03 0.000000000000000000e+00 4.775607448071966105e-03 1.176412359628423989e-03 0.000000000000000000e+00 0.000000000000000000e+00 1.855979512035041976e-03 3.210953025171691018e-03 3.609678599913799905e-03 0.000000000000000000e+00 0.000000000000000000e+00 4.556631924299500008e-03 0.000000000000000000e+00 0.000000000000000000e+00 4.666531231431285398e-03 1.034684906147000007e-03 0.000000000000000000e+00 3.299818845475933991e-03 1.105112840658855055e-04 2.767454464104312194e-03 3.689431012093551815e-03 0.000000000000000000e+00 2.896170421930635824e-03 2.275032014071619920e-03 4.965846776772649997e-03
3.860641773204295888e-04 9.849097475643393829e-04 3.054995886470299963e-03 0.000000000000000000e+00 0.000000000000000000e+00 1.227123591973021920e-03 0.000000000000000000e+00 3.023193562001731151e-03 0.000000000000000000e+00 3.548048414085112814e-03 0.000000000000000000e+00 0.000000000000000000e+00 0.000000000000000000e+00 3.647901324583625871e-03 1.936724014337238989e-03 4.291226628550998991e-03 0.000000000000000000e+00 0.000000000000000000e+00 4.911415859825742428e-03 4.324889702961387181e-03 0.000000000000000000e+00 0.000000000000000000e+00 0.000000000000000000e+00 0.000000000000000000e+00 0.000000000000000000e+00
3.855360708911268180e-03 0.000000000000000000e+00 1.419716977611692023e-03 1.361326972772518946e-03 0.000000000000000000e+00 0.000000000000000000e+00 2.102728060673810049e-03 4.976568551894313026e-03 0.000000000000000000e+00 2.992776458529267016e-03 0.000000000000000000e+00 4.691685956084671628e-03 4.058069751140177053e-03 0.000000000000000000e+00 0.000000000000000000e+00 0.000000000000000000e+00 0.000000000000000000e+00 2.557768031353772203e-03 2.153648296027866043e-03 0.000000000000000000e+00 0.000000000000000000e+00 0.000000000000000000e+00 1.919071945023073092e-03 0.000000000000000000e+00 0.000000000000000000e+00
0.000000000000000000e+00 0.000000000000000000e+00 4.192175544276680391e-03 0.000000000000000000e+00 0.000000000000000000e+00 2.887148241315415104e-03 9.094669918508999648e-04 0.000000000000000000e+00 0.000000000000000000e+00 4.611613140746517389e-03 0.000000000000000000e+00 0.000000000000000000e+00 0.000000000000000000e+00 0.000000000000000000e+00 1.548793361754422990e-03 1.944568156422928898e-03 3.451644250136574887e-03 9.729456900752868603e-04 8.625188070504107105e-04 0.000000000000000000e+00 4.956058002658561036e-03 3.109655630257488791e-03 0.000000000000000000e+00 4.808966597776382669e-03 0.000000000000000000e+00
9.189801094432779134e-04 4.953700996452711693e-04 0.000000000000000000e+00 0.000000000000000000e+00 0.000000000000000000e+00 0.000000000000000000e+00 0.000000000000000000e+00 1.887243797598649924e-03 5.711801314195874687e-04 3.198888405307242187e-03 2.529819157618125140e-03 0.000000000000000000e+00 0.000000000000000000e+00 3.986275668300112360e-03 2.889725102145392945e-03 0.000000000000000000e+00 0.000000000000000000e+00 0.000000000000000000e+00 3.049564221032607849e-03 1.305503496793807006e-03 3.800723424976695970e-03 7.284594346652987487e-04 3.867301087828622919e-03 0.000000000000000000e+00 0.000000000000000000e+00
2.328575395673867197e-03 4.061291820683097728e-03 4.241911433231098684e-03 0.000000000000000000e+00 3.802679798434351836e-03 4.673073580464292762e-03 2.209737607452103188e-03 4.417238754458394610e-03 0.000000000000000000e+00 2.406164396822145154e-03 4.238593812968555023e-03 0.000000000000000000e+00 3.511260218598434048e-03 3.825714273596445003e-03 0.000000000000000000e+00 0.000000000000000000e+00 0.000000000000000000e+00 0.000000000000000000e+00 0.000000000000000000e+00 1.424370584763693954e-04 4.180521182745314084e-03 4.652940911689032802e-03 1.344014211323093068e-03 0.000000000000000000e+00 0.000000000000000000e+00
9.267377934421809496e-04 0.000000000000000000e+00 0.000000000000000000e+00 0.000000000000000000e+00 0.000000000000000000e+00 2.329112621196502105e-04 0.000000000000000000e+00 1.080144172685357012e-03 0.000000000000000000e+00 0.000000000000000000e+00 0.000000000000000000e+00 3.587400390365392058e-03 3.831541774943816089e-03 4.928747112671746748e-03 1.965273015249032092e-03 0.000000000000000000e+00 0.000000000000000000e+00 1.983012332758951179e-03 0.000000000000000000e+00 1.919387273521445990e-03 2.300237588433788789e-03 3.665903070165454913e-03 0.000000000000000000e+00 0.000000000000000000e+00 4.777420866914332959e-03
4.242979282318281621e-03 8.617324695575069539e-04 0.000000000000000000e+00 2.750808488920384199e-03 0.000000000000000000e+00 5.778209238302651563e-04 0.000000000000000000e+00 0.000000000000000000e+00 0.000000000000000000e+00 0.000000000000000000e+00 0.000000000000000000e+00 0.000000000000000000e+00 0.000000000000000000e+00 1.016793124065533014e-03 0.000000000000000000e+00 3.687815537248434212e-03 2.135649185968734216e-03 0.000000000000000000e+00 3.646905344744468848e-03 4.664454665379245794e-03 2.087222196951591877e-03 0.000000000000000000e+00 0.000000000000000000e+00 3.274792060204079029e-03 7.144498167811590139e-04
0.000000000000000000e+00 3.005528847719510840e-03 0.000000000000000000e+00 6.392497625843673349e-04 3.942279595442427058e-03 0.000000000000000000e+00 3.292568027323593965e-03 0.000000000000000000e+00 0.000000000000000000e+00 4.127258345981483882e-03 0.000000000000000000e+00 2.365060251057443056e-03 0.000000000000000000e+00 0.000000000000000000e+00 2.136847287138481978e-04 3.902654058254584075e-03 1.627061858009424102e-03 3.309552794059397989e-03 0.000000000000000000e+00 3.649184229605714844e-03 1.801882606467326104e-03 1.545538888074444008e-03 1.395712461476319088e-04 0.000000000000000000e+00 1.839309039678042011e-03
1.229270700172447987e-03 2.327064309517669089e-03 3.753596648917664931e-03 2.432356455366642065e-03 0.000000000000000000e+00 0.000000000000000000e+00 0.000000000000000000e+00 3.406042208794893018e-03 1.500624293666760062e-03 0.000000000000000000e+00 3.922596603679208600e-03 2.203701214437301867e-03 1.702625347755137982e-03 1.230812404867890047e-03 0.000000000000000000e+00 0.000000000000000000e+00 3.999438140417603017e-03 0.000000000000000000e+00 0.000000000000000000e+00 1.721831050444295932e-03 6.440676378958622291e-04 2.018369810811027152e-03 3.494973570482208091e-03 2.631998790031292099e-03 4.356549384808795430e-03
0.000000000000000000e+00 1.072615877118067050e-03 0.000000000000000000e+00 2.022226517946060838e-03 0.000000000000000000e+00 0.000000000000000000e+00 2.316275128509260109e-03 0.000000000000000000e+00 3.133557872353082054e-03 0.000000000000000000e+00 0.000000000000000000e+00 0.000000000000000000e+00 0.000000000000000000e+00 1.157612363452715978e-03 0.000000000000000000e+00 1.791351675285046035e-03 0.000000000000000000e+00 0.000000000000000000e+00 1.643990956333950954e-03 1.392039399358053001e-03 0.000000000000000000e+00 0.000000000000000000e+00 8.522694435537464747e-04 4.383426813720337802e-03 0.000000000000000000e+00
0.000000000000000000e+00 1.438974558839186931e-03 3.060684290827409178e-03 0.000000000000000000e+00 0.000000000000000000e+00 2.320394039850067185e-03 4.788985623244795776e-04 6.699269776963408208e-04 0.000000000000000000e+00 0.000000000000000000e+00 0.000000000000000000e+00 1.574716987268036080e-03 1.291954180804880071e-03 3.630589842860887026e-03 0.000000000000000000e+00 0.000000000000000000e+00 0.000000000000000000e+00 0.000000000000000000e+00 2.749036130096207085e-03 0.000000000000000000e+00 0.000000000000000000e+00 0.000000000000000000e+00 0.000000000000000000e+00 0.000000000000000000e+00 0.000000000000000000e+00
2.366087507573957048e-03 1.086862643685816091e-03 0.000000000000000000e+00 8.183997623597668767e-05 0.000000000000000000e+00 0.000000000000000000e+00 0.000000000000000000e+00 0.000000000000000000e+00 0.000000000000000000e+00 4.678845891967863338e-03 0.000000000000000000e+00 0.000000000000000000e+00 3.338283981996021006e-03 1.971261984690780009e-04 0.000000000000000000e+00 0.000000000000000000e+00 0.000000000000000000e+00 0.000000000000000000e+00 0.000000000000000000e+00 0.000000000000000000e+00 0.000000000000000000e+00 1.315320682261906886e-04 0.000000000000000000e+00 4.033389620823888029e-03 0.000000000000000000e+00
0.000000000000000000e+00 1.522778399279249009e-03 3.561246693868749900e-03 0.000000000000000000e+00 1.181941499205913957e-03 0.000000000000000000e+00 3.340608817431282070e-03 0.000000000000000000e+00 1.749526700690176887e-04 2.633197590432846159e-03 9.814438465493868259e-04 2.155394141307308015e-03 0.000000000000000000e+00 1.695087210296124984e-03 3.267898283732216958e-03 0.000000000000000000e+00 2.447124883877342910e-04 0.000000000000000000e+00 0.000000000000000000e+00 0.000000000000000000e+00 2.210165372552877049e-03 2.743381121174076880e-03 2.138987431669066991e-03 0.000000000000000000e+00 2.789396709709535908e-03
1.529523665983787946e-03 3.533773875759810192e-03 4.128369220302260598e-03 2.116228972854961032e-03 0.000000000000000000e+00 4.769459881422635598e-03 0.000000000000000000e+00 6.449824276207488140e-04 0.000000000000000000e+00 0.000000000000000000e+00 0.000000000000000000e+00 4.034484276785149127e-03 1.058648622196594951e-03 2.578240129812615824e-03 3.990884801294924608e-03 2.474283783370290809e-03 0.000000000000000000e+00 2.355423844875124875e-03 0.000000000000000000e+00 0.000000000000000000e+00 0.000000000000000000e+00 0.000000000000000000e+00 1.048662014822438100e-03 4.512341184178234738e-03 0.000000000000000000e+00
1.656267221049941918e-03 0.000000000000000000e+00 1.268042610980973971e-03 0.000000000000000000e+00 4.868676150574091123e-03 3.871215412701811860e-03 0.000000000000000000e+00 1.478284590339640952e-03 2.422651051434963985e-03 0.000000000000000000e+00 3.799238131073807978e-03 0.000000000000000000e+00 0.000000000000000000e+00 0.000000000000000000e+00 0.000000000000000000e+00 1.301330329143691967e-03 4.503235077250484185e-03 4.831284703157576361e-03 0.000000000000000000e+00 0.000000000000000000e+00 0.000000000000000000e+00 0.000000000000000000e+00 4.306078456310979963e-03 0.000000000000000000e+00 1.174467735090918910e-03
