# # File created on Fri May 17 15:41:49 2024
#  # The following metaparameters were used for this matrix optimization : gamma0 = 0.5; alpha0 = 0; sigma0 = 0.25; l0 = 1;p = 1; R0 = 1; S0 = 0.05; NR = 25; NS = 25; matrix path = matrices/Nr25_Nc25/consumption/RandTrix_Nr25_Nc25_Nest0.3_Conn0.2816.txt; convergence threshold = 1e-08
# 
0.000000000000000000e+00 0.000000000000000000e+00 0.000000000000000000e+00 1.253197059238865931e-03 4.046819626991917697e-03 4.490824743521829206e-03 0.000000000000000000e+00 2.968001225033798079e-03 1.688968418044136961e-04 0.000000000000000000e+00 6.077492401221922967e-04 2.439406909584106034e-04 0.000000000000000000e+00 0.000000000000000000e+00 3.577357328451265944e-03 3.838092083793491873e-04 0.000000000000000000e+00 1.345935283502958015e-03 1.489420385488299898e-03 4.905420543322915918e-03 2.231053369787737092e-03 2.227980105821934179e-03 3.523601174219332874e-03 3.133688702055300104e-03 0.000000000000000000e+00
0.000000000000000000e+00 4.657877699131045095e-03 1.829718183013739072e-03 0.000000000000000000e+00 0.000000000000000000e+00 0.000000000000000000e+00 0.000000000000000000e+00 0.000000000000000000e+00 4.907031165866563606e-03 8.215744001427013540e-04 3.187326691154531919e-03 1.023738470437796956e-03 2.508571816211873935e-03 0.000000000000000000e+00 4.704001125302658196e-03 0.000000000000000000e+00 3.483352973599286150e-03 3.647150227141131903e-03 4.211084488881590947e-03 0.000000000000000000e+00 4.756728746681032974e-03 0.000000000000000000e+00 0.000000000000000000e+00 0.000000000000000000e+00 1.713027678327989911e-03
0.000000000000000000e+00 0.000000000000000000e+00 0.000000000000000000e+00 4.868162942733888013e-03 0.000000000000000000e+00 0.000000000000000000e+00 0.000000000000000000e+00 0.000000000000000000e+00 1.451387934346237045e-03 0.000000000000000000e+00 0.000000000000000000e+00 0.000000000000000000e+00 2.098583730820157214e-03 5.729609731506011888e-04 3.024941515738767839e-03 2.379193464627055946e-03 0.000000000000000000e+00 0.000000000000000000e+00 3.907639430805322049e-03 1.624878689037357075e-03 3.874296025659553205e-03 0.000000000000000000e+00 1.170699463609570093e-03 0.000000000000000000e+00 0.000000000000000000e+00
0.000000000000000000e+00 4.914463825390519812e-03 5.826103845668336801e-04 1.377112588315799069e-03 2.436321900507676212e-03 1.020454881529976902e-03 0.000000000000000000e+00 0.000000000000000000e+00 4.698283193344787376e-03 4.511225969943273920e-03 2.404490591569176904e-03 2.685544291207873132e-03 0.000000000000000000e+00 0.000000000000000000e+00 2.589334952634388034e-03 3.242698076529357959e-03 0.000000000000000000e+00 4.228235658036450309e-03 0.000000000000000000e+00 3.251391958003163954e-03 1.392584394251475096e-03 0.000000000000000000e+00 3.126747369572654197e-03 1.186487642113766007e-04 1.327064610225386909e-03
0.000000000000000000e+00 0.000000000000000000e+00 4.436983268962519170e-03 4.985093249784252646e-03 3.340538435269867126e-03 0.000000000000000000e+00 0.000000000000000000e+00 2.195102153518234140e-03 0.000000000000000000e+00 0.000000000000000000e+00 0.000000000000000000e+00 3.881768606426516926e-03 0.000000000000000000e+00 7.600594930640701451e-04 3.023845117255917047e-03 0.000000000000000000e+00 0.000000000000000000e+00 1.968159303315857814e-03 0.000000000000000000e+00 2.474665381049967212e-03 3.441022170097955972e-04 3.227164540660490150e-03 1.165616124073767931e-03 3.338587800819027909e-03 3.026324747092400905e-03
1.513146016952364903e-04 0.000000000000000000e+00 0.000000000000000000e+00 3.698454432728053801e-03 2.409822189221841153e-03 0.000000000000000000e+00 0.000000000000000000e+00 0.000000000000000000e+00 3.681518148881764065e-03 0.000000000000000000e+00 3.468089937493045154e-03 4.819907273056571288e-03 0.000000000000000000e+00 0.000000000000000000e+00 1.566990177858607058e-03 0.000000000000000000e+00 2.887093876907117964e-03 0.000000000000000000e+00 3.096640348621012163e-03 0.000000000000000000e+00 4.132627158725829183e-03 0.000000000000000000e+00 0.000000000000000000e+00 1.720870754594978945e-03 0.000000000000000000e+00
0.000000000000000000e+00 0.000000000000000000e+00 4.735198666538847044e-03 2.486040965480165125e-03 0.000000000000000000e+00 0.000000000000000000e+00 2.165726400567568894e-03 0.000000000000000000e+00 9.658941038574739638e-04 2.441625885738556070e-03 3.588029868132754010e-03 0.000000000000000000e+00 0.000000000000000000e+00 1.784648403857450960e-03 2.560801584621786881e-03 4.713259445455544872e-03 0.000000000000000000e+00 0.000000000000000000e+00 2.737342165069958817e-03 3.854902842748586089e-03 3.865817783599664013e-03 2.370664714337058880e-03 0.000000000000000000e+00 0.000000000000000000e+00 3.671381650005414114e-03
4.121241593167451235e-03 0.000000000000000000e+00 4.333885979295720031e-03 4.561959779842012126e-03 3.634469536866575048e-03 3.162428162648167184e-03 0.000000000000000000e+00 0.000000000000000000e+00 3.073636877898741041e-04 3.894310329668608170e-03 0.000000000000000000e+00 1.518487274439877946e-03 5.726947241503798540e-04 3.380462933116955108e-03 5.444422057201073065e-04 0.000000000000000000e+00 0.000000000000000000e+00 0.000000000000000000e+00 2.781853881674979916e-03 0.000000000000000000e+00 0.000000000000000000e+00 0.000000000000000000e+00 4.400495110979892738e-03 4.233074338918099179e-03 3.707132473907067804e-03
4.818153129522570119e-04 0.000000000000000000e+00 0.000000000000000000e+00 0.000000000000000000e+00 3.202293779844189920e-04 2.495405042388057059e-03 0.000000000000000000e+00 1.926672922726584093e-03 9.324306175884738664e-05 0.000000000000000000e+00 0.000000000000000000e+00 0.000000000000000000e+00 1.702069499616460898e-03 0.000000000000000000e+00 3.367022436957251962e-03 0.000000000000000000e+00 3.411324770275411897e-03 0.000000000000000000e+00 0.000000000000000000e+00 0.000000000000000000e+00 0.000000000000000000e+00 1.603804351296590899e-03 2.945328478834864216e-03 4.317959749138447142e-03 0.000000000000000000e+00
0.000000000000000000e+00 0.000000000000000000e+00 0.000000000000000000e+00 4.399862633342251084e-03 4.457749063415406172e-03 2.827216110050015125e-03 0.000000000000000000e+00 4.637636508548525875e-03 0.000000000000000000e+00 0.000000000000000000e+00 0.000000000000000000e+00 0.000000000000000000e+00 2.851958156545823103e-03 9.015255449574048575e-04 0.000000000000000000e+00 0.000000000000000000e+00 0.000000000000000000e+00 3.168001241872869106e-03 4.758083084618680743e-03 0.000000000000000000e+00 0.000000000000000000e+00 2.304635245587302855e-03 0.000000000000000000e+00 0.000000000000000000e+00 1.165631133437776976e-03
0.000000000000000000e+00 0.000000000000000000e+00 0.000000000000000000e+00 0.000000000000000000e+00 0.000000000000000000e+00 0.000000000000000000e+00 1.381570281509165088e-03 0.000000000000000000e+00 0.000000000000000000e+00 0.000000000000000000e+00 0.000000000000000000e+00 3.216627683952269067e-03 3.441102079252841839e-03 0.000000000000000000e+00 0.000000000000000000e+00 2.620027013961875092e-03 2.287845754806532104e-03 4.061145864814534601e-03 4.121887918466226111e-03 0.000000000000000000e+00 4.350194039137171738e-03 6.923127904008064860e-04 3.299058956954022213e-03 0.000000000000000000e+00 0.000000000000000000e+00
0.000000000000000000e+00 1.410829587666655952e-03 0.000000000000000000e+00 0.000000000000000000e+00 0.000000000000000000e+00 0.000000000000000000e+00 4.199655645091664169e-03 0.000000000000000000e+00 1.424062068779424024e-03 2.302647705163566975e-03 3.910879499381187362e-03 0.000000000000000000e+00 0.000000000000000000e+00 0.000000000000000000e+00 0.000000000000000000e+00 0.000000000000000000e+00 0.000000000000000000e+00 0.000000000000000000e+00 0.000000000000000000e+00 2.884441066501370774e-04 1.343312328479170123e-04 0.000000000000000000e+00 0.000000000000000000e+00 4.258499605532956034e-03 3.556054403008710937e-03
2.453446752346004800e-04 4.695709890912320647e-03 3.505112662579064212e-04 4.816288498279077020e-03 3.126386225286366155e-04 4.070431098558270275e-03 3.827334017130412051e-03 4.969508666474175412e-03 0.000000000000000000e+00 0.000000000000000000e+00 0.000000000000000000e+00 0.000000000000000000e+00 4.677358766086441196e-03 8.559181012318060324e-04 1.805002217651002034e-03 0.000000000000000000e+00 0.000000000000000000e+00 0.000000000000000000e+00 1.058912709823088940e-03 0.000000000000000000e+00 0.000000000000000000e+00 3.048747961800722921e-03 3.847818482592421999e-03 3.903026824272852208e-03 2.405582646787173158e-03
4.917026913552077425e-03 1.222804605897920022e-03 0.000000000000000000e+00 3.544512976560036167e-04 4.332512023284616591e-03 0.000000000000000000e+00 5.624159910945674464e-04 0.000000000000000000e+00 3.082556012125881213e-03 0.000000000000000000e+00 3.823547981446768964e-03 0.000000000000000000e+00 3.385867860010798123e-03 0.000000000000000000e+00 3.648122443177396861e-03 8.124095192752995654e-04 0.000000000000000000e+00 0.000000000000000000e+00 3.557438240174589750e-04 0.000000000000000000e+00 4.992483207967445165e-03 1.358161537997360944e-03 5.593265776345897550e-04 0.000000000000000000e+00 0.000000000000000000e+00
0.000000000000000000e+00 0.000000000000000000e+00 0.000000000000000000e+00 0.000000000000000000e+00 4.494257580358236061e-03 0.000000000000000000e+00 0.000000000000000000e+00 1.719100973458348967e-03 1.759273232388081001e-03 0.000000000000000000e+00 0.000000000000000000e+00 0.000000000000000000e+00 1.005744398961600991e-03 2.333995213416090956e-03 0.000000000000000000e+00 0.000000000000000000e+00 0.000000000000000000e+00 0.000000000000000000e+00 0.000000000000000000e+00 4.371423237083267230e-03 0.000000000000000000e+00 0.000000000000000000e+00 0.000000000000000000e+00 3.210471484184664048e-03 0.000000000000000000e+00
0.000000000000000000e+00 3.453667702667488973e-03 4.140367844309352299e-03 5.365512706951403683e-04 0.000000000000000000e+00 3.352224556833312968e-03 0.000000000000000000e+00 0.000000000000000000e+00 4.912245937500854705e-03 0.000000000000000000e+00 0.000000000000000000e+00 1.146061322498503031e-03 0.000000000000000000e+00 4.190188209299150132e-03 0.000000000000000000e+00 3.948866467648918382e-03 0.000000000000000000e+00 7.499713422998357127e-04 0.000000000000000000e+00 3.480076582328378142e-03 0.000000000000000000e+00 3.370763380883219206e-03 9.826537957899551985e-04 0.000000000000000000e+00 2.105823135201930103e-03
4.629957288779135670e-03 0.000000000000000000e+00 4.851157077742743705e-03 3.605875736527645870e-03 1.212228652897413958e-03 2.341252620861101943e-03 0.000000000000000000e+00 0.000000000000000000e+00 0.000000000000000000e+00 0.000000000000000000e+00 0.000000000000000000e+00 0.000000000000000000e+00 0.000000000000000000e+00 2.813203792517498907e-03 0.000000000000000000e+00 4.294872572228687103e-03 0.000000000000000000e+00 2.061555811964130931e-04 3.317884105458644099e-03 0.000000000000000000e+00 1.679021291561749079e-03 3.981552361658984192e-03 3.765087570163260216e-03 0.000000000000000000e+00 0.000000000000000000e+00
3.155600974118808019e-04 0.000000000000000000e+00 1.451145507194791955e-04 0.000000000000000000e+00 0.000000000000000000e+00 2.280313476206460941e-03 0.000000000000000000e+00 0.000000000000000000e+00 4.103223435192490144e-03 0.000000000000000000e+00 0.000000000000000000e+00 0.000000000000000000e+00 3.518422737135146975e-03 2.108048862935280043e-03 0.000000000000000000e+00 0.000000000000000000e+00 4.263272255775703810e-03 2.041053813932733850e-03 0.000000000000000000e+00 0.000000000000000000e+00 4.584305401701752915e-03 0.000000000000000000e+00 2.225239406376913840e-03 0.000000000000000000e+00 0.000000000000000000e+00
0.000000000000000000e+00 0.000000000000000000e+00 0.000000000000000000e+00 3.762408072823055817e-03 0.000000000000000000e+00 2.127254511641058811e-03 0.000000000000000000e+00 2.063804934354881038e-03 0.000000000000000000e+00 0.000000000000000000e+00 0.000000000000000000e+00 0.000000000000000000e+00 0.000000000000000000e+00 0.000000000000000000e+00 7.719436048988473527e-05 1.105272183021878060e-03 0.000000000000000000e+00 0.000000000000000000e+00 4.164747506080470826e-03 0.000000000000000000e+00 1.266517335672478085e-03 0.000000000000000000e+00 0.000000000000000000e+00 1.913237434137516984e-04 0.000000000000000000e+00
0.000000000000000000e+00 3.815789052502773816e-03 0.000000000000000000e+00 0.000000000000000000e+00 0.000000000000000000e+00 0.000000000000000000e+00 3.047663427585462197e-03 3.738032778915019796e-03 0.000000000000000000e+00 1.613548177513400052e-03 0.000000000000000000e+00 0.000000000000000000e+00 4.209823425614913663e-03 0.000000000000000000e+00 3.391464031385427094e-03 0.000000000000000000e+00 0.000000000000000000e+00 2.163556857109494996e-04 0.000000000000000000e+00 4.835464401071571175e-03 3.562646210686132211e-03 2.337954763697976113e-03 0.000000000000000000e+00 1.406105305674424950e-03 0.000000000000000000e+00
4.999641548570480688e-03 1.537307306769755992e-03 3.118158865507928128e-03 2.244199352978169804e-03 0.000000000000000000e+00 1.524011317371437102e-03 0.000000000000000000e+00 0.000000000000000000e+00 0.000000000000000000e+00 0.000000000000000000e+00 1.394349667248805059e-03 4.533072800770682155e-04 2.297560599678621137e-03 6.174296179565257536e-04 4.004477702279247119e-03 0.000000000000000000e+00 0.000000000000000000e+00 0.000000000000000000e+00 2.858684047832805216e-03 0.000000000000000000e+00 0.000000000000000000e+00 0.000000000000000000e+00 1.655407782676701894e-03 2.249850384984148147e-03 2.869362496877279206e-03
0.000000000000000000e+00 1.509865721924516036e-03 4.989027130072640204e-03 0.000000000000000000e+00 0.000000000000000000e+00 0.000000000000000000e+00 0.000000000000000000e+00 1.226862170517466905e-03 2.236611702613982081e-03 0.000000000000000000e+00 1.111637198173994097e-03 0.000000000000000000e+00 3.030446064911102109e-03 0.000000000000000000e+00 3.617216201657267195e-03 3.204153956489954030e-03 0.000000000000000000e+00 0.000000000000000000e+00 2.055257038210334206e-03 0.000000000000000000e+00 0.000000000000000000e+00 0.000000000000000000e+00 0.000000000000000000e+00 0.000000000000000000e+00 2.283061264777978914e-03
2.859403208103529145e-03 4.017587256246817583e-03 2.532610359558302212e-03 2.812673414230409865e-03 0.000000000000000000e+00 0.000000000000000000e+00 0.000000000000000000e+00 0.000000000000000000e+00 0.000000000000000000e+00 6.698646444158882140e-04 2.668443330763747932e-03 1.075352830588313988e-04 0.000000000000000000e+00 4.311044423364306273e-03 0.000000000000000000e+00 0.000000000000000000e+00 0.000000000000000000e+00 0.000000000000000000e+00 0.000000000000000000e+00 0.000000000000000000e+00 0.000000000000000000e+00 0.000000000000000000e+00 0.000000000000000000e+00 7.777961907863864500e-04 0.000000000000000000e+00
0.000000000000000000e+00 2.655014815841029961e-03 1.042186048061530056e-04 6.214525810113279017e-04 0.000000000000000000e+00 0.000000000000000000e+00 4.454968779804072132e-04 0.000000000000000000e+00 3.524943112965595211e-03 0.000000000000000000e+00 3.582784686429833863e-03 0.000000000000000000e+00 0.000000000000000000e+00 3.122773343343651815e-03 0.000000000000000000e+00 7.765471343160723064e-04 0.000000000000000000e+00 0.000000000000000000e+00 0.000000000000000000e+00 0.000000000000000000e+00 3.601571158396649989e-03 0.000000000000000000e+00 0.000000000000000000e+00 0.000000000000000000e+00 0.000000000000000000e+00
0.000000000000000000e+00 0.000000000000000000e+00 0.000000000000000000e+00 1.538879409177764963e-03 7.686616500576826420e-05 0.000000000000000000e+00 0.000000000000000000e+00 0.000000000000000000e+00 0.000000000000000000e+00 0.000000000000000000e+00 3.430450940255536877e-03 3.341530550280285856e-03 0.000000000000000000e+00 0.000000000000000000e+00 8.848031319665443329e-04 2.803155291797268089e-03 0.000000000000000000e+00 3.140708439255394079e-03 0.000000000000000000e+00 1.258290492632383904e-03 0.000000000000000000e+00 1.931282228814553987e-03 2.845940360486525107e-03 0.000000000000000000e+00 0.000000000000000000e+00
