# # File created on Fri May 17 15:42:06 2024
#  # The following metaparameters were used for this matrix optimization : gamma0 = 0.5; alpha0 = 0; sigma0 = 0.25; l0 = 1;p = 1; R0 = 1; S0 = 0.05; NR = 25; NS = 25; matrix path = matrices/Nr25_Nc25/consumption/RandTrix_Nr25_Nc25_Nest0.5_Conn0.32.txt; convergence threshold = 1e-08
# 
0.000000000000000000e+00 8.986720095285304077e-04 2.247122911408057800e-03 4.520679467063053701e-03 0.000000000000000000e+00 0.000000000000000000e+00 2.007216633268294175e-03 2.125053325487331923e-04 0.000000000000000000e+00 0.000000000000000000e+00 0.000000000000000000e+00 2.917965343377815126e-03 0.000000000000000000e+00 4.123858020813338243e-03 1.531725140395826966e-03 2.314096219773085876e-03 3.173073255831386995e-04 0.000000000000000000e+00 0.000000000000000000e+00 0.000000000000000000e+00 4.654399308524556633e-03 8.734555843806464989e-04 0.000000000000000000e+00 0.000000000000000000e+00 1.763894709579328897e-03
0.000000000000000000e+00 6.902396201016803342e-04 4.692628953662262778e-03 0.000000000000000000e+00 4.548342938861999786e-03 3.423769725749965017e-03 0.000000000000000000e+00 1.504929026655937993e-03 1.256504336503251997e-03 0.000000000000000000e+00 2.106198427082800213e-03 0.000000000000000000e+00 3.588429987876294840e-03 0.000000000000000000e+00 0.000000000000000000e+00 4.761318539421608245e-04 2.802336067861118090e-03 4.235315755259302928e-03 1.994407706160055034e-03 0.000000000000000000e+00 1.465839423533068131e-04 0.000000000000000000e+00 2.877250034579323813e-03 0.000000000000000000e+00 1.638266659193793936e-03
4.299556630503510897e-03 1.655131973564749007e-03 0.000000000000000000e+00 4.331145117367650108e-03 0.000000000000000000e+00 3.227009861022663191e-03 0.000000000000000000e+00 0.000000000000000000e+00 1.099696391698497039e-03 0.000000000000000000e+00 0.000000000000000000e+00 0.000000000000000000e+00 0.000000000000000000e+00 3.802957931900283976e-03 0.000000000000000000e+00 6.696187622264485962e-04 3.020281469368396783e-04 0.000000000000000000e+00 3.959999115996556615e-03 0.000000000000000000e+00 0.000000000000000000e+00 2.305122919286549821e-03 0.000000000000000000e+00 0.000000000000000000e+00 0.000000000000000000e+00
1.770351568381883962e-03 0.000000000000000000e+00 0.000000000000000000e+00 1.108836229780864021e-03 0.000000000000000000e+00 3.588866579239526153e-03 3.764224852562171944e-03 3.592654490732222899e-03 0.000000000000000000e+00 4.247004087421902586e-03 1.276923538772413089e-03 0.000000000000000000e+00 1.458653212898054947e-03 2.450366577701963786e-03 3.880434778948122030e-03 0.000000000000000000e+00 1.434763982896395057e-03 0.000000000000000000e+00 0.000000000000000000e+00 1.194192992887202097e-03 0.000000000000000000e+00 2.385350805491055857e-03 0.000000000000000000e+00 0.000000000000000000e+00 0.000000000000000000e+00
0.000000000000000000e+00 0.000000000000000000e+00 0.000000000000000000e+00 1.759075347011249948e-03 0.000000000000000000e+00 4.509437049358157139e-03 0.000000000000000000e+00 4.542472822296370408e-03 0.000000000000000000e+00 0.000000000000000000e+00 4.167762020645214040e-03 3.314817546339202028e-03 4.112886440618176986e-03 2.128603780858578064e-03 0.000000000000000000e+00 2.295667985423193065e-03 0.000000000000000000e+00 0.000000000000000000e+00 1.413859714822931048e-03 0.000000000000000000e+00 0.000000000000000000e+00 0.000000000000000000e+00 0.000000000000000000e+00 0.000000000000000000e+00 2.834400332967358053e-03
0.000000000000000000e+00 2.039700551896368209e-03 2.533852254543128828e-03 0.000000000000000000e+00 4.092689114719315693e-03 4.936325455756417936e-03 7.732901037698590701e-04 0.000000000000000000e+00 0.000000000000000000e+00 1.187810609277742055e-03 0.000000000000000000e+00 0.000000000000000000e+00 4.837806806993963891e-03 4.157746841064889967e-03 2.278546628255148209e-03 7.999169042297124988e-04 2.022494034143714880e-03 0.000000000000000000e+00 3.783273665045085166e-03 0.000000000000000000e+00 0.000000000000000000e+00 0.000000000000000000e+00 2.998749634716693906e-03 3.083810238229660154e-03 0.000000000000000000e+00
0.000000000000000000e+00 8.370561441825396902e-04 0.000000000000000000e+00 0.000000000000000000e+00 2.344813360864041185e-03 0.000000000000000000e+00 7.132656190234000666e-05 0.000000000000000000e+00 0.000000000000000000e+00 4.565985337362621181e-03 6.141943189505538834e-04 0.000000000000000000e+00 2.183757078189743021e-03 8.846452891670773117e-04 0.000000000000000000e+00 0.000000000000000000e+00 1.438066061667984952e-03 3.849227340888656916e-03 1.807090511030820003e-03 3.556654549684185995e-03 1.005433651911183911e-03 0.000000000000000000e+00 1.893651360403940951e-03 6.176557614306148972e-04 0.000000000000000000e+00
7.381588314744443524e-04 0.000000000000000000e+00 2.278503877600751050e-03 1.502366263789298986e-03 1.673979296086100001e-03 0.000000000000000000e+00 0.000000000000000000e+00 4.922756358198763756e-04 1.370727837281105095e-03 0.000000000000000000e+00 0.000000000000000000e+00 0.000000000000000000e+00 0.000000000000000000e+00 0.000000000000000000e+00 1.949220986796197045e-03 3.743500668855479982e-03 8.981571092515744890e-04 0.000000000000000000e+00 4.757654868761155079e-03 0.000000000000000000e+00 9.450203931187404430e-04 0.000000000000000000e+00 0.000000000000000000e+00 0.000000000000000000e+00 0.000000000000000000e+00
3.477727687056714808e-03 2.231708998034452173e-03 0.000000000000000000e+00 0.000000000000000000e+00 1.422909669957958013e-03 3.044470772109733863e-03 3.268876040016519165e-03 0.000000000000000000e+00 0.000000000000000000e+00 0.000000000000000000e+00 0.000000000000000000e+00 2.309911393396864071e-04 0.000000000000000000e+00 2.725011782379049841e-03 2.127051107205396932e-03 1.063369867175805979e-03 0.000000000000000000e+00 0.000000000000000000e+00 2.866124732655613971e-04 4.531684990189668340e-03 0.000000000000000000e+00 7.062434730756528235e-04 0.000000000000000000e+00 0.000000000000000000e+00 0.000000000000000000e+00
4.957484304228865907e-03 0.000000000000000000e+00 0.000000000000000000e+00 0.000000000000000000e+00 0.000000000000000000e+00 4.295952379316549108e-03 0.000000000000000000e+00 0.000000000000000000e+00 3.570097912034146063e-03 0.000000000000000000e+00 0.000000000000000000e+00 2.692836537195185138e-03 0.000000000000000000e+00 1.758633815154361010e-03 0.000000000000000000e+00 1.181747170711391990e-03 3.565855231176206803e-03 0.000000000000000000e+00 2.162272537546915206e-03 0.000000000000000000e+00 0.000000000000000000e+00 5.103268750410264740e-04 0.000000000000000000e+00 0.000000000000000000e+00 1.715179148183439096e-03
0.000000000000000000e+00 0.000000000000000000e+00 2.339698629062092212e-03 0.000000000000000000e+00 0.000000000000000000e+00 7.324575545095397908e-04 2.311326784303189066e-03 0.000000000000000000e+00 2.662892064797695892e-03 0.000000000000000000e+00 0.000000000000000000e+00 4.295108129308447369e-03 0.000000000000000000e+00 4.888712603111714135e-03 1.798983619668640061e-03 4.608614996881222996e-03 4.453545170729604767e-04 0.000000000000000000e+00 2.801037421150284930e-03 1.182550234358080996e-03 0.000000000000000000e+00 1.696550290097170038e-03 0.000000000000000000e+00 0.000000000000000000e+00 3.430774372157110834e-03
0.000000000000000000e+00 0.000000000000000000e+00 1.488292995342384035e-03 0.000000000000000000e+00 1.022383729951698993e-04 0.000000000000000000e+00 1.919875381504995053e-03 3.722808242183669146e-03 0.000000000000000000e+00 0.000000000000000000e+00 1.922260779467939917e-03 3.155174272808077950e-03 0.000000000000000000e+00 0.000000000000000000e+00 0.000000000000000000e+00 0.000000000000000000e+00 0.000000000000000000e+00 1.200968084327120981e-03 0.000000000000000000e+00 3.270795859788264842e-03 1.097600418367479990e-03 0.000000000000000000e+00 0.000000000000000000e+00 7.980020560699724709e-04 0.000000000000000000e+00
0.000000000000000000e+00 0.000000000000000000e+00 2.822123295876307995e-03 5.038536254620066927e-04 0.000000000000000000e+00 3.024644778954195794e-03 0.000000000000000000e+00 3.127183085684184967e-03 4.605382735830483880e-04 0.000000000000000000e+00 0.000000000000000000e+00 2.581536039258622989e-03 0.000000000000000000e+00 0.000000000000000000e+00 0.000000000000000000e+00 4.740623950944073718e-03 3.376937137986169794e-03 1.585228701734572952e-03 0.000000000000000000e+00 0.000000000000000000e+00 4.820743117153710074e-03 3.216824675425094832e-03 0.000000000000000000e+00 2.037100585201671865e-03 1.413963922253643098e-03
0.000000000000000000e+00 4.940725708927035109e-03 0.000000000000000000e+00 1.258365265733160090e-03 0.000000000000000000e+00 3.276479055983246794e-03 0.000000000000000000e+00 0.000000000000000000e+00 1.028971638061561104e-03 0.000000000000000000e+00 0.000000000000000000e+00 2.847335174119817840e-03 4.115447362433128156e-03 4.547577310144110610e-03 0.000000000000000000e+00 0.000000000000000000e+00 0.000000000000000000e+00 2.941616384339048196e-03 1.487632042448171080e-03 0.000000000000000000e+00 0.000000000000000000e+00 0.000000000000000000e+00 2.207881757898357054e-04 4.864145281053711828e-03 4.248453863398729373e-03
4.441659784669116720e-03 0.000000000000000000e+00 0.000000000000000000e+00 2.876348686029355211e-03 3.248973727663521938e-03 0.000000000000000000e+00 0.000000000000000000e+00 6.714389510789939937e-04 0.000000000000000000e+00 1.489373575807174076e-03 4.997181228749786319e-03 0.000000000000000000e+00 0.000000000000000000e+00 0.000000000000000000e+00 0.000000000000000000e+00 0.000000000000000000e+00 0.000000000000000000e+00 1.035175436539490911e-03 4.568184017642373980e-03 3.073661893163436866e-04 2.779953432350827820e-04 0.000000000000000000e+00 0.000000000000000000e+00 2.244427254182253164e-03 2.610145157426814987e-03
0.000000000000000000e+00 1.116008837900114050e-05 0.000000000000000000e+00 3.859089357390098861e-03 0.000000000000000000e+00 0.000000000000000000e+00 0.000000000000000000e+00 0.000000000000000000e+00 0.000000000000000000e+00 0.000000000000000000e+00 0.000000000000000000e+00 0.000000000000000000e+00 3.731686217056434142e-03 0.000000000000000000e+00 0.000000000000000000e+00 2.470097097698021205e-03 0.000000000000000000e+00 1.830393050386518996e-03 0.000000000000000000e+00 7.501910978857494064e-04 0.000000000000000000e+00 0.000000000000000000e+00 0.000000000000000000e+00 0.000000000000000000e+00 1.087574972220685908e-03
0.000000000000000000e+00 1.494666351373831904e-03 4.086824685350102376e-03 9.534685259320711272e-05 0.000000000000000000e+00 0.000000000000000000e+00 0.000000000000000000e+00 6.104861160073068787e-04 4.917326708814353207e-03 0.000000000000000000e+00 0.000000000000000000e+00 0.000000000000000000e+00 0.000000000000000000e+00 0.000000000000000000e+00 5.432393731634285912e-04 0.000000000000000000e+00 0.000000000000000000e+00 0.000000000000000000e+00 0.000000000000000000e+00 4.032992698734660410e-03 0.000000000000000000e+00 0.000000000000000000e+00 0.000000000000000000e+00 1.144260745259776009e-03 0.000000000000000000e+00
0.000000000000000000e+00 8.475102170097414435e-04 3.280487065326920856e-03 0.000000000000000000e+00 0.000000000000000000e+00 0.000000000000000000e+00 0.000000000000000000e+00 3.114506833323396791e-03 3.856671825972534176e-03 2.622673392157539034e-04 0.000000000000000000e+00 2.009449883632238084e-03 2.175689237966970963e-03 0.000000000000000000e+00 0.000000000000000000e+00 4.696152978146439158e-03 0.000000000000000000e+00 4.478862324449232142e-04 4.674970468808573097e-04 2.460300398577960901e-03 6.831652619535145531e-04 0.000000000000000000e+00 0.000000000000000000e+00 0.000000000000000000e+00 0.000000000000000000e+00
1.845932499619003068e-03 0.000000000000000000e+00 3.161263675668607095e-03 0.000000000000000000e+00 4.927188831830704024e-03 0.000000000000000000e+00 0.000000000000000000e+00 1.304431723273005120e-04 3.181634347208907917e-03 0.000000000000000000e+00 3.001942846858113756e-04 1.575832291231551129e-04 0.000000000000000000e+00 0.000000000000000000e+00 4.243005981328966218e-03 2.314533165929374102e-03 1.651870951931370046e-03 2.837290428128756963e-03 0.000000000000000000e+00 0.000000000000000000e+00 1.328055400074286060e-03 1.901147469633542942e-03 3.393462386212952220e-04 0.000000000000000000e+00 1.934664850507821941e-03
0.000000000000000000e+00 0.000000000000000000e+00 0.000000000000000000e+00 3.019569386484822170e-04 0.000000000000000000e+00 3.952847900503355695e-03 3.271138451371829060e-03 0.000000000000000000e+00 0.000000000000000000e+00 4.087621888434378632e-03 0.000000000000000000e+00 0.000000000000000000e+00 4.562880608785690323e-03 0.000000000000000000e+00 1.951194088831255998e-04 2.475868935201437117e-03 0.000000000000000000e+00 1.099315882213095993e-03 0.000000000000000000e+00 1.388792858354522897e-03 2.008151445122396961e-03 0.000000000000000000e+00 3.767964681057861098e-03 0.000000000000000000e+00 1.756129993534591991e-03
0.000000000000000000e+00 9.434148917987999041e-04 2.122061695956149979e-04 2.695826830237861116e-04 0.000000000000000000e+00 2.551065047897111120e-03 4.971286063326333000e-03 2.465616679459623883e-03 0.000000000000000000e+00 3.788228432701872851e-03 4.056144185362678574e-03 4.142529840369622678e-03 1.568794013932709895e-03 1.874837250561836978e-03 0.000000000000000000e+00 1.387798336692197109e-04 7.749212981274661034e-04 3.225118940139519094e-03 1.740181452221651985e-03 0.000000000000000000e+00 0.000000000000000000e+00 0.000000000000000000e+00 2.940398202608945075e-05 4.132318481860165678e-05 2.946442193729041994e-03
0.000000000000000000e+00 1.510414694195578913e-03 0.000000000000000000e+00 2.996376265048856808e-03 2.751442318382230946e-03 1.012702114990325945e-03 0.000000000000000000e+00 0.000000000000000000e+00 3.006843147875319124e-03 8.133419676294788530e-05 0.000000000000000000e+00 4.232051443715287298e-03 7.303157188253806649e-04 1.422725253678607102e-03 3.781700107255584874e-03 3.986997142326814333e-03 0.000000000000000000e+00 0.000000000000000000e+00 4.265603820831001015e-03 2.488918739398669256e-04 4.401652752147357239e-03 0.000000000000000000e+00 0.000000000000000000e+00 8.574755860941887103e-04 0.000000000000000000e+00
0.000000000000000000e+00 6.655297766011509988e-04 4.996800296909374717e-03 3.468799215832482803e-03 0.000000000000000000e+00 3.991477768377387977e-03 1.257694304432529922e-03 0.000000000000000000e+00 0.000000000000000000e+00 0.000000000000000000e+00 3.192150389864284021e-03 7.862743291885181335e-04 3.928755539681946622e-03 0.000000000000000000e+00 2.617434425958205853e-03 2.257075014677206812e-03 0.000000000000000000e+00 1.629487538556908914e-03 0.000000000000000000e+00 0.000000000000000000e+00 4.626080302261504316e-03 0.000000000000000000e+00 0.000000000000000000e+00 0.000000000000000000e+00 0.000000000000000000e+00
0.000000000000000000e+00 0.000000000000000000e+00 3.220333316005854866e-03 0.000000000000000000e+00 2.054388248885650949e-04 0.000000000000000000e+00 0.000000000000000000e+00 4.098777480460288371e-03 0.000000000000000000e+00 0.000000000000000000e+00 0.000000000000000000e+00 2.834143810334299133e-03 2.359052210957040131e-04 0.000000000000000000e+00 0.000000000000000000e+00 0.000000000000000000e+00 0.000000000000000000e+00 1.057795458904973096e-03 1.417778416179922953e-03 0.000000000000000000e+00 3.143900816023453924e-03 2.655150022969004955e-03 3.607448684324137799e-03 0.000000000000000000e+00 0.000000000000000000e+00
4.467448475550054796e-03 0.000000000000000000e+00 0.000000000000000000e+00 0.000000000000000000e+00 3.246448926580259003e-03 0.000000000000000000e+00 3.585781545975190096e-03 0.000000000000000000e+00 2.892701797829877811e-03 4.877426126323232067e-03 4.017887399330831791e-03 0.000000000000000000e+00 0.000000000000000000e+00 4.734773054016320343e-03 0.000000000000000000e+00 0.000000000000000000e+00 1.877889481382503944e-03 0.000000000000000000e+00 3.065702279666340877e-03 3.531197868307770979e-03 0.000000000000000000e+00 2.906833979007038792e-03 2.343934290921230890e-03 0.000000000000000000e+00 0.000000000000000000e+00
