# # File created on Fri May 17 15:42:05 2024
#  # The following metaparameters were used for this matrix optimization : gamma0 = 0.5; alpha0 = 0; sigma0 = 0.25; l0 = 1;p = 1; R0 = 1; S0 = 0.05; NR = 25; NS = 25; matrix path = matrices/Nr25_Nc25/consumption/RandTrix_Nr25_Nc25_Nest0.55_Conn0.3344.txt; convergence threshold = 1e-08
# 
4.074998064820719787e-03 1.717694306459012108e-04 0.000000000000000000e+00 0.000000000000000000e+00 0.000000000000000000e+00 1.354553473426270936e-03 3.077311614420993793e-03 2.299615396310455886e-03 2.868770203670486813e-03 1.716609986585622026e-03 2.502981770849128929e-03 1.851484213447659967e-03 4.190945787507449616e-03 0.000000000000000000e+00 2.785817615930313157e-03 4.187877772966490733e-03 0.000000000000000000e+00 9.180770142064622859e-04 3.772096325875857071e-03 2.097627864471917139e-03 0.000000000000000000e+00 4.486513756952368974e-03 4.949846019649824236e-03 8.345836431175017325e-05 3.070803772703785926e-03
4.809830477270134186e-03 2.388614144305778106e-03 1.443752712245055005e-03 0.000000000000000000e+00 0.000000000000000000e+00 3.220734461370429111e-03 0.000000000000000000e+00 2.674561509825246902e-03 3.977502404665401829e-03 0.000000000000000000e+00 3.173585668463455196e-03 0.000000000000000000e+00 6.768890156233890471e-04 1.684415272692787926e-03 3.640584625497834178e-03 0.000000000000000000e+00 1.222736870639266936e-03 1.815381956637885036e-03 0.000000000000000000e+00 1.251034250712340038e-03 4.472934920588754991e-04 6.963123044667720359e-04 0.000000000000000000e+00 4.438853789289250694e-03 0.000000000000000000e+00
0.000000000000000000e+00 0.000000000000000000e+00 2.905894275724643216e-03 2.483360509607360211e-03 9.040689574690304433e-05 0.000000000000000000e+00 0.000000000000000000e+00 3.488249483866254913e-03 0.000000000000000000e+00 3.927383247117276731e-03 0.000000000000000000e+00 1.052546835300917100e-03 0.000000000000000000e+00 4.207501935334753869e-03 7.314474290770751723e-04 0.000000000000000000e+00 4.995973596718324182e-04 1.294948139293144920e-03 0.000000000000000000e+00 0.000000000000000000e+00 0.000000000000000000e+00 2.440651782377034965e-03 3.204396732478438994e-03 2.875265816985128099e-03 3.783219166111002982e-03
4.179309358339276630e-03 4.337042715096535092e-03 3.590312663996553938e-03 0.000000000000000000e+00 3.601746558534962058e-03 0.000000000000000000e+00 0.000000000000000000e+00 0.000000000000000000e+00 3.038590411933298104e-03 1.258003587728151896e-03 3.826795866866863037e-03 0.000000000000000000e+00 3.368997611070677876e-03 0.000000000000000000e+00 0.000000000000000000e+00 0.000000000000000000e+00 0.000000000000000000e+00 3.617009648224118069e-03 0.000000000000000000e+00 0.000000000000000000e+00 0.000000000000000000e+00 0.000000000000000000e+00 8.640320633015693193e-04 0.000000000000000000e+00 0.000000000000000000e+00
0.000000000000000000e+00 2.757317756407424124e-03 0.000000000000000000e+00 0.000000000000000000e+00 0.000000000000000000e+00 3.882900804436532037e-03 4.343373696078369622e-03 0.000000000000000000e+00 0.000000000000000000e+00 4.982630623347988723e-03 2.039455515055636076e-03 0.000000000000000000e+00 9.582737499092519292e-04 3.434508263714614994e-03 1.206243725267470962e-04 3.478314812794711022e-03 1.557461111170924898e-03 0.000000000000000000e+00 0.000000000000000000e+00 4.947044291444243139e-03 9.782959851116213024e-04 0.000000000000000000e+00 3.321591875150766999e-03 2.561790095914966928e-03 0.000000000000000000e+00
2.626486674215831093e-03 0.000000000000000000e+00 0.000000000000000000e+00 0.000000000000000000e+00 0.000000000000000000e+00 0.000000000000000000e+00 4.473038763493314071e-03 0.000000000000000000e+00 3.408487341549915062e-03 0.000000000000000000e+00 0.000000000000000000e+00 0.000000000000000000e+00 0.000000000000000000e+00 0.000000000000000000e+00 0.000000000000000000e+00 1.382435819883698911e-03 2.384354099241263035e-04 2.387880273706114841e-03 1.042058455669751934e-03 0.000000000000000000e+00 0.000000000000000000e+00 1.185772928489969022e-03 1.936679380038421050e-03 1.588363040257529052e-03 3.496532417873740063e-03
0.000000000000000000e+00 2.315620743740789012e-03 0.000000000000000000e+00 0.000000000000000000e+00 3.449005242782578109e-03 0.000000000000000000e+00 3.679336653206416972e-03 1.106442713223047911e-03 0.000000000000000000e+00 0.000000000000000000e+00 1.914014106526702947e-03 1.786792943851571924e-03 4.212757042967870715e-03 8.063785446022588618e-04 3.051955540109619214e-03 2.191184421975043983e-03 0.000000000000000000e+00 0.000000000000000000e+00 0.000000000000000000e+00 0.000000000000000000e+00 0.000000000000000000e+00 0.000000000000000000e+00 4.012804570161668770e-03 0.000000000000000000e+00 0.000000000000000000e+00
0.000000000000000000e+00 0.000000000000000000e+00 0.000000000000000000e+00 0.000000000000000000e+00 3.080094373952047947e-03 0.000000000000000000e+00 0.000000000000000000e+00 3.574110476689792808e-03 0.000000000000000000e+00 1.486433403291451995e-03 4.536304907959335872e-03 0.000000000000000000e+00 2.187343940509046958e-03 8.879910818349309514e-04 0.000000000000000000e+00 2.296998779444444066e-03 4.774441155063987620e-03 3.831676025757158998e-03 0.000000000000000000e+00 0.000000000000000000e+00 2.431485232710548904e-03 0.000000000000000000e+00 0.000000000000000000e+00 0.000000000000000000e+00 1.556148810000680931e-03
0.000000000000000000e+00 3.464358629891928828e-04 3.404585612935631840e-03 0.000000000000000000e+00 0.000000000000000000e+00 1.199255112237842050e-03 2.339490109845026797e-03 3.492838145642777198e-03 0.000000000000000000e+00 0.000000000000000000e+00 2.159988697378118199e-03 1.907230748650209961e-03 1.816941162611436988e-03 4.997664808906718270e-03 1.452832108253344912e-03 0.000000000000000000e+00 3.522144668003427802e-03 0.000000000000000000e+00 0.000000000000000000e+00 4.102275643445263929e-03 0.000000000000000000e+00 1.015310734997819072e-03 2.702605532229673054e-04 0.000000000000000000e+00 0.000000000000000000e+00
0.000000000000000000e+00 0.000000000000000000e+00 0.000000000000000000e+00 1.969188140706284919e-03 0.000000000000000000e+00 0.000000000000000000e+00 2.390252754974579209e-03 1.243725660775897102e-03 2.864172863029593001e-03 4.572054134207335224e-03 0.000000000000000000e+00 2.100657361988960206e-03 0.000000000000000000e+00 4.595017564833974583e-03 0.000000000000000000e+00 1.703573525204199034e-03 0.000000000000000000e+00 1.150140429293749003e-03 0.000000000000000000e+00 4.869860397837935174e-04 0.000000000000000000e+00 4.410896556626397839e-03 0.000000000000000000e+00 0.000000000000000000e+00 0.000000000000000000e+00
1.369238093013444004e-03 9.283449573780614859e-04 0.000000000000000000e+00 0.000000000000000000e+00 1.554885575502065916e-04 5.246139029030368961e-04 0.000000000000000000e+00 0.000000000000000000e+00 4.763080327102270015e-03 0.000000000000000000e+00 4.327072186748995124e-03 2.952334730100477072e-03 2.067182029547491931e-03 3.902403184354591090e-03 2.519088183873171086e-03 0.000000000000000000e+00 0.000000000000000000e+00 0.000000000000000000e+00 2.382819256097784034e-03 4.799004619482759304e-03 0.000000000000000000e+00 2.213996536511227131e-03 4.461380608555160290e-03 9.585544920485951717e-05 7.246069055834198106e-04
1.079111997190120031e-04 0.000000000000000000e+00 0.000000000000000000e+00 2.681181940271434969e-04 4.045005603107024346e-03 0.000000000000000000e+00 0.000000000000000000e+00 0.000000000000000000e+00 0.000000000000000000e+00 4.309691807105844007e-03 1.233261613459789080e-03 0.000000000000000000e+00 6.460907237776364461e-04 0.000000000000000000e+00 0.000000000000000000e+00 0.000000000000000000e+00 3.220840903429669170e-03 0.000000000000000000e+00 0.000000000000000000e+00 2.770454177988922965e-03 0.000000000000000000e+00 0.000000000000000000e+00 0.000000000000000000e+00 0.000000000000000000e+00 0.000000000000000000e+00
4.882769413555898205e-03 1.347386033797418970e-03 0.000000000000000000e+00 0.000000000000000000e+00 0.000000000000000000e+00 7.728705303498908941e-04 3.297939789744518211e-03 3.767748549034413870e-03 0.000000000000000000e+00 1.535925409063775091e-03 2.757874909598508929e-03 1.235824008397767024e-03 1.153966700250656915e-03 2.802115230107120845e-03 3.229840625542283001e-04 2.823829505031496146e-03 0.000000000000000000e+00 2.167432719467527174e-03 0.000000000000000000e+00 0.000000000000000000e+00 3.828756843694961116e-03 4.142763293866896790e-04 3.602107456546595134e-04 0.000000000000000000e+00 0.000000000000000000e+00
4.744797093000191132e-03 0.000000000000000000e+00 3.731350851068571117e-03 0.000000000000000000e+00 1.457922800219261031e-03 0.000000000000000000e+00 4.486936034328639205e-05 1.468318752212214966e-04 0.000000000000000000e+00 4.718350088128026205e-03 2.135498114402526945e-03 4.705686005620116942e-03 3.712712827174926167e-03 3.203183873523713938e-03 0.000000000000000000e+00 3.724669846658079046e-03 0.000000000000000000e+00 0.000000000000000000e+00 6.656531758276778210e-04 4.554124301202325774e-03 0.000000000000000000e+00 0.000000000000000000e+00 0.000000000000000000e+00 0.000000000000000000e+00 0.000000000000000000e+00
0.000000000000000000e+00 2.419820519998834834e-03 4.194111576105632316e-03 3.880390496094196159e-03 2.050066644330625007e-03 2.528962884340518833e-03 0.000000000000000000e+00 3.951316141835831131e-03 0.000000000000000000e+00 4.620683011877127857e-04 4.240618699802001755e-03 1.965231247344688143e-03 0.000000000000000000e+00 0.000000000000000000e+00 0.000000000000000000e+00 4.002258516192666593e-03 4.417526638731682741e-03 4.270073262646961569e-03 3.249979893375015087e-03 4.122490315775145971e-03 2.254014075411263102e-03 0.000000000000000000e+00 1.866981557884232930e-03 1.663895501868027042e-03 0.000000000000000000e+00
1.121388320470140081e-03 3.941518404368128149e-03 1.749959802811973896e-04 0.000000000000000000e+00 0.000000000000000000e+00 2.271344123633281791e-03 0.000000000000000000e+00 0.000000000000000000e+00 0.000000000000000000e+00 4.228476487653551330e-03 2.747733602797770066e-03 0.000000000000000000e+00 3.680892540985830196e-03 4.864309018804092652e-03 1.597677149014297901e-03 1.867249656401592014e-03 3.054192984498430973e-03 3.773775441163812125e-03 0.000000000000000000e+00 3.255857321290109990e-03 1.313188721938607926e-03 3.418921202014727108e-03 1.982250590539194005e-03 3.815869143948606886e-03 4.397839790579695200e-03
3.995249699682789334e-03 0.000000000000000000e+00 0.000000000000000000e+00 4.379421813442157911e-03 8.563950546702660651e-04 3.123257693571366948e-03 2.684718128981038090e-03 4.688089697647396768e-03 3.389269982690808810e-03 0.000000000000000000e+00 3.277661400781103039e-03 0.000000000000000000e+00 0.000000000000000000e+00 1.889229187633522083e-03 2.546991535960466840e-04 0.000000000000000000e+00 4.780883661120290985e-03 2.302405155870062940e-03 1.485775883217767095e-03 0.000000000000000000e+00 1.270695023871129103e-03 2.546818209358682038e-03 0.000000000000000000e+00 4.755913243995985376e-03 0.000000000000000000e+00
4.870745633267335381e-03 8.956660920234903222e-04 0.000000000000000000e+00 0.000000000000000000e+00 2.441422121906778892e-03 9.458496760120047465e-04 1.589459097272693903e-03 0.000000000000000000e+00 0.000000000000000000e+00 3.374829442754676868e-03 0.000000000000000000e+00 0.000000000000000000e+00 0.000000000000000000e+00 4.135346100770021156e-04 0.000000000000000000e+00 0.000000000000000000e+00 0.000000000000000000e+00 3.472794714674990162e-03 3.737855557776905823e-03 0.000000000000000000e+00 0.000000000000000000e+00 0.000000000000000000e+00 0.000000000000000000e+00 4.826090739773873997e-03 2.101572403121326153e-03
0.000000000000000000e+00 2.336805220472349971e-03 1.732613817537837972e-04 2.446344107056244981e-03 5.842862397165269521e-04 2.181981254720122970e-03 2.260739103892505167e-03 2.004215979988652023e-03 2.097086843393698805e-03 1.915786107695692042e-03 1.613804937713116073e-03 4.863637221884020354e-03 4.501733606103322863e-03 0.000000000000000000e+00 1.633534196146955953e-03 0.000000000000000000e+00 1.848664699325545035e-03 0.000000000000000000e+00 0.000000000000000000e+00 0.000000000000000000e+00 6.427665297712954002e-05 6.039374191198210173e-05 2.914940729271961808e-03 0.000000000000000000e+00 0.000000000000000000e+00
0.000000000000000000e+00 3.915522972234114669e-03 0.000000000000000000e+00 0.000000000000000000e+00 9.854472484740201942e-04 2.271744376512634892e-03 7.409786318514496265e-04 1.943353631446634007e-03 2.734559161481609890e-03 4.148339070048670009e-03 0.000000000000000000e+00 3.181219495406443186e-03 0.000000000000000000e+00 0.000000000000000000e+00 4.752702300926541640e-03 0.000000000000000000e+00 0.000000000000000000e+00 1.074838702229804956e-03 1.714899844471541937e-03 0.000000000000000000e+00 3.507803806188181193e-03 4.582586422413460585e-03 4.740416262505045379e-03 7.247502341827109004e-04 0.000000000000000000e+00
7.024045551230269791e-04 0.000000000000000000e+00 4.638259054592749203e-03 0.000000000000000000e+00 0.000000000000000000e+00 3.004551413049024941e-03 1.464745207246163092e-03 0.000000000000000000e+00 0.000000000000000000e+00 0.000000000000000000e+00 4.973785260302557819e-03 4.808200759988928014e-03 3.308614480992286885e-03 3.524930318820989044e-03 5.303993294570979707e-04 0.000000000000000000e+00 3.348179142465280197e-03 3.633054295249578836e-03 2.346994320116803107e-03 0.000000000000000000e+00 7.313951690169096529e-04 0.000000000000000000e+00 0.000000000000000000e+00 2.217303061035663832e-03 0.000000000000000000e+00
1.104514185490499930e-03 0.000000000000000000e+00 0.000000000000000000e+00 0.000000000000000000e+00 1.533890681529618107e-03 1.111286560110972101e-03 2.521342494357781041e-03 4.331319701225972395e-03 0.000000000000000000e+00 0.000000000000000000e+00 6.401718151732995561e-04 6.003616383502045038e-04 2.944568596922484804e-03 0.000000000000000000e+00 2.504906869883256025e-03 3.567292956830122198e-03 1.315306349917035912e-03 3.075895216490470881e-03 0.000000000000000000e+00 1.441676812795266013e-03 4.924226258471009650e-03 3.804073271774782196e-03 0.000000000000000000e+00 2.992808568227593030e-03 2.374801174676300069e-03
0.000000000000000000e+00 0.000000000000000000e+00 4.077089171940386295e-03 2.609809895337337083e-03 0.000000000000000000e+00 0.000000000000000000e+00 0.000000000000000000e+00 2.414735763838664079e-03 0.000000000000000000e+00 0.000000000000000000e+00 1.755611191003708963e-03 0.000000000000000000e+00 5.291401459501352163e-04 1.693824559496324945e-03 2.639810417484169877e-03 0.000000000000000000e+00 3.223993439837073097e-03 0.000000000000000000e+00 0.000000000000000000e+00 0.000000000000000000e+00 2.378800222849458863e-03 1.652570447975862042e-03 0.000000000000000000e+00 3.337670975766818086e-03 0.000000000000000000e+00
2.396552119200766155e-03 0.000000000000000000e+00 4.289350404196142635e-03 0.000000000000000000e+00 4.034375361488042391e-03 4.512095502459289274e-03 6.466728422950165488e-04 0.000000000000000000e+00 2.123728428078675880e-03 5.955250986967036567e-04 1.147068735952042962e-04 0.000000000000000000e+00 4.149937217192225386e-03 2.303772452762426013e-03 4.485698565006718264e-04 0.000000000000000000e+00 1.957031649038909124e-03 3.553168681411819109e-03 0.000000000000000000e+00 0.000000000000000000e+00 0.000000000000000000e+00 0.000000000000000000e+00 0.000000000000000000e+00 0.000000000000000000e+00 0.000000000000000000e+00
3.530316985039283137e-03 2.012541753275030963e-03 0.000000000000000000e+00 0.000000000000000000e+00 4.908157774130604903e-03 0.000000000000000000e+00 3.365103849979076203e-03 1.578169806340906948e-03 0.000000000000000000e+00 4.375546367357549017e-03 1.286052675676759103e-03 1.746033824565625982e-03 0.000000000000000000e+00 2.786759108198443892e-03 2.422651832629209995e-03 0.000000000000000000e+00 2.077634667145434027e-03 0.000000000000000000e+00 0.000000000000000000e+00 0.000000000000000000e+00 0.000000000000000000e+00 0.000000000000000000e+00 0.000000000000000000e+00 0.000000000000000000e+00 4.642022912354276318e-03
