# # File created on Tue Apr 30 04:11:12 2024
#  # The following metaparameters were used for this matrix optimization : gamma0 = 0.5; alpha0 = 0; sigma0 = 0.25; l0 = 1;p = 1; R0 = 1; S0 = 0.05; NR = 25; NS = 25; matrix path = matrices/Nr25_Nc25/consumption/RandTrix_Nr25_Nc25_Nest0.5_Conn0.2496.txt; convergence threshold = 1e-08
# 
0.000000000000000000e+00 6.512670618268879830e-01 0.000000000000000000e+00 0.000000000000000000e+00 0.000000000000000000e+00 0.000000000000000000e+00 0.000000000000000000e+00 1.359268897407778010e+00 0.000000000000000000e+00 1.480394801630475987e+00 0.000000000000000000e+00 0.000000000000000000e+00 6.070268497765568538e-01 3.601876915100795107e-01 1.523854227763286051e+00 0.000000000000000000e+00 0.000000000000000000e+00 1.048375740600739903e+00 0.000000000000000000e+00 0.000000000000000000e+00 0.000000000000000000e+00 0.000000000000000000e+00 0.000000000000000000e+00 0.000000000000000000e+00 0.000000000000000000e+00
0.000000000000000000e+00 1.158675689693485999e+00 0.000000000000000000e+00 0.000000000000000000e+00 0.000000000000000000e+00 3.709885704892461056e-01 6.806330987271121957e-01 0.000000000000000000e+00 0.000000000000000000e+00 0.000000000000000000e+00 1.062668865031711096e+00 3.152739647113838029e-01 0.000000000000000000e+00 0.000000000000000000e+00 6.215690433248840518e-01 4.191640062604508055e-01 0.000000000000000000e+00 0.000000000000000000e+00 6.991228309586733358e-01 0.000000000000000000e+00 0.000000000000000000e+00 1.360553386310979995e+00 0.000000000000000000e+00 0.000000000000000000e+00 0.000000000000000000e+00
0.000000000000000000e+00 0.000000000000000000e+00 3.261965604420588027e-01 0.000000000000000000e+00 6.230187232026441757e-01 2.063850815776969050e+00 0.000000000000000000e+00 0.000000000000000000e+00 0.000000000000000000e+00 7.406488984548014187e-01 0.000000000000000000e+00 4.800182936960831204e-01 0.000000000000000000e+00 0.000000000000000000e+00 0.000000000000000000e+00 0.000000000000000000e+00 1.558689688139649920e+00 0.000000000000000000e+00 0.000000000000000000e+00 0.000000000000000000e+00 2.279865881907064129e-01 9.965849585935603050e-02 0.000000000000000000e+00 0.000000000000000000e+00 0.000000000000000000e+00
2.611436333443215019e-01 8.660722400934863785e-01 6.242292609444037854e-01 0.000000000000000000e+00 9.254161378072602862e-01 0.000000000000000000e+00 0.000000000000000000e+00 0.000000000000000000e+00 4.629392214007160833e-01 0.000000000000000000e+00 2.212440745897419903e-01 0.000000000000000000e+00 0.000000000000000000e+00 0.000000000000000000e+00 8.135275364686592181e-02 0.000000000000000000e+00 0.000000000000000000e+00 0.000000000000000000e+00 0.000000000000000000e+00 0.000000000000000000e+00 0.000000000000000000e+00 1.257201584494799067e-02 0.000000000000000000e+00 1.357883005718051950e-03 0.000000000000000000e+00
0.000000000000000000e+00 1.315011698771600956e+00 0.000000000000000000e+00 0.000000000000000000e+00 7.037717813155746072e-01 0.000000000000000000e+00 0.000000000000000000e+00 0.000000000000000000e+00 4.036722126032962765e-01 9.523287709246039956e-01 0.000000000000000000e+00 4.321407494476138811e-01 0.000000000000000000e+00 0.000000000000000000e+00 4.152648599210433944e-01 0.000000000000000000e+00 4.498725835277169738e-01 0.000000000000000000e+00 1.651115119745363014e-01 0.000000000000000000e+00 0.000000000000000000e+00 5.276855531180205672e-01 7.975787273274534961e-01 6.742152311320485092e-01 0.000000000000000000e+00
4.614218327451540813e-01 2.974343712782044902e-01 0.000000000000000000e+00 0.000000000000000000e+00 7.568444530975585449e-01 4.934608048416023740e-01 2.060890870856154078e-01 0.000000000000000000e+00 3.051648706525559862e-01 0.000000000000000000e+00 0.000000000000000000e+00 0.000000000000000000e+00 2.660627663802496157e-01 0.000000000000000000e+00 0.000000000000000000e+00 0.000000000000000000e+00 0.000000000000000000e+00 0.000000000000000000e+00 0.000000000000000000e+00 0.000000000000000000e+00 0.000000000000000000e+00 0.000000000000000000e+00 3.807492140527137803e-01 9.197271197945393606e-01 0.000000000000000000e+00
0.000000000000000000e+00 8.959661698934682228e-01 8.659773778844996883e-01 0.000000000000000000e+00 2.823143191707048194e-01 0.000000000000000000e+00 0.000000000000000000e+00 6.492202280020724359e-02 1.173021532000795064e+00 0.000000000000000000e+00 0.000000000000000000e+00 0.000000000000000000e+00 0.000000000000000000e+00 0.000000000000000000e+00 0.000000000000000000e+00 0.000000000000000000e+00 6.564040969910548418e-01 0.000000000000000000e+00 0.000000000000000000e+00 9.434849830011624583e-01 0.000000000000000000e+00 0.000000000000000000e+00 2.895373993552642911e-01 0.000000000000000000e+00 0.000000000000000000e+00
0.000000000000000000e+00 0.000000000000000000e+00 4.410288771158192844e-01 3.971168250173179870e-01 1.225290586037138946e-01 0.000000000000000000e+00 0.000000000000000000e+00 0.000000000000000000e+00 6.379411984513494449e-01 3.560231017327197267e-01 2.273348348290749055e-01 3.454016637708732240e-01 0.000000000000000000e+00 4.466951786179407247e-01 0.000000000000000000e+00 0.000000000000000000e+00 2.452487947556271919e-01 0.000000000000000000e+00 0.000000000000000000e+00 0.000000000000000000e+00 0.000000000000000000e+00 0.000000000000000000e+00 0.000000000000000000e+00 0.000000000000000000e+00 4.578981160244551818e-01
0.000000000000000000e+00 4.593118628286996796e-01 0.000000000000000000e+00 0.000000000000000000e+00 1.476741025276165076e-01 0.000000000000000000e+00 5.322257559688520212e-01 0.000000000000000000e+00 0.000000000000000000e+00 0.000000000000000000e+00 1.206991156786924035e+00 0.000000000000000000e+00 0.000000000000000000e+00 0.000000000000000000e+00 7.757824767857945947e-01 7.613752735796890381e-01 0.000000000000000000e+00 0.000000000000000000e+00 0.000000000000000000e+00 0.000000000000000000e+00 0.000000000000000000e+00 1.759615435030557062e+00 0.000000000000000000e+00 1.776714646644524942e+00 0.000000000000000000e+00
2.714000190022259895e-01 1.216494991486007038e+00 0.000000000000000000e+00 0.000000000000000000e+00 0.000000000000000000e+00 0.000000000000000000e+00 5.789883787416333361e-01 5.375805686007335549e-01 0.000000000000000000e+00 0.000000000000000000e+00 0.000000000000000000e+00 0.000000000000000000e+00 0.000000000000000000e+00 0.000000000000000000e+00 5.677105538811036967e-01 4.388410798869774032e-01 0.000000000000000000e+00 0.000000000000000000e+00 0.000000000000000000e+00 1.574698602420381954e+00 0.000000000000000000e+00 0.000000000000000000e+00 0.000000000000000000e+00 0.000000000000000000e+00 0.000000000000000000e+00
1.108836836858926089e+00 3.249838736768522196e-01 4.933768221183096880e-01 2.024016814941808143e-02 4.468289244173621055e-01 0.000000000000000000e+00 0.000000000000000000e+00 0.000000000000000000e+00 0.000000000000000000e+00 0.000000000000000000e+00 7.500422843494585212e-01 0.000000000000000000e+00 0.000000000000000000e+00 0.000000000000000000e+00 0.000000000000000000e+00 0.000000000000000000e+00 0.000000000000000000e+00 0.000000000000000000e+00 0.000000000000000000e+00 1.502969740110919050e-01 0.000000000000000000e+00 0.000000000000000000e+00 0.000000000000000000e+00 6.990548206804700904e-01 0.000000000000000000e+00
0.000000000000000000e+00 0.000000000000000000e+00 0.000000000000000000e+00 0.000000000000000000e+00 0.000000000000000000e+00 1.013480710680277896e+00 0.000000000000000000e+00 0.000000000000000000e+00 2.758655537201207264e-01 1.217464213858193922e+00 2.315587093443964017e-01 0.000000000000000000e+00 0.000000000000000000e+00 4.828772756816349099e-01 0.000000000000000000e+00 0.000000000000000000e+00 1.045790130449687938e+00 0.000000000000000000e+00 0.000000000000000000e+00 6.362214222343663683e-02 0.000000000000000000e+00 8.811160165769688080e-01 0.000000000000000000e+00 4.638832861589134993e-01 0.000000000000000000e+00
0.000000000000000000e+00 2.833697639053956996e-01 0.000000000000000000e+00 4.258651232494438110e-01 0.000000000000000000e+00 7.737522785576681494e-01 0.000000000000000000e+00 0.000000000000000000e+00 4.602208355986747157e-01 2.439988185062512138e-01 6.880330818539450721e-01 0.000000000000000000e+00 0.000000000000000000e+00 0.000000000000000000e+00 0.000000000000000000e+00 0.000000000000000000e+00 0.000000000000000000e+00 5.111263176279541298e-01 0.000000000000000000e+00 0.000000000000000000e+00 0.000000000000000000e+00 0.000000000000000000e+00 0.000000000000000000e+00 0.000000000000000000e+00 0.000000000000000000e+00
0.000000000000000000e+00 4.765973662272499078e-01 0.000000000000000000e+00 0.000000000000000000e+00 0.000000000000000000e+00 0.000000000000000000e+00 0.000000000000000000e+00 0.000000000000000000e+00 9.666174479108192719e-01 0.000000000000000000e+00 0.000000000000000000e+00 0.000000000000000000e+00 0.000000000000000000e+00 0.000000000000000000e+00 0.000000000000000000e+00 0.000000000000000000e+00 0.000000000000000000e+00 5.725348761656647856e-01 0.000000000000000000e+00 0.000000000000000000e+00 3.769668007213043959e-01 1.060083623316254026e-01 0.000000000000000000e+00 1.096869700097971023e+00 1.332475542733547957e+00
0.000000000000000000e+00 0.000000000000000000e+00 1.012029738920565025e+00 3.283759003669258769e-01 6.298691578137598501e-01 0.000000000000000000e+00 0.000000000000000000e+00 0.000000000000000000e+00 0.000000000000000000e+00 0.000000000000000000e+00 0.000000000000000000e+00 0.000000000000000000e+00 0.000000000000000000e+00 0.000000000000000000e+00 0.000000000000000000e+00 0.000000000000000000e+00 0.000000000000000000e+00 0.000000000000000000e+00 0.000000000000000000e+00 0.000000000000000000e+00 0.000000000000000000e+00 0.000000000000000000e+00 0.000000000000000000e+00 0.000000000000000000e+00 3.009288916058440733e-01
4.818118944724518182e-01 0.000000000000000000e+00 0.000000000000000000e+00 0.000000000000000000e+00 0.000000000000000000e+00 0.000000000000000000e+00 8.248279004955929583e-01 0.000000000000000000e+00 0.000000000000000000e+00 0.000000000000000000e+00 0.000000000000000000e+00 0.000000000000000000e+00 0.000000000000000000e+00 0.000000000000000000e+00 0.000000000000000000e+00 0.000000000000000000e+00 0.000000000000000000e+00 0.000000000000000000e+00 0.000000000000000000e+00 0.000000000000000000e+00 0.000000000000000000e+00 0.000000000000000000e+00 0.000000000000000000e+00 1.138379896508416034e-01 0.000000000000000000e+00
0.000000000000000000e+00 4.714744904021890837e-01 7.165059420703795423e-01 0.000000000000000000e+00 0.000000000000000000e+00 3.200612755507118989e-01 0.000000000000000000e+00 1.763340145574980866e-01 0.000000000000000000e+00 0.000000000000000000e+00 1.239207765839282077e-02 0.000000000000000000e+00 0.000000000000000000e+00 0.000000000000000000e+00 0.000000000000000000e+00 0.000000000000000000e+00 2.467564936141037057e-01 1.163887353114306938e-01 0.000000000000000000e+00 0.000000000000000000e+00 0.000000000000000000e+00 0.000000000000000000e+00 0.000000000000000000e+00 3.525691985333094247e-01 0.000000000000000000e+00
4.539330548450357106e-01 0.000000000000000000e+00 0.000000000000000000e+00 4.133313733736176943e-01 6.114578110973816205e-01 0.000000000000000000e+00 0.000000000000000000e+00 0.000000000000000000e+00 0.000000000000000000e+00 0.000000000000000000e+00 0.000000000000000000e+00 0.000000000000000000e+00 0.000000000000000000e+00 0.000000000000000000e+00 0.000000000000000000e+00 0.000000000000000000e+00 1.254686394266188998e-01 0.000000000000000000e+00 4.447445439589849947e-01 0.000000000000000000e+00 0.000000000000000000e+00 0.000000000000000000e+00 0.000000000000000000e+00 0.000000000000000000e+00 0.000000000000000000e+00
0.000000000000000000e+00 0.000000000000000000e+00 0.000000000000000000e+00 4.483828410424581246e-01 4.155428196750183267e-01 0.000000000000000000e+00 0.000000000000000000e+00 0.000000000000000000e+00 0.000000000000000000e+00 3.730869084492888232e-01 0.000000000000000000e+00 0.000000000000000000e+00 0.000000000000000000e+00 0.000000000000000000e+00 0.000000000000000000e+00 6.201665604913780827e-01 0.000000000000000000e+00 0.000000000000000000e+00 0.000000000000000000e+00 0.000000000000000000e+00 0.000000000000000000e+00 0.000000000000000000e+00 0.000000000000000000e+00 0.000000000000000000e+00 0.000000000000000000e+00
0.000000000000000000e+00 6.841433991017681349e-01 0.000000000000000000e+00 0.000000000000000000e+00 0.000000000000000000e+00 0.000000000000000000e+00 0.000000000000000000e+00 0.000000000000000000e+00 0.000000000000000000e+00 0.000000000000000000e+00 0.000000000000000000e+00 0.000000000000000000e+00 0.000000000000000000e+00 2.304651971990437087e-01 0.000000000000000000e+00 4.359956593715921813e-02 0.000000000000000000e+00 0.000000000000000000e+00 0.000000000000000000e+00 0.000000000000000000e+00 0.000000000000000000e+00 0.000000000000000000e+00 0.000000000000000000e+00 0.000000000000000000e+00 0.000000000000000000e+00
0.000000000000000000e+00 0.000000000000000000e+00 0.000000000000000000e+00 0.000000000000000000e+00 0.000000000000000000e+00 0.000000000000000000e+00 0.000000000000000000e+00 0.000000000000000000e+00 0.000000000000000000e+00 0.000000000000000000e+00 0.000000000000000000e+00 0.000000000000000000e+00 4.454917496265807797e-01 0.000000000000000000e+00 0.000000000000000000e+00 5.353302781796008825e-01 0.000000000000000000e+00 0.000000000000000000e+00 0.000000000000000000e+00 0.000000000000000000e+00 0.000000000000000000e+00 0.000000000000000000e+00 0.000000000000000000e+00 0.000000000000000000e+00 0.000000000000000000e+00
0.000000000000000000e+00 0.000000000000000000e+00 0.000000000000000000e+00 0.000000000000000000e+00 0.000000000000000000e+00 0.000000000000000000e+00 0.000000000000000000e+00 0.000000000000000000e+00 0.000000000000000000e+00 0.000000000000000000e+00 0.000000000000000000e+00 5.913699804149730177e-01 0.000000000000000000e+00 0.000000000000000000e+00 0.000000000000000000e+00 0.000000000000000000e+00 0.000000000000000000e+00 0.000000000000000000e+00 0.000000000000000000e+00 0.000000000000000000e+00 0.000000000000000000e+00 0.000000000000000000e+00 0.000000000000000000e+00 0.000000000000000000e+00 0.000000000000000000e+00
0.000000000000000000e+00 0.000000000000000000e+00 0.000000000000000000e+00 3.632842509384103802e-01 0.000000000000000000e+00 0.000000000000000000e+00 0.000000000000000000e+00 0.000000000000000000e+00 0.000000000000000000e+00 0.000000000000000000e+00 0.000000000000000000e+00 1.083790909307044970e-01 0.000000000000000000e+00 0.000000000000000000e+00 0.000000000000000000e+00 0.000000000000000000e+00 0.000000000000000000e+00 0.000000000000000000e+00 0.000000000000000000e+00 0.000000000000000000e+00 0.000000000000000000e+00 0.000000000000000000e+00 0.000000000000000000e+00 0.000000000000000000e+00 0.000000000000000000e+00
0.000000000000000000e+00 0.000000000000000000e+00 0.000000000000000000e+00 0.000000000000000000e+00 0.000000000000000000e+00 0.000000000000000000e+00 0.000000000000000000e+00 0.000000000000000000e+00 0.000000000000000000e+00 0.000000000000000000e+00 0.000000000000000000e+00 4.937599321626818805e-01 0.000000000000000000e+00 0.000000000000000000e+00 4.729699876643254086e-01 0.000000000000000000e+00 0.000000000000000000e+00 0.000000000000000000e+00 5.898920787622460304e-01 0.000000000000000000e+00 0.000000000000000000e+00 0.000000000000000000e+00 0.000000000000000000e+00 0.000000000000000000e+00 0.000000000000000000e+00
0.000000000000000000e+00 0.000000000000000000e+00 0.000000000000000000e+00 0.000000000000000000e+00 0.000000000000000000e+00 0.000000000000000000e+00 0.000000000000000000e+00 0.000000000000000000e+00 0.000000000000000000e+00 0.000000000000000000e+00 0.000000000000000000e+00 0.000000000000000000e+00 0.000000000000000000e+00 2.876154908820728884e-01 0.000000000000000000e+00 0.000000000000000000e+00 0.000000000000000000e+00 0.000000000000000000e+00 0.000000000000000000e+00 0.000000000000000000e+00 9.163882836552868227e-02 0.000000000000000000e+00 0.000000000000000000e+00 0.000000000000000000e+00 0.000000000000000000e+00
