# File created on Tue Apr 30 04:11:12 2024
# The following metaparameters were used for this matrix optimization : gamma0 = 0.5; alpha0 = 0; sigma0 = 0.25; l0 = 1;p = 1; R0 = 1; S0 = 0.05; NR = 25; NS = 25; matrix path = matrices/Nr25_Nc25/consumption/RandTrix_Nr25_Nc25_Nest0.5_Conn0.2496.txt; convergence threshold = 1e-08
0.000000000000000e+00 6.512670618268880e-01 0.000000000000000e+00 0.000000000000000e+00 0.000000000000000e+00 0.000000000000000e+00 0.000000000000000e+00 1.359268897407778e+00 0.000000000000000e+00 1.480394801630476e+00 0.000000000000000e+00 0.000000000000000e+00 6.070268497765569e-01 3.601876915100795e-01 1.523854227763286e+00 0.000000000000000e+00 0.000000000000000e+00 1.048375740600740e+00 0.000000000000000e+00 0.000000000000000e+00 0.000000000000000e+00 0.000000000000000e+00 0.000000000000000e+00 0.000000000000000e+00 0.000000000000000e+00 
0.000000000000000e+00 1.158675689693486e+00 0.000000000000000e+00 0.000000000000000e+00 0.000000000000000e+00 3.709885704892461e-01 6.806330987271122e-01 0.000000000000000e+00 0.000000000000000e+00 0.000000000000000e+00 1.062668865031711e+00 3.152739647113838e-01 0.000000000000000e+00 0.000000000000000e+00 6.215690433248841e-01 4.191640062604508e-01 0.000000000000000e+00 0.000000000000000e+00 6.991228309586733e-01 0.000000000000000e+00 0.000000000000000e+00 1.360553386310980e+00 0.000000000000000e+00 0.000000000000000e+00 0.000000000000000e+00 
0.000000000000000e+00 0.000000000000000e+00 3.261965604420588e-01 0.000000000000000e+00 6.230187232026442e-01 2.063850815776969e+00 0.000000000000000e+00 0.000000000000000e+00 0.000000000000000e+00 7.406488984548014e-01 0.000000000000000e+00 4.800182936960831e-01 0.000000000000000e+00 0.000000000000000e+00 0.000000000000000e+00 0.000000000000000e+00 1.558689688139650e+00 0.000000000000000e+00 0.000000000000000e+00 0.000000000000000e+00 2.279865881907064e-01 9.965849585935603e-02 0.000000000000000e+00 0.000000000000000e+00 0.000000000000000e+00 
2.611436333443215e-01 8.660722400934864e-01 6.242292609444038e-01 0.000000000000000e+00 9.254161378072603e-01 0.000000000000000e+00 0.000000000000000e+00 0.000000000000000e+00 4.629392214007161e-01 0.000000000000000e+00 2.212440745897420e-01 0.000000000000000e+00 0.000000000000000e+00 0.000000000000000e+00 8.135275364686592e-02 0.000000000000000e+00 0.000000000000000e+00 0.000000000000000e+00 0.000000000000000e+00 0.000000000000000e+00 0.000000000000000e+00 1.257201584494799e-02 0.000000000000000e+00 1.357883005718052e-03 0.000000000000000e+00 
0.000000000000000e+00 1.315011698771601e+00 0.000000000000000e+00 0.000000000000000e+00 7.037717813155746e-01 0.000000000000000e+00 0.000000000000000e+00 0.000000000000000e+00 4.036722126032963e-01 9.523287709246040e-01 0.000000000000000e+00 4.321407494476139e-01 0.000000000000000e+00 0.000000000000000e+00 4.152648599210434e-01 0.000000000000000e+00 4.498725835277170e-01 0.000000000000000e+00 1.651115119745363e-01 0.000000000000000e+00 0.000000000000000e+00 5.276855531180206e-01 7.975787273274535e-01 6.742152311320485e-01 0.000000000000000e+00 
4.614218327451541e-01 2.974343712782045e-01 0.000000000000000e+00 0.000000000000000e+00 7.568444530975586e-01 4.934608048416024e-01 2.060890870856154e-01 0.000000000000000e+00 3.051648706525560e-01 0.000000000000000e+00 0.000000000000000e+00 0.000000000000000e+00 2.660627663802496e-01 0.000000000000000e+00 0.000000000000000e+00 0.000000000000000e+00 0.000000000000000e+00 0.000000000000000e+00 0.000000000000000e+00 0.000000000000000e+00 0.000000000000000e+00 0.000000000000000e+00 3.807492140527138e-01 9.197271197945394e-01 0.000000000000000e+00 
0.000000000000000e+00 8.959661698934682e-01 8.659773778844997e-01 0.000000000000000e+00 2.823143191707048e-01 0.000000000000000e+00 0.000000000000000e+00 6.492202280020724e-02 1.173021532000795e+00 0.000000000000000e+00 0.000000000000000e+00 0.000000000000000e+00 0.000000000000000e+00 0.000000000000000e+00 0.000000000000000e+00 0.000000000000000e+00 6.564040969910548e-01 0.000000000000000e+00 0.000000000000000e+00 9.434849830011625e-01 0.000000000000000e+00 0.000000000000000e+00 2.895373993552643e-01 0.000000000000000e+00 0.000000000000000e+00 
0.000000000000000e+00 0.000000000000000e+00 4.410288771158193e-01 3.971168250173180e-01 1.225290586037139e-01 0.000000000000000e+00 0.000000000000000e+00 0.000000000000000e+00 6.379411984513494e-01 3.560231017327197e-01 2.273348348290749e-01 3.454016637708732e-01 0.000000000000000e+00 4.466951786179407e-01 0.000000000000000e+00 0.000000000000000e+00 2.452487947556272e-01 0.000000000000000e+00 0.000000000000000e+00 0.000000000000000e+00 0.000000000000000e+00 0.000000000000000e+00 0.000000000000000e+00 0.000000000000000e+00 4.578981160244552e-01 
0.000000000000000e+00 4.593118628286997e-01 0.000000000000000e+00 0.000000000000000e+00 1.476741025276165e-01 0.000000000000000e+00 5.322257559688520e-01 0.000000000000000e+00 0.000000000000000e+00 0.000000000000000e+00 1.206991156786924e+00 0.000000000000000e+00 0.000000000000000e+00 0.000000000000000e+00 7.757824767857946e-01 7.613752735796890e-01 0.000000000000000e+00 0.000000000000000e+00 0.000000000000000e+00 0.000000000000000e+00 0.000000000000000e+00 1.759615435030557e+00 0.000000000000000e+00 1.776714646644525e+00 0.000000000000000e+00 
2.714000190022260e-01 1.216494991486007e+00 0.000000000000000e+00 0.000000000000000e+00 0.000000000000000e+00 0.000000000000000e+00 5.789883787416333e-01 5.375805686007336e-01 0.000000000000000e+00 0.000000000000000e+00 0.000000000000000e+00 0.000000000000000e+00 0.000000000000000e+00 0.000000000000000e+00 5.677105538811037e-01 4.388410798869774e-01 0.000000000000000e+00 0.000000000000000e+00 0.000000000000000e+00 1.574698602420382e+00 0.000000000000000e+00 0.000000000000000e+00 0.000000000000000e+00 0.000000000000000e+00 0.000000000000000e+00 
1.108836836858926e+00 3.249838736768522e-01 4.933768221183097e-01 2.024016814941808e-02 4.468289244173621e-01 0.000000000000000e+00 0.000000000000000e+00 0.000000000000000e+00 0.000000000000000e+00 0.000000000000000e+00 7.500422843494585e-01 0.000000000000000e+00 0.000000000000000e+00 0.000000000000000e+00 0.000000000000000e+00 0.000000000000000e+00 0.000000000000000e+00 0.000000000000000e+00 0.000000000000000e+00 1.502969740110919e-01 0.000000000000000e+00 0.000000000000000e+00 0.000000000000000e+00 6.990548206804701e-01 0.000000000000000e+00 
0.000000000000000e+00 0.000000000000000e+00 0.000000000000000e+00 0.000000000000000e+00 0.000000000000000e+00 1.013480710680278e+00 0.000000000000000e+00 0.000000000000000e+00 2.758655537201207e-01 1.217464213858194e+00 2.315587093443964e-01 0.000000000000000e+00 0.000000000000000e+00 4.828772756816349e-01 0.000000000000000e+00 0.000000000000000e+00 1.045790130449688e+00 0.000000000000000e+00 0.000000000000000e+00 6.362214222343663e-02 0.000000000000000e+00 8.811160165769688e-01 0.000000000000000e+00 4.638832861589135e-01 0.000000000000000e+00 
0.000000000000000e+00 2.833697639053957e-01 0.000000000000000e+00 4.258651232494438e-01 0.000000000000000e+00 7.737522785576681e-01 0.000000000000000e+00 0.000000000000000e+00 4.602208355986747e-01 2.439988185062512e-01 6.880330818539451e-01 0.000000000000000e+00 0.000000000000000e+00 0.000000000000000e+00 0.000000000000000e+00 0.000000000000000e+00 0.000000000000000e+00 5.111263176279541e-01 0.000000000000000e+00 0.000000000000000e+00 0.000000000000000e+00 0.000000000000000e+00 0.000000000000000e+00 0.000000000000000e+00 0.000000000000000e+00 
0.000000000000000e+00 4.765973662272499e-01 0.000000000000000e+00 0.000000000000000e+00 0.000000000000000e+00 0.000000000000000e+00 0.000000000000000e+00 0.000000000000000e+00 9.666174479108193e-01 0.000000000000000e+00 0.000000000000000e+00 0.000000000000000e+00 0.000000000000000e+00 0.000000000000000e+00 0.000000000000000e+00 0.000000000000000e+00 0.000000000000000e+00 5.725348761656648e-01 0.000000000000000e+00 0.000000000000000e+00 3.769668007213044e-01 1.060083623316254e-01 0.000000000000000e+00 1.096869700097971e+00 1.332475542733548e+00 
0.000000000000000e+00 0.000000000000000e+00 1.012029738920565e+00 3.283759003669259e-01 6.298691578137599e-01 0.000000000000000e+00 0.000000000000000e+00 0.000000000000000e+00 0.000000000000000e+00 0.000000000000000e+00 0.000000000000000e+00 0.000000000000000e+00 0.000000000000000e+00 0.000000000000000e+00 0.000000000000000e+00 0.000000000000000e+00 0.000000000000000e+00 0.000000000000000e+00 0.000000000000000e+00 0.000000000000000e+00 0.000000000000000e+00 0.000000000000000e+00 0.000000000000000e+00 0.000000000000000e+00 3.009288916058441e-01 
4.818118944724518e-01 0.000000000000000e+00 0.000000000000000e+00 0.000000000000000e+00 0.000000000000000e+00 0.000000000000000e+00 8.248279004955930e-01 0.000000000000000e+00 0.000000000000000e+00 0.000000000000000e+00 0.000000000000000e+00 0.000000000000000e+00 0.000000000000000e+00 0.000000000000000e+00 0.000000000000000e+00 0.000000000000000e+00 0.000000000000000e+00 0.000000000000000e+00 0.000000000000000e+00 0.000000000000000e+00 0.000000000000000e+00 0.000000000000000e+00 0.000000000000000e+00 1.138379896508416e-01 0.000000000000000e+00 
0.000000000000000e+00 4.714744904021891e-01 7.165059420703795e-01 0.000000000000000e+00 0.000000000000000e+00 3.200612755507119e-01 0.000000000000000e+00 1.763340145574981e-01 0.000000000000000e+00 0.000000000000000e+00 1.239207765839282e-02 0.000000000000000e+00 0.000000000000000e+00 0.000000000000000e+00 0.000000000000000e+00 0.000000000000000e+00 2.467564936141037e-01 1.163887353114307e-01 0.000000000000000e+00 0.000000000000000e+00 0.000000000000000e+00 0.000000000000000e+00 0.000000000000000e+00 3.525691985333094e-01 0.000000000000000e+00 
4.539330548450357e-01 0.000000000000000e+00 0.000000000000000e+00 4.133313733736177e-01 6.114578110973816e-01 0.000000000000000e+00 0.000000000000000e+00 0.000000000000000e+00 0.000000000000000e+00 0.000000000000000e+00 0.000000000000000e+00 0.000000000000000e+00 0.000000000000000e+00 0.000000000000000e+00 0.000000000000000e+00 0.000000000000000e+00 1.254686394266189e-01 0.000000000000000e+00 4.447445439589850e-01 0.000000000000000e+00 0.000000000000000e+00 0.000000000000000e+00 0.000000000000000e+00 0.000000000000000e+00 0.000000000000000e+00 
0.000000000000000e+00 0.000000000000000e+00 0.000000000000000e+00 4.483828410424581e-01 4.155428196750183e-01 0.000000000000000e+00 0.000000000000000e+00 0.000000000000000e+00 0.000000000000000e+00 3.730869084492888e-01 0.000000000000000e+00 0.000000000000000e+00 0.000000000000000e+00 0.000000000000000e+00 0.000000000000000e+00 6.201665604913781e-01 0.000000000000000e+00 0.000000000000000e+00 0.000000000000000e+00 0.000000000000000e+00 0.000000000000000e+00 0.000000000000000e+00 0.000000000000000e+00 0.000000000000000e+00 0.000000000000000e+00 
0.000000000000000e+00 6.841433991017681e-01 0.000000000000000e+00 0.000000000000000e+00 0.000000000000000e+00 0.000000000000000e+00 0.000000000000000e+00 0.000000000000000e+00 0.000000000000000e+00 0.000000000000000e+00 0.000000000000000e+00 0.000000000000000e+00 0.000000000000000e+00 2.304651971990437e-01 0.000000000000000e+00 4.359956593715922e-02 0.000000000000000e+00 0.000000000000000e+00 0.000000000000000e+00 0.000000000000000e+00 0.000000000000000e+00 0.000000000000000e+00 0.000000000000000e+00 0.000000000000000e+00 0.000000000000000e+00 
0.000000000000000e+00 0.000000000000000e+00 0.000000000000000e+00 0.000000000000000e+00 0.000000000000000e+00 0.000000000000000e+00 0.000000000000000e+00 0.000000000000000e+00 0.000000000000000e+00 0.000000000000000e+00 0.000000000000000e+00 0.000000000000000e+00 4.454917496265808e-01 0.000000000000000e+00 0.000000000000000e+00 5.353302781796009e-01 0.000000000000000e+00 0.000000000000000e+00 0.000000000000000e+00 0.000000000000000e+00 0.000000000000000e+00 0.000000000000000e+00 0.000000000000000e+00 0.000000000000000e+00 0.000000000000000e+00 
0.000000000000000e+00 0.000000000000000e+00 0.000000000000000e+00 0.000000000000000e+00 0.000000000000000e+00 0.000000000000000e+00 0.000000000000000e+00 0.000000000000000e+00 0.000000000000000e+00 0.000000000000000e+00 0.000000000000000e+00 5.913699804149730e-01 0.000000000000000e+00 0.000000000000000e+00 0.000000000000000e+00 0.000000000000000e+00 0.000000000000000e+00 0.000000000000000e+00 0.000000000000000e+00 0.000000000000000e+00 0.000000000000000e+00 0.000000000000000e+00 0.000000000000000e+00 0.000000000000000e+00 0.000000000000000e+00 
0.000000000000000e+00 0.000000000000000e+00 0.000000000000000e+00 3.632842509384104e-01 0.000000000000000e+00 0.000000000000000e+00 0.000000000000000e+00 0.000000000000000e+00 0.000000000000000e+00 0.000000000000000e+00 0.000000000000000e+00 1.083790909307045e-01 0.000000000000000e+00 0.000000000000000e+00 0.000000000000000e+00 0.000000000000000e+00 0.000000000000000e+00 0.000000000000000e+00 0.000000000000000e+00 0.000000000000000e+00 0.000000000000000e+00 0.000000000000000e+00 0.000000000000000e+00 0.000000000000000e+00 0.000000000000000e+00 
0.000000000000000e+00 0.000000000000000e+00 0.000000000000000e+00 0.000000000000000e+00 0.000000000000000e+00 0.000000000000000e+00 0.000000000000000e+00 0.000000000000000e+00 0.000000000000000e+00 0.000000000000000e+00 0.000000000000000e+00 4.937599321626819e-01 0.000000000000000e+00 0.000000000000000e+00 4.729699876643254e-01 0.000000000000000e+00 0.000000000000000e+00 0.000000000000000e+00 5.898920787622460e-01 0.000000000000000e+00 0.000000000000000e+00 0.000000000000000e+00 0.000000000000000e+00 0.000000000000000e+00 0.000000000000000e+00 
0.000000000000000e+00 0.000000000000000e+00 0.000000000000000e+00 0.000000000000000e+00 0.000000000000000e+00 0.000000000000000e+00 0.000000000000000e+00 0.000000000000000e+00 0.000000000000000e+00 0.000000000000000e+00 0.000000000000000e+00 0.000000000000000e+00 0.000000000000000e+00 2.876154908820729e-01 0.000000000000000e+00 0.000000000000000e+00 0.000000000000000e+00 0.000000000000000e+00 0.000000000000000e+00 0.000000000000000e+00 9.163882836552868e-02 0.000000000000000e+00 0.000000000000000e+00 0.000000000000000e+00 0.000000000000000e+00 