# # # File created on Tue Apr 30 11:44:51 2024
#  #  # The following metaparameters were used for this matrix optimization : gamma0 = 0.5; alpha0 = 0; sigma0 = 0.25; l0 = 1;p = 1; R0 = 1; S0 = 0.05; NR = 25; NS = 25; matrix path = matrices/Nr25_Nc25/consumption/RandTrix_Nr25_Nc25_Nest0.4_Conn0.272.txt; convergence threshold = 1e-08
# 
4.216407701335637137e-01 0.000000000000000000e+00 5.788370075982509633e-01 4.502982215957905821e-01 7.577849657318761478e-01 0.000000000000000000e+00 7.713647211131291481e-01 0.000000000000000000e+00 4.096104648523375691e-02 1.003657959753839091e+00 1.131211572097556017e-01 0.000000000000000000e+00 0.000000000000000000e+00 0.000000000000000000e+00 0.000000000000000000e+00 2.808101274468167152e-01 0.000000000000000000e+00 0.000000000000000000e+00 5.005693573721119449e-01 4.083263848266284746e-01 0.000000000000000000e+00 3.421005187107558076e-01 0.000000000000000000e+00 0.000000000000000000e+00 0.000000000000000000e+00
6.106819600391578673e-01 5.090862422068420656e-01 5.804536768224799470e-01 0.000000000000000000e+00 0.000000000000000000e+00 4.242225297282776753e-01 5.875890981542007951e-01 0.000000000000000000e+00 9.971345043204267802e-03 1.148661724758627961e-01 4.129152879406915999e-01 4.322530554032181782e-01 4.522002284391263838e-01 0.000000000000000000e+00 1.598565336080922938e-01 0.000000000000000000e+00 0.000000000000000000e+00 0.000000000000000000e+00 0.000000000000000000e+00 0.000000000000000000e+00 3.105036230253883089e-01 0.000000000000000000e+00 0.000000000000000000e+00 0.000000000000000000e+00 1.562897458247324012e-02
9.804541458272895138e-01 3.179906904252147171e-01 0.000000000000000000e+00 0.000000000000000000e+00 2.567693679466518941e-01 0.000000000000000000e+00 0.000000000000000000e+00 7.538568262397400410e-01 0.000000000000000000e+00 0.000000000000000000e+00 0.000000000000000000e+00 3.017335578008633126e-02 0.000000000000000000e+00 0.000000000000000000e+00 6.759658177500795784e-01 7.718544441559037628e-01 1.545272953750100042e-01 0.000000000000000000e+00 4.029741125002367919e-01 0.000000000000000000e+00 0.000000000000000000e+00 0.000000000000000000e+00 0.000000000000000000e+00 0.000000000000000000e+00 0.000000000000000000e+00
1.936223414055948944e-01 0.000000000000000000e+00 6.551678974157627566e-01 0.000000000000000000e+00 5.530668906511092553e-01 0.000000000000000000e+00 0.000000000000000000e+00 0.000000000000000000e+00 0.000000000000000000e+00 0.000000000000000000e+00 8.802754612633764131e-01 0.000000000000000000e+00 0.000000000000000000e+00 0.000000000000000000e+00 0.000000000000000000e+00 0.000000000000000000e+00 1.124590740886139972e+00 0.000000000000000000e+00 0.000000000000000000e+00 0.000000000000000000e+00 1.953695785311634070e-01 0.000000000000000000e+00 0.000000000000000000e+00 9.860007766827044717e-01 0.000000000000000000e+00
0.000000000000000000e+00 0.000000000000000000e+00 2.758228118002722939e-01 3.750955499225041012e-01 9.854150414724527351e-01 0.000000000000000000e+00 1.235859393437914955e+00 0.000000000000000000e+00 0.000000000000000000e+00 4.771725358582322163e-01 4.828054765026176809e-01 4.929174981884177908e-01 0.000000000000000000e+00 3.751491361275627323e-02 0.000000000000000000e+00 0.000000000000000000e+00 0.000000000000000000e+00 0.000000000000000000e+00 0.000000000000000000e+00 7.485046053648647391e-01 0.000000000000000000e+00 0.000000000000000000e+00 0.000000000000000000e+00 0.000000000000000000e+00 0.000000000000000000e+00
5.771201434650109485e-01 0.000000000000000000e+00 0.000000000000000000e+00 3.736734338178164250e-01 5.031942184746890367e-01 0.000000000000000000e+00 0.000000000000000000e+00 5.780013270695982808e-01 2.522462553569626009e-01 0.000000000000000000e+00 1.787149105104254010e-01 0.000000000000000000e+00 5.097003459082504184e-01 0.000000000000000000e+00 0.000000000000000000e+00 0.000000000000000000e+00 6.607559199892838464e-01 7.552758244801350829e-01 0.000000000000000000e+00 5.238689518295093217e-01 0.000000000000000000e+00 0.000000000000000000e+00 0.000000000000000000e+00 0.000000000000000000e+00 0.000000000000000000e+00
0.000000000000000000e+00 0.000000000000000000e+00 0.000000000000000000e+00 0.000000000000000000e+00 3.363084026515372749e-01 5.523229036921678548e-01 0.000000000000000000e+00 4.358295055473149215e-01 0.000000000000000000e+00 0.000000000000000000e+00 3.437063251084275239e-01 2.287673899924274890e-01 1.850409083363222962e+00 5.605602229350694632e-01 0.000000000000000000e+00 0.000000000000000000e+00 5.435552997493425104e-02 0.000000000000000000e+00 0.000000000000000000e+00 0.000000000000000000e+00 4.702973297566598876e-01 0.000000000000000000e+00 0.000000000000000000e+00 1.039130932701126941e-01 1.397251788963661090e+00
9.650117865054245181e-01 5.590996772699110551e-01 3.833104237460456809e-01 0.000000000000000000e+00 0.000000000000000000e+00 0.000000000000000000e+00 0.000000000000000000e+00 0.000000000000000000e+00 0.000000000000000000e+00 0.000000000000000000e+00 0.000000000000000000e+00 0.000000000000000000e+00 1.141626975183191069e-02 0.000000000000000000e+00 0.000000000000000000e+00 1.255768977748727977e+00 1.030811802619687967e+00 0.000000000000000000e+00 0.000000000000000000e+00 0.000000000000000000e+00 0.000000000000000000e+00 0.000000000000000000e+00 0.000000000000000000e+00 0.000000000000000000e+00 2.811755129414422738e-01
0.000000000000000000e+00 0.000000000000000000e+00 0.000000000000000000e+00 1.003369042960281954e+00 0.000000000000000000e+00 0.000000000000000000e+00 0.000000000000000000e+00 0.000000000000000000e+00 5.246245776025908469e-01 8.170859024468317688e-01 0.000000000000000000e+00 0.000000000000000000e+00 0.000000000000000000e+00 0.000000000000000000e+00 0.000000000000000000e+00 3.059108322159558857e-01 0.000000000000000000e+00 0.000000000000000000e+00 0.000000000000000000e+00 0.000000000000000000e+00 0.000000000000000000e+00 0.000000000000000000e+00 0.000000000000000000e+00 7.060327630536326060e-01 7.033959731778923752e-01
7.163395521271480604e-01 0.000000000000000000e+00 0.000000000000000000e+00 0.000000000000000000e+00 6.509496706194032312e-01 2.797433444951706871e-01 0.000000000000000000e+00 2.347478953148086911e-01 5.074255668815123022e-01 0.000000000000000000e+00 0.000000000000000000e+00 0.000000000000000000e+00 0.000000000000000000e+00 0.000000000000000000e+00 6.570507663823380584e-01 0.000000000000000000e+00 2.430646980606916974e-01 0.000000000000000000e+00 0.000000000000000000e+00 3.070486446617711196e-01 0.000000000000000000e+00 0.000000000000000000e+00 0.000000000000000000e+00 0.000000000000000000e+00 3.077222443476581026e-01
4.629200674183123754e-01 0.000000000000000000e+00 0.000000000000000000e+00 0.000000000000000000e+00 5.001716603424055663e-01 0.000000000000000000e+00 0.000000000000000000e+00 1.244703299607771985e-01 0.000000000000000000e+00 0.000000000000000000e+00 0.000000000000000000e+00 1.515485539554783934e-01 0.000000000000000000e+00 0.000000000000000000e+00 0.000000000000000000e+00 6.743301993224876112e-01 5.230701270035991168e-01 0.000000000000000000e+00 0.000000000000000000e+00 0.000000000000000000e+00 0.000000000000000000e+00 0.000000000000000000e+00 0.000000000000000000e+00 0.000000000000000000e+00 0.000000000000000000e+00
6.441713045190732290e-01 6.317833796006396829e-01 0.000000000000000000e+00 0.000000000000000000e+00 0.000000000000000000e+00 5.334853531653058756e-01 0.000000000000000000e+00 0.000000000000000000e+00 0.000000000000000000e+00 0.000000000000000000e+00 3.650830288827722758e-01 0.000000000000000000e+00 0.000000000000000000e+00 0.000000000000000000e+00 0.000000000000000000e+00 0.000000000000000000e+00 5.630000017007266155e-01 0.000000000000000000e+00 0.000000000000000000e+00 0.000000000000000000e+00 0.000000000000000000e+00 6.304773065520342668e-01 0.000000000000000000e+00 0.000000000000000000e+00 3.291121100937167143e-01
1.787923390500550103e-01 0.000000000000000000e+00 0.000000000000000000e+00 4.448939656109704988e-01 0.000000000000000000e+00 0.000000000000000000e+00 2.586037077121474126e-01 0.000000000000000000e+00 0.000000000000000000e+00 5.945328887192644629e-01 0.000000000000000000e+00 5.695010730551147704e-01 0.000000000000000000e+00 4.789099798881548131e-01 0.000000000000000000e+00 0.000000000000000000e+00 0.000000000000000000e+00 4.400768429331733955e-01 0.000000000000000000e+00 0.000000000000000000e+00 0.000000000000000000e+00 2.546591402860147180e-01 0.000000000000000000e+00 5.293723285807273582e-01 0.000000000000000000e+00
3.240294636501045988e-01 0.000000000000000000e+00 0.000000000000000000e+00 0.000000000000000000e+00 0.000000000000000000e+00 5.464020965529124974e-01 0.000000000000000000e+00 0.000000000000000000e+00 6.406198988470542810e-01 0.000000000000000000e+00 3.857778441856823948e-01 1.667834298029506057e-01 0.000000000000000000e+00 0.000000000000000000e+00 0.000000000000000000e+00 0.000000000000000000e+00 2.837956332494636080e-01 0.000000000000000000e+00 1.657457503770334017e-01 0.000000000000000000e+00 0.000000000000000000e+00 4.582893038817433262e-01 0.000000000000000000e+00 0.000000000000000000e+00 0.000000000000000000e+00
0.000000000000000000e+00 4.876841369117079217e-01 5.919047816768338022e-01 4.208159834996947901e-01 4.266012827545390129e-01 0.000000000000000000e+00 0.000000000000000000e+00 0.000000000000000000e+00 4.185497422528510203e-01 0.000000000000000000e+00 0.000000000000000000e+00 0.000000000000000000e+00 0.000000000000000000e+00 0.000000000000000000e+00 0.000000000000000000e+00 0.000000000000000000e+00 0.000000000000000000e+00 1.155604777737443967e-01 1.478417620421448031e-01 0.000000000000000000e+00 0.000000000000000000e+00 0.000000000000000000e+00 0.000000000000000000e+00 0.000000000000000000e+00 0.000000000000000000e+00
6.216668961618919687e-01 0.000000000000000000e+00 0.000000000000000000e+00 0.000000000000000000e+00 0.000000000000000000e+00 5.104003424573104741e-01 0.000000000000000000e+00 0.000000000000000000e+00 3.786388338545563781e-01 6.842107765481733050e-01 0.000000000000000000e+00 0.000000000000000000e+00 0.000000000000000000e+00 0.000000000000000000e+00 0.000000000000000000e+00 8.651547564010418634e-02 0.000000000000000000e+00 0.000000000000000000e+00 1.869569610771016077e-01 0.000000000000000000e+00 0.000000000000000000e+00 0.000000000000000000e+00 5.649516896235767111e-02 0.000000000000000000e+00 0.000000000000000000e+00
0.000000000000000000e+00 7.044221911227507293e-01 0.000000000000000000e+00 3.183592834721273857e-01 4.472739556369264013e-01 1.300126417290876080e-01 0.000000000000000000e+00 0.000000000000000000e+00 0.000000000000000000e+00 0.000000000000000000e+00 0.000000000000000000e+00 0.000000000000000000e+00 0.000000000000000000e+00 0.000000000000000000e+00 2.987634192575009881e-02 0.000000000000000000e+00 1.928870266044362958e-01 0.000000000000000000e+00 1.283243966347162868e-01 0.000000000000000000e+00 8.186219395615780547e-02 0.000000000000000000e+00 0.000000000000000000e+00 0.000000000000000000e+00 0.000000000000000000e+00
0.000000000000000000e+00 6.755655663260531352e-01 3.980207168406363905e-01 0.000000000000000000e+00 0.000000000000000000e+00 3.356749536738717898e-01 0.000000000000000000e+00 0.000000000000000000e+00 0.000000000000000000e+00 6.656360103941867667e-02 0.000000000000000000e+00 0.000000000000000000e+00 1.401585710710339938e-01 0.000000000000000000e+00 0.000000000000000000e+00 0.000000000000000000e+00 3.348671641040502078e-01 0.000000000000000000e+00 0.000000000000000000e+00 5.670205537217676804e-03 0.000000000000000000e+00 2.154256851987952082e-01 0.000000000000000000e+00 0.000000000000000000e+00 0.000000000000000000e+00
5.330934263291060571e-01 0.000000000000000000e+00 0.000000000000000000e+00 4.938569146667929899e-01 0.000000000000000000e+00 0.000000000000000000e+00 0.000000000000000000e+00 0.000000000000000000e+00 0.000000000000000000e+00 0.000000000000000000e+00 0.000000000000000000e+00 5.121795623541680609e-01 0.000000000000000000e+00 0.000000000000000000e+00 7.258677726145879375e-03 0.000000000000000000e+00 0.000000000000000000e+00 0.000000000000000000e+00 0.000000000000000000e+00 3.698296235023663114e-01 0.000000000000000000e+00 0.000000000000000000e+00 0.000000000000000000e+00 0.000000000000000000e+00 0.000000000000000000e+00
0.000000000000000000e+00 3.255990592839004827e-01 6.000130419781287694e-01 0.000000000000000000e+00 0.000000000000000000e+00 0.000000000000000000e+00 0.000000000000000000e+00 0.000000000000000000e+00 0.000000000000000000e+00 0.000000000000000000e+00 0.000000000000000000e+00 0.000000000000000000e+00 0.000000000000000000e+00 1.178972635748169046e-02 0.000000000000000000e+00 3.198468710707204343e-02 0.000000000000000000e+00 0.000000000000000000e+00 1.087709877893245913e+00 0.000000000000000000e+00 0.000000000000000000e+00 0.000000000000000000e+00 0.000000000000000000e+00 0.000000000000000000e+00 0.000000000000000000e+00
0.000000000000000000e+00 0.000000000000000000e+00 6.590431514341559271e-01 0.000000000000000000e+00 3.291128451303957925e-01 0.000000000000000000e+00 0.000000000000000000e+00 0.000000000000000000e+00 0.000000000000000000e+00 0.000000000000000000e+00 0.000000000000000000e+00 0.000000000000000000e+00 0.000000000000000000e+00 4.692890669189109798e-01 0.000000000000000000e+00 3.319531415583327205e-01 0.000000000000000000e+00 0.000000000000000000e+00 0.000000000000000000e+00 0.000000000000000000e+00 2.878126862538790132e-01 0.000000000000000000e+00 0.000000000000000000e+00 0.000000000000000000e+00 0.000000000000000000e+00
0.000000000000000000e+00 4.453744722854502958e-01 0.000000000000000000e+00 0.000000000000000000e+00 0.000000000000000000e+00 1.612257376148102939e-01 0.000000000000000000e+00 0.000000000000000000e+00 5.081555956589747236e-01 0.000000000000000000e+00 3.756362683202766894e-01 0.000000000000000000e+00 0.000000000000000000e+00 0.000000000000000000e+00 3.324884950904247738e-01 0.000000000000000000e+00 0.000000000000000000e+00 0.000000000000000000e+00 0.000000000000000000e+00 8.869159415624844334e-02 0.000000000000000000e+00 0.000000000000000000e+00 1.677664380973991898e-01 0.000000000000000000e+00 0.000000000000000000e+00
0.000000000000000000e+00 0.000000000000000000e+00 6.667850747893702135e-01 3.235294913157938934e-01 0.000000000000000000e+00 0.000000000000000000e+00 0.000000000000000000e+00 0.000000000000000000e+00 0.000000000000000000e+00 0.000000000000000000e+00 0.000000000000000000e+00 0.000000000000000000e+00 0.000000000000000000e+00 0.000000000000000000e+00 3.364031843330190230e-01 0.000000000000000000e+00 0.000000000000000000e+00 0.000000000000000000e+00 5.718156179478145473e-01 0.000000000000000000e+00 5.838893902554490728e-02 0.000000000000000000e+00 0.000000000000000000e+00 0.000000000000000000e+00 1.484457910454257124e-01
0.000000000000000000e+00 5.764976033055247973e-01 0.000000000000000000e+00 0.000000000000000000e+00 0.000000000000000000e+00 0.000000000000000000e+00 0.000000000000000000e+00 0.000000000000000000e+00 0.000000000000000000e+00 0.000000000000000000e+00 0.000000000000000000e+00 0.000000000000000000e+00 4.060459429631739781e-01 0.000000000000000000e+00 5.220125598304352632e-01 0.000000000000000000e+00 0.000000000000000000e+00 0.000000000000000000e+00 0.000000000000000000e+00 0.000000000000000000e+00 1.040152580090179940e-01 0.000000000000000000e+00 0.000000000000000000e+00 3.000440195094634943e-02 0.000000000000000000e+00
0.000000000000000000e+00 4.499311927471525974e-01 0.000000000000000000e+00 0.000000000000000000e+00 0.000000000000000000e+00 0.000000000000000000e+00 0.000000000000000000e+00 0.000000000000000000e+00 0.000000000000000000e+00 0.000000000000000000e+00 0.000000000000000000e+00 0.000000000000000000e+00 0.000000000000000000e+00 0.000000000000000000e+00 0.000000000000000000e+00 0.000000000000000000e+00 0.000000000000000000e+00 0.000000000000000000e+00 0.000000000000000000e+00 4.362740675772002752e-01 0.000000000000000000e+00 0.000000000000000000e+00 0.000000000000000000e+00 0.000000000000000000e+00 7.193854853103096025e-02
