# File created on Tue Apr 30 10:59:36 2024
# The following metaparameters were used for this matrix optimization : gamma0 = 0.5; alpha0 = 0; sigma0 = 0.25; l0 = 1;p = 1; R0 = 1; S0 = 0.05; NR = 25; NS = 25; matrix path = matrices/Nr25_Nc25/consumption/RandTrix_Nr25_Nc25_Nest0.45_Conn0.216.txt; convergence threshold = 1e-08
5.804296656261522e-01 5.498914152911256e-01 5.619016815176697e-01 3.285062304520782e-01 0.000000000000000e+00 0.000000000000000e+00 5.176589175072713e-01 5.124907653490605e-01 4.099537821585993e-01 0.000000000000000e+00 1.922514869854977e-01 0.000000000000000e+00 2.439433304312513e-01 1.756350432714870e+00 3.828290683908640e-01 0.000000000000000e+00 0.000000000000000e+00 0.000000000000000e+00 1.511047198971164e-01 0.000000000000000e+00 2.673807535236016e-01 6.929618115337551e-01 1.662668153600967e+00 0.000000000000000e+00 0.000000000000000e+00 
0.000000000000000e+00 8.577857177334953e-01 0.000000000000000e+00 5.479342166673058e-01 5.685982170510461e-01 1.032873785512825e+00 0.000000000000000e+00 0.000000000000000e+00 7.511346106289846e-01 0.000000000000000e+00 0.000000000000000e+00 1.574402824942760e-01 4.717097391003336e-01 0.000000000000000e+00 0.000000000000000e+00 0.000000000000000e+00 0.000000000000000e+00 0.000000000000000e+00 0.000000000000000e+00 5.968425000743846e-01 0.000000000000000e+00 0.000000000000000e+00 3.102119905997113e-01 0.000000000000000e+00 5.827263794446200e-01 
0.000000000000000e+00 7.677054020908575e-01 0.000000000000000e+00 0.000000000000000e+00 0.000000000000000e+00 0.000000000000000e+00 4.933755076532913e-01 5.374603667358080e-01 0.000000000000000e+00 0.000000000000000e+00 0.000000000000000e+00 5.616221923020734e-01 8.037164873449822e-02 9.566647880981160e-01 0.000000000000000e+00 0.000000000000000e+00 0.000000000000000e+00 0.000000000000000e+00 0.000000000000000e+00 0.000000000000000e+00 0.000000000000000e+00 0.000000000000000e+00 0.000000000000000e+00 1.467956952001536e+00 7.036548753861492e-01 
0.000000000000000e+00 7.279034323296240e-01 2.865163371502744e-01 0.000000000000000e+00 0.000000000000000e+00 0.000000000000000e+00 0.000000000000000e+00 0.000000000000000e+00 8.822696741110057e-02 0.000000000000000e+00 0.000000000000000e+00 1.156681815218422e+00 0.000000000000000e+00 7.735295948112986e-01 7.392615816506598e-01 0.000000000000000e+00 0.000000000000000e+00 4.691232588851592e-03 2.753256162404745e-01 0.000000000000000e+00 0.000000000000000e+00 0.000000000000000e+00 0.000000000000000e+00 0.000000000000000e+00 0.000000000000000e+00 
0.000000000000000e+00 0.000000000000000e+00 0.000000000000000e+00 0.000000000000000e+00 5.713679964301551e-01 0.000000000000000e+00 0.000000000000000e+00 0.000000000000000e+00 0.000000000000000e+00 2.790775594154392e-01 0.000000000000000e+00 0.000000000000000e+00 3.767861621012909e-01 0.000000000000000e+00 0.000000000000000e+00 0.000000000000000e+00 8.361924499910815e-02 0.000000000000000e+00 0.000000000000000e+00 0.000000000000000e+00 0.000000000000000e+00 5.697544633307276e-01 0.000000000000000e+00 0.000000000000000e+00 1.673434096215753e+00 
5.219746024747084e-01 0.000000000000000e+00 7.566671203367359e-01 4.381799564500783e-01 0.000000000000000e+00 1.302184220394329e-01 0.000000000000000e+00 0.000000000000000e+00 0.000000000000000e+00 0.000000000000000e+00 0.000000000000000e+00 0.000000000000000e+00 0.000000000000000e+00 0.000000000000000e+00 0.000000000000000e+00 0.000000000000000e+00 0.000000000000000e+00 0.000000000000000e+00 0.000000000000000e+00 0.000000000000000e+00 0.000000000000000e+00 0.000000000000000e+00 1.595680253650420e-01 1.967792485796761e-01 1.097675392276799e+00 
4.585108281130271e-01 0.000000000000000e+00 5.004460579873306e-01 0.000000000000000e+00 0.000000000000000e+00 2.465997361662362e-01 4.825885251905006e-01 0.000000000000000e+00 0.000000000000000e+00 0.000000000000000e+00 0.000000000000000e+00 0.000000000000000e+00 0.000000000000000e+00 2.896488746884243e-01 5.334854004986911e-01 6.247847145159042e-01 0.000000000000000e+00 0.000000000000000e+00 0.000000000000000e+00 0.000000000000000e+00 0.000000000000000e+00 0.000000000000000e+00 0.000000000000000e+00 0.000000000000000e+00 8.243087629697815e-01 
9.946582559737232e-01 0.000000000000000e+00 0.000000000000000e+00 0.000000000000000e+00 0.000000000000000e+00 0.000000000000000e+00 0.000000000000000e+00 0.000000000000000e+00 0.000000000000000e+00 0.000000000000000e+00 0.000000000000000e+00 0.000000000000000e+00 0.000000000000000e+00 0.000000000000000e+00 3.967627435680714e-01 0.000000000000000e+00 0.000000000000000e+00 0.000000000000000e+00 0.000000000000000e+00 0.000000000000000e+00 0.000000000000000e+00 5.646830653517950e-01 0.000000000000000e+00 0.000000000000000e+00 1.967860227674951e+00 
4.921180558407523e-01 6.193307616255083e-01 5.446303120987606e-01 3.446861603141306e-01 0.000000000000000e+00 6.420551010815491e-01 0.000000000000000e+00 0.000000000000000e+00 0.000000000000000e+00 0.000000000000000e+00 0.000000000000000e+00 0.000000000000000e+00 0.000000000000000e+00 0.000000000000000e+00 0.000000000000000e+00 0.000000000000000e+00 0.000000000000000e+00 0.000000000000000e+00 0.000000000000000e+00 0.000000000000000e+00 0.000000000000000e+00 0.000000000000000e+00 0.000000000000000e+00 0.000000000000000e+00 0.000000000000000e+00 
0.000000000000000e+00 0.000000000000000e+00 0.000000000000000e+00 0.000000000000000e+00 2.796200481025409e-01 0.000000000000000e+00 0.000000000000000e+00 0.000000000000000e+00 0.000000000000000e+00 0.000000000000000e+00 5.874876042954914e-01 5.610603045891583e-01 0.000000000000000e+00 0.000000000000000e+00 0.000000000000000e+00 1.453339744276829e+00 0.000000000000000e+00 0.000000000000000e+00 9.615980159674578e-01 0.000000000000000e+00 0.000000000000000e+00 0.000000000000000e+00 0.000000000000000e+00 1.276686928450109e+00 0.000000000000000e+00 
4.316339909296313e-01 2.902770610342765e-01 5.874949012353156e-01 0.000000000000000e+00 0.000000000000000e+00 0.000000000000000e+00 0.000000000000000e+00 0.000000000000000e+00 0.000000000000000e+00 0.000000000000000e+00 0.000000000000000e+00 0.000000000000000e+00 3.924893861476725e-01 0.000000000000000e+00 0.000000000000000e+00 0.000000000000000e+00 0.000000000000000e+00 0.000000000000000e+00 0.000000000000000e+00 0.000000000000000e+00 0.000000000000000e+00 6.678727758263035e-01 3.675162624182825e-01 0.000000000000000e+00 7.622923396701915e-01 
1.244046735078178e+00 2.499942499010361e-01 0.000000000000000e+00 0.000000000000000e+00 0.000000000000000e+00 0.000000000000000e+00 0.000000000000000e+00 0.000000000000000e+00 0.000000000000000e+00 0.000000000000000e+00 0.000000000000000e+00 8.139363502852801e-01 0.000000000000000e+00 0.000000000000000e+00 0.000000000000000e+00 0.000000000000000e+00 0.000000000000000e+00 0.000000000000000e+00 0.000000000000000e+00 0.000000000000000e+00 0.000000000000000e+00 0.000000000000000e+00 0.000000000000000e+00 0.000000000000000e+00 0.000000000000000e+00 
0.000000000000000e+00 0.000000000000000e+00 0.000000000000000e+00 3.556492091529512e-01 0.000000000000000e+00 4.646170625633533e-01 0.000000000000000e+00 0.000000000000000e+00 0.000000000000000e+00 0.000000000000000e+00 0.000000000000000e+00 0.000000000000000e+00 8.978637231966006e-01 0.000000000000000e+00 0.000000000000000e+00 0.000000000000000e+00 0.000000000000000e+00 0.000000000000000e+00 1.804921540801240e-01 0.000000000000000e+00 5.132970389386043e-01 7.289970678343683e-01 0.000000000000000e+00 0.000000000000000e+00 0.000000000000000e+00 
0.000000000000000e+00 0.000000000000000e+00 0.000000000000000e+00 0.000000000000000e+00 0.000000000000000e+00 9.963404046959485e-01 0.000000000000000e+00 0.000000000000000e+00 0.000000000000000e+00 0.000000000000000e+00 0.000000000000000e+00 0.000000000000000e+00 0.000000000000000e+00 9.256847787179329e-02 0.000000000000000e+00 0.000000000000000e+00 2.726815603356896e-02 0.000000000000000e+00 0.000000000000000e+00 0.000000000000000e+00 0.000000000000000e+00 0.000000000000000e+00 0.000000000000000e+00 8.559569078843109e-01 0.000000000000000e+00 
0.000000000000000e+00 3.042260252276899e-01 0.000000000000000e+00 0.000000000000000e+00 4.142270987603207e-01 0.000000000000000e+00 9.742754580731077e-03 4.908849296312323e-01 0.000000000000000e+00 0.000000000000000e+00 0.000000000000000e+00 0.000000000000000e+00 0.000000000000000e+00 0.000000000000000e+00 4.549136666482861e-01 0.000000000000000e+00 0.000000000000000e+00 0.000000000000000e+00 6.190436231729957e-02 0.000000000000000e+00 0.000000000000000e+00 1.528928564287462e-01 1.932125176473274e-01 0.000000000000000e+00 0.000000000000000e+00 
0.000000000000000e+00 4.655583767211381e-01 0.000000000000000e+00 3.760218818822462e-01 0.000000000000000e+00 0.000000000000000e+00 0.000000000000000e+00 0.000000000000000e+00 0.000000000000000e+00 0.000000000000000e+00 3.125362822125751e-01 0.000000000000000e+00 0.000000000000000e+00 0.000000000000000e+00 0.000000000000000e+00 0.000000000000000e+00 0.000000000000000e+00 0.000000000000000e+00 0.000000000000000e+00 5.532537378008568e-01 0.000000000000000e+00 0.000000000000000e+00 0.000000000000000e+00 9.449311449923683e-01 2.587071561255768e-01 
0.000000000000000e+00 0.000000000000000e+00 0.000000000000000e+00 0.000000000000000e+00 0.000000000000000e+00 0.000000000000000e+00 3.440942520888117e-01 0.000000000000000e+00 0.000000000000000e+00 2.775875270526958e-01 0.000000000000000e+00 0.000000000000000e+00 0.000000000000000e+00 0.000000000000000e+00 0.000000000000000e+00 3.569666135620636e-01 0.000000000000000e+00 0.000000000000000e+00 0.000000000000000e+00 0.000000000000000e+00 0.000000000000000e+00 1.209881309496694e-01 0.000000000000000e+00 0.000000000000000e+00 0.000000000000000e+00 
4.204316142528788e-01 0.000000000000000e+00 0.000000000000000e+00 0.000000000000000e+00 0.000000000000000e+00 0.000000000000000e+00 4.578690836789110e-01 0.000000000000000e+00 0.000000000000000e+00 0.000000000000000e+00 5.191249145480665e-01 0.000000000000000e+00 0.000000000000000e+00 0.000000000000000e+00 0.000000000000000e+00 0.000000000000000e+00 0.000000000000000e+00 0.000000000000000e+00 0.000000000000000e+00 0.000000000000000e+00 0.000000000000000e+00 0.000000000000000e+00 0.000000000000000e+00 0.000000000000000e+00 0.000000000000000e+00 
1.036120927360333e+00 0.000000000000000e+00 0.000000000000000e+00 0.000000000000000e+00 0.000000000000000e+00 0.000000000000000e+00 0.000000000000000e+00 0.000000000000000e+00 0.000000000000000e+00 0.000000000000000e+00 0.000000000000000e+00 0.000000000000000e+00 0.000000000000000e+00 0.000000000000000e+00 0.000000000000000e+00 0.000000000000000e+00 0.000000000000000e+00 3.674467060413346e-02 0.000000000000000e+00 4.586015218650410e-01 0.000000000000000e+00 0.000000000000000e+00 0.000000000000000e+00 0.000000000000000e+00 0.000000000000000e+00 
3.256256013033085e-01 4.785147343454175e-01 0.000000000000000e+00 0.000000000000000e+00 0.000000000000000e+00 0.000000000000000e+00 0.000000000000000e+00 7.010657982300005e-01 0.000000000000000e+00 0.000000000000000e+00 0.000000000000000e+00 0.000000000000000e+00 0.000000000000000e+00 0.000000000000000e+00 0.000000000000000e+00 0.000000000000000e+00 0.000000000000000e+00 0.000000000000000e+00 0.000000000000000e+00 0.000000000000000e+00 0.000000000000000e+00 0.000000000000000e+00 1.452513130264134e-01 1.427287207308253e-01 0.000000000000000e+00 
5.013022916730613e-02 0.000000000000000e+00 0.000000000000000e+00 4.145165974846365e-01 0.000000000000000e+00 0.000000000000000e+00 4.387047429404487e-01 0.000000000000000e+00 0.000000000000000e+00 0.000000000000000e+00 0.000000000000000e+00 0.000000000000000e+00 0.000000000000000e+00 0.000000000000000e+00 0.000000000000000e+00 0.000000000000000e+00 0.000000000000000e+00 0.000000000000000e+00 0.000000000000000e+00 0.000000000000000e+00 0.000000000000000e+00 0.000000000000000e+00 0.000000000000000e+00 0.000000000000000e+00 0.000000000000000e+00 
0.000000000000000e+00 4.987260452533750e-01 0.000000000000000e+00 0.000000000000000e+00 1.192194138310014e-01 0.000000000000000e+00 0.000000000000000e+00 0.000000000000000e+00 0.000000000000000e+00 0.000000000000000e+00 3.385791382593518e-01 0.000000000000000e+00 0.000000000000000e+00 0.000000000000000e+00 0.000000000000000e+00 0.000000000000000e+00 0.000000000000000e+00 0.000000000000000e+00 0.000000000000000e+00 0.000000000000000e+00 0.000000000000000e+00 0.000000000000000e+00 0.000000000000000e+00 0.000000000000000e+00 0.000000000000000e+00 
4.837383199157691e-01 0.000000000000000e+00 0.000000000000000e+00 0.000000000000000e+00 0.000000000000000e+00 0.000000000000000e+00 0.000000000000000e+00 0.000000000000000e+00 0.000000000000000e+00 0.000000000000000e+00 0.000000000000000e+00 0.000000000000000e+00 0.000000000000000e+00 0.000000000000000e+00 0.000000000000000e+00 0.000000000000000e+00 0.000000000000000e+00 0.000000000000000e+00 0.000000000000000e+00 0.000000000000000e+00 0.000000000000000e+00 0.000000000000000e+00 5.559372085156322e-01 2.898828606390475e-01 0.000000000000000e+00 
0.000000000000000e+00 0.000000000000000e+00 0.000000000000000e+00 3.114973938920330e-01 0.000000000000000e+00 0.000000000000000e+00 0.000000000000000e+00 0.000000000000000e+00 0.000000000000000e+00 0.000000000000000e+00 0.000000000000000e+00 0.000000000000000e+00 0.000000000000000e+00 0.000000000000000e+00 0.000000000000000e+00 0.000000000000000e+00 0.000000000000000e+00 0.000000000000000e+00 0.000000000000000e+00 0.000000000000000e+00 0.000000000000000e+00 1.482823127343537e-01 0.000000000000000e+00 0.000000000000000e+00 0.000000000000000e+00 
0.000000000000000e+00 0.000000000000000e+00 0.000000000000000e+00 0.000000000000000e+00 0.000000000000000e+00 0.000000000000000e+00 0.000000000000000e+00 6.444613340008848e-01 0.000000000000000e+00 0.000000000000000e+00 0.000000000000000e+00 0.000000000000000e+00 0.000000000000000e+00 0.000000000000000e+00 0.000000000000000e+00 0.000000000000000e+00 0.000000000000000e+00 0.000000000000000e+00 0.000000000000000e+00 0.000000000000000e+00 0.000000000000000e+00 0.000000000000000e+00 0.000000000000000e+00 0.000000000000000e+00 0.000000000000000e+00 