# # File created on Tue Apr 30 12:50:01 2024
#  # The following metaparameters were used for this matrix optimization : gamma0 = 0.5; alpha0 = 0; sigma0 = 0.25; l0 = 1;p = 1; R0 = 1; S0 = 0.05; NR = 25; NS = 25; matrix path = matrices/Nr25_Nc25/consumption/RandTrix_Nr25_Nc25_Nest0.55_Conn0.3344.txt; convergence threshold = 1e-08
# 
0.000000000000000000e+00 0.000000000000000000e+00 9.080517050133339874e-01 6.040248047029037615e-01 1.845377688211068956e-01 2.198486951332374040e-01 0.000000000000000000e+00 9.859006545272607225e-01 3.871793317907206156e-01 0.000000000000000000e+00 0.000000000000000000e+00 4.641562406324161172e-01 0.000000000000000000e+00 9.667482790176008534e-01 7.627136010285667789e-01 1.221091647371367994e+00 0.000000000000000000e+00 2.524925641167282131e-01 3.893405150732591746e-01 0.000000000000000000e+00 0.000000000000000000e+00 0.000000000000000000e+00 3.933899551392758820e-01 0.000000000000000000e+00 4.452262208643397168e-01
0.000000000000000000e+00 0.000000000000000000e+00 0.000000000000000000e+00 1.974500045187198016e-01 5.709994747114718328e-01 0.000000000000000000e+00 0.000000000000000000e+00 0.000000000000000000e+00 0.000000000000000000e+00 1.473660648064450074e+00 1.735353892830129086e+00 0.000000000000000000e+00 1.984578813717310930e-01 0.000000000000000000e+00 8.977958942342741944e-01 0.000000000000000000e+00 1.669274346097304074e+00 0.000000000000000000e+00 0.000000000000000000e+00 0.000000000000000000e+00 2.248695791534776944e+00 7.420885334089476482e-01 0.000000000000000000e+00 3.389285783009944875e-01 2.877840826698602861e+00
5.187751184388194048e-01 1.413625885496964107e-01 8.836919177065369890e-01 9.612603091921114729e-01 0.000000000000000000e+00 1.189081612513571029e+00 2.572342446938765126e-01 1.271640089170661958e-01 0.000000000000000000e+00 1.328591289525953956e+00 4.804044659710824949e-01 0.000000000000000000e+00 1.825903263229128881e-01 0.000000000000000000e+00 0.000000000000000000e+00 0.000000000000000000e+00 0.000000000000000000e+00 7.358799082626039656e-01 0.000000000000000000e+00 0.000000000000000000e+00 0.000000000000000000e+00 0.000000000000000000e+00 0.000000000000000000e+00 0.000000000000000000e+00 0.000000000000000000e+00
1.226221573837438017e+00 1.449762195017157973e+00 0.000000000000000000e+00 0.000000000000000000e+00 0.000000000000000000e+00 0.000000000000000000e+00 1.706261386193923979e+00 0.000000000000000000e+00 0.000000000000000000e+00 7.631180326660895741e-01 0.000000000000000000e+00 0.000000000000000000e+00 0.000000000000000000e+00 0.000000000000000000e+00 1.251811157212633918e-01 0.000000000000000000e+00 0.000000000000000000e+00 0.000000000000000000e+00 0.000000000000000000e+00 3.252566759673167218e-01 0.000000000000000000e+00 2.433723350290004916e-01 4.420815103911159699e-02 0.000000000000000000e+00 1.533220262401506995e+00
0.000000000000000000e+00 0.000000000000000000e+00 8.620151294887069549e-01 0.000000000000000000e+00 7.602012525978647517e-01 0.000000000000000000e+00 2.531225865499238115e-01 0.000000000000000000e+00 0.000000000000000000e+00 8.791780101314360385e-01 5.794897653278956451e-01 0.000000000000000000e+00 0.000000000000000000e+00 0.000000000000000000e+00 0.000000000000000000e+00 1.116021653389998036e+00 0.000000000000000000e+00 5.365743292067139958e-01 0.000000000000000000e+00 0.000000000000000000e+00 0.000000000000000000e+00 1.031797567298901042e+00 9.982111537652107458e-01 0.000000000000000000e+00 0.000000000000000000e+00
1.508302475941857956e+00 6.504667501692651399e-01 0.000000000000000000e+00 0.000000000000000000e+00 0.000000000000000000e+00 0.000000000000000000e+00 4.486721512267625167e-01 5.816214573206063970e-02 2.014708934678857977e-01 6.092717622532325406e-01 0.000000000000000000e+00 5.949967609443763683e-01 5.977906754513143683e-01 0.000000000000000000e+00 0.000000000000000000e+00 5.846898714260798657e-01 0.000000000000000000e+00 0.000000000000000000e+00 0.000000000000000000e+00 0.000000000000000000e+00 0.000000000000000000e+00 1.231575128694170962e+00 0.000000000000000000e+00 0.000000000000000000e+00 0.000000000000000000e+00
0.000000000000000000e+00 0.000000000000000000e+00 0.000000000000000000e+00 0.000000000000000000e+00 1.056537967071953910e+00 0.000000000000000000e+00 8.187819821399890952e-01 0.000000000000000000e+00 0.000000000000000000e+00 6.199632285862822778e-01 8.929984095427246915e-01 0.000000000000000000e+00 8.388893615020382999e-01 0.000000000000000000e+00 0.000000000000000000e+00 0.000000000000000000e+00 6.610495308013475402e-01 0.000000000000000000e+00 0.000000000000000000e+00 0.000000000000000000e+00 6.430440339836166475e-01 8.229822652792485593e-01 0.000000000000000000e+00 1.239955652950865961e+00 6.700157059925305747e-01
0.000000000000000000e+00 0.000000000000000000e+00 0.000000000000000000e+00 4.973205829820314117e-01 6.997933435366899824e-01 9.643564362856926753e-01 0.000000000000000000e+00 0.000000000000000000e+00 8.625239695829399755e-01 0.000000000000000000e+00 0.000000000000000000e+00 0.000000000000000000e+00 6.222186380272451967e-01 0.000000000000000000e+00 0.000000000000000000e+00 0.000000000000000000e+00 0.000000000000000000e+00 0.000000000000000000e+00 0.000000000000000000e+00 0.000000000000000000e+00 0.000000000000000000e+00 0.000000000000000000e+00 1.050574197689265965e+00 0.000000000000000000e+00 0.000000000000000000e+00
0.000000000000000000e+00 8.784094208181525421e-01 5.336814209517157792e-01 5.053015721425845319e-01 0.000000000000000000e+00 3.932121008140477270e-01 0.000000000000000000e+00 0.000000000000000000e+00 0.000000000000000000e+00 0.000000000000000000e+00 0.000000000000000000e+00 3.416946649031443184e-01 0.000000000000000000e+00 5.488967674929873253e-02 0.000000000000000000e+00 5.250841711377507437e-01 0.000000000000000000e+00 2.725141226604599898e-01 0.000000000000000000e+00 0.000000000000000000e+00 0.000000000000000000e+00 0.000000000000000000e+00 0.000000000000000000e+00 0.000000000000000000e+00 0.000000000000000000e+00
0.000000000000000000e+00 1.141637130713901022e-01 0.000000000000000000e+00 2.854827198167341762e-01 0.000000000000000000e+00 2.045736573664110880e-01 2.999192419799047160e-01 0.000000000000000000e+00 4.018449785192826917e-01 0.000000000000000000e+00 6.334541990714891435e-01 0.000000000000000000e+00 0.000000000000000000e+00 0.000000000000000000e+00 0.000000000000000000e+00 0.000000000000000000e+00 0.000000000000000000e+00 8.251534878199621170e-01 0.000000000000000000e+00 0.000000000000000000e+00 0.000000000000000000e+00 8.080996716245627542e-01 7.384376010118955946e-01 9.008205648344914662e-01 3.965613875327206883e-01
1.012309578874466931e+00 0.000000000000000000e+00 0.000000000000000000e+00 8.499884951090433960e-01 5.035439859437675914e-01 0.000000000000000000e+00 0.000000000000000000e+00 0.000000000000000000e+00 0.000000000000000000e+00 6.098027897772472228e-01 0.000000000000000000e+00 0.000000000000000000e+00 0.000000000000000000e+00 0.000000000000000000e+00 0.000000000000000000e+00 0.000000000000000000e+00 0.000000000000000000e+00 0.000000000000000000e+00 0.000000000000000000e+00 0.000000000000000000e+00 0.000000000000000000e+00 0.000000000000000000e+00 0.000000000000000000e+00 2.761400004236373995e-01 0.000000000000000000e+00
1.925472093243975058e+00 0.000000000000000000e+00 0.000000000000000000e+00 0.000000000000000000e+00 0.000000000000000000e+00 0.000000000000000000e+00 0.000000000000000000e+00 0.000000000000000000e+00 0.000000000000000000e+00 7.438370978815705969e-01 0.000000000000000000e+00 0.000000000000000000e+00 8.169192891577881088e-02 0.000000000000000000e+00 0.000000000000000000e+00 0.000000000000000000e+00 0.000000000000000000e+00 0.000000000000000000e+00 4.262751310784153036e-01 4.007964276933064229e-01 7.644129533120831432e-01 0.000000000000000000e+00 0.000000000000000000e+00 0.000000000000000000e+00 0.000000000000000000e+00
0.000000000000000000e+00 0.000000000000000000e+00 0.000000000000000000e+00 0.000000000000000000e+00 0.000000000000000000e+00 0.000000000000000000e+00 5.083894764048260129e-01 0.000000000000000000e+00 2.865258454563505142e-01 2.864620090588915757e-01 6.834549322290555118e-01 3.420185938766672762e-01 1.235404980307599043e+00 0.000000000000000000e+00 0.000000000000000000e+00 0.000000000000000000e+00 0.000000000000000000e+00 0.000000000000000000e+00 0.000000000000000000e+00 0.000000000000000000e+00 0.000000000000000000e+00 0.000000000000000000e+00 0.000000000000000000e+00 2.615906501416480068e-01 0.000000000000000000e+00
1.806763977718771064e-01 7.542240091871602603e-01 0.000000000000000000e+00 0.000000000000000000e+00 0.000000000000000000e+00 0.000000000000000000e+00 1.890970068776131052e-01 1.436208521891260137e-01 0.000000000000000000e+00 0.000000000000000000e+00 0.000000000000000000e+00 2.729780250976521772e-01 1.209093939194036071e+00 0.000000000000000000e+00 5.154796306564730923e-02 0.000000000000000000e+00 0.000000000000000000e+00 0.000000000000000000e+00 0.000000000000000000e+00 2.103454033276880020e-01 0.000000000000000000e+00 0.000000000000000000e+00 4.709962316938288152e-01 0.000000000000000000e+00 0.000000000000000000e+00
0.000000000000000000e+00 0.000000000000000000e+00 0.000000000000000000e+00 0.000000000000000000e+00 0.000000000000000000e+00 1.540643393882880074e-01 0.000000000000000000e+00 0.000000000000000000e+00 0.000000000000000000e+00 1.699505041641417913e+00 1.319074777610252935e+00 0.000000000000000000e+00 0.000000000000000000e+00 0.000000000000000000e+00 0.000000000000000000e+00 0.000000000000000000e+00 0.000000000000000000e+00 0.000000000000000000e+00 1.486327537270485943e-01 0.000000000000000000e+00 8.441244540583071609e-01 2.296492579685679991e-01 0.000000000000000000e+00 1.117976262950196031e-01 0.000000000000000000e+00
4.375468720100809117e-01 2.499718353236854984e-01 0.000000000000000000e+00 0.000000000000000000e+00 0.000000000000000000e+00 0.000000000000000000e+00 0.000000000000000000e+00 0.000000000000000000e+00 0.000000000000000000e+00 0.000000000000000000e+00 0.000000000000000000e+00 5.553171077061617167e-01 8.636097489923061366e-01 0.000000000000000000e+00 0.000000000000000000e+00 0.000000000000000000e+00 0.000000000000000000e+00 3.592216918828156080e-02 0.000000000000000000e+00 0.000000000000000000e+00 0.000000000000000000e+00 9.814292684188274940e-01 0.000000000000000000e+00 0.000000000000000000e+00 0.000000000000000000e+00
0.000000000000000000e+00 0.000000000000000000e+00 0.000000000000000000e+00 0.000000000000000000e+00 0.000000000000000000e+00 0.000000000000000000e+00 4.371273725565499868e-01 6.217255752611011710e-01 0.000000000000000000e+00 0.000000000000000000e+00 0.000000000000000000e+00 5.594050079116253960e-01 0.000000000000000000e+00 0.000000000000000000e+00 0.000000000000000000e+00 0.000000000000000000e+00 1.132006900185992038e+00 0.000000000000000000e+00 0.000000000000000000e+00 0.000000000000000000e+00 0.000000000000000000e+00 0.000000000000000000e+00 0.000000000000000000e+00 0.000000000000000000e+00 0.000000000000000000e+00
0.000000000000000000e+00 8.190723413565501043e-02 0.000000000000000000e+00 0.000000000000000000e+00 0.000000000000000000e+00 0.000000000000000000e+00 0.000000000000000000e+00 0.000000000000000000e+00 8.747303758382874994e-01 3.614413438260590250e-01 4.648164022027447273e-01 0.000000000000000000e+00 4.054888274223470979e-01 0.000000000000000000e+00 0.000000000000000000e+00 0.000000000000000000e+00 0.000000000000000000e+00 0.000000000000000000e+00 0.000000000000000000e+00 1.267086398855876983e-01 6.206796667543951207e-01 1.291716498923433099e-01 0.000000000000000000e+00 0.000000000000000000e+00 0.000000000000000000e+00
0.000000000000000000e+00 0.000000000000000000e+00 7.839196110637176584e-01 0.000000000000000000e+00 0.000000000000000000e+00 0.000000000000000000e+00 0.000000000000000000e+00 0.000000000000000000e+00 0.000000000000000000e+00 1.046267995596982942e-01 6.149321099465618889e-01 7.230291162327547906e-03 7.022345534904639308e-02 0.000000000000000000e+00 0.000000000000000000e+00 0.000000000000000000e+00 0.000000000000000000e+00 4.766589963893649862e-01 0.000000000000000000e+00 0.000000000000000000e+00 0.000000000000000000e+00 0.000000000000000000e+00 0.000000000000000000e+00 0.000000000000000000e+00 0.000000000000000000e+00
0.000000000000000000e+00 0.000000000000000000e+00 6.697307224953124027e-01 4.149315646333172070e-01 0.000000000000000000e+00 0.000000000000000000e+00 0.000000000000000000e+00 0.000000000000000000e+00 0.000000000000000000e+00 0.000000000000000000e+00 0.000000000000000000e+00 0.000000000000000000e+00 0.000000000000000000e+00 4.104372217118599786e-01 0.000000000000000000e+00 0.000000000000000000e+00 0.000000000000000000e+00 0.000000000000000000e+00 0.000000000000000000e+00 0.000000000000000000e+00 0.000000000000000000e+00 0.000000000000000000e+00 0.000000000000000000e+00 0.000000000000000000e+00 1.641944314123001125e-01
0.000000000000000000e+00 0.000000000000000000e+00 0.000000000000000000e+00 2.075835139814294905e-01 0.000000000000000000e+00 4.938008778548215738e-01 0.000000000000000000e+00 8.924685290220470968e-01 0.000000000000000000e+00 0.000000000000000000e+00 4.954735741503046159e-02 0.000000000000000000e+00 0.000000000000000000e+00 0.000000000000000000e+00 0.000000000000000000e+00 0.000000000000000000e+00 0.000000000000000000e+00 0.000000000000000000e+00 0.000000000000000000e+00 0.000000000000000000e+00 0.000000000000000000e+00 0.000000000000000000e+00 0.000000000000000000e+00 0.000000000000000000e+00 0.000000000000000000e+00
9.207274206338245115e-01 0.000000000000000000e+00 0.000000000000000000e+00 3.392129453063276179e-01 0.000000000000000000e+00 0.000000000000000000e+00 0.000000000000000000e+00 0.000000000000000000e+00 0.000000000000000000e+00 0.000000000000000000e+00 1.682620127342965011e-01 0.000000000000000000e+00 0.000000000000000000e+00 0.000000000000000000e+00 0.000000000000000000e+00 0.000000000000000000e+00 0.000000000000000000e+00 0.000000000000000000e+00 0.000000000000000000e+00 0.000000000000000000e+00 0.000000000000000000e+00 0.000000000000000000e+00 5.096209056634514178e-01 0.000000000000000000e+00 0.000000000000000000e+00
0.000000000000000000e+00 0.000000000000000000e+00 0.000000000000000000e+00 0.000000000000000000e+00 0.000000000000000000e+00 0.000000000000000000e+00 0.000000000000000000e+00 0.000000000000000000e+00 0.000000000000000000e+00 0.000000000000000000e+00 0.000000000000000000e+00 5.421367246682311514e-01 0.000000000000000000e+00 0.000000000000000000e+00 5.011073895236906051e-01 0.000000000000000000e+00 0.000000000000000000e+00 0.000000000000000000e+00 0.000000000000000000e+00 0.000000000000000000e+00 0.000000000000000000e+00 0.000000000000000000e+00 6.609505542722253491e-02 0.000000000000000000e+00 0.000000000000000000e+00
0.000000000000000000e+00 1.090413276813143040e-01 7.316266985381513210e-01 3.415403160323211007e-01 0.000000000000000000e+00 0.000000000000000000e+00 0.000000000000000000e+00 0.000000000000000000e+00 0.000000000000000000e+00 4.362331798008035194e-02 0.000000000000000000e+00 0.000000000000000000e+00 0.000000000000000000e+00 0.000000000000000000e+00 0.000000000000000000e+00 0.000000000000000000e+00 0.000000000000000000e+00 0.000000000000000000e+00 0.000000000000000000e+00 0.000000000000000000e+00 0.000000000000000000e+00 0.000000000000000000e+00 1.067589195347977971e-01 0.000000000000000000e+00 0.000000000000000000e+00
1.506610615159534039e-01 0.000000000000000000e+00 1.729499090172862893e-02 0.000000000000000000e+00 0.000000000000000000e+00 1.000615551638971007e-01 0.000000000000000000e+00 0.000000000000000000e+00 0.000000000000000000e+00 6.075410319872010662e-02 1.323285991019924890e-01 4.591031502509071993e-01 0.000000000000000000e+00 0.000000000000000000e+00 0.000000000000000000e+00 0.000000000000000000e+00 0.000000000000000000e+00 0.000000000000000000e+00 1.729143051497538941e-01 0.000000000000000000e+00 0.000000000000000000e+00 0.000000000000000000e+00 0.000000000000000000e+00 0.000000000000000000e+00 0.000000000000000000e+00
