# File created on Mon Apr 29 23:46:17 2024
# The following metaparameters were used for this matrix optimization : gamma0 = 0.5; alpha0 = 0; sigma0 = 0.25; l0 = 1;p = 1; R0 = 1; S0 = 0.05; NR = 25; NS = 25; matrix path = matrices/Nr25_Nc25/consumption/RandTrix_Nr25_Nc25_Nest0.3_Conn0.2816.txt; convergence threshold = 1e-08
4.997510847149416e-01 3.538356016659685e-01 0.000000000000000e+00 0.000000000000000e+00 7.255398881193326e-01 0.000000000000000e+00 4.206760473906007e-01 0.000000000000000e+00 0.000000000000000e+00 0.000000000000000e+00 2.578751358979197e-01 4.998135204396689e-01 0.000000000000000e+00 0.000000000000000e+00 0.000000000000000e+00 0.000000000000000e+00 0.000000000000000e+00 0.000000000000000e+00 9.427241015339523e-01 0.000000000000000e+00 0.000000000000000e+00 0.000000000000000e+00 0.000000000000000e+00 0.000000000000000e+00 3.268553118801914e-01 
0.000000000000000e+00 0.000000000000000e+00 0.000000000000000e+00 0.000000000000000e+00 5.907366116045518e-01 0.000000000000000e+00 0.000000000000000e+00 4.145762747387972e-01 0.000000000000000e+00 0.000000000000000e+00 0.000000000000000e+00 7.400709093291890e-01 1.096434585973013e-01 0.000000000000000e+00 0.000000000000000e+00 0.000000000000000e+00 1.997622009088301e-01 7.552897269775772e-01 8.810881493928896e-01 0.000000000000000e+00 0.000000000000000e+00 0.000000000000000e+00 0.000000000000000e+00 0.000000000000000e+00 0.000000000000000e+00 
0.000000000000000e+00 4.845741335118586e-01 0.000000000000000e+00 0.000000000000000e+00 2.783889807668272e-01 1.210754237689822e-01 0.000000000000000e+00 0.000000000000000e+00 6.763855250037724e-01 1.011799103696779e+00 0.000000000000000e+00 7.618237787845021e-02 0.000000000000000e+00 0.000000000000000e+00 7.916442260913480e-01 0.000000000000000e+00 0.000000000000000e+00 0.000000000000000e+00 0.000000000000000e+00 0.000000000000000e+00 4.497031051554914e-01 0.000000000000000e+00 0.000000000000000e+00 0.000000000000000e+00 0.000000000000000e+00 
0.000000000000000e+00 9.826875374739883e-02 0.000000000000000e+00 0.000000000000000e+00 8.045014924568123e-01 0.000000000000000e+00 1.194867201977619e+00 0.000000000000000e+00 0.000000000000000e+00 0.000000000000000e+00 0.000000000000000e+00 0.000000000000000e+00 0.000000000000000e+00 0.000000000000000e+00 0.000000000000000e+00 6.599359924186032e-01 0.000000000000000e+00 0.000000000000000e+00 0.000000000000000e+00 0.000000000000000e+00 0.000000000000000e+00 1.014456583625303e-01 1.406442520151449e-01 5.386902311312600e-01 0.000000000000000e+00 
7.017726455296762e-02 1.004527698249981e+00 4.717059615026942e-01 0.000000000000000e+00 0.000000000000000e+00 1.893817371000862e-01 4.513698199997737e-01 0.000000000000000e+00 0.000000000000000e+00 0.000000000000000e+00 0.000000000000000e+00 0.000000000000000e+00 3.610361910936144e-01 0.000000000000000e+00 0.000000000000000e+00 0.000000000000000e+00 2.118558950838562e-01 1.605376181086077e-01 5.501010267417053e-01 0.000000000000000e+00 0.000000000000000e+00 0.000000000000000e+00 0.000000000000000e+00 0.000000000000000e+00 0.000000000000000e+00 
0.000000000000000e+00 0.000000000000000e+00 0.000000000000000e+00 6.434699112817793e-02 0.000000000000000e+00 2.877269675736390e-01 7.098993999140325e-01 0.000000000000000e+00 0.000000000000000e+00 3.469232928357494e-01 0.000000000000000e+00 7.183814859920472e-01 0.000000000000000e+00 0.000000000000000e+00 0.000000000000000e+00 8.495925979220733e-01 0.000000000000000e+00 0.000000000000000e+00 0.000000000000000e+00 0.000000000000000e+00 0.000000000000000e+00 0.000000000000000e+00 0.000000000000000e+00 3.609432800670819e-01 3.150853315168968e-01 
0.000000000000000e+00 1.030413810345798e+00 0.000000000000000e+00 0.000000000000000e+00 8.791828969947937e-02 0.000000000000000e+00 0.000000000000000e+00 3.435071686900027e-02 0.000000000000000e+00 6.211830338912036e-01 0.000000000000000e+00 0.000000000000000e+00 0.000000000000000e+00 4.515150516716556e-01 0.000000000000000e+00 3.002756692447048e-01 0.000000000000000e+00 0.000000000000000e+00 0.000000000000000e+00 4.432525500218105e-02 0.000000000000000e+00 9.927894013476620e-01 0.000000000000000e+00 0.000000000000000e+00 4.693911464797103e-01 
0.000000000000000e+00 0.000000000000000e+00 1.909900293821734e-01 8.754968324807982e-01 0.000000000000000e+00 0.000000000000000e+00 0.000000000000000e+00 1.268025769837628e+00 0.000000000000000e+00 0.000000000000000e+00 0.000000000000000e+00 0.000000000000000e+00 0.000000000000000e+00 0.000000000000000e+00 3.892206540470690e-01 0.000000000000000e+00 0.000000000000000e+00 0.000000000000000e+00 0.000000000000000e+00 0.000000000000000e+00 0.000000000000000e+00 0.000000000000000e+00 0.000000000000000e+00 0.000000000000000e+00 3.243071362471573e-01 
4.090955984101039e-01 0.000000000000000e+00 0.000000000000000e+00 2.673419078499412e-01 0.000000000000000e+00 6.036924014350279e-01 8.567030212198876e-02 0.000000000000000e+00 0.000000000000000e+00 0.000000000000000e+00 0.000000000000000e+00 3.180973451148411e-01 2.935295976956709e-01 3.568528566483172e-01 0.000000000000000e+00 0.000000000000000e+00 0.000000000000000e+00 0.000000000000000e+00 0.000000000000000e+00 5.927933361384017e-01 0.000000000000000e+00 6.702598891563948e-01 0.000000000000000e+00 0.000000000000000e+00 0.000000000000000e+00 
5.598865465697889e-01 3.764884417751919e-01 0.000000000000000e+00 0.000000000000000e+00 0.000000000000000e+00 0.000000000000000e+00 0.000000000000000e+00 0.000000000000000e+00 0.000000000000000e+00 0.000000000000000e+00 0.000000000000000e+00 0.000000000000000e+00 4.542000900110457e-01 0.000000000000000e+00 4.804200556150470e-01 0.000000000000000e+00 6.468159516905276e-01 0.000000000000000e+00 0.000000000000000e+00 2.071735068037101e-01 0.000000000000000e+00 0.000000000000000e+00 0.000000000000000e+00 8.877634801778239e-01 0.000000000000000e+00 
2.062413115256627e-01 0.000000000000000e+00 0.000000000000000e+00 0.000000000000000e+00 0.000000000000000e+00 0.000000000000000e+00 0.000000000000000e+00 0.000000000000000e+00 0.000000000000000e+00 6.524102009970603e-01 7.339391604592114e-01 4.404143871986723e-01 1.340616637830677e-01 5.354088898793128e-01 0.000000000000000e+00 0.000000000000000e+00 0.000000000000000e+00 0.000000000000000e+00 0.000000000000000e+00 0.000000000000000e+00 2.355075575483273e-01 0.000000000000000e+00 0.000000000000000e+00 2.844250494344528e-01 2.329162446748833e-01 
1.060442564333901e+00 0.000000000000000e+00 0.000000000000000e+00 4.193286864902159e-01 0.000000000000000e+00 0.000000000000000e+00 5.607877596762696e-01 0.000000000000000e+00 0.000000000000000e+00 0.000000000000000e+00 0.000000000000000e+00 0.000000000000000e+00 0.000000000000000e+00 0.000000000000000e+00 0.000000000000000e+00 5.154417232051939e-01 0.000000000000000e+00 0.000000000000000e+00 3.196029506326871e-01 0.000000000000000e+00 0.000000000000000e+00 0.000000000000000e+00 0.000000000000000e+00 0.000000000000000e+00 0.000000000000000e+00 
0.000000000000000e+00 8.959938851375144e-02 5.467306623273905e-01 0.000000000000000e+00 0.000000000000000e+00 0.000000000000000e+00 0.000000000000000e+00 6.480649055044426e-01 7.182407176457057e-01 0.000000000000000e+00 0.000000000000000e+00 2.327768475792536e-01 0.000000000000000e+00 0.000000000000000e+00 0.000000000000000e+00 0.000000000000000e+00 3.967264845871836e-01 0.000000000000000e+00 0.000000000000000e+00 0.000000000000000e+00 0.000000000000000e+00 0.000000000000000e+00 0.000000000000000e+00 0.000000000000000e+00 3.502929910938356e-01 
7.599784165539292e-01 1.522395852576876e-01 0.000000000000000e+00 0.000000000000000e+00 1.212944067225771e-01 0.000000000000000e+00 6.019980622326571e-02 0.000000000000000e+00 5.754130121813648e-01 0.000000000000000e+00 0.000000000000000e+00 0.000000000000000e+00 8.375487417061758e-01 0.000000000000000e+00 0.000000000000000e+00 0.000000000000000e+00 0.000000000000000e+00 4.559222402452764e-01 0.000000000000000e+00 0.000000000000000e+00 0.000000000000000e+00 0.000000000000000e+00 0.000000000000000e+00 0.000000000000000e+00 2.989224113390046e-01 
0.000000000000000e+00 0.000000000000000e+00 0.000000000000000e+00 4.370870899507977e-01 0.000000000000000e+00 0.000000000000000e+00 3.585597221384055e-02 0.000000000000000e+00 4.759915439568604e-01 5.095401704402800e-01 1.203664598138839e-01 0.000000000000000e+00 4.249695117804760e-01 3.643483547578260e-01 0.000000000000000e+00 0.000000000000000e+00 1.520088825382055e-01 0.000000000000000e+00 0.000000000000000e+00 6.751930774566451e-01 0.000000000000000e+00 4.665790900290174e-01 0.000000000000000e+00 0.000000000000000e+00 0.000000000000000e+00 
0.000000000000000e+00 2.372106908373666e-02 0.000000000000000e+00 6.867977396810952e-01 0.000000000000000e+00 0.000000000000000e+00 6.290630469084653e-01 0.000000000000000e+00 3.768974002627003e-01 0.000000000000000e+00 3.023257498167495e-01 0.000000000000000e+00 0.000000000000000e+00 0.000000000000000e+00 2.634886271445102e-01 5.751214049958541e-01 0.000000000000000e+00 1.067658702215511e-01 0.000000000000000e+00 0.000000000000000e+00 4.768914252739033e-01 1.914026573994117e-01 0.000000000000000e+00 0.000000000000000e+00 0.000000000000000e+00 
0.000000000000000e+00 5.709279392636044e-01 0.000000000000000e+00 0.000000000000000e+00 0.000000000000000e+00 0.000000000000000e+00 0.000000000000000e+00 0.000000000000000e+00 0.000000000000000e+00 0.000000000000000e+00 0.000000000000000e+00 0.000000000000000e+00 0.000000000000000e+00 0.000000000000000e+00 0.000000000000000e+00 9.159139621178832e-01 0.000000000000000e+00 0.000000000000000e+00 0.000000000000000e+00 1.357500188434828e-01 0.000000000000000e+00 8.797122725791924e-01 0.000000000000000e+00 0.000000000000000e+00 0.000000000000000e+00 
0.000000000000000e+00 0.000000000000000e+00 0.000000000000000e+00 0.000000000000000e+00 0.000000000000000e+00 0.000000000000000e+00 0.000000000000000e+00 0.000000000000000e+00 8.460617140368338e-01 6.872773541420956e-01 8.326079199970605e-01 9.649557051576333e-02 0.000000000000000e+00 0.000000000000000e+00 1.335927856888545e-01 0.000000000000000e+00 0.000000000000000e+00 0.000000000000000e+00 0.000000000000000e+00 0.000000000000000e+00 0.000000000000000e+00 0.000000000000000e+00 0.000000000000000e+00 0.000000000000000e+00 0.000000000000000e+00 
0.000000000000000e+00 4.383188718967570e-02 0.000000000000000e+00 0.000000000000000e+00 0.000000000000000e+00 0.000000000000000e+00 0.000000000000000e+00 0.000000000000000e+00 0.000000000000000e+00 0.000000000000000e+00 0.000000000000000e+00 0.000000000000000e+00 0.000000000000000e+00 0.000000000000000e+00 8.683945029926763e-01 0.000000000000000e+00 0.000000000000000e+00 4.609609119698033e-01 0.000000000000000e+00 0.000000000000000e+00 0.000000000000000e+00 0.000000000000000e+00 9.484529451232693e-01 6.542835905536489e-01 0.000000000000000e+00 
0.000000000000000e+00 0.000000000000000e+00 0.000000000000000e+00 7.338331886311527e-01 0.000000000000000e+00 0.000000000000000e+00 0.000000000000000e+00 3.596728442163240e-01 0.000000000000000e+00 0.000000000000000e+00 6.477325505122773e-01 0.000000000000000e+00 0.000000000000000e+00 0.000000000000000e+00 5.727397336350983e-01 0.000000000000000e+00 2.236764850772689e-01 0.000000000000000e+00 0.000000000000000e+00 0.000000000000000e+00 0.000000000000000e+00 0.000000000000000e+00 0.000000000000000e+00 0.000000000000000e+00 8.861689065316311e-01 
0.000000000000000e+00 0.000000000000000e+00 0.000000000000000e+00 0.000000000000000e+00 0.000000000000000e+00 4.803804266598648e-01 4.585874810969457e-01 0.000000000000000e+00 0.000000000000000e+00 3.875472226929868e-01 4.510358808028502e-01 0.000000000000000e+00 0.000000000000000e+00 0.000000000000000e+00 0.000000000000000e+00 0.000000000000000e+00 6.991408707049071e-01 6.018869955218087e-01 0.000000000000000e+00 0.000000000000000e+00 0.000000000000000e+00 0.000000000000000e+00 0.000000000000000e+00 0.000000000000000e+00 0.000000000000000e+00 
0.000000000000000e+00 0.000000000000000e+00 5.509964793051847e-01 0.000000000000000e+00 0.000000000000000e+00 0.000000000000000e+00 0.000000000000000e+00 8.683153424178670e-01 0.000000000000000e+00 0.000000000000000e+00 3.577453291036631e-02 0.000000000000000e+00 0.000000000000000e+00 0.000000000000000e+00 0.000000000000000e+00 0.000000000000000e+00 0.000000000000000e+00 1.100722875546054e+00 6.398673387578070e-01 0.000000000000000e+00 0.000000000000000e+00 0.000000000000000e+00 0.000000000000000e+00 0.000000000000000e+00 0.000000000000000e+00 
1.750027246198670e-01 0.000000000000000e+00 0.000000000000000e+00 8.853053288479249e-03 3.352435440416234e-01 0.000000000000000e+00 0.000000000000000e+00 0.000000000000000e+00 7.405838321427317e-01 0.000000000000000e+00 7.240314459914268e-01 0.000000000000000e+00 1.627259121005676e-02 6.402963362456041e-01 1.229700797675368e-01 0.000000000000000e+00 0.000000000000000e+00 0.000000000000000e+00 0.000000000000000e+00 0.000000000000000e+00 0.000000000000000e+00 0.000000000000000e+00 0.000000000000000e+00 0.000000000000000e+00 0.000000000000000e+00 
0.000000000000000e+00 0.000000000000000e+00 0.000000000000000e+00 5.679390045255615e-01 0.000000000000000e+00 0.000000000000000e+00 2.338267942586445e-01 4.424997850292462e-01 0.000000000000000e+00 0.000000000000000e+00 0.000000000000000e+00 3.692889678730216e-01 0.000000000000000e+00 0.000000000000000e+00 0.000000000000000e+00 0.000000000000000e+00 0.000000000000000e+00 0.000000000000000e+00 0.000000000000000e+00 7.019994979322129e-02 0.000000000000000e+00 0.000000000000000e+00 0.000000000000000e+00 0.000000000000000e+00 0.000000000000000e+00 
0.000000000000000e+00 3.824785509859901e-01 7.068270408736763e-01 0.000000000000000e+00 0.000000000000000e+00 0.000000000000000e+00 9.218215671414631e-02 0.000000000000000e+00 0.000000000000000e+00 0.000000000000000e+00 5.152240947751906e-01 0.000000000000000e+00 0.000000000000000e+00 0.000000000000000e+00 0.000000000000000e+00 0.000000000000000e+00 0.000000000000000e+00 0.000000000000000e+00 0.000000000000000e+00 0.000000000000000e+00 0.000000000000000e+00 0.000000000000000e+00 0.000000000000000e+00 0.000000000000000e+00 0.000000000000000e+00 