# File created on Tue Apr 30 01:57:01 2024
# The following metaparameters were used for this matrix optimization : gamma0 = 0.5; alpha0 = 0; sigma0 = 0.25; l0 = 1;p = 1; R0 = 1; S0 = 0.05; NR = 25; NS = 25; matrix path = matrices/Nr25_Nc25/consumption/RandTrix_Nr25_Nc25_Nest0.4_Conn0.3312.txt; convergence threshold = 1e-08
9.175031411758465e-01 0.000000000000000e+00 2.297927415214981e-01 0.000000000000000e+00 0.000000000000000e+00 0.000000000000000e+00 0.000000000000000e+00 8.406745473661104e-01 7.462919579816567e-01 8.086320211488376e-02 8.904798003689999e-01 0.000000000000000e+00 6.489357993359156e-02 5.865869240795947e-01 0.000000000000000e+00 9.614051586205428e-01 6.946547293648663e-01 4.741401183035349e-01 0.000000000000000e+00 0.000000000000000e+00 0.000000000000000e+00 5.685470405056790e-02 1.985485768758922e-01 0.000000000000000e+00 0.000000000000000e+00 
2.945216508084507e-01 0.000000000000000e+00 3.780115726445543e-02 0.000000000000000e+00 0.000000000000000e+00 4.932445129384808e-01 6.160806116601781e-01 9.252105661342684e-01 0.000000000000000e+00 4.804813609604107e-01 0.000000000000000e+00 3.195584463785246e-01 0.000000000000000e+00 4.747072114224009e-01 0.000000000000000e+00 3.876183880087899e-01 0.000000000000000e+00 0.000000000000000e+00 4.617333901266020e-01 0.000000000000000e+00 0.000000000000000e+00 0.000000000000000e+00 0.000000000000000e+00 0.000000000000000e+00 0.000000000000000e+00 
3.704620988433206e-01 0.000000000000000e+00 0.000000000000000e+00 7.334368632148242e-01 0.000000000000000e+00 1.560652558009474e-01 0.000000000000000e+00 8.878671713741730e-01 7.579598313268546e-01 0.000000000000000e+00 0.000000000000000e+00 1.889379661838117e-01 0.000000000000000e+00 6.956305899716205e-01 0.000000000000000e+00 0.000000000000000e+00 0.000000000000000e+00 5.724008043385576e-01 0.000000000000000e+00 0.000000000000000e+00 1.126114053999168e-01 0.000000000000000e+00 0.000000000000000e+00 0.000000000000000e+00 4.048200120998599e-01 
0.000000000000000e+00 0.000000000000000e+00 0.000000000000000e+00 2.102978679011576e-01 4.231494013507994e-01 5.653574817268602e-01 0.000000000000000e+00 0.000000000000000e+00 0.000000000000000e+00 0.000000000000000e+00 0.000000000000000e+00 0.000000000000000e+00 1.841046203039617e-01 8.282532771122718e-01 7.407230322097530e-01 5.526502413478773e-01 0.000000000000000e+00 0.000000000000000e+00 0.000000000000000e+00 4.017459251509531e-01 0.000000000000000e+00 0.000000000000000e+00 0.000000000000000e+00 0.000000000000000e+00 0.000000000000000e+00 
0.000000000000000e+00 0.000000000000000e+00 2.395405223904406e-02 6.782405272584914e-01 4.645839756658494e-01 4.950054788284285e-01 0.000000000000000e+00 9.455318971190038e-01 0.000000000000000e+00 0.000000000000000e+00 0.000000000000000e+00 7.556145506482401e-01 0.000000000000000e+00 0.000000000000000e+00 0.000000000000000e+00 3.461631092265227e-01 0.000000000000000e+00 0.000000000000000e+00 0.000000000000000e+00 0.000000000000000e+00 0.000000000000000e+00 2.017304239988202e-01 7.971297415504658e-01 0.000000000000000e+00 0.000000000000000e+00 
4.081240183840337e-01 0.000000000000000e+00 0.000000000000000e+00 0.000000000000000e+00 8.296121159697997e-01 0.000000000000000e+00 0.000000000000000e+00 0.000000000000000e+00 6.910578711058071e-01 0.000000000000000e+00 0.000000000000000e+00 0.000000000000000e+00 0.000000000000000e+00 0.000000000000000e+00 1.023666455109419e+00 1.044344112847011e+00 0.000000000000000e+00 9.673777683664310e-01 0.000000000000000e+00 0.000000000000000e+00 0.000000000000000e+00 2.202398884822212e-01 0.000000000000000e+00 0.000000000000000e+00 0.000000000000000e+00 
0.000000000000000e+00 4.203929207295278e-01 0.000000000000000e+00 6.546523655211136e-01 0.000000000000000e+00 7.587753986575854e-04 3.651039755721982e-01 8.729726454613095e-01 1.682498662885094e-01 0.000000000000000e+00 0.000000000000000e+00 0.000000000000000e+00 0.000000000000000e+00 0.000000000000000e+00 0.000000000000000e+00 0.000000000000000e+00 8.987629056751340e-01 9.321300390457736e-01 0.000000000000000e+00 0.000000000000000e+00 0.000000000000000e+00 4.244193893978318e-01 0.000000000000000e+00 1.913349587978718e-01 0.000000000000000e+00 
1.930602333061709e-01 1.132977391140769e+00 0.000000000000000e+00 3.945774995212365e-01 0.000000000000000e+00 0.000000000000000e+00 0.000000000000000e+00 0.000000000000000e+00 7.786804884103469e-02 1.459338443589812e+00 0.000000000000000e+00 0.000000000000000e+00 6.216796365478687e-01 0.000000000000000e+00 8.996562041507090e-02 0.000000000000000e+00 0.000000000000000e+00 0.000000000000000e+00 0.000000000000000e+00 0.000000000000000e+00 0.000000000000000e+00 3.699839072665046e-01 0.000000000000000e+00 7.776142287022659e-01 0.000000000000000e+00 
0.000000000000000e+00 0.000000000000000e+00 1.983902228363827e-01 8.189902211309810e-01 0.000000000000000e+00 9.408277434174570e-01 0.000000000000000e+00 2.129961322416661e-01 0.000000000000000e+00 0.000000000000000e+00 0.000000000000000e+00 3.352321930192560e-01 0.000000000000000e+00 7.510920667719446e-01 0.000000000000000e+00 6.639170055493495e-01 0.000000000000000e+00 0.000000000000000e+00 0.000000000000000e+00 0.000000000000000e+00 0.000000000000000e+00 1.859151383188967e-01 0.000000000000000e+00 0.000000000000000e+00 0.000000000000000e+00 
0.000000000000000e+00 6.248921437823958e-01 9.904742930793346e-01 2.278591074885313e-01 0.000000000000000e+00 0.000000000000000e+00 4.643444830550013e-01 0.000000000000000e+00 0.000000000000000e+00 0.000000000000000e+00 0.000000000000000e+00 0.000000000000000e+00 0.000000000000000e+00 0.000000000000000e+00 0.000000000000000e+00 0.000000000000000e+00 0.000000000000000e+00 0.000000000000000e+00 0.000000000000000e+00 8.051179892938311e-01 0.000000000000000e+00 1.567741286003089e-01 1.013774787605943e+00 0.000000000000000e+00 0.000000000000000e+00 
0.000000000000000e+00 0.000000000000000e+00 0.000000000000000e+00 9.677963932559350e-01 0.000000000000000e+00 0.000000000000000e+00 1.404889867395459e+00 0.000000000000000e+00 2.884771938803510e-01 0.000000000000000e+00 5.411784260532733e-01 0.000000000000000e+00 0.000000000000000e+00 9.841903761050043e-03 0.000000000000000e+00 0.000000000000000e+00 0.000000000000000e+00 0.000000000000000e+00 0.000000000000000e+00 6.364875813967474e-01 0.000000000000000e+00 0.000000000000000e+00 0.000000000000000e+00 0.000000000000000e+00 0.000000000000000e+00 
0.000000000000000e+00 0.000000000000000e+00 4.944521609570449e-01 0.000000000000000e+00 4.438223540971837e-01 0.000000000000000e+00 0.000000000000000e+00 1.482566887074978e-01 0.000000000000000e+00 0.000000000000000e+00 1.266632955901307e+00 0.000000000000000e+00 7.340339235535591e-01 0.000000000000000e+00 2.868601689503604e-01 0.000000000000000e+00 0.000000000000000e+00 0.000000000000000e+00 0.000000000000000e+00 3.357106124258582e-01 0.000000000000000e+00 0.000000000000000e+00 0.000000000000000e+00 1.862255958458586e-01 0.000000000000000e+00 
0.000000000000000e+00 0.000000000000000e+00 1.326787906130726e+00 3.624300563603597e-01 0.000000000000000e+00 0.000000000000000e+00 0.000000000000000e+00 0.000000000000000e+00 0.000000000000000e+00 0.000000000000000e+00 9.716613138713047e-01 0.000000000000000e+00 3.215576678499634e-01 0.000000000000000e+00 0.000000000000000e+00 0.000000000000000e+00 1.598424664384916e-01 0.000000000000000e+00 0.000000000000000e+00 0.000000000000000e+00 0.000000000000000e+00 0.000000000000000e+00 0.000000000000000e+00 0.000000000000000e+00 0.000000000000000e+00 
0.000000000000000e+00 0.000000000000000e+00 5.029096813046798e-01 0.000000000000000e+00 9.037433744180933e-01 0.000000000000000e+00 0.000000000000000e+00 0.000000000000000e+00 0.000000000000000e+00 0.000000000000000e+00 9.443764522281202e-02 6.355248609621862e-02 0.000000000000000e+00 4.561230786930717e-01 0.000000000000000e+00 0.000000000000000e+00 0.000000000000000e+00 0.000000000000000e+00 8.056292703154252e-01 0.000000000000000e+00 9.547143866698545e-02 0.000000000000000e+00 0.000000000000000e+00 0.000000000000000e+00 0.000000000000000e+00 
0.000000000000000e+00 0.000000000000000e+00 0.000000000000000e+00 1.069545501152201e+00 0.000000000000000e+00 0.000000000000000e+00 0.000000000000000e+00 7.685103303525194e-01 0.000000000000000e+00 0.000000000000000e+00 7.967000687612587e-02 0.000000000000000e+00 0.000000000000000e+00 0.000000000000000e+00 0.000000000000000e+00 0.000000000000000e+00 0.000000000000000e+00 2.722003225154354e-01 0.000000000000000e+00 1.997779710302904e-01 0.000000000000000e+00 1.342182078681964e+00 0.000000000000000e+00 8.449926000961454e-01 0.000000000000000e+00 
5.663058031662489e-02 0.000000000000000e+00 0.000000000000000e+00 4.278549129570166e-01 1.755736006608121e-01 0.000000000000000e+00 0.000000000000000e+00 6.489840691952630e-01 0.000000000000000e+00 1.147709153604260e-01 0.000000000000000e+00 0.000000000000000e+00 0.000000000000000e+00 0.000000000000000e+00 6.794190581978019e-01 2.381226815640456e-01 6.031905783463504e-01 0.000000000000000e+00 0.000000000000000e+00 1.184728655499102e+00 0.000000000000000e+00 0.000000000000000e+00 0.000000000000000e+00 0.000000000000000e+00 0.000000000000000e+00 
4.655482153484989e-01 0.000000000000000e+00 8.275259530855846e-03 0.000000000000000e+00 0.000000000000000e+00 1.901873845353968e-01 0.000000000000000e+00 0.000000000000000e+00 8.902674388764305e-01 0.000000000000000e+00 0.000000000000000e+00 5.089727653090496e-02 0.000000000000000e+00 4.398329426132588e-01 0.000000000000000e+00 0.000000000000000e+00 0.000000000000000e+00 5.136593366829271e-01 0.000000000000000e+00 0.000000000000000e+00 0.000000000000000e+00 0.000000000000000e+00 0.000000000000000e+00 0.000000000000000e+00 0.000000000000000e+00 
0.000000000000000e+00 9.334607988658451e-01 0.000000000000000e+00 0.000000000000000e+00 4.028028699685250e-01 4.149907467759163e-01 0.000000000000000e+00 0.000000000000000e+00 0.000000000000000e+00 0.000000000000000e+00 0.000000000000000e+00 0.000000000000000e+00 0.000000000000000e+00 0.000000000000000e+00 7.018699638702555e-01 0.000000000000000e+00 0.000000000000000e+00 0.000000000000000e+00 0.000000000000000e+00 0.000000000000000e+00 0.000000000000000e+00 0.000000000000000e+00 0.000000000000000e+00 0.000000000000000e+00 0.000000000000000e+00 
0.000000000000000e+00 0.000000000000000e+00 2.366219776084875e-01 4.321221202783571e-01 3.662282190994192e-01 0.000000000000000e+00 0.000000000000000e+00 0.000000000000000e+00 0.000000000000000e+00 0.000000000000000e+00 0.000000000000000e+00 0.000000000000000e+00 0.000000000000000e+00 0.000000000000000e+00 0.000000000000000e+00 6.917786273353405e-01 0.000000000000000e+00 0.000000000000000e+00 0.000000000000000e+00 1.094490342459956e+00 0.000000000000000e+00 0.000000000000000e+00 0.000000000000000e+00 5.187353878472460e-01 1.246415946350941e+00 
0.000000000000000e+00 0.000000000000000e+00 0.000000000000000e+00 0.000000000000000e+00 5.634058780447244e-01 4.930754570752698e-01 0.000000000000000e+00 2.091382764966739e-01 0.000000000000000e+00 0.000000000000000e+00 0.000000000000000e+00 3.522460089128623e-01 7.237819296259895e-01 0.000000000000000e+00 0.000000000000000e+00 0.000000000000000e+00 0.000000000000000e+00 0.000000000000000e+00 0.000000000000000e+00 0.000000000000000e+00 7.002107626483610e-02 0.000000000000000e+00 0.000000000000000e+00 4.553683855487830e-01 6.184649365096153e-01 
0.000000000000000e+00 0.000000000000000e+00 8.845541700489952e-02 0.000000000000000e+00 0.000000000000000e+00 0.000000000000000e+00 6.985009783962912e-01 5.656062765127337e-01 1.702661173362744e-02 8.995024431590903e-01 0.000000000000000e+00 0.000000000000000e+00 3.824532248442909e-01 0.000000000000000e+00 0.000000000000000e+00 0.000000000000000e+00 0.000000000000000e+00 0.000000000000000e+00 6.971552642684622e-01 0.000000000000000e+00 0.000000000000000e+00 0.000000000000000e+00 0.000000000000000e+00 0.000000000000000e+00 0.000000000000000e+00 
0.000000000000000e+00 0.000000000000000e+00 0.000000000000000e+00 0.000000000000000e+00 0.000000000000000e+00 0.000000000000000e+00 0.000000000000000e+00 0.000000000000000e+00 0.000000000000000e+00 0.000000000000000e+00 5.875577274695075e-01 0.000000000000000e+00 0.000000000000000e+00 0.000000000000000e+00 0.000000000000000e+00 0.000000000000000e+00 0.000000000000000e+00 0.000000000000000e+00 5.162081101808853e-01 0.000000000000000e+00 3.810286580147922e-01 0.000000000000000e+00 9.681000037503838e-02 2.358880985532376e-01 0.000000000000000e+00 
0.000000000000000e+00 1.726557381531197e-01 0.000000000000000e+00 0.000000000000000e+00 0.000000000000000e+00 0.000000000000000e+00 8.674078568347596e-01 0.000000000000000e+00 0.000000000000000e+00 0.000000000000000e+00 1.103436324824028e+00 0.000000000000000e+00 0.000000000000000e+00 0.000000000000000e+00 0.000000000000000e+00 0.000000000000000e+00 0.000000000000000e+00 0.000000000000000e+00 0.000000000000000e+00 0.000000000000000e+00 0.000000000000000e+00 0.000000000000000e+00 2.576584962862938e-01 0.000000000000000e+00 0.000000000000000e+00 
0.000000000000000e+00 0.000000000000000e+00 5.603108465666316e-02 8.880755508514800e-01 0.000000000000000e+00 6.381610410925264e-01 0.000000000000000e+00 0.000000000000000e+00 0.000000000000000e+00 0.000000000000000e+00 0.000000000000000e+00 0.000000000000000e+00 0.000000000000000e+00 0.000000000000000e+00 0.000000000000000e+00 0.000000000000000e+00 0.000000000000000e+00 0.000000000000000e+00 0.000000000000000e+00 0.000000000000000e+00 0.000000000000000e+00 2.498124694810405e-01 0.000000000000000e+00 0.000000000000000e+00 0.000000000000000e+00 
5.979806531915120e-01 0.000000000000000e+00 0.000000000000000e+00 0.000000000000000e+00 4.370125620792594e-01 7.061978134141652e-01 0.000000000000000e+00 0.000000000000000e+00 0.000000000000000e+00 0.000000000000000e+00 0.000000000000000e+00 0.000000000000000e+00 0.000000000000000e+00 0.000000000000000e+00 0.000000000000000e+00 0.000000000000000e+00 2.565585932333525e-01 0.000000000000000e+00 0.000000000000000e+00 0.000000000000000e+00 0.000000000000000e+00 0.000000000000000e+00 0.000000000000000e+00 0.000000000000000e+00 1.786694633807115e-01 