# File created on Fri May 17 15:42:03 2024
# The following metaparameters were used for this matrix optimization : gamma0 = 0.5; alpha0 = 0; sigma0 = 0.25; l0 = 1;p = 1; R0 = 1; S0 = 0.05; NR = 25; NS = 25; matrix path = matrices/Nr25_Nc25/consumption/RandTrix_Nr25_Nc25_Nest0.3_Conn0.1776.txt; convergence threshold = 1e-08
1.292884880946880e-04 0.000000000000000e+00 4.065033791347995e-03 0.000000000000000e+00 0.000000000000000e+00 4.405403102429417e-03 0.000000000000000e+00 0.000000000000000e+00 0.000000000000000e+00 0.000000000000000e+00 4.513413424357818e-03 0.000000000000000e+00 0.000000000000000e+00 4.193411535887467e-03 0.000000000000000e+00 2.132882982962935e-03 0.000000000000000e+00 1.862389565530913e-03 0.000000000000000e+00 0.000000000000000e+00 0.000000000000000e+00 0.000000000000000e+00 0.000000000000000e+00 0.000000000000000e+00 7.767514465353379e-04 
1.295793739638065e-03 0.000000000000000e+00 5.529671449372050e-04 4.548341332649404e-03 3.943035120215545e-03 3.947439597278187e-03 0.000000000000000e+00 0.000000000000000e+00 1.032686397128502e-03 2.620196840243116e-03 4.791758946415453e-03 4.391146193409215e-03 5.882973375617788e-04 0.000000000000000e+00 0.000000000000000e+00 1.866217457569035e-03 0.000000000000000e+00 0.000000000000000e+00 4.070139524228515e-03 0.000000000000000e+00 1.371291215243974e-03 0.000000000000000e+00 2.142522253951245e-03 0.000000000000000e+00 2.994232950601217e-03 
1.053099008340328e-03 0.000000000000000e+00 0.000000000000000e+00 0.000000000000000e+00 0.000000000000000e+00 4.971307434989176e-03 6.390424013851990e-04 1.323426634240385e-04 0.000000000000000e+00 0.000000000000000e+00 4.522523927527294e-03 0.000000000000000e+00 0.000000000000000e+00 0.000000000000000e+00 4.768398916665288e-03 0.000000000000000e+00 3.686049016520592e-03 0.000000000000000e+00 2.044484163246391e-03 4.623487564359005e-03 0.000000000000000e+00 0.000000000000000e+00 3.368306196859065e-04 4.818354471977429e-03 0.000000000000000e+00 
4.686930431136994e-03 0.000000000000000e+00 4.882226567573279e-03 0.000000000000000e+00 1.434315062696236e-03 0.000000000000000e+00 1.820013458719913e-03 4.205380318821380e-03 1.619998768228753e-03 0.000000000000000e+00 0.000000000000000e+00 0.000000000000000e+00 1.695111024939075e-03 0.000000000000000e+00 1.313541957155076e-03 0.000000000000000e+00 4.552959612356163e-03 1.797965788204005e-03 0.000000000000000e+00 0.000000000000000e+00 0.000000000000000e+00 5.301190337073362e-04 3.326200304993044e-04 2.500272766401588e-03 3.890040408692733e-04 
3.188608068613781e-03 3.195072764456427e-03 0.000000000000000e+00 4.762184092072712e-03 0.000000000000000e+00 0.000000000000000e+00 3.712540401592706e-03 4.847712733676853e-03 3.565503880891154e-03 1.756851121226628e-03 0.000000000000000e+00 0.000000000000000e+00 4.268627906906082e-03 0.000000000000000e+00 0.000000000000000e+00 2.856528445984710e-03 3.138134633482756e-03 0.000000000000000e+00 3.731121019025126e-03 2.808913044513815e-03 0.000000000000000e+00 1.912656088245433e-03 0.000000000000000e+00 0.000000000000000e+00 0.000000000000000e+00 
0.000000000000000e+00 0.000000000000000e+00 3.902944930085747e-03 0.000000000000000e+00 1.330405511224355e-03 1.286533082216649e-03 0.000000000000000e+00 4.994000867136981e-03 0.000000000000000e+00 0.000000000000000e+00 2.017604954612228e-03 0.000000000000000e+00 0.000000000000000e+00 3.175688993650048e-03 0.000000000000000e+00 2.333469761566836e-03 0.000000000000000e+00 0.000000000000000e+00 0.000000000000000e+00 0.000000000000000e+00 0.000000000000000e+00 2.388562209851244e-03 3.540472927170122e-03 0.000000000000000e+00 4.002585097113704e-03 
0.000000000000000e+00 0.000000000000000e+00 4.148084896196591e-03 1.325526154290729e-03 0.000000000000000e+00 0.000000000000000e+00 1.102393624077575e-03 0.000000000000000e+00 1.837041392154476e-03 0.000000000000000e+00 2.824128904767123e-03 1.071644633135567e-03 0.000000000000000e+00 4.826190990314882e-04 1.521354132301796e-03 0.000000000000000e+00 0.000000000000000e+00 0.000000000000000e+00 0.000000000000000e+00 0.000000000000000e+00 0.000000000000000e+00 0.000000000000000e+00 0.000000000000000e+00 0.000000000000000e+00 0.000000000000000e+00 
0.000000000000000e+00 6.478589929123813e-04 0.000000000000000e+00 2.967784050235017e-03 0.000000000000000e+00 0.000000000000000e+00 4.435095334258208e-03 2.169008086163712e-03 4.805527832847897e-03 0.000000000000000e+00 0.000000000000000e+00 3.230110316805838e-03 4.588217145278427e-03 0.000000000000000e+00 0.000000000000000e+00 0.000000000000000e+00 0.000000000000000e+00 2.868328528651963e-03 0.000000000000000e+00 2.389040665670508e-03 0.000000000000000e+00 0.000000000000000e+00 1.534457961380778e-03 0.000000000000000e+00 0.000000000000000e+00 
0.000000000000000e+00 0.000000000000000e+00 0.000000000000000e+00 4.190038763701914e-03 9.445849849167037e-05 1.911849614392238e-03 0.000000000000000e+00 0.000000000000000e+00 1.478913321429575e-03 2.506638638687794e-03 0.000000000000000e+00 0.000000000000000e+00 1.456560278322102e-03 0.000000000000000e+00 4.518719126122699e-03 0.000000000000000e+00 1.674068784916719e-05 0.000000000000000e+00 3.039410339953784e-03 0.000000000000000e+00 0.000000000000000e+00 0.000000000000000e+00 2.050721345283189e-03 0.000000000000000e+00 4.601590794605596e-03 
0.000000000000000e+00 1.825735185963017e-03 3.284418045968699e-03 4.291869802992339e-03 0.000000000000000e+00 0.000000000000000e+00 0.000000000000000e+00 4.878659715662364e-03 0.000000000000000e+00 2.719346488991316e-03 0.000000000000000e+00 7.451772729357977e-04 0.000000000000000e+00 2.399251984654103e-03 1.411540324407175e-04 1.142633358895519e-03 0.000000000000000e+00 6.115540631053649e-04 0.000000000000000e+00 0.000000000000000e+00 0.000000000000000e+00 0.000000000000000e+00 0.000000000000000e+00 0.000000000000000e+00 3.883962287647403e-03 
1.370615733653631e-03 0.000000000000000e+00 2.894577531663101e-03 0.000000000000000e+00 3.149957612986790e-03 1.287547710970494e-03 0.000000000000000e+00 4.568330096149324e-03 0.000000000000000e+00 1.072780161226166e-03 4.122699276301540e-03 2.397769154301828e-03 0.000000000000000e+00 2.598040384108522e-03 0.000000000000000e+00 3.185973941805665e-03 0.000000000000000e+00 0.000000000000000e+00 1.118945567964870e-03 0.000000000000000e+00 0.000000000000000e+00 8.858944630287610e-05 0.000000000000000e+00 2.406963208738179e-03 0.000000000000000e+00 
4.545801524463604e-03 0.000000000000000e+00 5.179256229248583e-04 4.647468008784734e-03 4.259991360588054e-05 3.004107200820479e-03 2.021424989906571e-03 0.000000000000000e+00 2.014713806794942e-03 0.000000000000000e+00 0.000000000000000e+00 0.000000000000000e+00 0.000000000000000e+00 0.000000000000000e+00 8.585636066818881e-06 2.733823017938106e-03 3.006094027744423e-03 1.884074846348805e-03 0.000000000000000e+00 3.695687731560049e-03 0.000000000000000e+00 0.000000000000000e+00 0.000000000000000e+00 3.571465087336140e-03 0.000000000000000e+00 
0.000000000000000e+00 1.717070176595206e-03 8.314816945428415e-06 9.703343559896900e-04 0.000000000000000e+00 0.000000000000000e+00 4.013638465476171e-03 0.000000000000000e+00 1.935490406605432e-03 4.386475090281325e-03 0.000000000000000e+00 1.514884418687000e-03 0.000000000000000e+00 3.057115326079284e-03 0.000000000000000e+00 0.000000000000000e+00 5.847391506263294e-04 0.000000000000000e+00 0.000000000000000e+00 2.120336090775407e-03 0.000000000000000e+00 0.000000000000000e+00 0.000000000000000e+00 5.647137614922747e-04 0.000000000000000e+00 
3.548876796858783e-03 0.000000000000000e+00 0.000000000000000e+00 0.000000000000000e+00 4.385858045278842e-03 0.000000000000000e+00 2.178079079001918e-03 0.000000000000000e+00 0.000000000000000e+00 2.357200183257279e-03 0.000000000000000e+00 0.000000000000000e+00 3.529516752153520e-03 0.000000000000000e+00 0.000000000000000e+00 2.444245119142641e-03 0.000000000000000e+00 0.000000000000000e+00 0.000000000000000e+00 0.000000000000000e+00 2.953500550838684e-03 0.000000000000000e+00 0.000000000000000e+00 2.667291938997107e-03 0.000000000000000e+00 
0.000000000000000e+00 2.512517271005841e-03 0.000000000000000e+00 4.959248439253284e-03 0.000000000000000e+00 0.000000000000000e+00 0.000000000000000e+00 4.920385391654925e-03 3.314294283493930e-03 4.743643916919583e-04 1.756863869154268e-03 4.073359928518369e-03 2.911817795079395e-03 4.477403078144674e-03 0.000000000000000e+00 0.000000000000000e+00 4.130233119527214e-03 1.127861520353134e-03 2.871119674715125e-03 0.000000000000000e+00 3.829015321883088e-03 0.000000000000000e+00 0.000000000000000e+00 3.600360934275499e-03 1.634774525629387e-03 
4.788652646194805e-03 0.000000000000000e+00 3.697082580297174e-03 3.077678543621103e-04 0.000000000000000e+00 1.139042845304156e-03 0.000000000000000e+00 2.899497682782285e-03 2.021516097949849e-03 0.000000000000000e+00 2.570599531181660e-03 0.000000000000000e+00 0.000000000000000e+00 2.873482123123187e-03 0.000000000000000e+00 0.000000000000000e+00 0.000000000000000e+00 0.000000000000000e+00 0.000000000000000e+00 0.000000000000000e+00 0.000000000000000e+00 2.718737832330375e-03 4.386169899582205e-03 3.991001121302058e-03 0.000000000000000e+00 
3.388391338024233e-03 3.750645416888914e-03 3.758106528660451e-03 5.674818070721242e-06 2.623344724764923e-03 9.918505932812407e-04 0.000000000000000e+00 1.692174088430303e-03 4.270602790707336e-03 2.155476710309402e-03 0.000000000000000e+00 4.897462144243750e-03 3.222555018419563e-03 0.000000000000000e+00 4.997366004679818e-03 0.000000000000000e+00 0.000000000000000e+00 2.193662068682203e-03 0.000000000000000e+00 0.000000000000000e+00 0.000000000000000e+00 0.000000000000000e+00 3.575318340760690e-05 0.000000000000000e+00 0.000000000000000e+00 
2.383766474360619e-04 4.676120671127635e-03 1.911935742928372e-03 4.236505148216153e-03 2.257339883669290e-03 4.485578350140674e-03 0.000000000000000e+00 3.211838298922033e-03 4.512865940499590e-03 1.548926146045358e-03 0.000000000000000e+00 0.000000000000000e+00 7.223978936720617e-05 2.222185587561185e-03 1.282836684747869e-03 0.000000000000000e+00 0.000000000000000e+00 0.000000000000000e+00 0.000000000000000e+00 1.922342187833417e-04 0.000000000000000e+00 0.000000000000000e+00 0.000000000000000e+00 2.361508402599510e-03 0.000000000000000e+00 
0.000000000000000e+00 0.000000000000000e+00 0.000000000000000e+00 1.209246784638316e-03 0.000000000000000e+00 0.000000000000000e+00 0.000000000000000e+00 0.000000000000000e+00 2.006777411535441e-03 0.000000000000000e+00 4.970187298116448e-03 0.000000000000000e+00 0.000000000000000e+00 0.000000000000000e+00 0.000000000000000e+00 0.000000000000000e+00 0.000000000000000e+00 0.000000000000000e+00 0.000000000000000e+00 0.000000000000000e+00 0.000000000000000e+00 0.000000000000000e+00 0.000000000000000e+00 4.724862965082120e-03 0.000000000000000e+00 
3.800815356312190e-03 0.000000000000000e+00 1.004425140920878e-03 4.600159887473109e-03 0.000000000000000e+00 0.000000000000000e+00 3.074764965617847e-03 3.050686961381935e-03 0.000000000000000e+00 2.861127454082610e-03 3.793371101177321e-03 2.968262879153308e-03 0.000000000000000e+00 0.000000000000000e+00 0.000000000000000e+00 1.549839789251850e-03 0.000000000000000e+00 1.774007709319598e-03 0.000000000000000e+00 4.591532117764785e-03 0.000000000000000e+00 2.032266780994785e-03 0.000000000000000e+00 2.346093252765515e-03 5.609752086005431e-06 
0.000000000000000e+00 0.000000000000000e+00 0.000000000000000e+00 0.000000000000000e+00 2.810588604741831e-03 9.609193837528528e-04 2.151777365283125e-04 3.884292349890990e-03 0.000000000000000e+00 2.393229330507485e-03 0.000000000000000e+00 2.179592889206150e-03 0.000000000000000e+00 0.000000000000000e+00 0.000000000000000e+00 0.000000000000000e+00 0.000000000000000e+00 4.660023564327497e-03 2.139000094299385e-03 5.899544980004654e-04 4.997777296108538e-03 2.520073245959709e-03 1.920251375923625e-03 0.000000000000000e+00 8.317073615377582e-04 
0.000000000000000e+00 2.484830181126819e-03 4.289847128328280e-03 2.242660323417473e-03 4.138780260073029e-03 0.000000000000000e+00 1.247009744934049e-03 2.945926631318926e-03 2.608177081608644e-03 0.000000000000000e+00 0.000000000000000e+00 1.855208279053667e-03 1.857820191628256e-03 0.000000000000000e+00 1.605855202563216e-03 0.000000000000000e+00 0.000000000000000e+00 0.000000000000000e+00 0.000000000000000e+00 0.000000000000000e+00 0.000000000000000e+00 0.000000000000000e+00 3.479747964451294e-03 0.000000000000000e+00 0.000000000000000e+00 
1.742268439740080e-03 0.000000000000000e+00 0.000000000000000e+00 0.000000000000000e+00 0.000000000000000e+00 9.096890001463488e-04 1.603227380127301e-03 0.000000000000000e+00 1.098257036390426e-03 1.166981543815751e-03 0.000000000000000e+00 0.000000000000000e+00 3.189462725338188e-03 3.991996839257151e-03 4.020982101753038e-03 0.000000000000000e+00 0.000000000000000e+00 0.000000000000000e+00 3.517747366180364e-03 0.000000000000000e+00 3.063393021117003e-03 1.755999446631894e-03 0.000000000000000e+00 0.000000000000000e+00 0.000000000000000e+00 
4.931246685031197e-03 4.196296287297325e-03 1.312288616468309e-04 0.000000000000000e+00 3.177604375631082e-03 0.000000000000000e+00 0.000000000000000e+00 3.668519987561247e-03 1.091702740775029e-03 0.000000000000000e+00 0.000000000000000e+00 2.848816844940136e-03 9.667507286733467e-04 0.000000000000000e+00 3.338190845995329e-03 0.000000000000000e+00 3.296920036661865e-03 0.000000000000000e+00 2.983896217735084e-03 4.405312803756227e-04 1.329983977139783e-03 0.000000000000000e+00 1.387053984730920e-03 0.000000000000000e+00 0.000000000000000e+00 
0.000000000000000e+00 1.763652887530263e-03 0.000000000000000e+00 0.000000000000000e+00 0.000000000000000e+00 2.041586528021867e-03 0.000000000000000e+00 6.753172128789298e-04 0.000000000000000e+00 0.000000000000000e+00 1.908671627888030e-03 4.293131708959848e-03 0.000000000000000e+00 0.000000000000000e+00 4.067970109985075e-03 0.000000000000000e+00 1.294017429088120e-03 4.670319652508628e-03 0.000000000000000e+00 2.908596608033423e-04 0.000000000000000e+00 2.554325458215581e-03 0.000000000000000e+00 3.987538572612868e-04 8.659713587328078e-04 