# File created on Fri May 17 15:42:06 2024
# The following metaparameters were used for this matrix optimization : gamma0 = 0.5; alpha0 = 0; sigma0 = 0.25; l0 = 1;p = 1; R0 = 1; S0 = 0.05; NR = 25; NS = 25; matrix path = matrices/Nr25_Nc25/consumption/RandTrix_Nr25_Nc25_Nest0.55_Conn0.3024.txt; convergence threshold = 1e-08
4.916976151943942e-03 0.000000000000000e+00 4.251951195410273e-03 0.000000000000000e+00 0.000000000000000e+00 9.414189963894416e-05 0.000000000000000e+00 0.000000000000000e+00 0.000000000000000e+00 7.412534036939995e-04 0.000000000000000e+00 0.000000000000000e+00 0.000000000000000e+00 3.175769348948436e-03 3.925734163821189e-03 4.467227486416889e-03 1.360626615507873e-03 0.000000000000000e+00 2.561815954858016e-03 0.000000000000000e+00 0.000000000000000e+00 2.085944654491707e-03 4.988552797356939e-03 4.299898631640757e-03 0.000000000000000e+00 
0.000000000000000e+00 0.000000000000000e+00 0.000000000000000e+00 4.270217941193351e-03 3.076347544023788e-03 4.306126861453555e-03 0.000000000000000e+00 1.866434592230794e-03 0.000000000000000e+00 3.866821350520968e-03 0.000000000000000e+00 0.000000000000000e+00 0.000000000000000e+00 0.000000000000000e+00 0.000000000000000e+00 0.000000000000000e+00 0.000000000000000e+00 1.952331252543597e-03 2.339957719714708e-04 0.000000000000000e+00 2.593190940799782e-03 0.000000000000000e+00 1.245362975257125e-03 0.000000000000000e+00 4.853340780644356e-04 
0.000000000000000e+00 0.000000000000000e+00 1.733496839109871e-03 0.000000000000000e+00 2.117491452329455e-03 0.000000000000000e+00 0.000000000000000e+00 2.955450116931966e-03 0.000000000000000e+00 3.532200556312218e-03 0.000000000000000e+00 2.508305330490672e-03 2.704225463173840e-03 0.000000000000000e+00 0.000000000000000e+00 0.000000000000000e+00 3.834204825210530e-03 0.000000000000000e+00 0.000000000000000e+00 0.000000000000000e+00 0.000000000000000e+00 7.674241792291738e-04 0.000000000000000e+00 3.849285781251674e-03 0.000000000000000e+00 
1.306031942277466e-03 2.496117925488349e-03 0.000000000000000e+00 1.506988865674601e-03 0.000000000000000e+00 3.654178889639972e-03 1.177274884466752e-03 3.585560884113440e-03 1.933496042560579e-03 1.804893725425049e-03 1.448092262957566e-03 4.086362041004656e-04 2.622311109934680e-03 0.000000000000000e+00 1.866140802683603e-03 4.976044460101737e-03 3.497425287988911e-03 0.000000000000000e+00 0.000000000000000e+00 0.000000000000000e+00 3.946378960538067e-03 0.000000000000000e+00 2.477414826572317e-03 1.403915335719418e-03 2.936622380817905e-03 
6.739653284648784e-04 0.000000000000000e+00 4.771377972623329e-03 4.523055156097850e-04 3.538943919883649e-03 3.575963236598969e-03 0.000000000000000e+00 0.000000000000000e+00 1.759554693775597e-03 0.000000000000000e+00 0.000000000000000e+00 3.609296427342905e-03 1.212084317541647e-03 0.000000000000000e+00 2.602834626030475e-03 6.466612251781068e-04 6.089145997650511e-04 2.177238410198664e-03 0.000000000000000e+00 2.284400087577205e-04 0.000000000000000e+00 3.070017768446955e-03 0.000000000000000e+00 1.231213789907840e-03 1.508986123278973e-03 
0.000000000000000e+00 1.675477445497835e-03 0.000000000000000e+00 0.000000000000000e+00 0.000000000000000e+00 0.000000000000000e+00 2.450602511962266e-04 0.000000000000000e+00 1.874197377354140e-03 2.654215475832689e-03 5.356194356496961e-05 0.000000000000000e+00 0.000000000000000e+00 0.000000000000000e+00 2.670061772960439e-03 0.000000000000000e+00 0.000000000000000e+00 0.000000000000000e+00 1.062949214595884e-03 0.000000000000000e+00 9.204904363057965e-04 0.000000000000000e+00 3.737671876636903e-03 0.000000000000000e+00 3.494300452834127e-03 
0.000000000000000e+00 0.000000000000000e+00 0.000000000000000e+00 0.000000000000000e+00 3.233395673290868e-03 1.034397783647898e-03 5.735849116079779e-04 1.988449419130058e-03 1.205829976583500e-03 0.000000000000000e+00 0.000000000000000e+00 4.848380976857626e-03 0.000000000000000e+00 0.000000000000000e+00 4.807588850840568e-03 0.000000000000000e+00 2.868844909303174e-03 2.321575930819295e-03 2.774090485622381e-03 1.400035570270389e-03 0.000000000000000e+00 0.000000000000000e+00 6.681982374921320e-04 2.226104858976675e-03 2.513743018343663e-03 
0.000000000000000e+00 0.000000000000000e+00 2.957498941495359e-03 0.000000000000000e+00 4.435523877834002e-03 0.000000000000000e+00 0.000000000000000e+00 0.000000000000000e+00 0.000000000000000e+00 4.480253758295746e-03 0.000000000000000e+00 0.000000000000000e+00 0.000000000000000e+00 0.000000000000000e+00 0.000000000000000e+00 2.866310056654106e-03 0.000000000000000e+00 0.000000000000000e+00 0.000000000000000e+00 1.315641725344553e-03 0.000000000000000e+00 2.807711468472814e-03 2.856306155452392e-03 4.451194966656279e-03 4.415366517854619e-03 
0.000000000000000e+00 0.000000000000000e+00 3.875016593527062e-03 2.730777359905901e-03 3.446576219414220e-03 1.956158837497340e-03 7.754035670853067e-05 0.000000000000000e+00 0.000000000000000e+00 1.915839190097785e-04 2.382648069805729e-03 1.756387158503320e-03 3.846319852541328e-03 0.000000000000000e+00 0.000000000000000e+00 1.472305463722334e-03 0.000000000000000e+00 1.572620624996846e-03 0.000000000000000e+00 0.000000000000000e+00 3.223122851129141e-03 1.977002495124261e-03 4.531847495341925e-03 4.476863942818776e-03 0.000000000000000e+00 
0.000000000000000e+00 0.000000000000000e+00 3.322771880184043e-03 5.794809960821664e-04 0.000000000000000e+00 0.000000000000000e+00 0.000000000000000e+00 4.763369658231454e-03 2.497572444139967e-03 0.000000000000000e+00 0.000000000000000e+00 0.000000000000000e+00 2.516516324255764e-03 0.000000000000000e+00 0.000000000000000e+00 0.000000000000000e+00 0.000000000000000e+00 0.000000000000000e+00 3.300733834601259e-03 3.708185778403779e-04 0.000000000000000e+00 0.000000000000000e+00 1.882031378217994e-03 0.000000000000000e+00 4.802852878858842e-03 
4.994853604005868e-03 0.000000000000000e+00 1.214734496347516e-03 0.000000000000000e+00 0.000000000000000e+00 8.697234883626598e-04 3.227782296592833e-03 0.000000000000000e+00 2.016198369253278e-03 6.529604248633553e-04 0.000000000000000e+00 0.000000000000000e+00 0.000000000000000e+00 0.000000000000000e+00 0.000000000000000e+00 2.103818702403406e-03 0.000000000000000e+00 1.481215862708745e-03 3.731535029361667e-03 8.228818319011426e-04 0.000000000000000e+00 4.146498722882406e-03 0.000000000000000e+00 0.000000000000000e+00 0.000000000000000e+00 
0.000000000000000e+00 0.000000000000000e+00 0.000000000000000e+00 3.714030655802771e-03 0.000000000000000e+00 4.752584159116847e-03 1.226709172494797e-03 2.423471575541136e-03 0.000000000000000e+00 1.416033277482253e-03 5.074904471692156e-05 1.626653962983864e-03 2.464045291384561e-03 7.048857903682621e-04 0.000000000000000e+00 0.000000000000000e+00 0.000000000000000e+00 0.000000000000000e+00 0.000000000000000e+00 0.000000000000000e+00 0.000000000000000e+00 1.371272394175128e-03 0.000000000000000e+00 0.000000000000000e+00 0.000000000000000e+00 
0.000000000000000e+00 0.000000000000000e+00 0.000000000000000e+00 0.000000000000000e+00 0.000000000000000e+00 0.000000000000000e+00 0.000000000000000e+00 5.873514972737839e-04 3.443461730056827e-03 0.000000000000000e+00 1.360783564737205e-03 2.196354920182462e-03 6.072257412688696e-06 0.000000000000000e+00 0.000000000000000e+00 0.000000000000000e+00 0.000000000000000e+00 0.000000000000000e+00 3.252058856052261e-03 1.487325211562186e-03 0.000000000000000e+00 0.000000000000000e+00 2.507279337418416e-03 1.488760901615294e-03 0.000000000000000e+00 
3.298522090382263e-03 1.655302762061709e-03 0.000000000000000e+00 0.000000000000000e+00 0.000000000000000e+00 4.544753847933637e-03 0.000000000000000e+00 0.000000000000000e+00 3.295114557949357e-03 2.989149184682666e-03 3.643125806912674e-03 0.000000000000000e+00 0.000000000000000e+00 2.209725571546199e-03 0.000000000000000e+00 0.000000000000000e+00 0.000000000000000e+00 0.000000000000000e+00 0.000000000000000e+00 3.845194559067870e-03 2.026229860545580e-03 0.000000000000000e+00 0.000000000000000e+00 0.000000000000000e+00 0.000000000000000e+00 
1.898536439291786e-03 3.127149457866885e-03 0.000000000000000e+00 4.527631227070329e-03 3.145657906205421e-03 0.000000000000000e+00 4.266697853832710e-03 2.283245957505211e-03 0.000000000000000e+00 0.000000000000000e+00 0.000000000000000e+00 0.000000000000000e+00 0.000000000000000e+00 1.942453037279938e-03 0.000000000000000e+00 0.000000000000000e+00 1.505368646187143e-03 2.723743772145535e-03 0.000000000000000e+00 1.760924700846595e-03 0.000000000000000e+00 8.028663379034394e-04 0.000000000000000e+00 0.000000000000000e+00 4.222745762116885e-03 
0.000000000000000e+00 0.000000000000000e+00 0.000000000000000e+00 0.000000000000000e+00 0.000000000000000e+00 3.865318133177758e-03 0.000000000000000e+00 1.593747542243901e-03 4.673350999058124e-03 2.615076574121217e-03 0.000000000000000e+00 1.062901628789235e-03 0.000000000000000e+00 1.783580380980981e-03 2.768146009659919e-03 0.000000000000000e+00 1.807651029470133e-03 1.885891915307541e-03 2.760335824321308e-03 0.000000000000000e+00 0.000000000000000e+00 0.000000000000000e+00 0.000000000000000e+00 6.247411421216999e-05 4.471131592992504e-03 
0.000000000000000e+00 0.000000000000000e+00 0.000000000000000e+00 0.000000000000000e+00 3.547571724059111e-03 4.275924356990088e-03 1.705132733645771e-03 0.000000000000000e+00 0.000000000000000e+00 0.000000000000000e+00 2.212047554453337e-03 4.437073407186672e-03 1.862643764657747e-03 3.307279326716915e-03 0.000000000000000e+00 1.015527071148804e-04 0.000000000000000e+00 4.767023992483062e-03 1.857005617333247e-03 0.000000000000000e+00 4.406622609682033e-04 0.000000000000000e+00 0.000000000000000e+00 0.000000000000000e+00 2.094197111943124e-03 
0.000000000000000e+00 0.000000000000000e+00 0.000000000000000e+00 0.000000000000000e+00 0.000000000000000e+00 3.324824859759992e-03 4.614465366498479e-03 0.000000000000000e+00 2.021867476331272e-03 1.331226035715321e-03 4.949985670238658e-03 0.000000000000000e+00 1.973425790383570e-03 2.430666039915505e-04 0.000000000000000e+00 0.000000000000000e+00 0.000000000000000e+00 3.248301052167640e-03 5.399203873216081e-04 4.106980907082251e-03 0.000000000000000e+00 9.697714734548564e-04 0.000000000000000e+00 0.000000000000000e+00 7.824443584172766e-04 
0.000000000000000e+00 1.586939554539068e-03 0.000000000000000e+00 1.453631774211322e-03 3.226619972786961e-03 0.000000000000000e+00 3.753557535959689e-04 0.000000000000000e+00 9.771940519163538e-04 0.000000000000000e+00 1.878655773008375e-03 0.000000000000000e+00 1.852016878321747e-03 7.701678286864089e-04 0.000000000000000e+00 0.000000000000000e+00 0.000000000000000e+00 9.798614211171973e-04 1.531573647107824e-03 0.000000000000000e+00 0.000000000000000e+00 0.000000000000000e+00 1.086738568520688e-03 0.000000000000000e+00 0.000000000000000e+00 
6.837035719228262e-04 2.400177618124973e-03 0.000000000000000e+00 2.108491243495565e-03 2.998363243956187e-03 3.511375174307726e-06 0.000000000000000e+00 1.035620383605456e-03 0.000000000000000e+00 3.823712975093335e-03 4.879499024521697e-03 3.995558690085063e-03 0.000000000000000e+00 0.000000000000000e+00 4.666974017626372e-03 1.372685767872242e-03 0.000000000000000e+00 0.000000000000000e+00 0.000000000000000e+00 1.877599265819898e-03 3.186811792916401e-03 0.000000000000000e+00 3.241582084263385e-03 0.000000000000000e+00 3.406905307411039e-03 
7.435163219841903e-04 0.000000000000000e+00 0.000000000000000e+00 0.000000000000000e+00 4.072866292855622e-04 3.973149608789507e-03 1.165667979561380e-03 3.253960293829242e-03 3.637613830850642e-03 0.000000000000000e+00 1.939505277228639e-03 2.388551924243901e-03 0.000000000000000e+00 1.300424057889265e-03 5.133039255457169e-04 4.394507371112331e-03 0.000000000000000e+00 2.512706533926352e-03 3.289561975816261e-03 0.000000000000000e+00 0.000000000000000e+00 3.110288338078078e-03 0.000000000000000e+00 1.686932205235876e-03 0.000000000000000e+00 
0.000000000000000e+00 3.210360119233996e-03 0.000000000000000e+00 2.208387560459981e-03 0.000000000000000e+00 0.000000000000000e+00 0.000000000000000e+00 0.000000000000000e+00 0.000000000000000e+00 0.000000000000000e+00 0.000000000000000e+00 2.043907698679245e-03 0.000000000000000e+00 0.000000000000000e+00 0.000000000000000e+00 1.757550967692159e-03 0.000000000000000e+00 0.000000000000000e+00 2.310207710187679e-03 0.000000000000000e+00 3.065465690865320e-03 0.000000000000000e+00 0.000000000000000e+00 4.054362626282224e-03 4.303951719123833e-03 
0.000000000000000e+00 2.035712009804373e-03 1.216232230986914e-03 3.329575037383881e-03 1.447373573036871e-03 0.000000000000000e+00 0.000000000000000e+00 0.000000000000000e+00 1.571235865165214e-03 1.668452885908568e-03 8.686462672643307e-04 0.000000000000000e+00 4.182327219660681e-03 0.000000000000000e+00 4.201403237418726e-04 0.000000000000000e+00 9.498891832342612e-04 0.000000000000000e+00 0.000000000000000e+00 0.000000000000000e+00 9.594025481600506e-04 7.098074253152292e-04 4.922546377799796e-03 1.515733308104390e-03 0.000000000000000e+00 
1.338971211066416e-03 0.000000000000000e+00 0.000000000000000e+00 1.219230349988549e-03 0.000000000000000e+00 0.000000000000000e+00 0.000000000000000e+00 0.000000000000000e+00 0.000000000000000e+00 4.180154617429585e-03 0.000000000000000e+00 1.691910813547881e-03 0.000000000000000e+00 0.000000000000000e+00 4.530028630480854e-03 0.000000000000000e+00 1.131029425745788e-03 0.000000000000000e+00 0.000000000000000e+00 4.101513523352630e-03 1.174337665098751e-03 0.000000000000000e+00 0.000000000000000e+00 1.168596756596359e-03 0.000000000000000e+00 
0.000000000000000e+00 3.524464503807812e-04 0.000000000000000e+00 4.879353797758126e-03 0.000000000000000e+00 2.332368422242774e-03 4.205686605603695e-03 0.000000000000000e+00 1.959885555471759e-03 1.574926194998426e-03 0.000000000000000e+00 0.000000000000000e+00 2.767187820746785e-03 1.063012650092394e-03 4.875346683557543e-03 0.000000000000000e+00 2.822011743987482e-03 0.000000000000000e+00 0.000000000000000e+00 4.194110222902490e-04 0.000000000000000e+00 0.000000000000000e+00 1.012360200981302e-03 4.604608669384425e-03 4.459359521887111e-03 