# # File created on Tue Apr 30 08:20:11 2024
#  # The following metaparameters were used for this matrix optimization : gamma0 = 0.5; alpha0 = 0; sigma0 = 0.25; l0 = 1;p = 1; R0 = 1; S0 = 0.05; NR = 25; NS = 25; matrix path = matrices/Nr25_Nc25/consumption/RandTrix_Nr25_Nc25_Nest0.55_Conn0.3344.txt; convergence threshold = 1e-08
# 
9.418784766641763451e-01 2.560369784631412737e-01 3.313337267120964880e-01 0.000000000000000000e+00 9.938792229558286451e-01 1.494389594449186953e+00 0.000000000000000000e+00 0.000000000000000000e+00 9.615717717096609052e-01 0.000000000000000000e+00 0.000000000000000000e+00 0.000000000000000000e+00 5.826775623367409507e-01 0.000000000000000000e+00 0.000000000000000000e+00 0.000000000000000000e+00 0.000000000000000000e+00 8.249970334448594733e-02 0.000000000000000000e+00 1.767787790773287959e+00 1.250969419061866983e-01 0.000000000000000000e+00 0.000000000000000000e+00 0.000000000000000000e+00 0.000000000000000000e+00
0.000000000000000000e+00 1.489985141888539033e+00 0.000000000000000000e+00 3.998396427506754058e-01 0.000000000000000000e+00 0.000000000000000000e+00 0.000000000000000000e+00 7.652316277110794429e-01 1.186760283512817926e+00 0.000000000000000000e+00 0.000000000000000000e+00 0.000000000000000000e+00 0.000000000000000000e+00 0.000000000000000000e+00 0.000000000000000000e+00 2.469641143135492101e+00 5.660343550039864668e-01 0.000000000000000000e+00 0.000000000000000000e+00 4.703878479472922147e-01 0.000000000000000000e+00 8.892048046201687095e-01 0.000000000000000000e+00 0.000000000000000000e+00 0.000000000000000000e+00
9.583454103230338861e-01 0.000000000000000000e+00 2.957310481477720132e-01 0.000000000000000000e+00 0.000000000000000000e+00 0.000000000000000000e+00 1.028715696774525012e+00 0.000000000000000000e+00 0.000000000000000000e+00 1.541096545916808003e+00 1.139250967838630002e+00 0.000000000000000000e+00 0.000000000000000000e+00 0.000000000000000000e+00 0.000000000000000000e+00 0.000000000000000000e+00 0.000000000000000000e+00 1.093649817859662088e+00 8.615678391356932364e-01 0.000000000000000000e+00 0.000000000000000000e+00 1.224776208722696991e+00 0.000000000000000000e+00 0.000000000000000000e+00 0.000000000000000000e+00
4.613452477639605753e-01 0.000000000000000000e+00 8.207628208115742563e-01 1.834341486059136939e+00 0.000000000000000000e+00 0.000000000000000000e+00 0.000000000000000000e+00 8.021836228112929623e-01 0.000000000000000000e+00 0.000000000000000000e+00 0.000000000000000000e+00 9.412192751153440895e-01 0.000000000000000000e+00 0.000000000000000000e+00 0.000000000000000000e+00 5.260300019395306448e-01 0.000000000000000000e+00 6.688110749578518588e-01 0.000000000000000000e+00 0.000000000000000000e+00 0.000000000000000000e+00 0.000000000000000000e+00 0.000000000000000000e+00 9.988103592130695985e-01 0.000000000000000000e+00
0.000000000000000000e+00 3.924081745292286039e-01 0.000000000000000000e+00 0.000000000000000000e+00 8.803714639847020074e-01 0.000000000000000000e+00 0.000000000000000000e+00 1.033132281528569951e+00 5.570710693706818484e-01 0.000000000000000000e+00 3.037624638978111968e-01 0.000000000000000000e+00 6.623693344357772794e-01 0.000000000000000000e+00 0.000000000000000000e+00 0.000000000000000000e+00 1.851101210043236023e+00 0.000000000000000000e+00 0.000000000000000000e+00 0.000000000000000000e+00 3.202286914670968154e-01 0.000000000000000000e+00 5.397401013917326740e-01 0.000000000000000000e+00 9.993874232971079463e-01
2.744839975749325256e-01 0.000000000000000000e+00 0.000000000000000000e+00 1.295723105147658982e+00 0.000000000000000000e+00 0.000000000000000000e+00 0.000000000000000000e+00 1.503072493570984935e+00 0.000000000000000000e+00 9.291583780938333925e-01 3.797370152883071115e-01 2.789683130361313990e-01 0.000000000000000000e+00 0.000000000000000000e+00 2.957746840212597816e-01 7.482444814816141543e-01 3.571829159064172088e-01 2.023304692938180105e-01 2.328536909074971906e-01 0.000000000000000000e+00 2.518112908516246806e-01 0.000000000000000000e+00 0.000000000000000000e+00 0.000000000000000000e+00 1.077507996132950063e-01
0.000000000000000000e+00 1.045309372059511910e+00 0.000000000000000000e+00 0.000000000000000000e+00 1.947884049905685977e-01 2.718350478081133989e-02 9.297240280928115164e-01 0.000000000000000000e+00 0.000000000000000000e+00 0.000000000000000000e+00 3.706852059055832926e-01 0.000000000000000000e+00 0.000000000000000000e+00 1.142204510245679039e+00 0.000000000000000000e+00 0.000000000000000000e+00 0.000000000000000000e+00 7.743881087995892198e-02 0.000000000000000000e+00 0.000000000000000000e+00 1.674545398231611082e-01 1.472744513992831017e+00 0.000000000000000000e+00 1.344745634385070998e+00 1.511376878861129036e+00
0.000000000000000000e+00 3.664931836866981013e-02 0.000000000000000000e+00 0.000000000000000000e+00 7.151171528902382502e-01 5.023679110959839988e-01 7.578204670790850139e-01 0.000000000000000000e+00 6.403896598683191943e-01 0.000000000000000000e+00 8.719285977428424816e-01 0.000000000000000000e+00 1.116759120276781925e+00 0.000000000000000000e+00 0.000000000000000000e+00 0.000000000000000000e+00 0.000000000000000000e+00 0.000000000000000000e+00 0.000000000000000000e+00 0.000000000000000000e+00 0.000000000000000000e+00 0.000000000000000000e+00 0.000000000000000000e+00 0.000000000000000000e+00 0.000000000000000000e+00
0.000000000000000000e+00 1.547055129816161889e+00 5.851602160997709801e-01 0.000000000000000000e+00 1.793525278531243883e-01 0.000000000000000000e+00 0.000000000000000000e+00 0.000000000000000000e+00 0.000000000000000000e+00 0.000000000000000000e+00 0.000000000000000000e+00 0.000000000000000000e+00 6.502387365484022519e-01 0.000000000000000000e+00 0.000000000000000000e+00 0.000000000000000000e+00 1.239800608308369995e-01 0.000000000000000000e+00 0.000000000000000000e+00 0.000000000000000000e+00 0.000000000000000000e+00 0.000000000000000000e+00 0.000000000000000000e+00 0.000000000000000000e+00 1.777472224872566064e+00
1.011383553978997929e+00 3.756255830022074971e-01 0.000000000000000000e+00 4.726866427189546083e-01 0.000000000000000000e+00 0.000000000000000000e+00 0.000000000000000000e+00 0.000000000000000000e+00 0.000000000000000000e+00 0.000000000000000000e+00 0.000000000000000000e+00 0.000000000000000000e+00 1.676577622789059974e-01 0.000000000000000000e+00 0.000000000000000000e+00 1.146784686564061989e-01 5.456991650971766417e-01 0.000000000000000000e+00 0.000000000000000000e+00 0.000000000000000000e+00 1.595706106229466958e-01 0.000000000000000000e+00 0.000000000000000000e+00 0.000000000000000000e+00 6.982452013243436451e-01
2.125851675541748087e-01 4.260514229885227211e-01 6.497505984849404337e-01 0.000000000000000000e+00 0.000000000000000000e+00 0.000000000000000000e+00 9.142310214899518339e-02 0.000000000000000000e+00 8.798922910102696671e-02 0.000000000000000000e+00 2.870601857376232080e-01 0.000000000000000000e+00 2.855068203800091853e-01 6.311392078813646833e-01 0.000000000000000000e+00 0.000000000000000000e+00 7.966667912899344506e-01 0.000000000000000000e+00 0.000000000000000000e+00 0.000000000000000000e+00 0.000000000000000000e+00 0.000000000000000000e+00 5.542163071982540989e-01 2.529221517923869178e-01 0.000000000000000000e+00
7.986011880779365635e-01 8.084984192658304369e-01 5.663124945137745225e-01 0.000000000000000000e+00 0.000000000000000000e+00 0.000000000000000000e+00 0.000000000000000000e+00 0.000000000000000000e+00 7.440770551435751390e-01 0.000000000000000000e+00 0.000000000000000000e+00 4.867834372213470928e-01 0.000000000000000000e+00 0.000000000000000000e+00 0.000000000000000000e+00 0.000000000000000000e+00 0.000000000000000000e+00 0.000000000000000000e+00 0.000000000000000000e+00 0.000000000000000000e+00 1.750743952137286952e-01 6.473659746431336126e-01 0.000000000000000000e+00 4.023486575374268792e-01 1.491762507740556909e-01
0.000000000000000000e+00 0.000000000000000000e+00 0.000000000000000000e+00 1.071413165325451056e+00 1.961978561011553102e-01 5.482448297950661686e-01 0.000000000000000000e+00 0.000000000000000000e+00 7.380667183372661144e-01 0.000000000000000000e+00 2.557593980547324952e-02 0.000000000000000000e+00 0.000000000000000000e+00 0.000000000000000000e+00 2.450533204506664953e-02 2.097559078055118986e-01 0.000000000000000000e+00 0.000000000000000000e+00 0.000000000000000000e+00 7.007690344851765785e-01 0.000000000000000000e+00 0.000000000000000000e+00 0.000000000000000000e+00 0.000000000000000000e+00 0.000000000000000000e+00
1.464319368426673929e-01 4.512539941527354270e-01 5.175424234519775402e-01 7.310084226124694551e-01 0.000000000000000000e+00 0.000000000000000000e+00 0.000000000000000000e+00 0.000000000000000000e+00 0.000000000000000000e+00 1.859762710779279127e-01 6.757811401457483602e-02 0.000000000000000000e+00 7.634017160780746103e-01 0.000000000000000000e+00 0.000000000000000000e+00 0.000000000000000000e+00 0.000000000000000000e+00 2.569683949393331002e-01 0.000000000000000000e+00 0.000000000000000000e+00 0.000000000000000000e+00 0.000000000000000000e+00 0.000000000000000000e+00 0.000000000000000000e+00 0.000000000000000000e+00
0.000000000000000000e+00 0.000000000000000000e+00 0.000000000000000000e+00 0.000000000000000000e+00 0.000000000000000000e+00 0.000000000000000000e+00 3.999520208493926865e-01 0.000000000000000000e+00 0.000000000000000000e+00 1.310042258806052962e+00 7.289687080057987156e-01 0.000000000000000000e+00 0.000000000000000000e+00 0.000000000000000000e+00 4.325418078748864970e-01 0.000000000000000000e+00 0.000000000000000000e+00 0.000000000000000000e+00 0.000000000000000000e+00 0.000000000000000000e+00 0.000000000000000000e+00 9.815687048173429297e-01 0.000000000000000000e+00 0.000000000000000000e+00 0.000000000000000000e+00
8.839026937978249343e-01 0.000000000000000000e+00 0.000000000000000000e+00 6.140725023730339016e-01 0.000000000000000000e+00 1.336719975210148015e-01 0.000000000000000000e+00 9.415209217586743840e-02 0.000000000000000000e+00 0.000000000000000000e+00 0.000000000000000000e+00 3.006520918104236273e-01 0.000000000000000000e+00 0.000000000000000000e+00 0.000000000000000000e+00 0.000000000000000000e+00 0.000000000000000000e+00 0.000000000000000000e+00 0.000000000000000000e+00 0.000000000000000000e+00 0.000000000000000000e+00 3.548515727672618136e-01 0.000000000000000000e+00 0.000000000000000000e+00 0.000000000000000000e+00
0.000000000000000000e+00 0.000000000000000000e+00 5.583810433943035001e-01 0.000000000000000000e+00 0.000000000000000000e+00 0.000000000000000000e+00 3.240640309625990034e-01 0.000000000000000000e+00 0.000000000000000000e+00 0.000000000000000000e+00 3.795009296044783709e-02 3.280585980497994214e-01 0.000000000000000000e+00 0.000000000000000000e+00 0.000000000000000000e+00 7.489839870757888929e-02 1.222820015447106945e+00 0.000000000000000000e+00 0.000000000000000000e+00 0.000000000000000000e+00 0.000000000000000000e+00 0.000000000000000000e+00 0.000000000000000000e+00 0.000000000000000000e+00 6.789211245315420751e-01
0.000000000000000000e+00 0.000000000000000000e+00 0.000000000000000000e+00 8.295673522567299507e-01 0.000000000000000000e+00 0.000000000000000000e+00 8.514201280519130555e-02 2.598382658064840034e-01 0.000000000000000000e+00 5.061397373220379858e-01 0.000000000000000000e+00 0.000000000000000000e+00 0.000000000000000000e+00 9.139255017384816382e-01 0.000000000000000000e+00 0.000000000000000000e+00 0.000000000000000000e+00 0.000000000000000000e+00 0.000000000000000000e+00 0.000000000000000000e+00 0.000000000000000000e+00 0.000000000000000000e+00 0.000000000000000000e+00 0.000000000000000000e+00 0.000000000000000000e+00
1.041770191823820912e+00 2.018245112063845881e-01 0.000000000000000000e+00 2.122422617218129026e-01 0.000000000000000000e+00 0.000000000000000000e+00 0.000000000000000000e+00 0.000000000000000000e+00 0.000000000000000000e+00 0.000000000000000000e+00 0.000000000000000000e+00 0.000000000000000000e+00 0.000000000000000000e+00 0.000000000000000000e+00 0.000000000000000000e+00 0.000000000000000000e+00 0.000000000000000000e+00 0.000000000000000000e+00 0.000000000000000000e+00 4.990794537526378749e-02 0.000000000000000000e+00 0.000000000000000000e+00 0.000000000000000000e+00 0.000000000000000000e+00 7.851487975720861101e-01
2.983501827563392883e-01 0.000000000000000000e+00 0.000000000000000000e+00 0.000000000000000000e+00 0.000000000000000000e+00 0.000000000000000000e+00 0.000000000000000000e+00 1.802316042244173078e-01 0.000000000000000000e+00 3.667900366147269220e-01 0.000000000000000000e+00 0.000000000000000000e+00 0.000000000000000000e+00 2.788299762584638963e-01 0.000000000000000000e+00 0.000000000000000000e+00 3.005833545917546146e-01 0.000000000000000000e+00 0.000000000000000000e+00 0.000000000000000000e+00 1.182751003656429961e-01 0.000000000000000000e+00 0.000000000000000000e+00 0.000000000000000000e+00 2.489271129559260942e-01
0.000000000000000000e+00 0.000000000000000000e+00 0.000000000000000000e+00 0.000000000000000000e+00 0.000000000000000000e+00 0.000000000000000000e+00 0.000000000000000000e+00 1.511188019281952011e+00 0.000000000000000000e+00 0.000000000000000000e+00 0.000000000000000000e+00 0.000000000000000000e+00 0.000000000000000000e+00 0.000000000000000000e+00 0.000000000000000000e+00 3.522062910334128882e-01 0.000000000000000000e+00 0.000000000000000000e+00 3.149843233905145201e-01 0.000000000000000000e+00 0.000000000000000000e+00 0.000000000000000000e+00 0.000000000000000000e+00 5.238064725621788265e-01 0.000000000000000000e+00
2.859097973920614044e-01 1.953498241998412044e-01 0.000000000000000000e+00 8.676525303621200891e-01 4.853041636070203890e-01 0.000000000000000000e+00 0.000000000000000000e+00 0.000000000000000000e+00 0.000000000000000000e+00 0.000000000000000000e+00 0.000000000000000000e+00 3.745951455564114907e-01 0.000000000000000000e+00 0.000000000000000000e+00 0.000000000000000000e+00 0.000000000000000000e+00 0.000000000000000000e+00 0.000000000000000000e+00 0.000000000000000000e+00 0.000000000000000000e+00 0.000000000000000000e+00 0.000000000000000000e+00 0.000000000000000000e+00 0.000000000000000000e+00 0.000000000000000000e+00
0.000000000000000000e+00 0.000000000000000000e+00 0.000000000000000000e+00 0.000000000000000000e+00 0.000000000000000000e+00 0.000000000000000000e+00 0.000000000000000000e+00 0.000000000000000000e+00 0.000000000000000000e+00 0.000000000000000000e+00 0.000000000000000000e+00 0.000000000000000000e+00 0.000000000000000000e+00 0.000000000000000000e+00 5.026891330211128439e-01 0.000000000000000000e+00 0.000000000000000000e+00 0.000000000000000000e+00 0.000000000000000000e+00 0.000000000000000000e+00 0.000000000000000000e+00 0.000000000000000000e+00 9.104299062294117784e-01 7.316298556166060951e-01 4.846798309701066954e-01
4.711484353123476243e-01 0.000000000000000000e+00 7.483057637373832227e-01 0.000000000000000000e+00 0.000000000000000000e+00 0.000000000000000000e+00 0.000000000000000000e+00 0.000000000000000000e+00 0.000000000000000000e+00 3.861204387820751927e-01 0.000000000000000000e+00 0.000000000000000000e+00 0.000000000000000000e+00 0.000000000000000000e+00 0.000000000000000000e+00 0.000000000000000000e+00 0.000000000000000000e+00 0.000000000000000000e+00 0.000000000000000000e+00 0.000000000000000000e+00 0.000000000000000000e+00 0.000000000000000000e+00 0.000000000000000000e+00 0.000000000000000000e+00 8.160168470562521037e-01
0.000000000000000000e+00 0.000000000000000000e+00 3.938192765594341060e-01 0.000000000000000000e+00 4.658640559511216805e-01 0.000000000000000000e+00 0.000000000000000000e+00 0.000000000000000000e+00 0.000000000000000000e+00 0.000000000000000000e+00 0.000000000000000000e+00 0.000000000000000000e+00 0.000000000000000000e+00 0.000000000000000000e+00 0.000000000000000000e+00 7.845485986942693502e-02 0.000000000000000000e+00 0.000000000000000000e+00 0.000000000000000000e+00 0.000000000000000000e+00 0.000000000000000000e+00 0.000000000000000000e+00 0.000000000000000000e+00 0.000000000000000000e+00 0.000000000000000000e+00
