# # File created on Fri May 17 15:41:58 2024
#  # The following metaparameters were used for this matrix optimization : gamma0 = 0.5; alpha0 = 0; sigma0 = 0.25; l0 = 1;p = 1; R0 = 1; S0 = 0.05; NR = 25; NS = 25; matrix path = matrices/Nr25_Nc25/consumption/RandTrix_Nr25_Nc25_Nest0.45_Conn0.3168.txt; convergence threshold = 1e-08
# 
0.000000000000000000e+00 0.000000000000000000e+00 0.000000000000000000e+00 2.693515511721995132e-03 0.000000000000000000e+00 0.000000000000000000e+00 0.000000000000000000e+00 0.000000000000000000e+00 1.744342983695667095e-03 2.440219764087603067e-03 0.000000000000000000e+00 4.547492515868716001e-03 0.000000000000000000e+00 0.000000000000000000e+00 8.418792613947940692e-04 0.000000000000000000e+00 4.722067237700274027e-05 2.486570456870957840e-05 0.000000000000000000e+00 0.000000000000000000e+00 0.000000000000000000e+00 4.221580297614889281e-03 0.000000000000000000e+00 0.000000000000000000e+00 3.463247162184936081e-03
2.862625491059373872e-03 2.638015922556094083e-03 1.054712884807961892e-03 0.000000000000000000e+00 4.425935560239876825e-03 3.378982440493935157e-03 7.460590391766209117e-04 3.691504650892232006e-03 3.460319936246142140e-03 0.000000000000000000e+00 0.000000000000000000e+00 5.115621800975226892e-05 0.000000000000000000e+00 7.791112390021414031e-04 3.105662990557820149e-03 0.000000000000000000e+00 2.966344060434976133e-03 0.000000000000000000e+00 0.000000000000000000e+00 4.363477304196111163e-03 0.000000000000000000e+00 4.792850981018601832e-03 4.113759117541361879e-03 0.000000000000000000e+00 2.484689356449042152e-03
0.000000000000000000e+00 6.866850949581749250e-04 9.021459364624771467e-04 4.000447176441947715e-03 0.000000000000000000e+00 0.000000000000000000e+00 2.229609902889327991e-03 0.000000000000000000e+00 3.495360516600052973e-03 0.000000000000000000e+00 0.000000000000000000e+00 3.924358007782833592e-03 4.807340584883548935e-03 0.000000000000000000e+00 0.000000000000000000e+00 9.908141387144533529e-04 3.026333785120917039e-03 0.000000000000000000e+00 3.259283701597782013e-03 1.224440276189177898e-03 0.000000000000000000e+00 0.000000000000000000e+00 0.000000000000000000e+00 2.680648771939831820e-04 0.000000000000000000e+00
0.000000000000000000e+00 3.919841590722084393e-03 0.000000000000000000e+00 0.000000000000000000e+00 0.000000000000000000e+00 0.000000000000000000e+00 0.000000000000000000e+00 0.000000000000000000e+00 2.124704940989380862e-03 0.000000000000000000e+00 1.213488265911552956e-03 1.033205257635494033e-03 0.000000000000000000e+00 0.000000000000000000e+00 4.283419713092995358e-03 0.000000000000000000e+00 0.000000000000000000e+00 8.718927448983714804e-04 1.445991799400957092e-03 4.528472040068323191e-03 0.000000000000000000e+00 3.636055519348015998e-04 0.000000000000000000e+00 0.000000000000000000e+00 4.442391979583847593e-03
6.479077007293944064e-04 2.259444500481349932e-04 2.320496780602014902e-03 0.000000000000000000e+00 0.000000000000000000e+00 2.262604519846736061e-03 2.082832425055585086e-03 4.402116680922883371e-03 1.870240396485188007e-03 0.000000000000000000e+00 0.000000000000000000e+00 0.000000000000000000e+00 0.000000000000000000e+00 1.795901142371769893e-03 1.972216092639394146e-03 0.000000000000000000e+00 0.000000000000000000e+00 0.000000000000000000e+00 0.000000000000000000e+00 4.022896410155538637e-03 0.000000000000000000e+00 3.059439214493543945e-05 1.609951059709666989e-03 1.319010051244395897e-03 1.549351321340336962e-03
0.000000000000000000e+00 0.000000000000000000e+00 4.152244780771929128e-03 0.000000000000000000e+00 0.000000000000000000e+00 0.000000000000000000e+00 0.000000000000000000e+00 0.000000000000000000e+00 3.286972484701635149e-03 0.000000000000000000e+00 0.000000000000000000e+00 0.000000000000000000e+00 1.732902694599264097e-03 0.000000000000000000e+00 3.700572864093833007e-03 0.000000000000000000e+00 0.000000000000000000e+00 0.000000000000000000e+00 5.261614970338754620e-04 0.000000000000000000e+00 0.000000000000000000e+00 0.000000000000000000e+00 0.000000000000000000e+00 0.000000000000000000e+00 4.643270828710734273e-03
0.000000000000000000e+00 1.934093413390820934e-03 3.387622639746581087e-03 1.250004796242939076e-03 0.000000000000000000e+00 2.645385709509943083e-03 2.883758874226999974e-03 2.818429406667647807e-03 0.000000000000000000e+00 0.000000000000000000e+00 9.870698295608546120e-04 4.149257725948801885e-03 1.125502654352996930e-03 0.000000000000000000e+00 1.997347652304307802e-03 4.006006147566920921e-04 3.769255375882085875e-03 2.492213589619793161e-03 0.000000000000000000e+00 3.555763828911580847e-03 3.707864401695773926e-04 0.000000000000000000e+00 0.000000000000000000e+00 4.983895861612505640e-03 0.000000000000000000e+00
0.000000000000000000e+00 0.000000000000000000e+00 0.000000000000000000e+00 0.000000000000000000e+00 0.000000000000000000e+00 0.000000000000000000e+00 4.099240086342063362e-03 2.649080748979903976e-03 3.149943536689328062e-03 0.000000000000000000e+00 2.407181576772726792e-03 0.000000000000000000e+00 4.892912443802867849e-03 0.000000000000000000e+00 3.050866140270834179e-03 3.084324023981319801e-03 0.000000000000000000e+00 0.000000000000000000e+00 0.000000000000000000e+00 4.729647528415733930e-03 2.969491614049407993e-03 0.000000000000000000e+00 0.000000000000000000e+00 2.080221479436105119e-03 0.000000000000000000e+00
4.724205278371019362e-03 4.047375025298918967e-03 0.000000000000000000e+00 0.000000000000000000e+00 0.000000000000000000e+00 2.064236670766049150e-03 0.000000000000000000e+00 0.000000000000000000e+00 8.486063248220722475e-04 3.743628039201246128e-03 4.789292012036684698e-03 4.079245641118199768e-03 0.000000000000000000e+00 0.000000000000000000e+00 3.491751968692560163e-03 0.000000000000000000e+00 3.661868597301405799e-03 1.977865185142139125e-03 4.037654438481142784e-03 0.000000000000000000e+00 0.000000000000000000e+00 0.000000000000000000e+00 0.000000000000000000e+00 8.622986737490081393e-04 1.110659413948056990e-03
2.216032506143962837e-03 0.000000000000000000e+00 6.112644473445752631e-04 0.000000000000000000e+00 0.000000000000000000e+00 4.134885999127166020e-03 0.000000000000000000e+00 1.991696149408030917e-03 1.841365617586815102e-04 1.356102094453778004e-03 1.343073958293894887e-04 0.000000000000000000e+00 3.397793493658307021e-03 1.148406257240285966e-03 5.465193298409649691e-05 0.000000000000000000e+00 0.000000000000000000e+00 3.158209711753992913e-03 0.000000000000000000e+00 0.000000000000000000e+00 0.000000000000000000e+00 4.456376337670947367e-03 3.747526717888964142e-03 3.875333424752006040e-03 0.000000000000000000e+00
0.000000000000000000e+00 4.372662436355041976e-04 0.000000000000000000e+00 4.074681526181347761e-03 3.634503095252082129e-03 0.000000000000000000e+00 0.000000000000000000e+00 0.000000000000000000e+00 4.784776693563542668e-03 0.000000000000000000e+00 2.962687613446088938e-03 0.000000000000000000e+00 0.000000000000000000e+00 0.000000000000000000e+00 3.119357682268313146e-03 0.000000000000000000e+00 0.000000000000000000e+00 4.673015517488804393e-03 0.000000000000000000e+00 0.000000000000000000e+00 0.000000000000000000e+00 0.000000000000000000e+00 0.000000000000000000e+00 5.025895905229442462e-04 1.905423523534090051e-03
0.000000000000000000e+00 2.005435020682884949e-03 3.659883362465709850e-04 3.551438191795655824e-03 0.000000000000000000e+00 1.241936030256741031e-03 0.000000000000000000e+00 0.000000000000000000e+00 0.000000000000000000e+00 2.588404894646507796e-03 0.000000000000000000e+00 1.834376519113269923e-03 4.028970026825775749e-03 3.819610145082040975e-04 0.000000000000000000e+00 1.562349148054755941e-03 0.000000000000000000e+00 3.395203736571852839e-03 0.000000000000000000e+00 2.839613084324071977e-03 0.000000000000000000e+00 1.723531615977633093e-04 9.681082173837105009e-04 3.837459639411366832e-03 4.279421812056906360e-03
0.000000000000000000e+00 0.000000000000000000e+00 0.000000000000000000e+00 2.409807080785660201e-03 0.000000000000000000e+00 0.000000000000000000e+00 3.448539115571659913e-03 0.000000000000000000e+00 0.000000000000000000e+00 1.922589575013979079e-03 0.000000000000000000e+00 3.701827078306115047e-03 0.000000000000000000e+00 3.598690295432809168e-03 2.203092461215283983e-04 0.000000000000000000e+00 6.617879099328788806e-04 1.103890822677835960e-03 0.000000000000000000e+00 0.000000000000000000e+00 4.986371633816944968e-03 0.000000000000000000e+00 9.568777437482259502e-04 6.468241833295085286e-04 2.980456972676374158e-03
8.173527502144168786e-04 0.000000000000000000e+00 4.599591334709044431e-03 0.000000000000000000e+00 0.000000000000000000e+00 1.615635677919500949e-03 4.607291257639526370e-03 0.000000000000000000e+00 0.000000000000000000e+00 1.813818677071234013e-04 0.000000000000000000e+00 0.000000000000000000e+00 9.622273445092651518e-04 2.962377090703279935e-03 1.199634570606797042e-03 9.860817711485291275e-04 0.000000000000000000e+00 0.000000000000000000e+00 2.313989080919569025e-03 4.533602589208081922e-03 0.000000000000000000e+00 2.055466852845654153e-05 3.803227040853119126e-04 0.000000000000000000e+00 0.000000000000000000e+00
0.000000000000000000e+00 4.438841177832359743e-03 0.000000000000000000e+00 3.269354457258086787e-03 0.000000000000000000e+00 2.299094229301083987e-03 3.477760475903370844e-03 0.000000000000000000e+00 4.203922240688857427e-03 1.984160710841723161e-03 1.916973765738563037e-04 0.000000000000000000e+00 0.000000000000000000e+00 0.000000000000000000e+00 0.000000000000000000e+00 0.000000000000000000e+00 2.482915336502166011e-03 2.376249235381594840e-03 1.313473624275093106e-03 0.000000000000000000e+00 4.921356092032083338e-03 0.000000000000000000e+00 0.000000000000000000e+00 0.000000000000000000e+00 3.679472128034765119e-03
0.000000000000000000e+00 0.000000000000000000e+00 3.319312610063641141e-03 6.004115223411262119e-04 0.000000000000000000e+00 1.424873683440418953e-03 0.000000000000000000e+00 2.463460006568675073e-03 0.000000000000000000e+00 0.000000000000000000e+00 0.000000000000000000e+00 0.000000000000000000e+00 1.099068856751234981e-03 0.000000000000000000e+00 3.121071939017285805e-03 2.988545767619916094e-04 4.049357424301932955e-03 0.000000000000000000e+00 0.000000000000000000e+00 4.514790229328177404e-03 4.978169697507416579e-03 0.000000000000000000e+00 3.510784958857230895e-03 0.000000000000000000e+00 1.699372347386975081e-03
0.000000000000000000e+00 3.293665803994652846e-03 2.861756415993160947e-03 0.000000000000000000e+00 0.000000000000000000e+00 0.000000000000000000e+00 2.990960357026789182e-03 2.296956032404567048e-03 2.237406159605307213e-03 0.000000000000000000e+00 1.209674043246625023e-03 0.000000000000000000e+00 0.000000000000000000e+00 4.669444886906763334e-03 4.680323420449662188e-03 0.000000000000000000e+00 0.000000000000000000e+00 0.000000000000000000e+00 1.657808217196048020e-03 6.903487934981882967e-04 0.000000000000000000e+00 1.305062628175780986e-03 2.048060396515748172e-03 4.942069359298148848e-03 0.000000000000000000e+00
0.000000000000000000e+00 8.510224566616121688e-04 1.546861634001395940e-03 2.854871110316409798e-03 4.466111808181857414e-03 0.000000000000000000e+00 2.684211252229734210e-03 0.000000000000000000e+00 0.000000000000000000e+00 0.000000000000000000e+00 0.000000000000000000e+00 3.927434209613741884e-05 0.000000000000000000e+00 0.000000000000000000e+00 1.511124133775885092e-03 0.000000000000000000e+00 0.000000000000000000e+00 1.955670576750233140e-03 1.992584548513919983e-03 3.711117865239916928e-03 9.147355185223796179e-04 4.364021382510082682e-03 2.736880508328137090e-03 4.160928075767215734e-05 0.000000000000000000e+00
1.484611896439656060e-03 4.155107163716024142e-03 2.033231734694939796e-03 4.656971986253539975e-03 0.000000000000000000e+00 4.636384691189592770e-04 1.186548406354981941e-03 3.308641250647745800e-03 1.194140941063178991e-03 0.000000000000000000e+00 0.000000000000000000e+00 4.845466638429569289e-03 0.000000000000000000e+00 0.000000000000000000e+00 3.764124615086295901e-03 2.287377254959007192e-03 0.000000000000000000e+00 0.000000000000000000e+00 0.000000000000000000e+00 0.000000000000000000e+00 0.000000000000000000e+00 4.985223457780909966e-03 0.000000000000000000e+00 0.000000000000000000e+00 2.280194416156598909e-03
0.000000000000000000e+00 3.700242693663456824e-03 2.955895788399057027e-03 0.000000000000000000e+00 1.145001619955612979e-03 0.000000000000000000e+00 0.000000000000000000e+00 0.000000000000000000e+00 0.000000000000000000e+00 0.000000000000000000e+00 0.000000000000000000e+00 4.286591166075764221e-04 4.171224588816548756e-03 0.000000000000000000e+00 0.000000000000000000e+00 0.000000000000000000e+00 3.921669263290548241e-03 3.532782313445788792e-03 1.310703540879095937e-03 0.000000000000000000e+00 0.000000000000000000e+00 6.252829283467498502e-04 3.444338020849293126e-03 0.000000000000000000e+00 4.106512759779410164e-04
0.000000000000000000e+00 0.000000000000000000e+00 4.858180385617956107e-03 4.167229835044553195e-03 0.000000000000000000e+00 0.000000000000000000e+00 1.728002840906085128e-04 2.331947597848983006e-03 3.444169125344996064e-03 3.941991256683348779e-03 0.000000000000000000e+00 0.000000000000000000e+00 4.843489836036591820e-03 0.000000000000000000e+00 0.000000000000000000e+00 0.000000000000000000e+00 9.524726362567724177e-04 3.179242060235597852e-03 3.847548322637330161e-03 3.365526723635046177e-03 0.000000000000000000e+00 7.775679377711948491e-04 4.525353045781933987e-03 0.000000000000000000e+00 4.239044095587263770e-03
3.611935029738252804e-03 0.000000000000000000e+00 0.000000000000000000e+00 3.684685788492810150e-03 0.000000000000000000e+00 0.000000000000000000e+00 0.000000000000000000e+00 3.531615406222477199e-03 0.000000000000000000e+00 4.702047366705109852e-03 7.015201464294804849e-04 3.437618114413508105e-03 0.000000000000000000e+00 0.000000000000000000e+00 0.000000000000000000e+00 3.576135157331645793e-03 1.805681190727311067e-03 3.306114340474353868e-04 2.459818882960461157e-03 4.694386970523690104e-03 0.000000000000000000e+00 4.363673569292204728e-03 0.000000000000000000e+00 4.113212624431742195e-03 0.000000000000000000e+00
2.049694950680980027e-03 3.570742477112238186e-03 2.176941391730212016e-03 5.569946698534116716e-04 4.350369367895247016e-03 4.807312923115625823e-03 0.000000000000000000e+00 4.433938547917779839e-03 2.565243462888451131e-03 0.000000000000000000e+00 3.903919130277796849e-03 0.000000000000000000e+00 0.000000000000000000e+00 1.765847874070248982e-03 3.911188908677027190e-03 0.000000000000000000e+00 3.889308366382896853e-03 0.000000000000000000e+00 1.866028381858926956e-04 0.000000000000000000e+00 4.266782453582167699e-03 3.265796378517986983e-03 1.788763246997557895e-03 2.519372977528619006e-03 0.000000000000000000e+00
4.056861201913465262e-03 6.805489721007822526e-04 1.382262568647609890e-04 3.487767409416381997e-03 1.529303028272823079e-04 0.000000000000000000e+00 0.000000000000000000e+00 3.693821475684398031e-03 0.000000000000000000e+00 1.696231172866807975e-03 0.000000000000000000e+00 2.796305829371633885e-04 0.000000000000000000e+00 2.200011465425193158e-03 0.000000000000000000e+00 0.000000000000000000e+00 0.000000000000000000e+00 0.000000000000000000e+00 2.765788497866952019e-03 1.796309546827642035e-03 3.684360955301369065e-03 3.474124270560196952e-03 3.813232966330164925e-03 0.000000000000000000e+00 0.000000000000000000e+00
0.000000000000000000e+00 4.612776318328796338e-03 0.000000000000000000e+00 0.000000000000000000e+00 0.000000000000000000e+00 0.000000000000000000e+00 0.000000000000000000e+00 2.088639759115095210e-03 1.948382568331550029e-03 3.705716830682851889e-03 6.817548220489715559e-04 3.158802294475683906e-03 2.046554289447528787e-03 0.000000000000000000e+00 3.709501330572109214e-03 0.000000000000000000e+00 2.830201138299578024e-03 0.000000000000000000e+00 1.940246460201895977e-03 0.000000000000000000e+00 3.748299680929126094e-03 1.322952895293715101e-03 0.000000000000000000e+00 5.075256924532191034e-04 9.162155286683219244e-06
