# # # File created on Tue Apr 30 08:14:54 2024
#  #  # The following metaparameters were used for this matrix optimization : gamma0 = 0.5; alpha0 = 0; sigma0 = 0.25; l0 = 1;p = 1; R0 = 1; S0 = 0.05; NR = 25; NS = 25; matrix path = matrices/Nr25_Nc25/consumption/RandTrix_Nr25_Nc25_Nest0.55_Conn0.2304.txt; convergence threshold = 1e-08
# 
6.346607347265258436e-01 0.000000000000000000e+00 6.600702320644401544e-01 0.000000000000000000e+00 0.000000000000000000e+00 4.440614004388186986e-01 5.308340383973899623e-01 0.000000000000000000e+00 0.000000000000000000e+00 5.848098977551716704e-01 2.296108142612098835e+00 0.000000000000000000e+00 0.000000000000000000e+00 1.026425195173199079e+00 9.571971244177962523e-01 0.000000000000000000e+00 1.690441026662596047e-01 0.000000000000000000e+00 6.119030661234919899e-01 0.000000000000000000e+00 8.115501265636427819e-01 0.000000000000000000e+00 1.217619260172928985e+00 0.000000000000000000e+00 0.000000000000000000e+00
1.039623747425185041e+00 1.143373924579450973e+00 0.000000000000000000e+00 0.000000000000000000e+00 3.168095997084632853e-01 0.000000000000000000e+00 1.150370933831432962e+00 0.000000000000000000e+00 0.000000000000000000e+00 1.522734627774837979e-01 3.803292712538566822e-01 0.000000000000000000e+00 1.413677219424505971e+00 0.000000000000000000e+00 0.000000000000000000e+00 0.000000000000000000e+00 0.000000000000000000e+00 0.000000000000000000e+00 0.000000000000000000e+00 0.000000000000000000e+00 0.000000000000000000e+00 3.967995522407746778e-01 0.000000000000000000e+00 1.433185401609387011e+00 0.000000000000000000e+00
6.013661117628813502e-01 4.221883373771572190e-01 0.000000000000000000e+00 6.593413714900343559e-01 0.000000000000000000e+00 5.469765608764717291e-01 0.000000000000000000e+00 0.000000000000000000e+00 1.022926442650631929e+00 0.000000000000000000e+00 2.394554626914295048e-01 1.000981932959194021e+00 1.019962080799299953e+00 0.000000000000000000e+00 0.000000000000000000e+00 0.000000000000000000e+00 0.000000000000000000e+00 0.000000000000000000e+00 5.106551042491548342e-01 4.432292955250913269e-02 0.000000000000000000e+00 0.000000000000000000e+00 0.000000000000000000e+00 1.154641451621813975e+00 0.000000000000000000e+00
5.798811113405653028e-01 0.000000000000000000e+00 9.156265538616085164e-01 0.000000000000000000e+00 6.521718067097993510e-01 0.000000000000000000e+00 0.000000000000000000e+00 4.426598674519645060e-01 0.000000000000000000e+00 0.000000000000000000e+00 4.288173765186206743e-01 0.000000000000000000e+00 0.000000000000000000e+00 0.000000000000000000e+00 4.716055603318500822e-01 4.505642366377267116e-01 0.000000000000000000e+00 0.000000000000000000e+00 0.000000000000000000e+00 0.000000000000000000e+00 0.000000000000000000e+00 3.429070347682376951e-01 0.000000000000000000e+00 0.000000000000000000e+00 7.879891963638016028e-01
4.065772226283437263e-01 6.117760469182769167e-01 8.699636570712871997e-01 0.000000000000000000e+00 4.698299469016192775e-01 6.201281266725264807e-01 0.000000000000000000e+00 1.277349278809583044e-01 0.000000000000000000e+00 0.000000000000000000e+00 0.000000000000000000e+00 0.000000000000000000e+00 0.000000000000000000e+00 0.000000000000000000e+00 0.000000000000000000e+00 0.000000000000000000e+00 0.000000000000000000e+00 6.486327281794357358e-02 0.000000000000000000e+00 0.000000000000000000e+00 0.000000000000000000e+00 0.000000000000000000e+00 0.000000000000000000e+00 0.000000000000000000e+00 0.000000000000000000e+00
0.000000000000000000e+00 5.699888909307748719e-01 0.000000000000000000e+00 0.000000000000000000e+00 4.504042466790130761e-01 0.000000000000000000e+00 3.081966580803370270e-01 0.000000000000000000e+00 0.000000000000000000e+00 0.000000000000000000e+00 0.000000000000000000e+00 0.000000000000000000e+00 0.000000000000000000e+00 0.000000000000000000e+00 1.703739893681321949e+00 1.753816476000568114e-01 0.000000000000000000e+00 0.000000000000000000e+00 0.000000000000000000e+00 0.000000000000000000e+00 0.000000000000000000e+00 0.000000000000000000e+00 0.000000000000000000e+00 0.000000000000000000e+00 0.000000000000000000e+00
0.000000000000000000e+00 5.915566788744135440e-01 0.000000000000000000e+00 0.000000000000000000e+00 0.000000000000000000e+00 0.000000000000000000e+00 4.643344794890725269e-01 5.166308998226768479e-01 0.000000000000000000e+00 0.000000000000000000e+00 0.000000000000000000e+00 0.000000000000000000e+00 0.000000000000000000e+00 0.000000000000000000e+00 5.884705626377492171e-01 4.712644140277282012e-02 0.000000000000000000e+00 2.648069678628808821e-01 0.000000000000000000e+00 0.000000000000000000e+00 8.163549953298208095e-01 1.243065036559801939e+00 1.992231890551240114e-01 0.000000000000000000e+00 0.000000000000000000e+00
0.000000000000000000e+00 4.518193387230036162e-01 4.648830683252117013e-01 0.000000000000000000e+00 5.214300107305663845e-01 0.000000000000000000e+00 0.000000000000000000e+00 8.207147940124430441e-02 0.000000000000000000e+00 6.243060959265775978e-01 7.719050101771179895e-01 0.000000000000000000e+00 0.000000000000000000e+00 1.245332415099495993e-01 0.000000000000000000e+00 0.000000000000000000e+00 0.000000000000000000e+00 0.000000000000000000e+00 0.000000000000000000e+00 1.696387923559080080e-01 0.000000000000000000e+00 0.000000000000000000e+00 0.000000000000000000e+00 0.000000000000000000e+00 0.000000000000000000e+00
9.836182910471910623e-02 5.054971336283625716e-01 4.182774915631097823e-01 2.802568530089872834e-01 3.317944989662868771e-01 0.000000000000000000e+00 5.229721098846827898e-01 0.000000000000000000e+00 0.000000000000000000e+00 0.000000000000000000e+00 0.000000000000000000e+00 0.000000000000000000e+00 0.000000000000000000e+00 0.000000000000000000e+00 0.000000000000000000e+00 0.000000000000000000e+00 6.577988551141660256e-01 0.000000000000000000e+00 0.000000000000000000e+00 0.000000000000000000e+00 0.000000000000000000e+00 0.000000000000000000e+00 3.240539343940835870e-01 2.994764518229330874e-01 0.000000000000000000e+00
4.156182113908210018e-01 0.000000000000000000e+00 0.000000000000000000e+00 6.802713528207752214e-01 0.000000000000000000e+00 4.475308931359975873e-01 4.006779047990436937e-01 0.000000000000000000e+00 0.000000000000000000e+00 0.000000000000000000e+00 0.000000000000000000e+00 0.000000000000000000e+00 0.000000000000000000e+00 0.000000000000000000e+00 0.000000000000000000e+00 0.000000000000000000e+00 0.000000000000000000e+00 0.000000000000000000e+00 0.000000000000000000e+00 0.000000000000000000e+00 0.000000000000000000e+00 0.000000000000000000e+00 1.174387606504207066e-01 8.980981892505301989e-01 0.000000000000000000e+00
7.290249795345457029e-01 4.815125585650366080e-01 3.356379723747681121e-01 0.000000000000000000e+00 0.000000000000000000e+00 0.000000000000000000e+00 0.000000000000000000e+00 0.000000000000000000e+00 2.425271061475627044e-01 0.000000000000000000e+00 0.000000000000000000e+00 0.000000000000000000e+00 0.000000000000000000e+00 0.000000000000000000e+00 0.000000000000000000e+00 0.000000000000000000e+00 0.000000000000000000e+00 0.000000000000000000e+00 0.000000000000000000e+00 0.000000000000000000e+00 0.000000000000000000e+00 5.622595887214707489e-01 0.000000000000000000e+00 0.000000000000000000e+00 0.000000000000000000e+00
4.899171625809414787e-01 0.000000000000000000e+00 0.000000000000000000e+00 0.000000000000000000e+00 0.000000000000000000e+00 0.000000000000000000e+00 0.000000000000000000e+00 0.000000000000000000e+00 1.929550796816786873e-01 0.000000000000000000e+00 0.000000000000000000e+00 1.201362697823465941e+00 0.000000000000000000e+00 0.000000000000000000e+00 0.000000000000000000e+00 0.000000000000000000e+00 0.000000000000000000e+00 0.000000000000000000e+00 0.000000000000000000e+00 0.000000000000000000e+00 1.048311988796087890e+00 0.000000000000000000e+00 1.752324036658772011e+00 0.000000000000000000e+00 5.721961186702963914e-02
3.533513623524067726e-01 0.000000000000000000e+00 0.000000000000000000e+00 0.000000000000000000e+00 0.000000000000000000e+00 0.000000000000000000e+00 4.464989573588020733e-01 0.000000000000000000e+00 2.429974216491699035e-01 0.000000000000000000e+00 2.298920752047506066e-01 0.000000000000000000e+00 6.138786286777182521e-01 0.000000000000000000e+00 0.000000000000000000e+00 0.000000000000000000e+00 0.000000000000000000e+00 0.000000000000000000e+00 1.298591537133924889e-01 0.000000000000000000e+00 0.000000000000000000e+00 0.000000000000000000e+00 0.000000000000000000e+00 0.000000000000000000e+00 0.000000000000000000e+00
4.106854002691143202e-01 0.000000000000000000e+00 0.000000000000000000e+00 0.000000000000000000e+00 0.000000000000000000e+00 0.000000000000000000e+00 0.000000000000000000e+00 0.000000000000000000e+00 0.000000000000000000e+00 0.000000000000000000e+00 0.000000000000000000e+00 0.000000000000000000e+00 0.000000000000000000e+00 0.000000000000000000e+00 0.000000000000000000e+00 0.000000000000000000e+00 5.115597612833607810e-01 0.000000000000000000e+00 0.000000000000000000e+00 3.235224545526684814e-01 0.000000000000000000e+00 0.000000000000000000e+00 9.356343217303368653e-02 3.920333755985862950e-02 0.000000000000000000e+00
0.000000000000000000e+00 0.000000000000000000e+00 0.000000000000000000e+00 0.000000000000000000e+00 4.078967096803229886e-01 0.000000000000000000e+00 0.000000000000000000e+00 0.000000000000000000e+00 0.000000000000000000e+00 0.000000000000000000e+00 0.000000000000000000e+00 0.000000000000000000e+00 2.598899101981781978e-01 3.366110214927197086e-01 3.643038323947562773e-01 0.000000000000000000e+00 0.000000000000000000e+00 7.072046424896814842e-02 6.271680303737858786e-02 0.000000000000000000e+00 0.000000000000000000e+00 0.000000000000000000e+00 0.000000000000000000e+00 1.349620533492169872e-01 0.000000000000000000e+00
3.439563699080873116e-01 0.000000000000000000e+00 1.801490496169833866e-01 0.000000000000000000e+00 3.061914885148125931e-01 0.000000000000000000e+00 0.000000000000000000e+00 0.000000000000000000e+00 5.590254797011596777e-01 0.000000000000000000e+00 0.000000000000000000e+00 0.000000000000000000e+00 7.596081194849675644e-02 0.000000000000000000e+00 0.000000000000000000e+00 0.000000000000000000e+00 0.000000000000000000e+00 0.000000000000000000e+00 0.000000000000000000e+00 0.000000000000000000e+00 0.000000000000000000e+00 0.000000000000000000e+00 0.000000000000000000e+00 0.000000000000000000e+00 0.000000000000000000e+00
0.000000000000000000e+00 4.117482917095267037e-01 0.000000000000000000e+00 1.028818874975526015e-01 0.000000000000000000e+00 5.004356020258997617e-01 0.000000000000000000e+00 4.756374697845489052e-01 0.000000000000000000e+00 0.000000000000000000e+00 0.000000000000000000e+00 0.000000000000000000e+00 0.000000000000000000e+00 0.000000000000000000e+00 0.000000000000000000e+00 0.000000000000000000e+00 0.000000000000000000e+00 1.659780745975607957e-02 0.000000000000000000e+00 0.000000000000000000e+00 0.000000000000000000e+00 0.000000000000000000e+00 5.194736642609903976e-01 1.577991946842128013e-01 0.000000000000000000e+00
0.000000000000000000e+00 0.000000000000000000e+00 1.038814831881949008e+00 1.869269694490789113e-01 0.000000000000000000e+00 0.000000000000000000e+00 0.000000000000000000e+00 0.000000000000000000e+00 1.071315549214695018e-02 0.000000000000000000e+00 0.000000000000000000e+00 0.000000000000000000e+00 0.000000000000000000e+00 0.000000000000000000e+00 0.000000000000000000e+00 0.000000000000000000e+00 4.052330302675551943e-01 0.000000000000000000e+00 0.000000000000000000e+00 0.000000000000000000e+00 0.000000000000000000e+00 0.000000000000000000e+00 0.000000000000000000e+00 0.000000000000000000e+00 0.000000000000000000e+00
4.047478135340685235e-01 0.000000000000000000e+00 0.000000000000000000e+00 0.000000000000000000e+00 0.000000000000000000e+00 0.000000000000000000e+00 0.000000000000000000e+00 3.560213904223973880e-01 0.000000000000000000e+00 0.000000000000000000e+00 0.000000000000000000e+00 1.014032738000184009e-01 0.000000000000000000e+00 0.000000000000000000e+00 0.000000000000000000e+00 0.000000000000000000e+00 0.000000000000000000e+00 0.000000000000000000e+00 2.551371847634449908e-01 0.000000000000000000e+00 0.000000000000000000e+00 0.000000000000000000e+00 6.295458581760097205e-01 3.180468681525390195e-01 0.000000000000000000e+00
0.000000000000000000e+00 0.000000000000000000e+00 0.000000000000000000e+00 0.000000000000000000e+00 2.433768823560830963e-01 0.000000000000000000e+00 0.000000000000000000e+00 0.000000000000000000e+00 0.000000000000000000e+00 4.981169469237912151e-01 0.000000000000000000e+00 0.000000000000000000e+00 0.000000000000000000e+00 0.000000000000000000e+00 0.000000000000000000e+00 0.000000000000000000e+00 0.000000000000000000e+00 0.000000000000000000e+00 0.000000000000000000e+00 0.000000000000000000e+00 0.000000000000000000e+00 0.000000000000000000e+00 1.007946706329963943e-01 3.759400528047647239e-01 0.000000000000000000e+00
0.000000000000000000e+00 0.000000000000000000e+00 0.000000000000000000e+00 0.000000000000000000e+00 0.000000000000000000e+00 0.000000000000000000e+00 5.101777058322233271e-01 0.000000000000000000e+00 4.154747943515684772e-01 0.000000000000000000e+00 0.000000000000000000e+00 0.000000000000000000e+00 0.000000000000000000e+00 0.000000000000000000e+00 0.000000000000000000e+00 0.000000000000000000e+00 0.000000000000000000e+00 0.000000000000000000e+00 0.000000000000000000e+00 0.000000000000000000e+00 0.000000000000000000e+00 0.000000000000000000e+00 0.000000000000000000e+00 0.000000000000000000e+00 1.519255167169386023e-01
3.470591540103282191e-01 0.000000000000000000e+00 4.792829713314549767e-01 0.000000000000000000e+00 0.000000000000000000e+00 0.000000000000000000e+00 0.000000000000000000e+00 0.000000000000000000e+00 0.000000000000000000e+00 0.000000000000000000e+00 0.000000000000000000e+00 0.000000000000000000e+00 0.000000000000000000e+00 8.281936317226157307e-02 0.000000000000000000e+00 0.000000000000000000e+00 0.000000000000000000e+00 0.000000000000000000e+00 0.000000000000000000e+00 0.000000000000000000e+00 0.000000000000000000e+00 0.000000000000000000e+00 0.000000000000000000e+00 0.000000000000000000e+00 0.000000000000000000e+00
0.000000000000000000e+00 7.647123624380615103e-01 0.000000000000000000e+00 0.000000000000000000e+00 0.000000000000000000e+00 0.000000000000000000e+00 0.000000000000000000e+00 0.000000000000000000e+00 0.000000000000000000e+00 3.095018549039442179e-01 0.000000000000000000e+00 0.000000000000000000e+00 0.000000000000000000e+00 0.000000000000000000e+00 0.000000000000000000e+00 0.000000000000000000e+00 0.000000000000000000e+00 0.000000000000000000e+00 0.000000000000000000e+00 0.000000000000000000e+00 0.000000000000000000e+00 0.000000000000000000e+00 0.000000000000000000e+00 0.000000000000000000e+00 0.000000000000000000e+00
5.209944924455575110e-01 6.278092426661312925e-03 0.000000000000000000e+00 0.000000000000000000e+00 0.000000000000000000e+00 0.000000000000000000e+00 0.000000000000000000e+00 0.000000000000000000e+00 0.000000000000000000e+00 0.000000000000000000e+00 0.000000000000000000e+00 0.000000000000000000e+00 0.000000000000000000e+00 0.000000000000000000e+00 0.000000000000000000e+00 0.000000000000000000e+00 0.000000000000000000e+00 0.000000000000000000e+00 0.000000000000000000e+00 0.000000000000000000e+00 0.000000000000000000e+00 0.000000000000000000e+00 0.000000000000000000e+00 0.000000000000000000e+00 0.000000000000000000e+00
0.000000000000000000e+00 0.000000000000000000e+00 0.000000000000000000e+00 0.000000000000000000e+00 0.000000000000000000e+00 4.495170433513142050e-01 0.000000000000000000e+00 0.000000000000000000e+00 0.000000000000000000e+00 0.000000000000000000e+00 0.000000000000000000e+00 0.000000000000000000e+00 0.000000000000000000e+00 0.000000000000000000e+00 0.000000000000000000e+00 0.000000000000000000e+00 0.000000000000000000e+00 0.000000000000000000e+00 3.869040881647980989e-02 0.000000000000000000e+00 0.000000000000000000e+00 0.000000000000000000e+00 0.000000000000000000e+00 0.000000000000000000e+00 0.000000000000000000e+00
