# # File created on Fri May 17 15:42:02 2024
#  # The following metaparameters were used for this matrix optimization : gamma0 = 0.5; alpha0 = 0; sigma0 = 0.25; l0 = 1;p = 1; R0 = 1; S0 = 0.05; NR = 25; NS = 25; matrix path = matrices/Nr25_Nc25/consumption/RandTrix_Nr25_Nc25_Nest0.6_Conn0.2048.txt; convergence threshold = 1e-08
# 
4.822307558752462336e-03 2.590993328786346875e-03 0.000000000000000000e+00 6.292288035120098717e-04 1.275995135044591107e-04 3.349613431180537004e-03 3.695736720576220900e-03 4.183675406621310822e-03 7.963918985526049609e-04 4.767892894870628799e-04 0.000000000000000000e+00 0.000000000000000000e+00 0.000000000000000000e+00 2.054291702252381002e-03 0.000000000000000000e+00 0.000000000000000000e+00 0.000000000000000000e+00 3.227444368788862181e-03 1.605255810419984035e-03 0.000000000000000000e+00 0.000000000000000000e+00 0.000000000000000000e+00 0.000000000000000000e+00 0.000000000000000000e+00 0.000000000000000000e+00
1.378002854694532946e-03 0.000000000000000000e+00 0.000000000000000000e+00 0.000000000000000000e+00 0.000000000000000000e+00 4.046523847946305839e-03 1.255310257100116086e-03 2.965153139993209185e-04 4.328249988452123262e-04 0.000000000000000000e+00 0.000000000000000000e+00 1.571455829352491011e-03 2.905875119632903882e-03 3.942952096829335784e-03 0.000000000000000000e+00 0.000000000000000000e+00 3.667807604201876823e-03 0.000000000000000000e+00 0.000000000000000000e+00 1.232019838473810995e-03 9.325949838707909591e-04 0.000000000000000000e+00 4.479403623938857035e-03 0.000000000000000000e+00 0.000000000000000000e+00
1.773822211283493941e-03 1.432230066965734004e-03 0.000000000000000000e+00 4.543982340293489797e-03 0.000000000000000000e+00 1.935674625667621086e-03 0.000000000000000000e+00 0.000000000000000000e+00 3.084425036075658100e-03 6.784849496965049539e-04 9.347259271414074498e-04 0.000000000000000000e+00 4.806646672450958988e-03 1.171022409262454083e-03 1.117652745083172906e-03 0.000000000000000000e+00 3.119712955120873196e-03 0.000000000000000000e+00 0.000000000000000000e+00 2.914700704612376795e-03 0.000000000000000000e+00 0.000000000000000000e+00 4.156544173582977716e-03 2.567616910739599183e-03 4.865976750822117308e-03
0.000000000000000000e+00 3.298276476673637787e-03 0.000000000000000000e+00 0.000000000000000000e+00 9.184911372320790114e-04 0.000000000000000000e+00 3.614118910621725092e-03 0.000000000000000000e+00 0.000000000000000000e+00 0.000000000000000000e+00 2.256551452341664862e-03 0.000000000000000000e+00 0.000000000000000000e+00 3.735911409784717190e-03 0.000000000000000000e+00 0.000000000000000000e+00 1.145349264206527900e-03 1.592726843762419997e-04 1.962228217579407939e-03 0.000000000000000000e+00 0.000000000000000000e+00 0.000000000000000000e+00 0.000000000000000000e+00 0.000000000000000000e+00 0.000000000000000000e+00
0.000000000000000000e+00 0.000000000000000000e+00 0.000000000000000000e+00 4.574869849009029384e-03 0.000000000000000000e+00 3.911518042543127988e-03 3.252729611621706183e-04 4.597680294982730773e-03 3.706168396847571867e-03 4.066939019569918053e-03 4.726464760942847786e-04 0.000000000000000000e+00 2.698751720286425115e-04 3.254121703099370727e-05 0.000000000000000000e+00 4.094443964831942333e-03 0.000000000000000000e+00 0.000000000000000000e+00 3.333295420342440984e-03 0.000000000000000000e+00 0.000000000000000000e+00 0.000000000000000000e+00 1.108579688422370053e-03 0.000000000000000000e+00 1.699910519140780066e-03
0.000000000000000000e+00 2.956753537247449985e-03 2.515253700398933142e-03 3.677737256259031181e-04 0.000000000000000000e+00 0.000000000000000000e+00 0.000000000000000000e+00 0.000000000000000000e+00 0.000000000000000000e+00 1.782253337802435899e-03 4.487874340689214023e-03 0.000000000000000000e+00 0.000000000000000000e+00 0.000000000000000000e+00 2.743971666191320855e-03 0.000000000000000000e+00 0.000000000000000000e+00 5.059944917274445233e-04 0.000000000000000000e+00 0.000000000000000000e+00 0.000000000000000000e+00 1.537634369291463040e-04 0.000000000000000000e+00 0.000000000000000000e+00 3.848466547490065909e-03
2.813404131499529833e-03 0.000000000000000000e+00 3.098691841537885155e-03 0.000000000000000000e+00 4.054334424013222686e-03 0.000000000000000000e+00 0.000000000000000000e+00 0.000000000000000000e+00 1.219061797826717902e-03 3.011249997313167944e-03 2.166826002234862204e-03 4.116486885521055718e-03 3.611113534988203040e-03 0.000000000000000000e+00 2.197019891045296066e-04 0.000000000000000000e+00 0.000000000000000000e+00 1.749295025993530999e-03 3.727817908059418046e-03 4.273960905967755068e-03 4.195516804878839622e-03 0.000000000000000000e+00 0.000000000000000000e+00 7.587865461792195907e-04 4.533649998113418143e-03
1.403010718117982071e-03 2.163092562090383926e-03 0.000000000000000000e+00 0.000000000000000000e+00 0.000000000000000000e+00 1.858902239843621042e-03 1.530831993177117066e-04 9.431296198747637308e-04 4.332099625795177676e-03 0.000000000000000000e+00 1.715545011332672933e-04 4.593235287260078771e-03 3.090981376068881788e-03 0.000000000000000000e+00 3.896504962390288842e-04 1.620117787124663970e-03 1.947811278914853971e-04 2.327132931944427864e-03 0.000000000000000000e+00 0.000000000000000000e+00 2.934847342555290967e-03 2.950806377888701929e-04 4.846304021802787937e-03 0.000000000000000000e+00 1.149982168985460088e-03
0.000000000000000000e+00 0.000000000000000000e+00 3.814060876518599215e-03 0.000000000000000000e+00 0.000000000000000000e+00 0.000000000000000000e+00 0.000000000000000000e+00 0.000000000000000000e+00 0.000000000000000000e+00 0.000000000000000000e+00 0.000000000000000000e+00 4.484283905441856406e-03 0.000000000000000000e+00 0.000000000000000000e+00 0.000000000000000000e+00 0.000000000000000000e+00 0.000000000000000000e+00 1.033428319232519948e-04 0.000000000000000000e+00 0.000000000000000000e+00 0.000000000000000000e+00 0.000000000000000000e+00 9.308744326839823308e-04 0.000000000000000000e+00 3.547646759223875828e-03
7.450203096633507263e-04 0.000000000000000000e+00 5.671697010539044530e-04 5.751212835028682606e-04 1.630194015246109020e-03 0.000000000000000000e+00 0.000000000000000000e+00 0.000000000000000000e+00 0.000000000000000000e+00 4.021750200687491950e-03 4.940602109328371110e-04 0.000000000000000000e+00 2.275114734039792013e-03 0.000000000000000000e+00 3.626292381260701973e-03 4.287885069695417800e-03 1.928181001001243958e-03 0.000000000000000000e+00 2.013715761320542027e-06 0.000000000000000000e+00 2.602592381685071930e-03 3.068452683084340119e-03 0.000000000000000000e+00 0.000000000000000000e+00 9.186028342118372205e-04
0.000000000000000000e+00 4.410376075016639308e-03 4.682652018167334645e-03 2.294042032460180854e-03 5.447591665309733846e-04 4.012405196664691615e-03 0.000000000000000000e+00 2.447776072985297958e-03 0.000000000000000000e+00 4.828158783098121867e-03 3.818664594319232976e-03 1.507567778852960012e-03 0.000000000000000000e+00 1.248936115811505104e-03 0.000000000000000000e+00 0.000000000000000000e+00 0.000000000000000000e+00 8.640370681963088512e-04 0.000000000000000000e+00 0.000000000000000000e+00 1.342860941255591021e-03 4.411429023122731725e-03 0.000000000000000000e+00 0.000000000000000000e+00 1.297302964346810916e-03
0.000000000000000000e+00 2.760478692158392037e-03 0.000000000000000000e+00 2.294582840629417076e-03 0.000000000000000000e+00 0.000000000000000000e+00 3.787542842449097974e-03 3.577520949361023275e-05 2.289858750229212172e-03 4.531326943013999804e-03 4.716651770575060014e-03 1.491231206313935100e-03 0.000000000000000000e+00 3.198823106235921046e-03 0.000000000000000000e+00 2.841309694898836152e-03 0.000000000000000000e+00 1.498131306991637944e-06 4.320795873810623355e-03 0.000000000000000000e+00 7.343614959212053581e-04 3.343524761708494952e-03 2.841858018971387019e-03 0.000000000000000000e+00 2.880200390567189996e-03
0.000000000000000000e+00 0.000000000000000000e+00 1.491679183932906978e-03 5.005661184983328685e-05 0.000000000000000000e+00 9.033460418596457077e-04 0.000000000000000000e+00 0.000000000000000000e+00 2.370776844778617939e-03 0.000000000000000000e+00 0.000000000000000000e+00 0.000000000000000000e+00 0.000000000000000000e+00 4.685333388643430665e-03 1.529337641234568019e-03 6.874363240472466463e-04 0.000000000000000000e+00 0.000000000000000000e+00 0.000000000000000000e+00 3.724204124597229942e-04 2.214963346344394051e-03 1.562728933012864007e-03 2.487003176772257206e-03 4.084225604869436144e-03 1.782614548508864053e-03
7.455448724844838601e-04 0.000000000000000000e+00 4.271708376653584119e-03 4.153765767993694048e-03 1.357721799296834984e-03 0.000000000000000000e+00 2.135066206316816196e-03 1.355341479043979972e-03 3.202239237453117886e-03 2.059298979259978866e-03 2.732831774061281020e-03 4.918584151529587639e-03 1.468998147587368980e-03 3.107463701699465872e-03 0.000000000000000000e+00 0.000000000000000000e+00 0.000000000000000000e+00 0.000000000000000000e+00 0.000000000000000000e+00 0.000000000000000000e+00 3.612858715092371210e-03 0.000000000000000000e+00 0.000000000000000000e+00 0.000000000000000000e+00 0.000000000000000000e+00
0.000000000000000000e+00 4.412431976727984595e-03 0.000000000000000000e+00 3.611966613587128030e-03 4.044663018914309779e-03 2.934850990732137954e-03 0.000000000000000000e+00 3.735785517762860945e-03 2.366021074452709892e-03 1.386179244730272909e-03 3.194960235455119105e-03 9.980013868533764692e-04 3.845256170331344103e-03 0.000000000000000000e+00 0.000000000000000000e+00 0.000000000000000000e+00 4.020461287698691606e-03 0.000000000000000000e+00 4.732404788468048615e-03 2.931679600104800890e-03 3.135209616026587943e-04 7.655733355763342683e-04 4.738932937296814335e-03 1.820159954349364955e-03 0.000000000000000000e+00
9.979458195986494473e-04 0.000000000000000000e+00 0.000000000000000000e+00 1.066954538227207977e-03 0.000000000000000000e+00 1.731301492346216074e-03 3.092283292605598095e-03 4.119839635073332604e-03 3.918174632844615216e-03 0.000000000000000000e+00 2.367588920485378789e-03 0.000000000000000000e+00 0.000000000000000000e+00 0.000000000000000000e+00 0.000000000000000000e+00 0.000000000000000000e+00 0.000000000000000000e+00 4.929042221578943360e-03 0.000000000000000000e+00 0.000000000000000000e+00 0.000000000000000000e+00 0.000000000000000000e+00 4.388707608225362808e-03 4.195209211273817108e-03 0.000000000000000000e+00
0.000000000000000000e+00 0.000000000000000000e+00 0.000000000000000000e+00 3.989469170133760206e-03 2.777861015468311920e-03 0.000000000000000000e+00 3.284158393429474024e-03 2.893599612121672965e-03 2.160580371785990068e-03 0.000000000000000000e+00 0.000000000000000000e+00 3.121343554856056014e-03 0.000000000000000000e+00 8.100109004481072499e-04 3.629258038000958073e-03 2.005636986862013860e-03 0.000000000000000000e+00 3.715230654498490048e-04 0.000000000000000000e+00 3.129986850270337177e-03 0.000000000000000000e+00 5.699453926032312621e-04 0.000000000000000000e+00 0.000000000000000000e+00 0.000000000000000000e+00
0.000000000000000000e+00 0.000000000000000000e+00 2.690347290534213058e-03 0.000000000000000000e+00 2.987424171747312795e-03 7.590485094148141654e-04 0.000000000000000000e+00 2.179628235457480197e-03 3.491828496588468903e-03 3.572826000298507179e-03 2.219079269508363213e-03 0.000000000000000000e+00 1.879824797576400966e-03 4.267546078812479646e-03 0.000000000000000000e+00 0.000000000000000000e+00 0.000000000000000000e+00 3.478759737071645142e-03 0.000000000000000000e+00 7.069638210507484541e-04 0.000000000000000000e+00 2.181294672027369805e-03 1.383088498182622958e-03 2.247582176938996146e-03 4.418693279841512389e-03
0.000000000000000000e+00 4.289794759545125132e-03 0.000000000000000000e+00 1.656146743195542918e-03 8.919568215776414863e-04 4.632201131744476293e-03 3.580441003725464127e-03 4.726696660258512643e-03 7.159039834809990521e-04 4.115145912954292634e-03 0.000000000000000000e+00 1.600701869576082095e-03 0.000000000000000000e+00 3.236422594512272828e-03 3.421060606082266045e-03 0.000000000000000000e+00 0.000000000000000000e+00 8.049525909088041473e-04 4.902269736978665492e-04 3.134452745491368101e-03 4.186327450224577341e-03 0.000000000000000000e+00 0.000000000000000000e+00 4.445250763955604055e-03 1.301926773143515913e-03
9.484987646823997420e-04 0.000000000000000000e+00 0.000000000000000000e+00 3.536141801303472817e-03 3.766798668787446885e-03 0.000000000000000000e+00 2.509955851222862942e-03 0.000000000000000000e+00 7.098113905449754532e-04 8.173077252489546144e-04 4.083929580559104294e-03 4.489062153395957655e-03 1.242125056697787047e-03 0.000000000000000000e+00 0.000000000000000000e+00 1.884350742330952915e-03 0.000000000000000000e+00 4.615291457446170018e-03 0.000000000000000000e+00 2.368485191659470881e-03 0.000000000000000000e+00 3.558919557257169894e-03 0.000000000000000000e+00 0.000000000000000000e+00 0.000000000000000000e+00
0.000000000000000000e+00 0.000000000000000000e+00 0.000000000000000000e+00 0.000000000000000000e+00 4.553576716507875752e-03 0.000000000000000000e+00 0.000000000000000000e+00 0.000000000000000000e+00 4.702820594310886879e-03 0.000000000000000000e+00 2.852842903636348005e-03 4.912591458526775583e-03 3.888568088047350893e-03 0.000000000000000000e+00 0.000000000000000000e+00 3.916081088996365908e-04 8.284193829545687159e-04 0.000000000000000000e+00 0.000000000000000000e+00 4.816161485374430111e-03 3.714885902420774193e-03 0.000000000000000000e+00 8.763661366833339810e-04 0.000000000000000000e+00 0.000000000000000000e+00
1.093405173459575030e-03 0.000000000000000000e+00 0.000000000000000000e+00 1.319625008339847094e-03 0.000000000000000000e+00 0.000000000000000000e+00 2.779257429014702924e-03 0.000000000000000000e+00 4.519390178041832011e-03 0.000000000000000000e+00 7.803503083388351174e-04 0.000000000000000000e+00 2.334292647737493814e-03 2.641557235088839994e-03 0.000000000000000000e+00 0.000000000000000000e+00 4.082415120351782188e-03 2.955762677585713899e-03 4.657011149768476230e-03 0.000000000000000000e+00 0.000000000000000000e+00 3.766350305038533835e-03 0.000000000000000000e+00 0.000000000000000000e+00 0.000000000000000000e+00
3.827147575549171184e-03 1.780653594460361892e-03 4.739725597973717605e-03 4.039543432709273400e-03 0.000000000000000000e+00 4.700603597718716782e-03 0.000000000000000000e+00 0.000000000000000000e+00 2.569715632378140064e-03 1.031442336655997007e-04 7.805866277079577661e-04 0.000000000000000000e+00 1.178733404718305044e-03 0.000000000000000000e+00 0.000000000000000000e+00 0.000000000000000000e+00 2.132710391543798153e-03 0.000000000000000000e+00 0.000000000000000000e+00 3.347547060853264030e-03 0.000000000000000000e+00 1.773417839317829002e-03 0.000000000000000000e+00 0.000000000000000000e+00 3.551156490968215926e-03
2.902464964945478988e-03 2.146791710514346088e-04 3.136133898548378214e-03 0.000000000000000000e+00 3.242058825436429197e-03 1.891684961497452000e-03 0.000000000000000000e+00 4.175888661427769322e-03 1.736882051143293082e-03 0.000000000000000000e+00 0.000000000000000000e+00 0.000000000000000000e+00 0.000000000000000000e+00 0.000000000000000000e+00 4.512423274258861930e-03 3.091850209305027023e-03 2.486249149902538137e-03 0.000000000000000000e+00 3.924432140470757689e-03 0.000000000000000000e+00 2.995446690150701911e-03 0.000000000000000000e+00 0.000000000000000000e+00 0.000000000000000000e+00 2.595522952681872907e-03
1.572277958684400057e-03 3.127675013337995972e-03 0.000000000000000000e+00 4.084582925987357768e-03 0.000000000000000000e+00 4.547555223185850877e-03 4.489384567092680016e-03 4.955047758720488964e-03 0.000000000000000000e+00 2.858368518650311087e-03 4.009296439023581245e-03 0.000000000000000000e+00 4.499131352927835358e-03 3.962061816841564235e-03 1.382665236061293929e-03 7.940807993325406551e-04 5.147585993261287983e-04 4.733898447642164060e-03 0.000000000000000000e+00 2.079495025477222109e-03 4.304122069615514377e-03 0.000000000000000000e+00 0.000000000000000000e+00 0.000000000000000000e+00 0.000000000000000000e+00
