# # File created on Thu Mar 28 01:04:28 2024
# 
1 1 0 1 1 1 1 1 1 1 0 0 0 0 1 1 0 0 1 0 0 1 0 1 0
1 0 1 0 0 1 0 1 1 1 1 1 1 1 0 1 1 0 0 0 0 1 1 0 1
0 0 1 0 1 1 0 1 0 1 0 0 0 1 1 0 1 1 1 1 1 1 0 1 0
1 1 1 0 1 0 0 1 1 1 0 0 0 1 1 1 0 1 0 1 1 0 0 1 0
0 1 0 1 0 0 0 1 0 0 1 1 0 1 1 1 1 0 0 0 1 0 0 1 1
1 1 1 0 0 1 0 1 1 1 0 0 0 1 1 0 1 0 1 0 1 1 1 1 0
1 1 0 1 1 1 1 0 0 1 1 0 0 1 1 1 1 1 1 1 0 1 0 0 1
0 1 1 1 1 1 1 1 1 1 0 0 1 0 0 0 0 1 0 1 1 0 0 0 1
1 0 0 1 1 1 0 1 0 0 0 1 0 0 0 0 1 0 1 1 0 0 1 1 0
1 0 1 1 1 0 0 0 0 1 0 0 0 1 0 0 0 1 1 0 0 1 0 1 1
1 1 0 1 1 1 0 1 1 1 1 0 0 0 1 0 1 0 0 0 1 1 0 1 0
1 1 0 1 0 1 0 0 1 1 0 0 1 1 0 1 0 0 1 1 0 0 1 0 1
0 0 0 1 0 0 0 1 0 0 1 0 1 1 1 0 1 1 0 1 0 0 0 0 1
0 0 0 1 0 0 1 1 1 0 0 1 1 1 1 0 0 0 1 0 0 1 0 1 1
1 1 1 1 1 1 1 1 0 1 0 0 0 1 1 0 0 0 1 0 1 0 0 1 0
0 0 0 0 0 0 0 0 0 1 0 0 1 0 0 1 1 1 0 0 1 0 1 0 1
1 1 1 0 0 1 0 0 1 0 1 0 1 0 0 0 0 1 1 0 0 0 0 0 1
0 0 1 0 1 0 0 0 0 0 1 0 1 1 0 1 0 1 0 1 0 0 0 0 1
1 0 0 0 0 0 0 0 0 0 0 0 0 1 1 1 0 0 1 0 1 0 0 1 0
0 1 0 0 1 1 0 0 1 1 0 0 0 0 0 0 0 1 0 0 1 1 0 1 1
1 1 0 0 1 1 0 1 0 0 1 0 1 0 0 0 0 1 0 1 0 1 1 1 0
0 0 0 0 0 1 1 1 0 1 0 0 1 0 0 0 1 1 0 0 0 1 0 0 0
0 0 1 0 0 0 1 0 0 0 1 0 1 0 1 1 0 0 0 1 0 0 0 0 1
0 0 0 0 0 0 1 1 0 1 0 0 1 0 0 0 1 0 0 0 1 0 1 0 1
0 0 0 0 0 1 0 1 0 0 0 0 1 1 1 1 1 0 1 0 1 0 1 1 1
