# # File created on Fri May 17 15:41:51 2024
#  # The following metaparameters were used for this matrix optimization : gamma0 = 0.5; alpha0 = 0; sigma0 = 0.25; l0 = 1;p = 1; R0 = 1; S0 = 0.05; NR = 25; NS = 25; matrix path = matrices/Nr25_Nc25/consumption/RandTrix_Nr25_Nc25_Nest0.45_Conn0.424.txt; convergence threshold = 1e-08
# 
4.512036656600721361e-03 3.262249759745586807e-03 0.000000000000000000e+00 0.000000000000000000e+00 5.920449268286342515e-04 0.000000000000000000e+00 1.533574348373631000e-04 0.000000000000000000e+00 0.000000000000000000e+00 0.000000000000000000e+00 0.000000000000000000e+00 1.544727157025451965e-03 4.567803556712718947e-03 0.000000000000000000e+00 0.000000000000000000e+00 3.843959468140081045e-03 0.000000000000000000e+00 4.775532704319080356e-03 2.240023704871094059e-03 8.857771566990117577e-04 0.000000000000000000e+00 0.000000000000000000e+00 2.480960191747623791e-03 4.409911102258669280e-03 4.277117986182395713e-03
4.888155586392464898e-03 3.307302662793356034e-03 4.124978974458144015e-03 0.000000000000000000e+00 1.035894740453171961e-03 1.827085883386563980e-03 4.120774845104427202e-03 0.000000000000000000e+00 0.000000000000000000e+00 1.320235768741529966e-03 2.703975914810463881e-03 0.000000000000000000e+00 4.657431424029786181e-03 7.827855667662924613e-04 3.901953602040746788e-03 0.000000000000000000e+00 1.118087237533802987e-03 0.000000000000000000e+00 0.000000000000000000e+00 3.411921902425545799e-03 3.999759912746104693e-03 0.000000000000000000e+00 3.668445721310789089e-03 0.000000000000000000e+00 1.278689524538588083e-03
2.455752889151477120e-03 4.861044066392710902e-03 0.000000000000000000e+00 0.000000000000000000e+00 0.000000000000000000e+00 3.447089811658192882e-03 0.000000000000000000e+00 4.959930847810344046e-03 4.276548826272394063e-03 1.332006979406443045e-03 0.000000000000000000e+00 1.377145371334802075e-03 1.125818399864150906e-03 0.000000000000000000e+00 3.748255954539076937e-03 3.061977716368209125e-03 0.000000000000000000e+00 0.000000000000000000e+00 0.000000000000000000e+00 0.000000000000000000e+00 0.000000000000000000e+00 0.000000000000000000e+00 0.000000000000000000e+00 0.000000000000000000e+00 1.797934904565576903e-03
3.523942116489789129e-03 0.000000000000000000e+00 3.204232599529831162e-03 2.608069828187846179e-03 1.529683566756325028e-03 0.000000000000000000e+00 1.689934661630371074e-03 0.000000000000000000e+00 4.107287776098663898e-03 0.000000000000000000e+00 0.000000000000000000e+00 3.621420031657590806e-04 0.000000000000000000e+00 0.000000000000000000e+00 4.418833572363654351e-03 0.000000000000000000e+00 9.544812885885383454e-04 1.910167463608796910e-03 2.855405431947505204e-03 0.000000000000000000e+00 0.000000000000000000e+00 4.190347040933130990e-04 1.130340695866980001e-03 0.000000000000000000e+00 0.000000000000000000e+00
4.830664985382565613e-03 0.000000000000000000e+00 0.000000000000000000e+00 2.442886123173601109e-03 0.000000000000000000e+00 2.062853470368019183e-03 3.079526219000356876e-03 4.842396057851005783e-03 0.000000000000000000e+00 0.000000000000000000e+00 6.614790848332550858e-04 0.000000000000000000e+00 0.000000000000000000e+00 4.813145309404682874e-03 3.782589480230727844e-03 3.803609581300015832e-03 0.000000000000000000e+00 0.000000000000000000e+00 0.000000000000000000e+00 0.000000000000000000e+00 0.000000000000000000e+00 4.177890947096506331e-03 5.800754025481257925e-04 0.000000000000000000e+00 0.000000000000000000e+00
0.000000000000000000e+00 0.000000000000000000e+00 0.000000000000000000e+00 0.000000000000000000e+00 6.849273284252091172e-04 0.000000000000000000e+00 0.000000000000000000e+00 0.000000000000000000e+00 0.000000000000000000e+00 3.937045814254224937e-03 0.000000000000000000e+00 0.000000000000000000e+00 0.000000000000000000e+00 0.000000000000000000e+00 0.000000000000000000e+00 0.000000000000000000e+00 3.963098181591610640e-03 0.000000000000000000e+00 0.000000000000000000e+00 0.000000000000000000e+00 1.673497186223041030e-03 3.309633384514459094e-03 0.000000000000000000e+00 0.000000000000000000e+00 0.000000000000000000e+00
3.809150667522002921e-04 2.470562276128863846e-06 0.000000000000000000e+00 0.000000000000000000e+00 0.000000000000000000e+00 0.000000000000000000e+00 2.299911092808048108e-03 2.277086239483609102e-04 0.000000000000000000e+00 0.000000000000000000e+00 4.201331949601112142e-03 1.191162047750680096e-03 0.000000000000000000e+00 0.000000000000000000e+00 3.785494681173865068e-03 6.128094857535640208e-05 3.722984108230918947e-03 0.000000000000000000e+00 4.301905612328343377e-03 0.000000000000000000e+00 0.000000000000000000e+00 4.588764804695369751e-03 0.000000000000000000e+00 3.219706128142390926e-03 0.000000000000000000e+00
4.653227591588471150e-03 0.000000000000000000e+00 4.148365317691587659e-03 0.000000000000000000e+00 0.000000000000000000e+00 2.223006205744722068e-03 3.366327893195451208e-04 3.879384516165982830e-03 0.000000000000000000e+00 2.119000059912243793e-03 0.000000000000000000e+00 0.000000000000000000e+00 2.345555914315563834e-03 0.000000000000000000e+00 3.613467550561797956e-03 0.000000000000000000e+00 1.311603942876556073e-03 0.000000000000000000e+00 0.000000000000000000e+00 3.704510762945146998e-03 4.647167371857199338e-03 0.000000000000000000e+00 0.000000000000000000e+00 0.000000000000000000e+00 0.000000000000000000e+00
3.608795724598266950e-03 3.186358665142581016e-03 0.000000000000000000e+00 0.000000000000000000e+00 0.000000000000000000e+00 0.000000000000000000e+00 8.264112074917557508e-04 1.677891851405940906e-03 0.000000000000000000e+00 0.000000000000000000e+00 0.000000000000000000e+00 1.286666937738562043e-03 0.000000000000000000e+00 3.790476567670419874e-03 0.000000000000000000e+00 1.439054585596953898e-03 0.000000000000000000e+00 2.966911258278893092e-03 2.150357715533813066e-03 2.458685306813845764e-04 0.000000000000000000e+00 1.071251090520596938e-03 0.000000000000000000e+00 1.119799753344440096e-03 1.190922518671622002e-03
0.000000000000000000e+00 1.174982547059867004e-03 2.237965766417522942e-03 0.000000000000000000e+00 3.740091775543828885e-04 1.679003022126028099e-03 0.000000000000000000e+00 8.158680367717497913e-04 3.729600554646923891e-03 0.000000000000000000e+00 1.200714537379175091e-03 0.000000000000000000e+00 0.000000000000000000e+00 2.860165063936575235e-04 0.000000000000000000e+00 0.000000000000000000e+00 2.188893998797022868e-03 4.103321180033692867e-03 4.111354942335906579e-03 3.154865627582165133e-04 0.000000000000000000e+00 2.996032951669527072e-03 0.000000000000000000e+00 1.066315770634352960e-03 4.747888652687414987e-03
3.527157632105560117e-03 0.000000000000000000e+00 0.000000000000000000e+00 2.777635284754396798e-03 0.000000000000000000e+00 0.000000000000000000e+00 0.000000000000000000e+00 4.835048321411980141e-04 2.643241093255741837e-03 3.841723112788152095e-03 0.000000000000000000e+00 3.505778019718500896e-03 0.000000000000000000e+00 0.000000000000000000e+00 2.117172312411362035e-03 2.930817273996421963e-03 2.657860437028503834e-03 0.000000000000000000e+00 0.000000000000000000e+00 1.667110097303365962e-03 1.131757377468146962e-03 2.155065691904691806e-03 1.168014110365504050e-03 0.000000000000000000e+00 1.938266510214317964e-03
0.000000000000000000e+00 0.000000000000000000e+00 0.000000000000000000e+00 0.000000000000000000e+00 0.000000000000000000e+00 0.000000000000000000e+00 1.308643889688322973e-03 3.659846509731980169e-03 4.907469988674687932e-04 2.235365570529669957e-03 4.034099440960631049e-03 0.000000000000000000e+00 3.727367485821254846e-03 0.000000000000000000e+00 3.898824681422545079e-03 0.000000000000000000e+00 4.083449411528883299e-03 0.000000000000000000e+00 1.895473016417031096e-03 0.000000000000000000e+00 0.000000000000000000e+00 0.000000000000000000e+00 0.000000000000000000e+00 0.000000000000000000e+00 0.000000000000000000e+00
0.000000000000000000e+00 0.000000000000000000e+00 0.000000000000000000e+00 0.000000000000000000e+00 5.847753659153194722e-04 0.000000000000000000e+00 3.070404779788888077e-03 0.000000000000000000e+00 1.831788854421816928e-03 0.000000000000000000e+00 4.932521339719439686e-03 0.000000000000000000e+00 2.090850242616266921e-03 2.344373534537470133e-03 0.000000000000000000e+00 1.824730373659419914e-03 0.000000000000000000e+00 3.194981175026507126e-03 0.000000000000000000e+00 0.000000000000000000e+00 0.000000000000000000e+00 0.000000000000000000e+00 4.616001906054776997e-03 0.000000000000000000e+00 0.000000000000000000e+00
2.757339642200538985e-03 0.000000000000000000e+00 9.833816869944782008e-04 0.000000000000000000e+00 0.000000000000000000e+00 0.000000000000000000e+00 0.000000000000000000e+00 2.440664810802632007e-03 0.000000000000000000e+00 1.636946242189197967e-03 9.840891644870444852e-04 3.576948741365965079e-03 4.092595654323092323e-03 3.647723010381334965e-03 4.547173985050006681e-03 3.698605996464834032e-03 3.664954467715717933e-03 0.000000000000000000e+00 2.651530219267424129e-03 3.742724633592535866e-03 0.000000000000000000e+00 0.000000000000000000e+00 1.540665127135680979e-03 1.267914655968571105e-03 0.000000000000000000e+00
0.000000000000000000e+00 0.000000000000000000e+00 0.000000000000000000e+00 4.222393466105094258e-03 3.500039249641625008e-03 1.733434777218257044e-03 3.219585302223448159e-03 0.000000000000000000e+00 0.000000000000000000e+00 6.918646965404682495e-04 1.658905237784403944e-03 0.000000000000000000e+00 1.100562046213642963e-03 0.000000000000000000e+00 0.000000000000000000e+00 0.000000000000000000e+00 0.000000000000000000e+00 0.000000000000000000e+00 2.000652915029680831e-03 4.388702870537156651e-03 0.000000000000000000e+00 3.127592306716715179e-03 1.485854916942506076e-03 1.630176191464167978e-03 4.541298724822631638e-03
0.000000000000000000e+00 0.000000000000000000e+00 0.000000000000000000e+00 4.696960190965471216e-04 2.395767619896160914e-03 0.000000000000000000e+00 3.588000283292750846e-03 0.000000000000000000e+00 0.000000000000000000e+00 0.000000000000000000e+00 3.614361411332354859e-03 0.000000000000000000e+00 0.000000000000000000e+00 4.400035902083879874e-03 1.616047733636639949e-03 2.124323979718999948e-03 3.864079992016942848e-03 1.582881350752705051e-03 0.000000000000000000e+00 1.747783967640001044e-03 1.818228382135473947e-03 0.000000000000000000e+00 4.394334358709103827e-03 0.000000000000000000e+00 4.521237500277676923e-03
0.000000000000000000e+00 2.426004409064233113e-04 1.154529510452061104e-03 0.000000000000000000e+00 0.000000000000000000e+00 3.495848681197176108e-03 0.000000000000000000e+00 4.767776471406298157e-03 0.000000000000000000e+00 0.000000000000000000e+00 4.173398852990416186e-03 4.753475766164629197e-03 0.000000000000000000e+00 0.000000000000000000e+00 0.000000000000000000e+00 0.000000000000000000e+00 1.477402847303674977e-03 0.000000000000000000e+00 0.000000000000000000e+00 0.000000000000000000e+00 4.915733609605654406e-03 0.000000000000000000e+00 1.921882652716813081e-03 0.000000000000000000e+00 3.828158049267905202e-03
2.150402035694691169e-03 4.596138653549892636e-03 0.000000000000000000e+00 8.216613117549164845e-04 1.182509460084363014e-04 2.682438362499327961e-03 0.000000000000000000e+00 0.000000000000000000e+00 0.000000000000000000e+00 0.000000000000000000e+00 7.189176611722805687e-04 2.227475854092015022e-03 4.162878581973290804e-03 0.000000000000000000e+00 2.029804082367022994e-03 0.000000000000000000e+00 0.000000000000000000e+00 2.244904779534046945e-03 2.391072287254548869e-03 4.340684077914977999e-04 0.000000000000000000e+00 0.000000000000000000e+00 4.274302431153275197e-03 3.204887922588797039e-03 0.000000000000000000e+00
0.000000000000000000e+00 0.000000000000000000e+00 2.546040033659643063e-03 6.909534030860384072e-04 2.232387135002646822e-03 8.464676548363431891e-04 0.000000000000000000e+00 4.054742751594182792e-03 4.926258226066677730e-03 0.000000000000000000e+00 0.000000000000000000e+00 3.498520155929830001e-03 0.000000000000000000e+00 0.000000000000000000e+00 0.000000000000000000e+00 0.000000000000000000e+00 1.072575084240095893e-03 2.161124353738643790e-03 0.000000000000000000e+00 4.964486619483251748e-03 1.739787680759545107e-03 2.809273022000308845e-03 2.931070189179537083e-04 0.000000000000000000e+00 0.000000000000000000e+00
0.000000000000000000e+00 1.171003873481432037e-03 3.092313751811938188e-04 0.000000000000000000e+00 3.015142160214904880e-03 0.000000000000000000e+00 2.523358727693534188e-03 0.000000000000000000e+00 2.965064835787359029e-04 1.063169749926489924e-03 1.510709977906254074e-04 0.000000000000000000e+00 9.292310138355482476e-04 0.000000000000000000e+00 1.142495037971749000e-04 0.000000000000000000e+00 8.713542706966048539e-04 2.531068314286576831e-03 1.761774718856586909e-03 0.000000000000000000e+00 4.645789806159780419e-03 2.412293192323903147e-03 0.000000000000000000e+00 1.638175769818450049e-03 0.000000000000000000e+00
4.041209618014150740e-03 0.000000000000000000e+00 2.729714261832133070e-03 0.000000000000000000e+00 4.481234399202744384e-03 0.000000000000000000e+00 0.000000000000000000e+00 0.000000000000000000e+00 0.000000000000000000e+00 0.000000000000000000e+00 0.000000000000000000e+00 3.166357165319092903e-03 3.670882461754543767e-04 0.000000000000000000e+00 4.342277517226869263e-03 7.963984048651876271e-04 0.000000000000000000e+00 3.022764156542174889e-03 0.000000000000000000e+00 0.000000000000000000e+00 0.000000000000000000e+00 5.104614808829049249e-04 0.000000000000000000e+00 0.000000000000000000e+00 3.027102299389156093e-03
2.220791646891792908e-03 0.000000000000000000e+00 0.000000000000000000e+00 3.282700858899396858e-03 7.837915643847669393e-04 0.000000000000000000e+00 0.000000000000000000e+00 3.424205967409265153e-03 1.650871825080267932e-03 1.450062287434339034e-04 0.000000000000000000e+00 0.000000000000000000e+00 4.832001469535956821e-03 7.937070732117312150e-04 1.118069545226820904e-03 4.494905022263342639e-03 1.426730149558420955e-03 4.784811027518235879e-03 0.000000000000000000e+00 0.000000000000000000e+00 0.000000000000000000e+00 0.000000000000000000e+00 0.000000000000000000e+00 0.000000000000000000e+00 0.000000000000000000e+00
0.000000000000000000e+00 4.977333144573474304e-03 0.000000000000000000e+00 0.000000000000000000e+00 0.000000000000000000e+00 4.402443058278152944e-03 0.000000000000000000e+00 4.390869970357113607e-03 0.000000000000000000e+00 3.078783772415110039e-03 0.000000000000000000e+00 0.000000000000000000e+00 0.000000000000000000e+00 0.000000000000000000e+00 0.000000000000000000e+00 2.010283372069137948e-03 0.000000000000000000e+00 4.280450521862407334e-03 0.000000000000000000e+00 0.000000000000000000e+00 6.740301752133190556e-04 0.000000000000000000e+00 6.361442060524263691e-04 8.170783230297889521e-04 0.000000000000000000e+00
2.986235943824710939e-03 0.000000000000000000e+00 9.245843627435038504e-04 2.180815712924704091e-03 2.618131995137711922e-03 0.000000000000000000e+00 1.361075885832395069e-03 0.000000000000000000e+00 0.000000000000000000e+00 4.705667139824155042e-03 9.937996321654840939e-04 0.000000000000000000e+00 0.000000000000000000e+00 0.000000000000000000e+00 3.987881391841783391e-03 0.000000000000000000e+00 8.315597446875574398e-04 1.849921318631273957e-03 5.007435524906736534e-04 0.000000000000000000e+00 0.000000000000000000e+00 0.000000000000000000e+00 0.000000000000000000e+00 0.000000000000000000e+00 0.000000000000000000e+00
1.529238689590766039e-03 1.880710572660866057e-03 0.000000000000000000e+00 2.194144944455979004e-03 2.703406349750042941e-03 1.946578762069117903e-03 0.000000000000000000e+00 4.466550497126830707e-03 1.924697509239915976e-04 2.390372617134985892e-03 0.000000000000000000e+00 4.622339673409485991e-04 3.649970980430772803e-03 3.511560986746636165e-03 0.000000000000000000e+00 4.468540554231579913e-03 0.000000000000000000e+00 1.319616370626256049e-03 0.000000000000000000e+00 0.000000000000000000e+00 0.000000000000000000e+00 0.000000000000000000e+00 4.199136896120506807e-03 0.000000000000000000e+00 0.000000000000000000e+00
