# # File created on Fri May 17 15:41:53 2024
#  # The following metaparameters were used for this matrix optimization : gamma0 = 0.5; alpha0 = 0; sigma0 = 0.25; l0 = 1;p = 1; R0 = 1; S0 = 0.05; NR = 25; NS = 25; matrix path = matrices/Nr25_Nc25/consumption/RandTrix_Nr25_Nc25_Nest0.5_Conn0.416.txt; convergence threshold = 1e-08
# 
3.652389028004921975e-03 3.443802735627879072e-04 3.645406994053422816e-03 0.000000000000000000e+00 2.643483531177414844e-03 0.000000000000000000e+00 0.000000000000000000e+00 3.937132078141450213e-03 0.000000000000000000e+00 0.000000000000000000e+00 3.274043700867541005e-03 1.066586552194228070e-03 3.882412988097218211e-03 0.000000000000000000e+00 4.806121719476408143e-03 3.719124065977417841e-03 0.000000000000000000e+00 2.207995291160240806e-03 0.000000000000000000e+00 1.286161835623303050e-03 0.000000000000000000e+00 0.000000000000000000e+00 0.000000000000000000e+00 1.478531585222431926e-04 5.716762749399499502e-04
0.000000000000000000e+00 7.709130558448399522e-04 4.945704475947113792e-05 1.577403319461941934e-03 0.000000000000000000e+00 4.167450798130918621e-03 0.000000000000000000e+00 0.000000000000000000e+00 4.260682106958305938e-03 0.000000000000000000e+00 0.000000000000000000e+00 0.000000000000000000e+00 0.000000000000000000e+00 0.000000000000000000e+00 0.000000000000000000e+00 1.663210800017357084e-03 1.041979371387782025e-03 0.000000000000000000e+00 0.000000000000000000e+00 4.988215194817471020e-03 2.013852399362876106e-03 0.000000000000000000e+00 4.348047156225842008e-03 1.041541056182088924e-03 0.000000000000000000e+00
9.190043763579367440e-04 0.000000000000000000e+00 1.318095364706428066e-03 9.307161849203723881e-05 6.141308681924758685e-04 1.542141685130975031e-05 1.444824377629067924e-03 1.954343538966822873e-03 0.000000000000000000e+00 0.000000000000000000e+00 1.109787087536847012e-03 2.033440043232477134e-03 5.755426423936787919e-05 0.000000000000000000e+00 0.000000000000000000e+00 1.162354057221209967e-03 3.673217490873200049e-03 0.000000000000000000e+00 4.113092337398437256e-04 0.000000000000000000e+00 0.000000000000000000e+00 3.679567051643753851e-03 0.000000000000000000e+00 0.000000000000000000e+00 4.191376692063373752e-03
3.372320166071245129e-03 0.000000000000000000e+00 0.000000000000000000e+00 0.000000000000000000e+00 0.000000000000000000e+00 0.000000000000000000e+00 3.125129237152482042e-03 3.710430810957164073e-03 0.000000000000000000e+00 0.000000000000000000e+00 3.342819704788935892e-03 0.000000000000000000e+00 0.000000000000000000e+00 1.941769051381207105e-03 0.000000000000000000e+00 0.000000000000000000e+00 3.002197547912257083e-03 2.513049132733701039e-03 0.000000000000000000e+00 0.000000000000000000e+00 0.000000000000000000e+00 0.000000000000000000e+00 0.000000000000000000e+00 0.000000000000000000e+00 0.000000000000000000e+00
6.242641677555480851e-04 0.000000000000000000e+00 2.704604582802912910e-03 4.357949932027128069e-03 0.000000000000000000e+00 4.544491556464132914e-04 2.606882194648984033e-03 0.000000000000000000e+00 1.702770512298539029e-03 5.970638735087446108e-04 0.000000000000000000e+00 0.000000000000000000e+00 4.539004841564727756e-03 3.225334536989889027e-03 0.000000000000000000e+00 0.000000000000000000e+00 0.000000000000000000e+00 3.213924271518976087e-03 0.000000000000000000e+00 0.000000000000000000e+00 0.000000000000000000e+00 0.000000000000000000e+00 0.000000000000000000e+00 0.000000000000000000e+00 4.492467875990341017e-03
0.000000000000000000e+00 2.427619883921080211e-03 0.000000000000000000e+00 2.434892801121821791e-03 3.265683850683820822e-03 8.395121075798430864e-04 4.763097631003875877e-03 1.964285512478226164e-03 0.000000000000000000e+00 0.000000000000000000e+00 4.472374918997486064e-03 4.682165918463897236e-03 0.000000000000000000e+00 0.000000000000000000e+00 0.000000000000000000e+00 1.569667803279611949e-03 0.000000000000000000e+00 2.137042155862963182e-03 0.000000000000000000e+00 0.000000000000000000e+00 0.000000000000000000e+00 1.658357084537149910e-03 1.700919460759931087e-04 0.000000000000000000e+00 3.450365759001680892e-03
0.000000000000000000e+00 0.000000000000000000e+00 4.407786623878921090e-03 0.000000000000000000e+00 0.000000000000000000e+00 0.000000000000000000e+00 1.329051084648437062e-03 1.668009299387354996e-03 0.000000000000000000e+00 4.162076529576426778e-03 3.697802465753552079e-03 0.000000000000000000e+00 4.784296434497372816e-04 2.725065310932033198e-03 4.634187302308662160e-03 0.000000000000000000e+00 3.914759804943973749e-03 9.701028455347082517e-04 0.000000000000000000e+00 0.000000000000000000e+00 0.000000000000000000e+00 0.000000000000000000e+00 0.000000000000000000e+00 9.618040638571381329e-04 0.000000000000000000e+00
0.000000000000000000e+00 3.549392467572605805e-03 0.000000000000000000e+00 0.000000000000000000e+00 0.000000000000000000e+00 0.000000000000000000e+00 0.000000000000000000e+00 7.798589337569199025e-04 2.053743973192875914e-03 0.000000000000000000e+00 0.000000000000000000e+00 4.668849527261466023e-04 4.016175078630383755e-03 0.000000000000000000e+00 0.000000000000000000e+00 4.778457367622245856e-03 0.000000000000000000e+00 0.000000000000000000e+00 0.000000000000000000e+00 1.506793657309717050e-03 3.010618229335371068e-03 6.329734520169146743e-04 0.000000000000000000e+00 0.000000000000000000e+00 4.853118663878782692e-03
0.000000000000000000e+00 0.000000000000000000e+00 0.000000000000000000e+00 9.028143228079766854e-04 9.101185620950281996e-04 1.244011527675513039e-03 2.867235045847894154e-03 2.000364507409712906e-03 0.000000000000000000e+00 0.000000000000000000e+00 0.000000000000000000e+00 1.479585539749625044e-03 1.144586396954806002e-03 4.453171548464674410e-03 3.742213612833351216e-03 7.518994491142819972e-04 0.000000000000000000e+00 3.284768162549625103e-04 0.000000000000000000e+00 2.257520819077318830e-03 1.387006323058795950e-04 8.783970729546535482e-04 1.676550301726204093e-03 0.000000000000000000e+00 3.212890151757844936e-03
2.754874785962401103e-03 0.000000000000000000e+00 0.000000000000000000e+00 0.000000000000000000e+00 2.681531135534371071e-03 0.000000000000000000e+00 1.419441064282659076e-03 2.448901001736502941e-04 3.508721899975258181e-03 0.000000000000000000e+00 0.000000000000000000e+00 0.000000000000000000e+00 1.514636107987042029e-03 0.000000000000000000e+00 0.000000000000000000e+00 0.000000000000000000e+00 0.000000000000000000e+00 0.000000000000000000e+00 0.000000000000000000e+00 1.946433688217046900e-04 4.201565375972017395e-03 2.421908517062830012e-03 0.000000000000000000e+00 0.000000000000000000e+00 2.811645086418991957e-04
0.000000000000000000e+00 0.000000000000000000e+00 0.000000000000000000e+00 0.000000000000000000e+00 4.154585121012430680e-03 0.000000000000000000e+00 4.045925939053586322e-03 0.000000000000000000e+00 0.000000000000000000e+00 1.794322265024070936e-03 0.000000000000000000e+00 0.000000000000000000e+00 3.815118541158899965e-03 0.000000000000000000e+00 0.000000000000000000e+00 1.828616531808753911e-04 3.720651008498085215e-03 0.000000000000000000e+00 2.076631926796447970e-03 3.252627420907110069e-03 4.355999112653292232e-03 2.326919130023193810e-03 1.330836557914265089e-03 0.000000000000000000e+00 1.059591429246841982e-03
4.325790958006219857e-03 2.686817927795012891e-03 2.749925752203888872e-03 4.576209980343661637e-03 0.000000000000000000e+00 3.644793499376334026e-03 2.164115714608309034e-03 0.000000000000000000e+00 3.770561657772003930e-03 0.000000000000000000e+00 0.000000000000000000e+00 9.134278149271301932e-04 1.145362648690132022e-03 0.000000000000000000e+00 0.000000000000000000e+00 0.000000000000000000e+00 3.573235491757480024e-04 6.734933469038322093e-04 1.960886352335431890e-03 1.819755264885776014e-03 0.000000000000000000e+00 0.000000000000000000e+00 0.000000000000000000e+00 3.891988948596168934e-03 0.000000000000000000e+00
0.000000000000000000e+00 0.000000000000000000e+00 0.000000000000000000e+00 0.000000000000000000e+00 9.782106860803402998e-04 0.000000000000000000e+00 3.626072709644058076e-03 4.107696570902143358e-03 2.382005051197033998e-03 0.000000000000000000e+00 0.000000000000000000e+00 0.000000000000000000e+00 2.247683898108484169e-03 0.000000000000000000e+00 0.000000000000000000e+00 2.509465322945208989e-03 3.805264618696103940e-03 0.000000000000000000e+00 0.000000000000000000e+00 4.624865330249000866e-05 1.615381490815401061e-03 0.000000000000000000e+00 2.463628511237869138e-03 0.000000000000000000e+00 0.000000000000000000e+00
3.607573503728695135e-04 1.623191324338335009e-03 2.970819019544435925e-03 0.000000000000000000e+00 0.000000000000000000e+00 2.005775130952820208e-03 0.000000000000000000e+00 0.000000000000000000e+00 4.963753543433759366e-03 1.515163786666244008e-03 3.388419734601005179e-03 1.371314430853908049e-04 1.469260788683163059e-03 0.000000000000000000e+00 2.901791388743299189e-03 1.599891779029326061e-03 0.000000000000000000e+00 2.015363719011955060e-03 0.000000000000000000e+00 4.001633878927542826e-03 1.138660939335600078e-03 3.769982885157376930e-03 0.000000000000000000e+00 2.913910694876229932e-03 0.000000000000000000e+00
0.000000000000000000e+00 0.000000000000000000e+00 0.000000000000000000e+00 3.772356818880767161e-03 4.604791296439140168e-03 0.000000000000000000e+00 3.018062152721937919e-04 0.000000000000000000e+00 0.000000000000000000e+00 0.000000000000000000e+00 1.310248502029349050e-03 0.000000000000000000e+00 0.000000000000000000e+00 0.000000000000000000e+00 0.000000000000000000e+00 0.000000000000000000e+00 0.000000000000000000e+00 3.896668999876385948e-03 3.480004514565235123e-03 3.457701164612721981e-03 0.000000000000000000e+00 0.000000000000000000e+00 5.357849156319740820e-04 0.000000000000000000e+00 0.000000000000000000e+00
0.000000000000000000e+00 4.070529219780469679e-03 0.000000000000000000e+00 2.678134692538258928e-03 0.000000000000000000e+00 3.146279366246956029e-03 1.579264073681457999e-03 0.000000000000000000e+00 0.000000000000000000e+00 7.301694538615042824e-04 3.974242285926728700e-03 1.675750642408755904e-03 0.000000000000000000e+00 0.000000000000000000e+00 0.000000000000000000e+00 2.278238620331299921e-03 0.000000000000000000e+00 3.897717594807712828e-03 0.000000000000000000e+00 0.000000000000000000e+00 0.000000000000000000e+00 2.656090799785375788e-03 0.000000000000000000e+00 0.000000000000000000e+00 3.185793180361704002e-03
0.000000000000000000e+00 2.101099129329763848e-03 7.916678552703304908e-04 0.000000000000000000e+00 0.000000000000000000e+00 2.069529581869190057e-03 0.000000000000000000e+00 1.874485175291392899e-03 6.165891220990186820e-04 0.000000000000000000e+00 0.000000000000000000e+00 3.630989371788960994e-03 0.000000000000000000e+00 3.726063019720902807e-03 6.236830119022940223e-04 3.627021739732218860e-03 2.988958025348709135e-03 0.000000000000000000e+00 1.793301191058257939e-03 0.000000000000000000e+00 7.493588004391044197e-04 0.000000000000000000e+00 0.000000000000000000e+00 0.000000000000000000e+00 0.000000000000000000e+00
2.078412017820828982e-03 1.765685708790087948e-03 4.791805367674222341e-03 0.000000000000000000e+00 0.000000000000000000e+00 0.000000000000000000e+00 3.808903844488216971e-03 1.294833253619810057e-03 0.000000000000000000e+00 0.000000000000000000e+00 3.469337795524215801e-03 0.000000000000000000e+00 0.000000000000000000e+00 1.516915200356433024e-03 2.971632885427856127e-03 0.000000000000000000e+00 3.406349695658450905e-03 0.000000000000000000e+00 0.000000000000000000e+00 0.000000000000000000e+00 0.000000000000000000e+00 0.000000000000000000e+00 8.798972271042235921e-04 2.081546596444361005e-03 2.877620141667573943e-03
4.542778834920023663e-03 3.591059863561479014e-03 0.000000000000000000e+00 0.000000000000000000e+00 0.000000000000000000e+00 0.000000000000000000e+00 2.693771694621907922e-03 1.694562047252013001e-03 0.000000000000000000e+00 8.305115945451254028e-04 4.103869698236443930e-03 6.565032464634445010e-04 4.543970654352930821e-03 0.000000000000000000e+00 0.000000000000000000e+00 1.687383053689938978e-03 0.000000000000000000e+00 0.000000000000000000e+00 2.289358744751169173e-03 7.352118592334391648e-05 2.403860772291143214e-03 0.000000000000000000e+00 4.060264108748682862e-03 4.549399731554423787e-03 0.000000000000000000e+00
2.550519428980530141e-03 0.000000000000000000e+00 1.373351572914921102e-03 2.279135296745061091e-03 0.000000000000000000e+00 2.721927953925608931e-03 8.972762332496314348e-04 1.427275171084848096e-03 0.000000000000000000e+00 3.959622848262544723e-03 4.111894442911105847e-03 1.018065684019373984e-03 2.675244380154742120e-03 0.000000000000000000e+00 2.577817309102069937e-03 1.797629162077765078e-03 1.230522710940728983e-03 0.000000000000000000e+00 1.690402378271231966e-03 4.381782710975796330e-03 0.000000000000000000e+00 3.432983157517873873e-03 4.997881500262700864e-04 4.928426322011113594e-03 0.000000000000000000e+00
0.000000000000000000e+00 0.000000000000000000e+00 0.000000000000000000e+00 0.000000000000000000e+00 0.000000000000000000e+00 1.304750916720642893e-03 0.000000000000000000e+00 4.478100830268822818e-04 2.935526575835730270e-04 2.682196832871625806e-03 4.941545674848894960e-04 0.000000000000000000e+00 4.280509050733135624e-03 0.000000000000000000e+00 7.440911014978797639e-04 4.793324033463836585e-03 0.000000000000000000e+00 0.000000000000000000e+00 3.351528807327805188e-03 0.000000000000000000e+00 3.832384770940242946e-03 2.567720679009195990e-03 4.826621044025702911e-03 0.000000000000000000e+00 0.000000000000000000e+00
3.249028737915951159e-03 0.000000000000000000e+00 0.000000000000000000e+00 2.019041950517832910e-03 0.000000000000000000e+00 4.168604111392279314e-03 3.965906917259822730e-03 0.000000000000000000e+00 0.000000000000000000e+00 3.056679253608462869e-03 0.000000000000000000e+00 0.000000000000000000e+00 1.920702317895665997e-03 0.000000000000000000e+00 1.664623804374642906e-03 2.416875072764696798e-03 1.787585090126972897e-03 3.297285092995023200e-03 0.000000000000000000e+00 3.340308302037759986e-03 1.343887996979461000e-03 3.805835003194436069e-03 9.193441625350804456e-04 0.000000000000000000e+00 0.000000000000000000e+00
0.000000000000000000e+00 0.000000000000000000e+00 4.901914003630464256e-03 7.940800583837490751e-04 3.139892117480050891e-03 0.000000000000000000e+00 1.604352657196965980e-03 5.332188642142508513e-04 0.000000000000000000e+00 8.445676886821826311e-04 0.000000000000000000e+00 0.000000000000000000e+00 4.560817048516323767e-03 4.659023841298553376e-03 3.588393370670248887e-03 9.539551715626113770e-04 1.687160915536424066e-03 2.888261542962716928e-03 1.205503736186344004e-03 4.337923574795839871e-03 0.000000000000000000e+00 2.438576419597046803e-03 2.455645633936411835e-03 0.000000000000000000e+00 3.253609209881516001e-03
2.512101007086149900e-03 0.000000000000000000e+00 0.000000000000000000e+00 0.000000000000000000e+00 2.777919245591831815e-03 0.000000000000000000e+00 4.001087042378470918e-03 0.000000000000000000e+00 0.000000000000000000e+00 0.000000000000000000e+00 4.720395334549890021e-04 3.650647726863443052e-03 0.000000000000000000e+00 4.840229812288520013e-03 3.879597387419832146e-03 0.000000000000000000e+00 0.000000000000000000e+00 4.798228953114666920e-03 0.000000000000000000e+00 3.895753606941582126e-03 0.000000000000000000e+00 0.000000000000000000e+00 1.490963307680504002e-03 2.963833339925218968e-03 2.630985125816419964e-03
4.995639160592002873e-03 4.056254875021568680e-03 3.313800939840891085e-04 0.000000000000000000e+00 3.930097689287937943e-03 1.696625970140415050e-03 3.416277788258201883e-03 0.000000000000000000e+00 0.000000000000000000e+00 1.334128157516537971e-03 1.767762357697088074e-03 3.045751190972216960e-03 9.325270854652375867e-04 3.372905120225587125e-03 2.241080139987779076e-03 3.111137080465981898e-03 3.345743726060257037e-03 0.000000000000000000e+00 0.000000000000000000e+00 0.000000000000000000e+00 1.072857201403712912e-03 0.000000000000000000e+00 1.849798831278514060e-03 0.000000000000000000e+00 0.000000000000000000e+00
