# # File created on Thu Mar 28 23:16:01 2024
# 
0 1 0 0 0 0 1 0 0 1 1 0 0 1 1 0 0 1 1 0 1 1 1 0 0
1 0 0 1 0 0 1 1 0 1 0 0 0 0 1 1 1 1 0 1 0 1 1 0 0
0 1 0 0 0 0 0 0 1 0 0 1 1 1 0 1 1 1 1 1 1 0 1 0 0
1 1 1 1 0 0 0 0 0 1 0 1 1 1 1 1 0 0 1 1 1 0 1 0 1
1 0 1 1 0 1 1 1 0 1 1 1 1 0 1 0 1 1 0 0 1 0 1 0 1
1 0 0 0 0 1 0 1 1 1 0 0 0 1 0 1 1 1 0 1 0 0 1 0 0
1 1 0 0 1 0 1 0 0 1 1 1 1 1 0 0 0 0 1 1 1 1 0 0 1
0 1 0 0 0 1 1 1 0 1 0 1 0 1 0 0 1 0 0 0 1 0 0 1 0
0 0 0 1 0 0 0 0 0 0 1 1 1 1 0 0 0 1 0 0 0 0 1 1 0
1 1 1 0 1 1 0 0 1 1 1 1 0 0 1 1 1 0 0 1 0 0 1 0 1
0 1 0 1 1 1 0 0 1 0 1 1 0 0 1 1 0 1 1 0 1 0 0 0 1
0 0 0 0 1 1 1 1 0 0 0 0 1 1 1 0 1 1 0 1 0 1 0 0 1
0 1 0 1 0 1 1 1 0 0 0 0 0 0 0 1 1 1 0 1 0 1 0 0 1
1 0 0 1 1 0 1 0 1 1 1 1 0 1 0 1 1 1 0 1 1 0 1 0 0
0 1 1 0 0 1 0 0 1 1 0 0 0 1 0 0 0 0 1 0 1 1 0 1 0
1 0 1 0 1 1 1 1 0 1 0 0 1 0 0 1 0 0 0 1 1 1 0 0 0
0 0 0 1 1 0 1 1 0 0 1 1 0 1 1 1 0 0 0 1 1 1 1 1 0
0 1 0 0 0 1 0 1 1 0 0 0 0 1 1 0 1 0 1 0 0 1 0 1 0
1 1 1 1 1 0 0 1 1 1 0 0 0 1 0 1 0 1 1 1 1 1 0 0 0
1 0 1 1 1 0 0 1 1 0 1 0 0 1 1 0 1 1 1 1 1 0 0 1 0
0 0 0 1 1 1 1 1 1 0 0 0 1 1 1 0 1 0 0 0 1 1 0 1 1
0 0 1 1 1 1 1 1 1 0 1 1 0 0 0 1 0 0 1 1 1 1 0 1 1
0 1 0 0 0 0 0 0 0 1 1 1 1 0 1 0 1 1 1 0 0 0 1 1 0
1 0 1 0 0 1 0 1 1 0 0 0 1 0 0 0 1 1 1 0 0 1 1 0 0
0 0 0 0 0 1 1 0 1 1 1 1 0 1 0 1 1 1 0 0 0 0 1 0 0
