# File created on Fri May 17 15:41:57 2024
# The following metaparameters were used for this matrix optimization : gamma0 = 0.5; alpha0 = 0; sigma0 = 0.25; l0 = 1;p = 1; R0 = 1; S0 = 0.05; NR = 25; NS = 25; matrix path = matrices/Nr25_Nc25/consumption/RandTrix_Nr25_Nc25_Nest0.45_Conn0.424.txt; convergence threshold = 1e-08
0.000000000000000e+00 6.236749787434176e-04 3.824340481944675e-03 0.000000000000000e+00 2.893336152807192e-03 2.002401066836387e-03 4.333982250145810e-03 2.385132706205876e-03 0.000000000000000e+00 4.328505762749396e-03 0.000000000000000e+00 0.000000000000000e+00 0.000000000000000e+00 1.872676407400133e-03 0.000000000000000e+00 3.694438933260254e-03 0.000000000000000e+00 0.000000000000000e+00 4.254940685763761e-03 2.670165062408884e-04 0.000000000000000e+00 2.599841507133765e-03 0.000000000000000e+00 0.000000000000000e+00 2.128757797171407e-03 
0.000000000000000e+00 2.613635975215294e-03 0.000000000000000e+00 3.312531819938705e-03 0.000000000000000e+00 1.265972160594823e-03 3.286276650041951e-03 0.000000000000000e+00 2.104519433334807e-03 2.863513192256895e-03 4.742696353245375e-03 3.893255590616719e-03 4.874560474851921e-03 1.788601124969253e-04 0.000000000000000e+00 0.000000000000000e+00 2.922546943731784e-03 1.487128896060070e-04 1.884026265531903e-03 0.000000000000000e+00 3.971455966099665e-03 0.000000000000000e+00 3.489471831921293e-03 0.000000000000000e+00 2.592542586490851e-03 
1.471844444582176e-03 1.478322395891940e-03 0.000000000000000e+00 1.565748241801400e-03 0.000000000000000e+00 2.655831109060490e-03 0.000000000000000e+00 0.000000000000000e+00 2.947439914066514e-03 2.961859768232114e-03 7.381067029052186e-04 2.076541889803778e-03 4.796341336394934e-03 0.000000000000000e+00 6.081090479958252e-04 3.293834891697476e-03 1.798951677687771e-04 0.000000000000000e+00 9.553417236434206e-04 3.422325397245191e-03 0.000000000000000e+00 0.000000000000000e+00 0.000000000000000e+00 3.096057763517323e-03 0.000000000000000e+00 
4.936104245432482e-03 2.980658748003189e-03 0.000000000000000e+00 0.000000000000000e+00 4.155944158659437e-03 0.000000000000000e+00 0.000000000000000e+00 0.000000000000000e+00 1.388030009907529e-03 4.165255435269730e-03 0.000000000000000e+00 2.410974741187558e-03 0.000000000000000e+00 1.304025904764355e-03 0.000000000000000e+00 0.000000000000000e+00 0.000000000000000e+00 2.585352899821409e-03 0.000000000000000e+00 0.000000000000000e+00 2.451481796748815e-03 0.000000000000000e+00 0.000000000000000e+00 0.000000000000000e+00 0.000000000000000e+00 
2.605777016957906e-03 0.000000000000000e+00 0.000000000000000e+00 4.412877676709396e-04 0.000000000000000e+00 0.000000000000000e+00 2.682613218894329e-04 2.692461353975122e-03 3.740604884573903e-03 0.000000000000000e+00 1.906453286972753e-03 4.863910039763741e-03 1.257373999465481e-03 1.483906947222394e-03 0.000000000000000e+00 0.000000000000000e+00 3.764914831739921e-04 7.202674764700595e-04 4.210364692697657e-03 0.000000000000000e+00 4.047767994737118e-03 0.000000000000000e+00 1.105612894594301e-03 1.979111899565479e-03 4.233633867652859e-03 
0.000000000000000e+00 0.000000000000000e+00 4.388192750102129e-03 2.979956655735984e-03 7.985201581758161e-04 2.207594891380591e-03 0.000000000000000e+00 1.799495668261992e-03 0.000000000000000e+00 2.069016162906847e-03 0.000000000000000e+00 0.000000000000000e+00 3.834031498196673e-03 3.977799476642343e-03 1.614539442375882e-04 0.000000000000000e+00 1.961180424641545e-03 0.000000000000000e+00 5.977538091137708e-04 0.000000000000000e+00 3.949171877735418e-03 8.569297011168333e-04 0.000000000000000e+00 4.655438518480834e-03 0.000000000000000e+00 
1.295161556966095e-03 3.369078860607314e-03 8.996987301006400e-05 0.000000000000000e+00 0.000000000000000e+00 0.000000000000000e+00 2.865675490783936e-03 0.000000000000000e+00 0.000000000000000e+00 0.000000000000000e+00 0.000000000000000e+00 0.000000000000000e+00 0.000000000000000e+00 0.000000000000000e+00 0.000000000000000e+00 0.000000000000000e+00 2.758797430511668e-04 0.000000000000000e+00 0.000000000000000e+00 0.000000000000000e+00 9.602293187403536e-04 0.000000000000000e+00 1.316077758278931e-03 4.697963072243065e-03 1.018738278270407e-03 
0.000000000000000e+00 0.000000000000000e+00 4.781079294944292e-03 4.439258650673419e-03 2.460346857094463e-03 0.000000000000000e+00 3.648292078034668e-03 0.000000000000000e+00 0.000000000000000e+00 3.353985831732076e-03 2.530597121157340e-03 0.000000000000000e+00 0.000000000000000e+00 0.000000000000000e+00 3.365368263968961e-04 0.000000000000000e+00 2.670956380231497e-03 1.508823951600709e-03 0.000000000000000e+00 0.000000000000000e+00 0.000000000000000e+00 3.209295036543243e-03 3.670478555261251e-03 2.383239627551721e-03 0.000000000000000e+00 
4.716840907112890e-04 7.419250740833523e-04 0.000000000000000e+00 0.000000000000000e+00 1.181573289003480e-03 2.035427609768781e-03 0.000000000000000e+00 4.271235393767545e-03 0.000000000000000e+00 2.024800585258473e-03 0.000000000000000e+00 1.440662377901030e-03 1.425294973801054e-03 3.773433355100591e-03 2.406985122834581e-04 0.000000000000000e+00 3.090306052992399e-03 0.000000000000000e+00 4.290079320333759e-03 1.498932325221685e-03 1.691934407433454e-03 3.457800410548683e-03 3.204250733876106e-03 4.727484517999127e-04 1.223667372807423e-03 
3.529530693535522e-03 2.974735326421466e-03 1.620692093738176e-03 2.734206258587597e-03 2.843928834453410e-03 0.000000000000000e+00 1.383292348376271e-03 0.000000000000000e+00 0.000000000000000e+00 0.000000000000000e+00 1.518692007432676e-03 3.897380410417688e-03 0.000000000000000e+00 3.755946559874842e-03 0.000000000000000e+00 1.733516721752578e-03 4.170841386208221e-03 0.000000000000000e+00 2.041688907501896e-03 0.000000000000000e+00 3.508848393680613e-03 0.000000000000000e+00 2.701098622245305e-03 0.000000000000000e+00 0.000000000000000e+00 
0.000000000000000e+00 0.000000000000000e+00 0.000000000000000e+00 0.000000000000000e+00 2.980207208556138e-03 1.113679646118553e-03 0.000000000000000e+00 1.705544628697325e-03 0.000000000000000e+00 2.632265865292179e-03 4.817102901027077e-03 0.000000000000000e+00 0.000000000000000e+00 0.000000000000000e+00 3.918499323412138e-03 0.000000000000000e+00 0.000000000000000e+00 4.894077227942042e-03 0.000000000000000e+00 0.000000000000000e+00 1.576886783749422e-03 1.888319045310655e-03 7.339247828397804e-04 0.000000000000000e+00 0.000000000000000e+00 
0.000000000000000e+00 0.000000000000000e+00 0.000000000000000e+00 1.813643689672652e-03 1.956094622690410e-03 0.000000000000000e+00 0.000000000000000e+00 1.216508914022255e-03 0.000000000000000e+00 2.294684045572079e-03 0.000000000000000e+00 3.021803444652210e-03 0.000000000000000e+00 0.000000000000000e+00 9.236197206120833e-04 0.000000000000000e+00 4.514407574157552e-03 0.000000000000000e+00 0.000000000000000e+00 3.026424434679811e-03 0.000000000000000e+00 0.000000000000000e+00 0.000000000000000e+00 0.000000000000000e+00 2.454028870036669e-03 
4.681984709826741e-04 0.000000000000000e+00 4.396430955171969e-03 0.000000000000000e+00 1.058329547576211e-03 0.000000000000000e+00 1.489930969220057e-03 0.000000000000000e+00 1.817135920028339e-03 1.951147076855275e-03 0.000000000000000e+00 1.624624337256208e-03 2.159484755420420e-03 0.000000000000000e+00 0.000000000000000e+00 7.322414145148725e-05 0.000000000000000e+00 0.000000000000000e+00 3.881090422959086e-03 0.000000000000000e+00 0.000000000000000e+00 1.045003053779013e-03 0.000000000000000e+00 2.946345262740811e-03 1.725500011564989e-04 
7.169878232048752e-04 0.000000000000000e+00 0.000000000000000e+00 1.699752079019755e-03 0.000000000000000e+00 0.000000000000000e+00 0.000000000000000e+00 1.669790416293496e-03 0.000000000000000e+00 0.000000000000000e+00 7.034858313151940e-04 2.055828297711764e-05 5.616103965317511e-04 0.000000000000000e+00 0.000000000000000e+00 4.806153209677227e-03 6.969441188696241e-04 3.830457306937794e-03 2.854298771803291e-03 1.174273454100309e-03 0.000000000000000e+00 0.000000000000000e+00 4.770790432200606e-03 3.429981446337051e-03 3.346868668156769e-03 
1.308126721324811e-04 0.000000000000000e+00 0.000000000000000e+00 4.196762066727412e-03 0.000000000000000e+00 2.432481703840220e-03 0.000000000000000e+00 1.377539942877575e-03 1.965155370657735e-03 0.000000000000000e+00 4.155059586640147e-03 3.687858031329667e-03 0.000000000000000e+00 2.170511718662528e-03 0.000000000000000e+00 3.281920904655290e-03 0.000000000000000e+00 1.728852637130587e-03 0.000000000000000e+00 3.236751629291945e-05 3.974726131790815e-04 3.822457192696270e-03 8.603818969608084e-04 0.000000000000000e+00 1.661336113536756e-03 
0.000000000000000e+00 1.825743379792588e-04 0.000000000000000e+00 0.000000000000000e+00 3.086022577293805e-03 3.625205550882298e-03 0.000000000000000e+00 0.000000000000000e+00 0.000000000000000e+00 0.000000000000000e+00 1.780936763466766e-04 2.371287871390847e-03 0.000000000000000e+00 2.916415382521263e-03 3.611636416787097e-03 1.285921393430955e-03 3.113753311208035e-03 1.686778090491949e-03 4.894498895528135e-03 0.000000000000000e+00 4.149969551903758e-03 0.000000000000000e+00 4.426402871757483e-03 2.552055514323869e-03 0.000000000000000e+00 
2.896008231548588e-03 3.740526296842038e-03 3.623419223817494e-03 1.673584871274836e-03 3.922587703236548e-03 2.260582119416633e-03 3.145761010977736e-04 4.528044300362015e-03 0.000000000000000e+00 0.000000000000000e+00 0.000000000000000e+00 2.930231914505359e-03 2.598539940232009e-03 2.751413201490557e-03 0.000000000000000e+00 0.000000000000000e+00 0.000000000000000e+00 0.000000000000000e+00 0.000000000000000e+00 5.009671627215416e-04 0.000000000000000e+00 1.606065071532192e-03 0.000000000000000e+00 4.535885363213139e-03 0.000000000000000e+00 
3.205792564408388e-03 0.000000000000000e+00 0.000000000000000e+00 0.000000000000000e+00 0.000000000000000e+00 4.499904929470845e-03 2.757428695829603e-03 0.000000000000000e+00 0.000000000000000e+00 0.000000000000000e+00 7.417465699142705e-04 3.915222295848277e-03 0.000000000000000e+00 0.000000000000000e+00 1.964400396236276e-03 5.271641292456649e-05 1.848766136341543e-03 3.526618938854079e-03 4.074553458040844e-03 2.978864025902161e-03 2.575456926131515e-03 0.000000000000000e+00 0.000000000000000e+00 0.000000000000000e+00 1.307259508309822e-03 
9.051228257768538e-04 0.000000000000000e+00 0.000000000000000e+00 0.000000000000000e+00 4.315498391543012e-03 2.930573367202720e-03 4.807173095512509e-03 0.000000000000000e+00 5.048790505659262e-04 0.000000000000000e+00 1.179896603392554e-03 3.849471889135863e-03 0.000000000000000e+00 4.053699947646776e-03 0.000000000000000e+00 0.000000000000000e+00 6.661509825561337e-04 0.000000000000000e+00 0.000000000000000e+00 4.635537946611916e-03 1.308032084519324e-03 0.000000000000000e+00 9.562781975794177e-06 2.295232164584774e-03 2.570948789291929e-03 
4.330040760380000e-03 8.956377944871896e-04 2.968939903299777e-03 4.450728290759237e-03 0.000000000000000e+00 0.000000000000000e+00 2.259680618172373e-03 9.116386396950014e-04 0.000000000000000e+00 0.000000000000000e+00 3.023501250151702e-03 3.016819826305783e-03 1.605314122426767e-03 0.000000000000000e+00 0.000000000000000e+00 0.000000000000000e+00 0.000000000000000e+00 0.000000000000000e+00 0.000000000000000e+00 0.000000000000000e+00 0.000000000000000e+00 0.000000000000000e+00 1.790519427071832e-03 3.893896150285532e-03 3.750463026977663e-04 
0.000000000000000e+00 0.000000000000000e+00 2.676775372430461e-03 0.000000000000000e+00 0.000000000000000e+00 2.741987671606071e-03 0.000000000000000e+00 0.000000000000000e+00 0.000000000000000e+00 0.000000000000000e+00 2.327885604312204e-03 5.750566315942219e-04 0.000000000000000e+00 0.000000000000000e+00 0.000000000000000e+00 1.554959491786296e-03 2.235144074303868e-03 2.611021113422752e-03 1.689092560030880e-03 1.974666161529649e-03 0.000000000000000e+00 2.466420302501087e-03 0.000000000000000e+00 0.000000000000000e+00 0.000000000000000e+00 
2.908490214957699e-04 3.290986826681580e-03 3.900773087250751e-03 0.000000000000000e+00 2.858153583662278e-03 3.923433987439823e-03 0.000000000000000e+00 2.525834606323136e-03 0.000000000000000e+00 7.417818479710157e-04 3.781800369513550e-03 0.000000000000000e+00 1.172404281033059e-05 1.659566148818816e-03 0.000000000000000e+00 3.683061279693575e-03 0.000000000000000e+00 3.826423822619728e-03 0.000000000000000e+00 3.796121762134548e-03 0.000000000000000e+00 0.000000000000000e+00 0.000000000000000e+00 3.919740454245952e-03 2.953331053625132e-03 
0.000000000000000e+00 1.045098531098657e-03 3.798028834900025e-03 0.000000000000000e+00 0.000000000000000e+00 4.398179848342462e-03 3.935774764776071e-03 0.000000000000000e+00 0.000000000000000e+00 0.000000000000000e+00 2.093393719265254e-03 4.925719458648082e-03 4.118693987651232e-03 0.000000000000000e+00 4.488447502009257e-03 3.188266100804549e-04 3.217986648325160e-03 1.290269918786901e-03 4.048752732234901e-04 3.883746724608078e-03 2.784036299556511e-03 4.006806271299705e-03 0.000000000000000e+00 1.426203026382197e-03 0.000000000000000e+00 
3.800046892991919e-03 0.000000000000000e+00 0.000000000000000e+00 4.417630718368112e-03 1.452437547931081e-03 9.562645166121552e-04 4.634035450530794e-03 0.000000000000000e+00 0.000000000000000e+00 0.000000000000000e+00 0.000000000000000e+00 4.104905274551457e-03 9.086502490666999e-04 1.014051866326494e-03 1.404375060209955e-03 0.000000000000000e+00 0.000000000000000e+00 4.595037957087414e-03 1.137444673180232e-03 0.000000000000000e+00 0.000000000000000e+00 0.000000000000000e+00 5.026861268800638e-04 0.000000000000000e+00 0.000000000000000e+00 
0.000000000000000e+00 4.020704905278556e-03 4.263171554226965e-03 1.702245847010385e-03 3.345354516307693e-03 0.000000000000000e+00 0.000000000000000e+00 0.000000000000000e+00 4.531454344995857e-03 0.000000000000000e+00 1.071155468299091e-03 6.010210026373643e-04 1.737143741456451e-03 0.000000000000000e+00 2.136026268802940e-03 1.967059972877519e-03 0.000000000000000e+00 1.733363403368321e-05 0.000000000000000e+00 2.043358387832538e-03 0.000000000000000e+00 2.146261534927405e-03 2.938088068056356e-03 3.993001538943398e-04 7.858466101921177e-04 