# File created on Tue Apr 30 12:34:12 2024
# The following metaparameters were used for this matrix optimization : gamma0 = 0.5; alpha0 = 0; sigma0 = 0.25; l0 = 1;p = 1; R0 = 1; S0 = 0.05; NR = 25; NS = 25; matrix path = matrices/Nr25_Nc25/consumption/RandTrix_Nr25_Nc25_Nest0.5_Conn0.1744.txt; convergence threshold = 1e-08
0.000000000000000e+00 1.921595741181079e+00 5.002264294649954e-01 0.000000000000000e+00 4.453014803205786e-01 6.330715443113576e-01 0.000000000000000e+00 0.000000000000000e+00 0.000000000000000e+00 1.975526982444627e-01 0.000000000000000e+00 0.000000000000000e+00 0.000000000000000e+00 5.523147186336095e-01 0.000000000000000e+00 5.495538623998523e-01 0.000000000000000e+00 0.000000000000000e+00 0.000000000000000e+00 4.366564457399040e-01 1.133574076510792e+00 0.000000000000000e+00 0.000000000000000e+00 1.049732190310125e+00 0.000000000000000e+00 
1.496329603489333e+00 0.000000000000000e+00 0.000000000000000e+00 0.000000000000000e+00 0.000000000000000e+00 0.000000000000000e+00 4.173046323687112e-01 0.000000000000000e+00 1.180003740515696e+00 0.000000000000000e+00 1.646604627659543e+00 2.651429199715211e-01 0.000000000000000e+00 0.000000000000000e+00 5.987554082074204e-01 0.000000000000000e+00 0.000000000000000e+00 0.000000000000000e+00 1.255834817195182e+00 0.000000000000000e+00 0.000000000000000e+00 0.000000000000000e+00 0.000000000000000e+00 0.000000000000000e+00 0.000000000000000e+00 
7.534625974578769e-01 0.000000000000000e+00 0.000000000000000e+00 1.027980604723804e-01 0.000000000000000e+00 3.363075585861661e-01 0.000000000000000e+00 0.000000000000000e+00 5.700147563103960e-01 2.898290893203311e-01 6.392097117852087e-01 0.000000000000000e+00 0.000000000000000e+00 0.000000000000000e+00 1.403197157572078e+00 0.000000000000000e+00 1.398251942065578e+00 4.391683069256656e-01 6.078338355167028e-01 1.390922598288167e+00 0.000000000000000e+00 0.000000000000000e+00 0.000000000000000e+00 4.861123543665355e-02 0.000000000000000e+00 
0.000000000000000e+00 9.434366665527158e-01 3.614850647522410e-01 4.871061977770157e-01 0.000000000000000e+00 0.000000000000000e+00 0.000000000000000e+00 1.569219892524309e+00 0.000000000000000e+00 0.000000000000000e+00 0.000000000000000e+00 0.000000000000000e+00 0.000000000000000e+00 0.000000000000000e+00 0.000000000000000e+00 0.000000000000000e+00 0.000000000000000e+00 0.000000000000000e+00 0.000000000000000e+00 0.000000000000000e+00 0.000000000000000e+00 0.000000000000000e+00 7.888866971282693e-01 6.520871711731781e-01 0.000000000000000e+00 
1.126919786415634e+00 0.000000000000000e+00 1.544963634995712e-01 0.000000000000000e+00 3.346546093659281e-01 0.000000000000000e+00 0.000000000000000e+00 0.000000000000000e+00 0.000000000000000e+00 0.000000000000000e+00 0.000000000000000e+00 0.000000000000000e+00 0.000000000000000e+00 0.000000000000000e+00 3.637666489791519e-01 1.577962578586947e+00 0.000000000000000e+00 0.000000000000000e+00 0.000000000000000e+00 0.000000000000000e+00 4.813722072234659e-01 0.000000000000000e+00 0.000000000000000e+00 4.399472148410004e-01 1.465940071369706e+00 
0.000000000000000e+00 5.826109596258129e-02 0.000000000000000e+00 7.731496260472796e-01 0.000000000000000e+00 7.139283158234098e-01 4.851586961628671e-01 2.790855044566082e-01 0.000000000000000e+00 0.000000000000000e+00 1.861360269000510e-01 0.000000000000000e+00 0.000000000000000e+00 0.000000000000000e+00 1.499448971539930e-01 0.000000000000000e+00 0.000000000000000e+00 4.423571146117501e-01 0.000000000000000e+00 3.701087033492227e-01 7.110361449267713e-01 0.000000000000000e+00 0.000000000000000e+00 0.000000000000000e+00 3.392894246771255e-01 
3.462933315332175e-01 2.170652342007803e-01 1.186823428034023e-01 6.826646245045093e-01 2.730252650335621e-01 0.000000000000000e+00 0.000000000000000e+00 0.000000000000000e+00 0.000000000000000e+00 0.000000000000000e+00 0.000000000000000e+00 0.000000000000000e+00 0.000000000000000e+00 0.000000000000000e+00 8.220579744712026e-01 0.000000000000000e+00 0.000000000000000e+00 3.754485054798892e-01 0.000000000000000e+00 0.000000000000000e+00 0.000000000000000e+00 0.000000000000000e+00 0.000000000000000e+00 0.000000000000000e+00 0.000000000000000e+00 
5.575871747973807e-01 3.722415163226399e-01 3.381636150813528e-01 0.000000000000000e+00 1.270281709567322e-01 0.000000000000000e+00 0.000000000000000e+00 4.282537008757092e-01 1.695306553286006e-01 0.000000000000000e+00 0.000000000000000e+00 0.000000000000000e+00 0.000000000000000e+00 0.000000000000000e+00 0.000000000000000e+00 0.000000000000000e+00 0.000000000000000e+00 0.000000000000000e+00 2.389453479548098e-01 0.000000000000000e+00 0.000000000000000e+00 0.000000000000000e+00 4.403344983976538e-01 0.000000000000000e+00 0.000000000000000e+00 
0.000000000000000e+00 0.000000000000000e+00 3.234762704823066e-01 4.765871780029818e-01 0.000000000000000e+00 0.000000000000000e+00 0.000000000000000e+00 0.000000000000000e+00 6.486925889855986e-01 0.000000000000000e+00 0.000000000000000e+00 1.937900144854407e-01 0.000000000000000e+00 0.000000000000000e+00 6.041080537739631e-01 0.000000000000000e+00 5.330808261377489e-01 0.000000000000000e+00 0.000000000000000e+00 0.000000000000000e+00 0.000000000000000e+00 0.000000000000000e+00 0.000000000000000e+00 0.000000000000000e+00 0.000000000000000e+00 
7.099998598494785e-01 3.478082350477068e-01 0.000000000000000e+00 0.000000000000000e+00 0.000000000000000e+00 0.000000000000000e+00 0.000000000000000e+00 0.000000000000000e+00 0.000000000000000e+00 0.000000000000000e+00 0.000000000000000e+00 0.000000000000000e+00 0.000000000000000e+00 0.000000000000000e+00 0.000000000000000e+00 1.204046464718540e+00 0.000000000000000e+00 0.000000000000000e+00 3.250146134405537e-01 0.000000000000000e+00 6.686326062091809e-01 0.000000000000000e+00 0.000000000000000e+00 0.000000000000000e+00 1.085302290470915e+00 
2.926749660269259e-01 0.000000000000000e+00 0.000000000000000e+00 3.453111084191144e-01 0.000000000000000e+00 0.000000000000000e+00 0.000000000000000e+00 2.121078387515850e-01 2.500299728048657e-01 1.628950392711949e-01 0.000000000000000e+00 0.000000000000000e+00 0.000000000000000e+00 0.000000000000000e+00 3.147318406424541e-01 0.000000000000000e+00 0.000000000000000e+00 7.398920639801759e-02 0.000000000000000e+00 0.000000000000000e+00 0.000000000000000e+00 0.000000000000000e+00 0.000000000000000e+00 1.861659262797622e-01 2.616633895742065e-01 
0.000000000000000e+00 0.000000000000000e+00 1.417920960064680e-01 0.000000000000000e+00 8.077380672706681e-01 0.000000000000000e+00 0.000000000000000e+00 1.297333840033033e-01 0.000000000000000e+00 0.000000000000000e+00 0.000000000000000e+00 0.000000000000000e+00 0.000000000000000e+00 0.000000000000000e+00 0.000000000000000e+00 0.000000000000000e+00 0.000000000000000e+00 0.000000000000000e+00 3.760234169332067e-01 0.000000000000000e+00 0.000000000000000e+00 0.000000000000000e+00 0.000000000000000e+00 3.032384265773100e-01 3.759361350981598e-01 
5.220452711530004e-01 0.000000000000000e+00 0.000000000000000e+00 0.000000000000000e+00 0.000000000000000e+00 3.580653267599914e-01 0.000000000000000e+00 4.752850427455846e-01 0.000000000000000e+00 0.000000000000000e+00 0.000000000000000e+00 0.000000000000000e+00 0.000000000000000e+00 0.000000000000000e+00 0.000000000000000e+00 1.025805428800382e-01 0.000000000000000e+00 0.000000000000000e+00 0.000000000000000e+00 0.000000000000000e+00 0.000000000000000e+00 0.000000000000000e+00 0.000000000000000e+00 0.000000000000000e+00 0.000000000000000e+00 
4.152066900148492e-01 2.839819072301000e-01 0.000000000000000e+00 0.000000000000000e+00 0.000000000000000e+00 0.000000000000000e+00 2.844183395205175e-01 0.000000000000000e+00 0.000000000000000e+00 0.000000000000000e+00 0.000000000000000e+00 0.000000000000000e+00 0.000000000000000e+00 0.000000000000000e+00 2.237620764184204e-01 0.000000000000000e+00 0.000000000000000e+00 0.000000000000000e+00 3.144391233707157e-01 6.207820362865302e-01 0.000000000000000e+00 0.000000000000000e+00 0.000000000000000e+00 0.000000000000000e+00 0.000000000000000e+00 
0.000000000000000e+00 0.000000000000000e+00 0.000000000000000e+00 4.099094457526489e-01 0.000000000000000e+00 0.000000000000000e+00 0.000000000000000e+00 0.000000000000000e+00 0.000000000000000e+00 0.000000000000000e+00 5.424074719358289e-01 0.000000000000000e+00 0.000000000000000e+00 0.000000000000000e+00 0.000000000000000e+00 4.606051677099780e-02 4.645137540486651e-01 0.000000000000000e+00 0.000000000000000e+00 9.284455194395768e-01 8.853472910984484e-01 0.000000000000000e+00 2.414097395457124e-01 0.000000000000000e+00 0.000000000000000e+00 
3.330794668032231e-01 1.429420427527001e-01 0.000000000000000e+00 0.000000000000000e+00 0.000000000000000e+00 0.000000000000000e+00 0.000000000000000e+00 0.000000000000000e+00 0.000000000000000e+00 0.000000000000000e+00 0.000000000000000e+00 0.000000000000000e+00 1.815997485027464e-01 0.000000000000000e+00 0.000000000000000e+00 0.000000000000000e+00 0.000000000000000e+00 0.000000000000000e+00 6.630716565866511e-01 0.000000000000000e+00 3.466054458398235e-01 0.000000000000000e+00 0.000000000000000e+00 0.000000000000000e+00 5.066684520957257e-01 
0.000000000000000e+00 0.000000000000000e+00 2.582650731861882e-01 0.000000000000000e+00 4.167997521702788e-01 0.000000000000000e+00 0.000000000000000e+00 0.000000000000000e+00 0.000000000000000e+00 0.000000000000000e+00 0.000000000000000e+00 0.000000000000000e+00 1.188233399926644e-01 0.000000000000000e+00 8.841646255440266e-02 0.000000000000000e+00 3.361504825592809e-01 0.000000000000000e+00 0.000000000000000e+00 5.621853969739100e-01 1.199578274627725e-01 0.000000000000000e+00 0.000000000000000e+00 2.256865900141182e-01 0.000000000000000e+00 
0.000000000000000e+00 0.000000000000000e+00 6.058516473968579e-01 0.000000000000000e+00 0.000000000000000e+00 0.000000000000000e+00 0.000000000000000e+00 0.000000000000000e+00 0.000000000000000e+00 0.000000000000000e+00 0.000000000000000e+00 0.000000000000000e+00 0.000000000000000e+00 0.000000000000000e+00 0.000000000000000e+00 0.000000000000000e+00 0.000000000000000e+00 0.000000000000000e+00 0.000000000000000e+00 0.000000000000000e+00 0.000000000000000e+00 0.000000000000000e+00 0.000000000000000e+00 0.000000000000000e+00 0.000000000000000e+00 
0.000000000000000e+00 0.000000000000000e+00 0.000000000000000e+00 5.094620490532444e-01 0.000000000000000e+00 0.000000000000000e+00 0.000000000000000e+00 0.000000000000000e+00 0.000000000000000e+00 0.000000000000000e+00 0.000000000000000e+00 0.000000000000000e+00 0.000000000000000e+00 0.000000000000000e+00 0.000000000000000e+00 0.000000000000000e+00 0.000000000000000e+00 0.000000000000000e+00 0.000000000000000e+00 0.000000000000000e+00 0.000000000000000e+00 0.000000000000000e+00 0.000000000000000e+00 0.000000000000000e+00 0.000000000000000e+00 
0.000000000000000e+00 0.000000000000000e+00 0.000000000000000e+00 0.000000000000000e+00 0.000000000000000e+00 4.283424400400911e-01 0.000000000000000e+00 0.000000000000000e+00 0.000000000000000e+00 0.000000000000000e+00 0.000000000000000e+00 0.000000000000000e+00 0.000000000000000e+00 0.000000000000000e+00 0.000000000000000e+00 0.000000000000000e+00 0.000000000000000e+00 0.000000000000000e+00 0.000000000000000e+00 0.000000000000000e+00 0.000000000000000e+00 0.000000000000000e+00 0.000000000000000e+00 0.000000000000000e+00 0.000000000000000e+00 
0.000000000000000e+00 0.000000000000000e+00 0.000000000000000e+00 0.000000000000000e+00 0.000000000000000e+00 0.000000000000000e+00 0.000000000000000e+00 0.000000000000000e+00 0.000000000000000e+00 0.000000000000000e+00 7.503971056255702e-03 0.000000000000000e+00 0.000000000000000e+00 0.000000000000000e+00 0.000000000000000e+00 0.000000000000000e+00 0.000000000000000e+00 0.000000000000000e+00 0.000000000000000e+00 0.000000000000000e+00 0.000000000000000e+00 0.000000000000000e+00 0.000000000000000e+00 0.000000000000000e+00 0.000000000000000e+00 
0.000000000000000e+00 0.000000000000000e+00 0.000000000000000e+00 0.000000000000000e+00 0.000000000000000e+00 0.000000000000000e+00 0.000000000000000e+00 0.000000000000000e+00 0.000000000000000e+00 0.000000000000000e+00 0.000000000000000e+00 0.000000000000000e+00 0.000000000000000e+00 0.000000000000000e+00 0.000000000000000e+00 4.082529240407883e-01 0.000000000000000e+00 0.000000000000000e+00 0.000000000000000e+00 0.000000000000000e+00 6.015711539840923e-01 0.000000000000000e+00 0.000000000000000e+00 0.000000000000000e+00 4.124129375106875e-01 
4.985500443056163e-01 0.000000000000000e+00 0.000000000000000e+00 0.000000000000000e+00 0.000000000000000e+00 0.000000000000000e+00 0.000000000000000e+00 0.000000000000000e+00 0.000000000000000e+00 0.000000000000000e+00 0.000000000000000e+00 0.000000000000000e+00 0.000000000000000e+00 0.000000000000000e+00 0.000000000000000e+00 0.000000000000000e+00 0.000000000000000e+00 0.000000000000000e+00 0.000000000000000e+00 0.000000000000000e+00 0.000000000000000e+00 0.000000000000000e+00 0.000000000000000e+00 0.000000000000000e+00 0.000000000000000e+00 
0.000000000000000e+00 7.368959008309937e-03 0.000000000000000e+00 0.000000000000000e+00 0.000000000000000e+00 0.000000000000000e+00 0.000000000000000e+00 0.000000000000000e+00 0.000000000000000e+00 4.891218077906391e-02 0.000000000000000e+00 0.000000000000000e+00 0.000000000000000e+00 0.000000000000000e+00 0.000000000000000e+00 0.000000000000000e+00 0.000000000000000e+00 0.000000000000000e+00 4.694585755855943e-01 3.453033051932666e-01 0.000000000000000e+00 0.000000000000000e+00 0.000000000000000e+00 0.000000000000000e+00 0.000000000000000e+00 
0.000000000000000e+00 0.000000000000000e+00 0.000000000000000e+00 0.000000000000000e+00 0.000000000000000e+00 0.000000000000000e+00 0.000000000000000e+00 0.000000000000000e+00 0.000000000000000e+00 0.000000000000000e+00 0.000000000000000e+00 0.000000000000000e+00 0.000000000000000e+00 4.770706823593777e-01 0.000000000000000e+00 0.000000000000000e+00 0.000000000000000e+00 0.000000000000000e+00 0.000000000000000e+00 0.000000000000000e+00 0.000000000000000e+00 0.000000000000000e+00 0.000000000000000e+00 0.000000000000000e+00 0.000000000000000e+00 