# # File created on Fri May 17 15:41:55 2024
#  # The following metaparameters were used for this matrix optimization : gamma0 = 0.5; alpha0 = 0; sigma0 = 0.25; l0 = 1;p = 1; R0 = 1; S0 = 0.05; NR = 25; NS = 25; matrix path = matrices/Nr25_Nc25/consumption/RandTrix_Nr25_Nc25_Nest0.3_Conn0.128.txt; convergence threshold = 1e-08
# 
0.000000000000000000e+00 0.000000000000000000e+00 3.607589949737079801e-03 0.000000000000000000e+00 0.000000000000000000e+00 0.000000000000000000e+00 7.909072971045511208e-04 6.958762934971988784e-04 1.064602696425053906e-03 1.736332862518870064e-03 1.895952360613348004e-03 3.541995036252344048e-03 0.000000000000000000e+00 0.000000000000000000e+00 0.000000000000000000e+00 2.542400045692508152e-03 2.484105451676022012e-03 4.704795973247503753e-03 0.000000000000000000e+00 0.000000000000000000e+00 3.175877498586823864e-03 0.000000000000000000e+00 0.000000000000000000e+00 0.000000000000000000e+00 0.000000000000000000e+00
0.000000000000000000e+00 1.068437830904046077e-03 0.000000000000000000e+00 0.000000000000000000e+00 4.807763751884894243e-03 0.000000000000000000e+00 2.966543312170715797e-03 1.472320510323055947e-04 2.187634320273943150e-03 3.313291409099070051e-03 2.219633572162055951e-03 3.480021900682040911e-03 0.000000000000000000e+00 3.929878446057892376e-03 0.000000000000000000e+00 0.000000000000000000e+00 0.000000000000000000e+00 0.000000000000000000e+00 2.048414164493402110e-03 0.000000000000000000e+00 4.418652223715954959e-03 4.754212681154086975e-03 2.363401659956507195e-03 0.000000000000000000e+00 0.000000000000000000e+00
0.000000000000000000e+00 0.000000000000000000e+00 1.453489509585257971e-04 1.365798940233280004e-03 0.000000000000000000e+00 4.856574835069181993e-03 0.000000000000000000e+00 3.206174750480850211e-03 0.000000000000000000e+00 0.000000000000000000e+00 7.432726867508976940e-04 0.000000000000000000e+00 3.449284210738215017e-03 2.289236572567421042e-04 2.544251800434845119e-03 5.469827390552039733e-04 3.636478789664001894e-04 0.000000000000000000e+00 4.374745014469575907e-03 0.000000000000000000e+00 0.000000000000000000e+00 1.014115202954371953e-03 0.000000000000000000e+00 2.996890206877511099e-03 0.000000000000000000e+00
0.000000000000000000e+00 0.000000000000000000e+00 2.489371316017697892e-03 3.252955420160236113e-03 4.463975221798461776e-03 1.705126338595597041e-03 0.000000000000000000e+00 0.000000000000000000e+00 0.000000000000000000e+00 1.613250102987242099e-03 0.000000000000000000e+00 0.000000000000000000e+00 0.000000000000000000e+00 2.146612608851107117e-03 0.000000000000000000e+00 3.263239998646992818e-04 2.464579790755452166e-03 0.000000000000000000e+00 5.325656725743843503e-04 0.000000000000000000e+00 0.000000000000000000e+00 0.000000000000000000e+00 4.203834147781451182e-03 0.000000000000000000e+00 2.246547094746139967e-03
0.000000000000000000e+00 3.549355827076237056e-03 0.000000000000000000e+00 0.000000000000000000e+00 4.423939691078933659e-03 0.000000000000000000e+00 0.000000000000000000e+00 4.116211274306603302e-03 3.336285037083211859e-04 0.000000000000000000e+00 0.000000000000000000e+00 0.000000000000000000e+00 0.000000000000000000e+00 0.000000000000000000e+00 3.399675612591196092e-03 0.000000000000000000e+00 1.074426487258940948e-03 0.000000000000000000e+00 0.000000000000000000e+00 4.245240040616608986e-03 3.041307647420383076e-04 4.376179254082406163e-03 0.000000000000000000e+00 0.000000000000000000e+00 4.243226659883677331e-03
0.000000000000000000e+00 2.448166229105241173e-03 2.076057251495674026e-04 5.330389717193227380e-04 0.000000000000000000e+00 0.000000000000000000e+00 0.000000000000000000e+00 3.694179903075126199e-04 0.000000000000000000e+00 0.000000000000000000e+00 2.458167406705749191e-03 0.000000000000000000e+00 7.664304036052123131e-04 0.000000000000000000e+00 3.139025159258559180e-03 0.000000000000000000e+00 0.000000000000000000e+00 0.000000000000000000e+00 0.000000000000000000e+00 8.053528071065072891e-05 0.000000000000000000e+00 3.970071268753065305e-03 0.000000000000000000e+00 0.000000000000000000e+00 2.619075452123862877e-03
0.000000000000000000e+00 2.526068258181973000e-03 1.585252178019559048e-03 2.154073049545921891e-03 0.000000000000000000e+00 1.393155510143029036e-03 2.423118803571642967e-03 0.000000000000000000e+00 1.237762213500504058e-03 0.000000000000000000e+00 0.000000000000000000e+00 0.000000000000000000e+00 0.000000000000000000e+00 4.446527938481968818e-03 1.465768947069153892e-03 1.820726725396081902e-03 4.605060446605087343e-03 0.000000000000000000e+00 0.000000000000000000e+00 0.000000000000000000e+00 0.000000000000000000e+00 4.869050110543818657e-03 2.795602061461435989e-04 4.255600843275603000e-03 0.000000000000000000e+00
3.249171452351944014e-03 0.000000000000000000e+00 0.000000000000000000e+00 4.045336966408024856e-03 0.000000000000000000e+00 3.758750447488612943e-03 2.747194663088763154e-04 0.000000000000000000e+00 2.925480754238568137e-03 0.000000000000000000e+00 1.274711775296278986e-03 0.000000000000000000e+00 0.000000000000000000e+00 0.000000000000000000e+00 5.490573568324209636e-04 0.000000000000000000e+00 4.330731222999829855e-04 5.557797440158376064e-04 0.000000000000000000e+00 0.000000000000000000e+00 8.907185473758823106e-05 7.797636095416708756e-04 0.000000000000000000e+00 2.178308660730032213e-03 0.000000000000000000e+00
1.912544298154208100e-03 3.969257617881341918e-03 0.000000000000000000e+00 3.647142824295969941e-04 0.000000000000000000e+00 0.000000000000000000e+00 0.000000000000000000e+00 4.919767099512998773e-03 0.000000000000000000e+00 3.117236473425548122e-03 4.753042402084944190e-03 0.000000000000000000e+00 2.040903111331443791e-03 0.000000000000000000e+00 0.000000000000000000e+00 0.000000000000000000e+00 1.855429716208054037e-03 0.000000000000000000e+00 4.474416520839252960e-03 1.586010369563272022e-03 0.000000000000000000e+00 0.000000000000000000e+00 2.082602960113753062e-03 4.422193803148863865e-03 0.000000000000000000e+00
0.000000000000000000e+00 2.845714542088882085e-03 0.000000000000000000e+00 3.281537810419051047e-03 4.884004884946216950e-03 6.814117400656041074e-04 3.110357621323489846e-03 0.000000000000000000e+00 0.000000000000000000e+00 0.000000000000000000e+00 3.664754753592629807e-03 2.981358130734695997e-03 3.929576570246457422e-03 0.000000000000000000e+00 0.000000000000000000e+00 4.930066762284754725e-03 0.000000000000000000e+00 4.931575647950449913e-03 2.204202705953050949e-03 0.000000000000000000e+00 0.000000000000000000e+00 1.912606414265684979e-03 1.244737773009892091e-03 0.000000000000000000e+00 2.864155736764028865e-03
3.455312283093044112e-03 9.283521175082914186e-04 0.000000000000000000e+00 1.734694760963332010e-03 0.000000000000000000e+00 3.027470897366252908e-03 4.011542488547658160e-04 1.128757553973484037e-03 0.000000000000000000e+00 0.000000000000000000e+00 7.484147893101451105e-04 0.000000000000000000e+00 0.000000000000000000e+00 4.859743238641385001e-03 1.488134168378910105e-03 0.000000000000000000e+00 0.000000000000000000e+00 0.000000000000000000e+00 1.912058513615775895e-03 9.678170657140851545e-04 2.473910983556407064e-03 0.000000000000000000e+00 0.000000000000000000e+00 0.000000000000000000e+00 0.000000000000000000e+00
0.000000000000000000e+00 0.000000000000000000e+00 0.000000000000000000e+00 4.497091749203919867e-04 2.310421030750616032e-03 4.644164638180353286e-03 0.000000000000000000e+00 0.000000000000000000e+00 2.763593765038568038e-03 3.742534718520648847e-03 3.514599368171156951e-03 0.000000000000000000e+00 4.717979637533726081e-03 0.000000000000000000e+00 0.000000000000000000e+00 1.398400648063404103e-03 0.000000000000000000e+00 1.512474618793569099e-03 2.556670897290818072e-03 8.501790218654782386e-04 0.000000000000000000e+00 0.000000000000000000e+00 0.000000000000000000e+00 0.000000000000000000e+00 3.164657513262206148e-03
0.000000000000000000e+00 0.000000000000000000e+00 0.000000000000000000e+00 3.577230871133102756e-04 3.827296358576053829e-03 2.458988645269099931e-03 3.746001130382610195e-03 0.000000000000000000e+00 1.233359828612418108e-03 2.374914860023712073e-03 1.590483850518292904e-03 0.000000000000000000e+00 0.000000000000000000e+00 2.721480889887239064e-03 0.000000000000000000e+00 1.392192609315821969e-03 5.675408758928009471e-04 8.944336843489151352e-04 0.000000000000000000e+00 0.000000000000000000e+00 0.000000000000000000e+00 0.000000000000000000e+00 4.851296221816139842e-03 4.750671551801760248e-03 0.000000000000000000e+00
0.000000000000000000e+00 2.900903676520343900e-03 2.989345660834774078e-03 0.000000000000000000e+00 0.000000000000000000e+00 0.000000000000000000e+00 0.000000000000000000e+00 4.922496500000117861e-03 4.552983831604660164e-03 3.765863122023469824e-03 1.493083372165976939e-03 0.000000000000000000e+00 2.578651136226579009e-03 0.000000000000000000e+00 5.905118524197282802e-04 2.182086270149802883e-03 0.000000000000000000e+00 0.000000000000000000e+00 3.876256572637163831e-04 3.856542636184530966e-03 4.604987736535459848e-03 4.298900092804761736e-03 3.646820393660810816e-03 0.000000000000000000e+00 1.271450055705640979e-03
0.000000000000000000e+00 0.000000000000000000e+00 0.000000000000000000e+00 3.743998520878399992e-03 8.571496860874649191e-04 2.087667048331760117e-03 1.973712062085459899e-03 0.000000000000000000e+00 0.000000000000000000e+00 0.000000000000000000e+00 4.638913392327060313e-03 6.925006327816367411e-04 4.336682066786327026e-03 0.000000000000000000e+00 4.003392917983185709e-03 1.505325682481266011e-03 4.634428319789181579e-03 0.000000000000000000e+00 0.000000000000000000e+00 0.000000000000000000e+00 0.000000000000000000e+00 0.000000000000000000e+00 8.762588982765719256e-04 1.387746063196434012e-03 0.000000000000000000e+00
2.563795992948798060e-03 0.000000000000000000e+00 0.000000000000000000e+00 2.265566172201037825e-03 1.349039422256975056e-03 0.000000000000000000e+00 0.000000000000000000e+00 6.975515872605665951e-04 0.000000000000000000e+00 3.961989660791069394e-03 2.819354988140578087e-03 4.975245192237919695e-03 1.377435436216787939e-03 0.000000000000000000e+00 2.101551120522729063e-03 0.000000000000000000e+00 0.000000000000000000e+00 1.355451411621734015e-03 1.929578725677964053e-03 0.000000000000000000e+00 0.000000000000000000e+00 0.000000000000000000e+00 0.000000000000000000e+00 0.000000000000000000e+00 3.478530235101752813e-03
0.000000000000000000e+00 0.000000000000000000e+00 5.028070289557685273e-04 4.580155525013629610e-03 0.000000000000000000e+00 2.560790752486303157e-03 4.851915147326591078e-03 1.860264290486009090e-03 1.331523761942129003e-03 2.002520424615830165e-03 2.615871236794783949e-03 6.535532286893864064e-04 4.960851236559001183e-03 4.130702432325778243e-04 2.563995325079533073e-03 2.708416256287943941e-03 2.253249456863519809e-03 0.000000000000000000e+00 0.000000000000000000e+00 1.869869726737350985e-03 2.757724130686911839e-03 0.000000000000000000e+00 1.080156104682100963e-03 0.000000000000000000e+00 2.564771260215827162e-03
0.000000000000000000e+00 6.334381456274218534e-04 0.000000000000000000e+00 4.926311299204996774e-03 4.315915654410171047e-03 3.935175090104021424e-03 3.108435206027950880e-03 3.070469032282942094e-03 0.000000000000000000e+00 0.000000000000000000e+00 0.000000000000000000e+00 0.000000000000000000e+00 3.636927081224980169e-03 0.000000000000000000e+00 1.564003891580082991e-03 0.000000000000000000e+00 0.000000000000000000e+00 4.786422985046772695e-03 1.369251370963284978e-03 4.632475479580878963e-03 0.000000000000000000e+00 0.000000000000000000e+00 2.977951249312515893e-03 0.000000000000000000e+00 4.236320839397925316e-03
8.377704722036886367e-04 1.932217127074890069e-03 0.000000000000000000e+00 1.719453668300955067e-03 0.000000000000000000e+00 2.899096437743500180e-03 3.927904938979897599e-03 4.013751897565441215e-04 0.000000000000000000e+00 3.230018357631367094e-03 2.261365053788350933e-03 1.619892001527624978e-03 3.006976806986232792e-03 4.358291494773123003e-04 1.856311348834120960e-04 0.000000000000000000e+00 1.762626838481115045e-03 0.000000000000000000e+00 0.000000000000000000e+00 4.452814826082110086e-03 1.835647101046788054e-03 4.336076940225875795e-03 0.000000000000000000e+00 0.000000000000000000e+00 2.090758125767489158e-03
4.399788523393710279e-03 2.146165357128991102e-03 4.424338961911029010e-03 3.451242061597724082e-03 1.940692532826649927e-03 1.325831386356308896e-03 3.460468979446136139e-03 1.825152138331510984e-03 0.000000000000000000e+00 4.365709595273684247e-03 1.497506348501166954e-03 0.000000000000000000e+00 2.236017599190787131e-03 3.584596443242219193e-03 1.942071034726821971e-03 0.000000000000000000e+00 0.000000000000000000e+00 2.866339926169212803e-03 0.000000000000000000e+00 0.000000000000000000e+00 7.085845517009399823e-04 0.000000000000000000e+00 4.628926461604083303e-03 2.057776596187844195e-03 7.374422388945632480e-04
7.547595008666306430e-04 0.000000000000000000e+00 0.000000000000000000e+00 2.179443390292491994e-03 0.000000000000000000e+00 2.123480551519332880e-03 7.644744517738170453e-04 1.601617336063442107e-03 0.000000000000000000e+00 3.129713481110687860e-03 0.000000000000000000e+00 0.000000000000000000e+00 4.928034136731509335e-03 4.461929549015059872e-03 4.848377795998268236e-03 0.000000000000000000e+00 0.000000000000000000e+00 3.437652439303157028e-03 0.000000000000000000e+00 0.000000000000000000e+00 2.601649520194033180e-04 3.759094950874590155e-03 0.000000000000000000e+00 0.000000000000000000e+00 0.000000000000000000e+00
1.171479728335537073e-03 1.548047210110011082e-03 0.000000000000000000e+00 1.207105401797655894e-03 3.111430203577267121e-03 2.939588499675192205e-03 0.000000000000000000e+00 0.000000000000000000e+00 0.000000000000000000e+00 0.000000000000000000e+00 2.585892806019038197e-03 4.828478623368700172e-03 4.154610311731550716e-03 2.656602387066336977e-03 3.152902001691396117e-03 2.607979118620376829e-03 0.000000000000000000e+00 0.000000000000000000e+00 0.000000000000000000e+00 2.315264389547950791e-03 3.924350901492973213e-03 3.150568694661719932e-03 0.000000000000000000e+00 0.000000000000000000e+00 2.186679919682377096e-03
4.818294419687008980e-03 0.000000000000000000e+00 2.726763981864031156e-03 3.928751683960798012e-03 0.000000000000000000e+00 2.833223470172068111e-03 0.000000000000000000e+00 0.000000000000000000e+00 4.132777416109414200e-04 0.000000000000000000e+00 1.581476782208584100e-04 0.000000000000000000e+00 0.000000000000000000e+00 0.000000000000000000e+00 0.000000000000000000e+00 1.215746446062549932e-03 0.000000000000000000e+00 3.212443636586857169e-03 2.249039552047186162e-03 1.908954688431197932e-03 0.000000000000000000e+00 0.000000000000000000e+00 0.000000000000000000e+00 0.000000000000000000e+00 4.949483583980664354e-03
4.147180177157869414e-03 4.588393192097255276e-03 0.000000000000000000e+00 0.000000000000000000e+00 0.000000000000000000e+00 2.038384446010811039e-03 0.000000000000000000e+00 0.000000000000000000e+00 3.927209204861368402e-03 0.000000000000000000e+00 0.000000000000000000e+00 0.000000000000000000e+00 0.000000000000000000e+00 0.000000000000000000e+00 4.594942624740265026e-03 3.373951751337391208e-03 3.895730475332659110e-03 0.000000000000000000e+00 0.000000000000000000e+00 0.000000000000000000e+00 0.000000000000000000e+00 0.000000000000000000e+00 2.722292780272513122e-03 0.000000000000000000e+00 3.022665231926330905e-03
4.627450441307040356e-03 0.000000000000000000e+00 0.000000000000000000e+00 3.031478860714490993e-04 0.000000000000000000e+00 4.813399822739934664e-03 4.113580480709222789e-03 0.000000000000000000e+00 3.627317388402339932e-03 3.742543825560855223e-04 7.331600440385884843e-04 0.000000000000000000e+00 0.000000000000000000e+00 2.099649081838998992e-03 3.008447233609171968e-03 0.000000000000000000e+00 0.000000000000000000e+00 0.000000000000000000e+00 0.000000000000000000e+00 3.767900701454959030e-03 1.203855359757480085e-03 0.000000000000000000e+00 1.270524582601917103e-03 0.000000000000000000e+00 3.627187757171176918e-03
