# # # File created on Tue Apr 30 08:36:39 2024
#  #  # The following metaparameters were used for this matrix optimization : gamma0 = 0.5; alpha0 = 0; sigma0 = 0.25; l0 = 1;p = 1; R0 = 1; S0 = 0.05; NR = 25; NS = 25; matrix path = matrices/Nr25_Nc25/consumption/RandTrix_Nr25_Nc25_Nest0.35_Conn0.272.txt; convergence threshold = 1e-08
# 
0.000000000000000000e+00 0.000000000000000000e+00 3.081167895170044968e-01 6.414329832481251437e-01 1.032743504305621896e+00 5.876518951317001305e-01 2.154051811666664040e-01 6.769710214033661799e-01 7.037183890656544261e-01 4.007325352901419113e-01 0.000000000000000000e+00 0.000000000000000000e+00 0.000000000000000000e+00 0.000000000000000000e+00 9.523349924048600534e-02 2.071732661616793036e-01 0.000000000000000000e+00 0.000000000000000000e+00 0.000000000000000000e+00 0.000000000000000000e+00 3.105532284740615268e-01 0.000000000000000000e+00 0.000000000000000000e+00 0.000000000000000000e+00 0.000000000000000000e+00
1.580422922990545875e-01 1.092485897956422036e+00 0.000000000000000000e+00 5.008482842421582149e-01 0.000000000000000000e+00 0.000000000000000000e+00 0.000000000000000000e+00 0.000000000000000000e+00 0.000000000000000000e+00 2.422336072368956039e-01 0.000000000000000000e+00 5.286604721992433920e-01 0.000000000000000000e+00 5.669661668034233770e-01 6.032407808695597895e-01 0.000000000000000000e+00 0.000000000000000000e+00 0.000000000000000000e+00 0.000000000000000000e+00 1.958317971366067001e+00 0.000000000000000000e+00 0.000000000000000000e+00 0.000000000000000000e+00 0.000000000000000000e+00 1.095328487059508971e-02
5.327848427687027488e-01 0.000000000000000000e+00 0.000000000000000000e+00 0.000000000000000000e+00 0.000000000000000000e+00 0.000000000000000000e+00 4.815938125188740093e-01 0.000000000000000000e+00 5.052010226109693303e-01 0.000000000000000000e+00 0.000000000000000000e+00 6.669111035730125314e-01 0.000000000000000000e+00 0.000000000000000000e+00 1.260096084551104001e+00 0.000000000000000000e+00 3.724996904912700746e-01 0.000000000000000000e+00 0.000000000000000000e+00 0.000000000000000000e+00 0.000000000000000000e+00 0.000000000000000000e+00 4.975921456208763916e-01 0.000000000000000000e+00 0.000000000000000000e+00
3.922201975809749275e-01 0.000000000000000000e+00 0.000000000000000000e+00 0.000000000000000000e+00 0.000000000000000000e+00 4.782959637899896199e-01 5.951477018964268506e-01 0.000000000000000000e+00 8.011814639009777750e-01 5.534646012881613286e-01 0.000000000000000000e+00 5.542183983254549418e-01 0.000000000000000000e+00 0.000000000000000000e+00 0.000000000000000000e+00 0.000000000000000000e+00 2.946782720967727198e-01 0.000000000000000000e+00 0.000000000000000000e+00 8.429188556948050692e-01 0.000000000000000000e+00 0.000000000000000000e+00 3.318469934060663262e-01 0.000000000000000000e+00 0.000000000000000000e+00
5.259591200259517985e-01 1.486217068051365997e+00 0.000000000000000000e+00 0.000000000000000000e+00 0.000000000000000000e+00 0.000000000000000000e+00 0.000000000000000000e+00 0.000000000000000000e+00 0.000000000000000000e+00 0.000000000000000000e+00 0.000000000000000000e+00 0.000000000000000000e+00 2.754519312096885830e-01 0.000000000000000000e+00 0.000000000000000000e+00 7.189669687102033802e-01 4.743474932372021002e-01 2.648539762278097065e-01 5.237034906756379282e-01 0.000000000000000000e+00 0.000000000000000000e+00 0.000000000000000000e+00 0.000000000000000000e+00 0.000000000000000000e+00 2.015997302306405115e-01
2.574400822150375023e-01 1.010885439134207031e+00 6.346544760685951525e-01 2.315030124117167104e-02 0.000000000000000000e+00 0.000000000000000000e+00 0.000000000000000000e+00 8.452186328078733490e-01 0.000000000000000000e+00 0.000000000000000000e+00 0.000000000000000000e+00 0.000000000000000000e+00 4.937473871921045920e-01 0.000000000000000000e+00 0.000000000000000000e+00 0.000000000000000000e+00 0.000000000000000000e+00 0.000000000000000000e+00 1.951805029842801908e-01 0.000000000000000000e+00 0.000000000000000000e+00 0.000000000000000000e+00 0.000000000000000000e+00 0.000000000000000000e+00 3.291156989260632937e-01
0.000000000000000000e+00 0.000000000000000000e+00 0.000000000000000000e+00 0.000000000000000000e+00 0.000000000000000000e+00 0.000000000000000000e+00 3.638922222992146960e-01 0.000000000000000000e+00 8.782412045965641845e-01 0.000000000000000000e+00 0.000000000000000000e+00 0.000000000000000000e+00 0.000000000000000000e+00 0.000000000000000000e+00 6.671337226951542521e-01 0.000000000000000000e+00 0.000000000000000000e+00 0.000000000000000000e+00 1.023073774966831939e+00 0.000000000000000000e+00 0.000000000000000000e+00 0.000000000000000000e+00 5.782734389164573274e-01 1.384915591346401964e+00 0.000000000000000000e+00
0.000000000000000000e+00 6.807815616028517480e-01 1.101691709049859913e+00 0.000000000000000000e+00 0.000000000000000000e+00 0.000000000000000000e+00 0.000000000000000000e+00 0.000000000000000000e+00 0.000000000000000000e+00 4.119837250047567179e-01 0.000000000000000000e+00 0.000000000000000000e+00 0.000000000000000000e+00 6.503656713191141581e-02 0.000000000000000000e+00 0.000000000000000000e+00 0.000000000000000000e+00 0.000000000000000000e+00 9.800571769018630308e-02 0.000000000000000000e+00 0.000000000000000000e+00 0.000000000000000000e+00 0.000000000000000000e+00 0.000000000000000000e+00 5.181234508393331994e-01
0.000000000000000000e+00 0.000000000000000000e+00 3.595985302335604206e-01 0.000000000000000000e+00 3.956224671282108085e-01 3.408555912994331027e-01 0.000000000000000000e+00 0.000000000000000000e+00 0.000000000000000000e+00 8.537188536091480651e-02 0.000000000000000000e+00 5.428438535995040448e-01 6.089828959791770968e-01 0.000000000000000000e+00 0.000000000000000000e+00 0.000000000000000000e+00 0.000000000000000000e+00 8.777419201061292808e-01 0.000000000000000000e+00 1.791561668542389907e-01 5.160589155852390864e-02 0.000000000000000000e+00 2.061742331746903023e-01 0.000000000000000000e+00 0.000000000000000000e+00
0.000000000000000000e+00 0.000000000000000000e+00 0.000000000000000000e+00 5.579257209537168416e-01 0.000000000000000000e+00 3.566106349256477070e-01 4.736819036287643891e-01 3.027199528906209802e-01 1.726478732399026050e-01 7.064754306865708156e-01 0.000000000000000000e+00 4.501213570015424881e-01 2.031137350838544131e-01 2.777500314405810244e-01 0.000000000000000000e+00 1.232828793827213942e-01 3.589653832729595151e-01 0.000000000000000000e+00 0.000000000000000000e+00 0.000000000000000000e+00 0.000000000000000000e+00 0.000000000000000000e+00 0.000000000000000000e+00 0.000000000000000000e+00 0.000000000000000000e+00
4.045188085724314986e-01 7.427961522760779811e-01 0.000000000000000000e+00 0.000000000000000000e+00 0.000000000000000000e+00 4.614952483436339237e-01 5.394314415988871181e-02 0.000000000000000000e+00 0.000000000000000000e+00 2.205118349274985956e-01 0.000000000000000000e+00 0.000000000000000000e+00 0.000000000000000000e+00 5.176172709714984554e-01 0.000000000000000000e+00 3.231562747054714246e-01 0.000000000000000000e+00 0.000000000000000000e+00 0.000000000000000000e+00 0.000000000000000000e+00 1.239060610838148974e-01 0.000000000000000000e+00 0.000000000000000000e+00 0.000000000000000000e+00 0.000000000000000000e+00
0.000000000000000000e+00 5.077992079037529916e-01 5.646528664348720028e-01 0.000000000000000000e+00 5.305864104725894759e-01 2.078771573535689865e-01 0.000000000000000000e+00 0.000000000000000000e+00 0.000000000000000000e+00 1.398946712189128028e-01 0.000000000000000000e+00 0.000000000000000000e+00 4.425058340606071727e-01 0.000000000000000000e+00 0.000000000000000000e+00 0.000000000000000000e+00 0.000000000000000000e+00 0.000000000000000000e+00 0.000000000000000000e+00 0.000000000000000000e+00 0.000000000000000000e+00 0.000000000000000000e+00 4.950276825957691251e-01 0.000000000000000000e+00 0.000000000000000000e+00
0.000000000000000000e+00 1.271003766309390937e-01 4.029707045274639188e-01 3.423387815190235273e-01 0.000000000000000000e+00 0.000000000000000000e+00 1.627204382803066063e-01 0.000000000000000000e+00 0.000000000000000000e+00 6.352105332461137621e-01 0.000000000000000000e+00 0.000000000000000000e+00 0.000000000000000000e+00 0.000000000000000000e+00 0.000000000000000000e+00 6.781214554700758512e-01 4.959738979792995828e-01 1.113667704292728988e-01 0.000000000000000000e+00 0.000000000000000000e+00 0.000000000000000000e+00 0.000000000000000000e+00 0.000000000000000000e+00 0.000000000000000000e+00 0.000000000000000000e+00
6.259502991995150589e-01 0.000000000000000000e+00 0.000000000000000000e+00 0.000000000000000000e+00 0.000000000000000000e+00 7.610255908812997294e-01 0.000000000000000000e+00 7.612238124784868054e-01 0.000000000000000000e+00 0.000000000000000000e+00 0.000000000000000000e+00 0.000000000000000000e+00 0.000000000000000000e+00 0.000000000000000000e+00 0.000000000000000000e+00 0.000000000000000000e+00 0.000000000000000000e+00 0.000000000000000000e+00 0.000000000000000000e+00 0.000000000000000000e+00 0.000000000000000000e+00 0.000000000000000000e+00 6.251245820643855922e-01 0.000000000000000000e+00 1.109818275628594031e-01
4.306435800953368198e-01 0.000000000000000000e+00 0.000000000000000000e+00 0.000000000000000000e+00 0.000000000000000000e+00 3.846540766329107908e-01 0.000000000000000000e+00 0.000000000000000000e+00 0.000000000000000000e+00 0.000000000000000000e+00 0.000000000000000000e+00 0.000000000000000000e+00 0.000000000000000000e+00 1.723593055622529013e-01 0.000000000000000000e+00 0.000000000000000000e+00 0.000000000000000000e+00 0.000000000000000000e+00 0.000000000000000000e+00 6.724451842964619397e-01 0.000000000000000000e+00 0.000000000000000000e+00 0.000000000000000000e+00 0.000000000000000000e+00 4.960557249333785168e-01
6.304650623207580518e-01 0.000000000000000000e+00 0.000000000000000000e+00 0.000000000000000000e+00 0.000000000000000000e+00 0.000000000000000000e+00 0.000000000000000000e+00 4.910684998219839725e-01 0.000000000000000000e+00 0.000000000000000000e+00 6.505687437938528772e-01 4.699306715159660142e-01 0.000000000000000000e+00 0.000000000000000000e+00 0.000000000000000000e+00 0.000000000000000000e+00 0.000000000000000000e+00 2.204337732570527120e-01 2.319707775514819881e-01 0.000000000000000000e+00 0.000000000000000000e+00 0.000000000000000000e+00 0.000000000000000000e+00 0.000000000000000000e+00 0.000000000000000000e+00
0.000000000000000000e+00 6.912817456223453449e-01 0.000000000000000000e+00 0.000000000000000000e+00 0.000000000000000000e+00 0.000000000000000000e+00 0.000000000000000000e+00 0.000000000000000000e+00 2.043218361022642870e-01 0.000000000000000000e+00 0.000000000000000000e+00 9.199360940670232856e-02 0.000000000000000000e+00 3.773387898267602236e-01 0.000000000000000000e+00 0.000000000000000000e+00 0.000000000000000000e+00 0.000000000000000000e+00 0.000000000000000000e+00 5.272803327603814427e-01 3.824764046077738788e-01 1.802306417436380925e-01 0.000000000000000000e+00 0.000000000000000000e+00 0.000000000000000000e+00
4.095511441799002950e-01 0.000000000000000000e+00 0.000000000000000000e+00 4.564817347826647942e-01 0.000000000000000000e+00 0.000000000000000000e+00 0.000000000000000000e+00 6.083145778047189811e-01 0.000000000000000000e+00 0.000000000000000000e+00 0.000000000000000000e+00 0.000000000000000000e+00 0.000000000000000000e+00 0.000000000000000000e+00 0.000000000000000000e+00 5.610505584379639199e-01 0.000000000000000000e+00 0.000000000000000000e+00 0.000000000000000000e+00 0.000000000000000000e+00 0.000000000000000000e+00 0.000000000000000000e+00 0.000000000000000000e+00 1.213860805296037015e-01 3.040402267862872265e-01
1.205944365517794964e-01 0.000000000000000000e+00 2.366057383434395922e-01 0.000000000000000000e+00 0.000000000000000000e+00 0.000000000000000000e+00 5.612513574055421062e-01 0.000000000000000000e+00 0.000000000000000000e+00 3.242473818911231764e-01 0.000000000000000000e+00 0.000000000000000000e+00 0.000000000000000000e+00 0.000000000000000000e+00 0.000000000000000000e+00 0.000000000000000000e+00 2.012522529343913069e-01 1.267278230749918078e-01 3.430261252288453050e-02 2.326004981126968962e-01 2.639787574635807932e-01 0.000000000000000000e+00 3.778932016090443269e-01 0.000000000000000000e+00 0.000000000000000000e+00
0.000000000000000000e+00 0.000000000000000000e+00 0.000000000000000000e+00 0.000000000000000000e+00 0.000000000000000000e+00 5.842551823954900136e-01 0.000000000000000000e+00 0.000000000000000000e+00 0.000000000000000000e+00 0.000000000000000000e+00 0.000000000000000000e+00 5.342758157777386385e-01 0.000000000000000000e+00 0.000000000000000000e+00 0.000000000000000000e+00 0.000000000000000000e+00 0.000000000000000000e+00 2.806197729561232257e-01 0.000000000000000000e+00 0.000000000000000000e+00 0.000000000000000000e+00 0.000000000000000000e+00 0.000000000000000000e+00 1.425054256564513983e-02 0.000000000000000000e+00
0.000000000000000000e+00 0.000000000000000000e+00 9.469596735035673563e-01 0.000000000000000000e+00 0.000000000000000000e+00 0.000000000000000000e+00 4.180185160342518857e-01 5.674702256245379717e-01 0.000000000000000000e+00 0.000000000000000000e+00 0.000000000000000000e+00 0.000000000000000000e+00 0.000000000000000000e+00 0.000000000000000000e+00 0.000000000000000000e+00 0.000000000000000000e+00 0.000000000000000000e+00 0.000000000000000000e+00 0.000000000000000000e+00 0.000000000000000000e+00 0.000000000000000000e+00 0.000000000000000000e+00 0.000000000000000000e+00 0.000000000000000000e+00 0.000000000000000000e+00
0.000000000000000000e+00 0.000000000000000000e+00 3.872010432100729260e-01 9.146296329424830063e-01 6.252218771982730461e-01 0.000000000000000000e+00 0.000000000000000000e+00 0.000000000000000000e+00 0.000000000000000000e+00 0.000000000000000000e+00 0.000000000000000000e+00 0.000000000000000000e+00 0.000000000000000000e+00 0.000000000000000000e+00 0.000000000000000000e+00 0.000000000000000000e+00 0.000000000000000000e+00 0.000000000000000000e+00 6.531033063203271066e-03 0.000000000000000000e+00 0.000000000000000000e+00 0.000000000000000000e+00 0.000000000000000000e+00 0.000000000000000000e+00 0.000000000000000000e+00
3.409415830130261837e-01 0.000000000000000000e+00 0.000000000000000000e+00 0.000000000000000000e+00 0.000000000000000000e+00 0.000000000000000000e+00 1.960735783622885864e-01 0.000000000000000000e+00 0.000000000000000000e+00 0.000000000000000000e+00 0.000000000000000000e+00 0.000000000000000000e+00 0.000000000000000000e+00 0.000000000000000000e+00 0.000000000000000000e+00 0.000000000000000000e+00 0.000000000000000000e+00 0.000000000000000000e+00 0.000000000000000000e+00 6.560480360975220471e-01 0.000000000000000000e+00 0.000000000000000000e+00 0.000000000000000000e+00 0.000000000000000000e+00 3.061369902453568020e-02
0.000000000000000000e+00 3.815907679497522742e-01 0.000000000000000000e+00 5.179192721623079310e-01 0.000000000000000000e+00 0.000000000000000000e+00 5.570423388982972401e-01 0.000000000000000000e+00 0.000000000000000000e+00 1.020628658769845987e-01 1.113385676659131920e-02 0.000000000000000000e+00 0.000000000000000000e+00 0.000000000000000000e+00 0.000000000000000000e+00 0.000000000000000000e+00 0.000000000000000000e+00 0.000000000000000000e+00 0.000000000000000000e+00 0.000000000000000000e+00 0.000000000000000000e+00 0.000000000000000000e+00 0.000000000000000000e+00 0.000000000000000000e+00 0.000000000000000000e+00
3.784552360239710200e-01 0.000000000000000000e+00 0.000000000000000000e+00 0.000000000000000000e+00 5.989748119986749719e-01 0.000000000000000000e+00 0.000000000000000000e+00 0.000000000000000000e+00 0.000000000000000000e+00 0.000000000000000000e+00 2.480052647833978080e-02 0.000000000000000000e+00 0.000000000000000000e+00 0.000000000000000000e+00 0.000000000000000000e+00 0.000000000000000000e+00 0.000000000000000000e+00 0.000000000000000000e+00 0.000000000000000000e+00 0.000000000000000000e+00 0.000000000000000000e+00 0.000000000000000000e+00 0.000000000000000000e+00 0.000000000000000000e+00 0.000000000000000000e+00
