# # File created on Tue Apr 30 11:50:49 2024
#  # The following metaparameters were used for this matrix optimization : gamma0 = 0.5; alpha0 = 0; sigma0 = 0.25; l0 = 1;p = 1; R0 = 1; S0 = 0.05; NR = 25; NS = 25; matrix path = matrices/Nr25_Nc25/consumption/RandTrix_Nr25_Nc25_Nest0.55_Conn0.3024.txt; convergence threshold = 1e-08
# 
3.802255889150084056e-01 4.400183195141131876e-01 1.178640395500262894e+00 5.616022737975725487e-01 3.005308905197326963e-01 0.000000000000000000e+00 0.000000000000000000e+00 0.000000000000000000e+00 5.558763425261856739e-01 0.000000000000000000e+00 6.415645122889597207e-01 0.000000000000000000e+00 0.000000000000000000e+00 0.000000000000000000e+00 1.092517918240687891e+00 6.760191091850744627e-01 1.514006110787452064e+00 0.000000000000000000e+00 0.000000000000000000e+00 0.000000000000000000e+00 0.000000000000000000e+00 8.116212264610835891e-01 6.751246896576893475e-01 0.000000000000000000e+00 1.938156747820370063e+00
0.000000000000000000e+00 9.921632141490096535e-01 1.458773528646843065e+00 0.000000000000000000e+00 0.000000000000000000e+00 9.964872188120896812e-01 0.000000000000000000e+00 0.000000000000000000e+00 0.000000000000000000e+00 0.000000000000000000e+00 0.000000000000000000e+00 0.000000000000000000e+00 1.132689494628692950e+00 3.221184987169846137e-01 0.000000000000000000e+00 0.000000000000000000e+00 0.000000000000000000e+00 0.000000000000000000e+00 0.000000000000000000e+00 0.000000000000000000e+00 0.000000000000000000e+00 9.886512852471667223e-01 1.335151413007142074e-01 1.220605947991395990e+00 0.000000000000000000e+00
2.118532309566520944e-01 3.911970700265893774e-01 9.044653610568682556e-01 0.000000000000000000e+00 0.000000000000000000e+00 2.103534941284040116e-01 6.428247844141199430e-01 0.000000000000000000e+00 0.000000000000000000e+00 9.403085364433185767e-01 0.000000000000000000e+00 3.737289952256500070e-01 0.000000000000000000e+00 1.372351714068454021e+00 0.000000000000000000e+00 0.000000000000000000e+00 0.000000000000000000e+00 0.000000000000000000e+00 7.991552715688066133e-01 6.993528649839051425e-01 1.636268780636067899e-01 0.000000000000000000e+00 0.000000000000000000e+00 0.000000000000000000e+00 1.742355412713493035e+00
0.000000000000000000e+00 1.470467955760426992e+00 0.000000000000000000e+00 2.304119110507397983e-01 1.731235799926948982e+00 0.000000000000000000e+00 0.000000000000000000e+00 0.000000000000000000e+00 0.000000000000000000e+00 0.000000000000000000e+00 0.000000000000000000e+00 0.000000000000000000e+00 0.000000000000000000e+00 0.000000000000000000e+00 0.000000000000000000e+00 0.000000000000000000e+00 7.530961856889063499e-01 0.000000000000000000e+00 0.000000000000000000e+00 0.000000000000000000e+00 0.000000000000000000e+00 1.753083076289891074e-01 7.851185648575237375e-02 0.000000000000000000e+00 0.000000000000000000e+00
0.000000000000000000e+00 4.014654369282393831e-01 2.690872484271569220e-01 0.000000000000000000e+00 0.000000000000000000e+00 0.000000000000000000e+00 0.000000000000000000e+00 6.466168733769539489e-01 0.000000000000000000e+00 0.000000000000000000e+00 0.000000000000000000e+00 1.438526952006085935e+00 4.260676343531452082e-01 0.000000000000000000e+00 8.020048245416400157e-01 0.000000000000000000e+00 9.406274733118553666e-01 0.000000000000000000e+00 0.000000000000000000e+00 0.000000000000000000e+00 0.000000000000000000e+00 0.000000000000000000e+00 1.059595795255477091e+00 0.000000000000000000e+00 0.000000000000000000e+00
0.000000000000000000e+00 6.992942770561091370e-01 9.541774609765617532e-01 9.776908279047118455e-01 0.000000000000000000e+00 3.652628619582440894e-01 2.415776301567784112e-01 0.000000000000000000e+00 0.000000000000000000e+00 0.000000000000000000e+00 0.000000000000000000e+00 0.000000000000000000e+00 0.000000000000000000e+00 5.700386253950999738e-01 0.000000000000000000e+00 0.000000000000000000e+00 7.377104959099454184e-01 0.000000000000000000e+00 1.886409647901055031e-02 0.000000000000000000e+00 0.000000000000000000e+00 7.435653517680108626e-01 6.161506734338700886e-01 7.404568294266347106e-01 0.000000000000000000e+00
0.000000000000000000e+00 0.000000000000000000e+00 0.000000000000000000e+00 3.454579581835083846e-01 0.000000000000000000e+00 7.232478474138931412e-01 6.137280662987072422e-01 0.000000000000000000e+00 0.000000000000000000e+00 3.565917080244365156e-01 0.000000000000000000e+00 4.862143596851518090e-01 0.000000000000000000e+00 8.095007949683585835e-01 0.000000000000000000e+00 0.000000000000000000e+00 0.000000000000000000e+00 0.000000000000000000e+00 0.000000000000000000e+00 1.017172342363048987e+00 1.480067991740975919e-01 1.342653874646063006e+00 3.619580571788715007e-02 0.000000000000000000e+00 1.720537743786620943e+00
0.000000000000000000e+00 4.752148535887814051e-01 0.000000000000000000e+00 1.101214586093667069e+00 0.000000000000000000e+00 0.000000000000000000e+00 1.486544897815078869e-01 0.000000000000000000e+00 0.000000000000000000e+00 6.413101568190369139e-01 0.000000000000000000e+00 0.000000000000000000e+00 0.000000000000000000e+00 1.210805711561079079e+00 0.000000000000000000e+00 0.000000000000000000e+00 9.201412239108118507e-02 0.000000000000000000e+00 1.235577355394454013e+00 3.539572252165432142e-01 0.000000000000000000e+00 0.000000000000000000e+00 0.000000000000000000e+00 0.000000000000000000e+00 4.775363983792509925e-01
6.162987879333714503e-01 7.130442681274340444e-01 5.616910933157116537e-01 3.887372380807919137e-01 0.000000000000000000e+00 4.814174246892762854e-01 0.000000000000000000e+00 0.000000000000000000e+00 9.495710924864243507e-01 0.000000000000000000e+00 2.485868713785631123e-01 0.000000000000000000e+00 0.000000000000000000e+00 0.000000000000000000e+00 0.000000000000000000e+00 5.956877164658520574e-01 0.000000000000000000e+00 0.000000000000000000e+00 0.000000000000000000e+00 0.000000000000000000e+00 0.000000000000000000e+00 0.000000000000000000e+00 0.000000000000000000e+00 0.000000000000000000e+00 0.000000000000000000e+00
0.000000000000000000e+00 0.000000000000000000e+00 8.017271954009344004e-01 3.445923366981750169e-01 2.900853309580871953e-01 0.000000000000000000e+00 0.000000000000000000e+00 0.000000000000000000e+00 4.910919751987726234e-01 0.000000000000000000e+00 0.000000000000000000e+00 4.139545109323771177e-01 0.000000000000000000e+00 0.000000000000000000e+00 0.000000000000000000e+00 0.000000000000000000e+00 8.717483950525889425e-01 0.000000000000000000e+00 0.000000000000000000e+00 0.000000000000000000e+00 0.000000000000000000e+00 0.000000000000000000e+00 0.000000000000000000e+00 4.951601732313206106e-01 0.000000000000000000e+00
0.000000000000000000e+00 5.088712852746422044e-01 0.000000000000000000e+00 3.370320049037751065e-01 0.000000000000000000e+00 2.570982933905116008e-01 1.406320792768797900e-01 9.031529308548702506e-01 1.007100064635126024e+00 1.467552588499058119e-01 0.000000000000000000e+00 0.000000000000000000e+00 0.000000000000000000e+00 0.000000000000000000e+00 5.596912732427159476e-01 0.000000000000000000e+00 0.000000000000000000e+00 0.000000000000000000e+00 0.000000000000000000e+00 0.000000000000000000e+00 0.000000000000000000e+00 0.000000000000000000e+00 4.019445269168038792e-01 0.000000000000000000e+00 0.000000000000000000e+00
8.933871396535282283e-01 0.000000000000000000e+00 4.972258848933382991e-01 0.000000000000000000e+00 6.952957103794493721e-01 0.000000000000000000e+00 0.000000000000000000e+00 0.000000000000000000e+00 5.561943235579792644e-01 0.000000000000000000e+00 0.000000000000000000e+00 0.000000000000000000e+00 0.000000000000000000e+00 0.000000000000000000e+00 0.000000000000000000e+00 0.000000000000000000e+00 2.073365990354777977e-01 5.899759880956967351e-01 0.000000000000000000e+00 0.000000000000000000e+00 0.000000000000000000e+00 0.000000000000000000e+00 0.000000000000000000e+00 0.000000000000000000e+00 0.000000000000000000e+00
4.468560040595687122e-01 2.034946023419909877e-01 0.000000000000000000e+00 0.000000000000000000e+00 0.000000000000000000e+00 4.625474947525654024e-01 0.000000000000000000e+00 0.000000000000000000e+00 1.105091089061023046e+00 0.000000000000000000e+00 4.831541062348883031e-01 0.000000000000000000e+00 0.000000000000000000e+00 0.000000000000000000e+00 0.000000000000000000e+00 0.000000000000000000e+00 0.000000000000000000e+00 0.000000000000000000e+00 0.000000000000000000e+00 0.000000000000000000e+00 0.000000000000000000e+00 9.034914013061630111e-01 0.000000000000000000e+00 1.904490292665933851e-02 0.000000000000000000e+00
0.000000000000000000e+00 0.000000000000000000e+00 5.054162614815325139e-01 7.989743690329347281e-01 0.000000000000000000e+00 0.000000000000000000e+00 9.233614441501566961e-02 0.000000000000000000e+00 0.000000000000000000e+00 2.323517838468210084e-01 0.000000000000000000e+00 7.344080126380467810e-01 0.000000000000000000e+00 0.000000000000000000e+00 0.000000000000000000e+00 0.000000000000000000e+00 0.000000000000000000e+00 0.000000000000000000e+00 0.000000000000000000e+00 0.000000000000000000e+00 0.000000000000000000e+00 0.000000000000000000e+00 0.000000000000000000e+00 1.476045636194751876e-01 1.282672945304482948e+00
1.984301012592233904e-01 1.562774396204106020e-01 4.783190832511365898e-01 1.413939747484520004e-01 6.535927693499408164e-01 4.492452309897798091e-01 2.196216647716942028e-01 0.000000000000000000e+00 0.000000000000000000e+00 0.000000000000000000e+00 0.000000000000000000e+00 0.000000000000000000e+00 0.000000000000000000e+00 0.000000000000000000e+00 0.000000000000000000e+00 0.000000000000000000e+00 0.000000000000000000e+00 0.000000000000000000e+00 2.918006243327846971e-01 0.000000000000000000e+00 0.000000000000000000e+00 3.207561239693630939e-01 0.000000000000000000e+00 0.000000000000000000e+00 0.000000000000000000e+00
6.273704624112111938e-01 3.546739545059434118e-01 0.000000000000000000e+00 0.000000000000000000e+00 0.000000000000000000e+00 0.000000000000000000e+00 0.000000000000000000e+00 0.000000000000000000e+00 0.000000000000000000e+00 0.000000000000000000e+00 6.061735751866161870e-01 4.247657396177568767e-01 0.000000000000000000e+00 0.000000000000000000e+00 0.000000000000000000e+00 0.000000000000000000e+00 0.000000000000000000e+00 0.000000000000000000e+00 0.000000000000000000e+00 1.147225714545881958e-01 3.529658414368946895e-01 0.000000000000000000e+00 0.000000000000000000e+00 0.000000000000000000e+00 0.000000000000000000e+00
5.015580117293868545e-01 0.000000000000000000e+00 3.384630549625332052e-01 0.000000000000000000e+00 1.035299806488761964e-01 5.151740907856274809e-01 0.000000000000000000e+00 0.000000000000000000e+00 6.500858046446643668e-01 0.000000000000000000e+00 0.000000000000000000e+00 0.000000000000000000e+00 3.908567017039994984e-01 9.294193285428794388e-03 0.000000000000000000e+00 0.000000000000000000e+00 0.000000000000000000e+00 0.000000000000000000e+00 0.000000000000000000e+00 0.000000000000000000e+00 0.000000000000000000e+00 0.000000000000000000e+00 0.000000000000000000e+00 0.000000000000000000e+00 0.000000000000000000e+00
0.000000000000000000e+00 4.374673509610882971e-01 0.000000000000000000e+00 5.985547684895773379e-01 0.000000000000000000e+00 3.193220128805793756e-01 0.000000000000000000e+00 0.000000000000000000e+00 0.000000000000000000e+00 1.177304658367731016e-01 0.000000000000000000e+00 0.000000000000000000e+00 0.000000000000000000e+00 0.000000000000000000e+00 2.968594139494040163e-01 3.546742974398767179e-01 0.000000000000000000e+00 0.000000000000000000e+00 0.000000000000000000e+00 4.766902455883135215e-01 0.000000000000000000e+00 0.000000000000000000e+00 0.000000000000000000e+00 0.000000000000000000e+00 0.000000000000000000e+00
0.000000000000000000e+00 0.000000000000000000e+00 2.417662148562262081e-02 0.000000000000000000e+00 4.978235547907977065e-01 5.595891509533279518e-01 0.000000000000000000e+00 0.000000000000000000e+00 0.000000000000000000e+00 5.112002469966595575e-01 0.000000000000000000e+00 0.000000000000000000e+00 0.000000000000000000e+00 0.000000000000000000e+00 0.000000000000000000e+00 0.000000000000000000e+00 2.967726849007195078e-01 0.000000000000000000e+00 0.000000000000000000e+00 0.000000000000000000e+00 0.000000000000000000e+00 0.000000000000000000e+00 0.000000000000000000e+00 0.000000000000000000e+00 0.000000000000000000e+00
0.000000000000000000e+00 0.000000000000000000e+00 3.778654821430790234e-01 0.000000000000000000e+00 0.000000000000000000e+00 0.000000000000000000e+00 0.000000000000000000e+00 0.000000000000000000e+00 0.000000000000000000e+00 0.000000000000000000e+00 5.220987537136212442e-01 0.000000000000000000e+00 4.945419745437275305e-02 0.000000000000000000e+00 6.114476747792925160e-01 3.401905455466148198e-01 0.000000000000000000e+00 4.477425518010952343e-02 0.000000000000000000e+00 6.508320285644525471e-01 0.000000000000000000e+00 0.000000000000000000e+00 0.000000000000000000e+00 0.000000000000000000e+00 0.000000000000000000e+00
4.113376138767405044e-01 6.467894196588174216e-01 0.000000000000000000e+00 0.000000000000000000e+00 0.000000000000000000e+00 0.000000000000000000e+00 4.733300062243578910e-01 0.000000000000000000e+00 0.000000000000000000e+00 0.000000000000000000e+00 5.486674196233883860e-01 0.000000000000000000e+00 0.000000000000000000e+00 0.000000000000000000e+00 0.000000000000000000e+00 0.000000000000000000e+00 0.000000000000000000e+00 0.000000000000000000e+00 0.000000000000000000e+00 0.000000000000000000e+00 0.000000000000000000e+00 0.000000000000000000e+00 0.000000000000000000e+00 0.000000000000000000e+00 0.000000000000000000e+00
5.744338363580635543e-01 3.592890084895060121e-01 1.772251674646689035e-01 4.096315973424031753e-01 0.000000000000000000e+00 0.000000000000000000e+00 0.000000000000000000e+00 0.000000000000000000e+00 0.000000000000000000e+00 3.686106318179876995e-01 0.000000000000000000e+00 0.000000000000000000e+00 0.000000000000000000e+00 0.000000000000000000e+00 0.000000000000000000e+00 0.000000000000000000e+00 0.000000000000000000e+00 0.000000000000000000e+00 0.000000000000000000e+00 0.000000000000000000e+00 0.000000000000000000e+00 0.000000000000000000e+00 0.000000000000000000e+00 0.000000000000000000e+00 0.000000000000000000e+00
0.000000000000000000e+00 0.000000000000000000e+00 0.000000000000000000e+00 3.319306927657800221e-01 0.000000000000000000e+00 1.606557575036819951e-01 0.000000000000000000e+00 8.182288961714717646e-02 0.000000000000000000e+00 0.000000000000000000e+00 0.000000000000000000e+00 0.000000000000000000e+00 4.692289453353634121e-01 0.000000000000000000e+00 0.000000000000000000e+00 0.000000000000000000e+00 0.000000000000000000e+00 0.000000000000000000e+00 0.000000000000000000e+00 0.000000000000000000e+00 0.000000000000000000e+00 0.000000000000000000e+00 0.000000000000000000e+00 0.000000000000000000e+00 0.000000000000000000e+00
0.000000000000000000e+00 0.000000000000000000e+00 1.493702256404703943e-01 0.000000000000000000e+00 3.726728290195105986e-01 0.000000000000000000e+00 0.000000000000000000e+00 0.000000000000000000e+00 0.000000000000000000e+00 0.000000000000000000e+00 0.000000000000000000e+00 0.000000000000000000e+00 0.000000000000000000e+00 0.000000000000000000e+00 0.000000000000000000e+00 0.000000000000000000e+00 0.000000000000000000e+00 0.000000000000000000e+00 0.000000000000000000e+00 0.000000000000000000e+00 0.000000000000000000e+00 0.000000000000000000e+00 0.000000000000000000e+00 0.000000000000000000e+00 0.000000000000000000e+00
0.000000000000000000e+00 1.777582181203468947e-01 0.000000000000000000e+00 0.000000000000000000e+00 0.000000000000000000e+00 0.000000000000000000e+00 0.000000000000000000e+00 0.000000000000000000e+00 0.000000000000000000e+00 0.000000000000000000e+00 2.797735923280503245e-01 0.000000000000000000e+00 0.000000000000000000e+00 0.000000000000000000e+00 0.000000000000000000e+00 0.000000000000000000e+00 0.000000000000000000e+00 2.970990619649345188e-01 0.000000000000000000e+00 0.000000000000000000e+00 0.000000000000000000e+00 0.000000000000000000e+00 0.000000000000000000e+00 0.000000000000000000e+00 0.000000000000000000e+00
