# # File created on Fri May 17 15:42:02 2024
#  # The following metaparameters were used for this matrix optimization : gamma0 = 0.5; alpha0 = 0; sigma0 = 0.25; l0 = 1;p = 1; R0 = 1; S0 = 0.05; NR = 25; NS = 25; matrix path = matrices/Nr25_Nc25/consumption/RandTrix_Nr25_Nc25_Nest0.1_Conn0.1296.txt; convergence threshold = 1e-08
# 
1.621447089370911965e-03 0.000000000000000000e+00 2.563382382655042101e-03 0.000000000000000000e+00 8.105313295499351608e-04 0.000000000000000000e+00 8.820107634854633481e-04 4.027488003175205833e-03 0.000000000000000000e+00 0.000000000000000000e+00 0.000000000000000000e+00 0.000000000000000000e+00 0.000000000000000000e+00 3.949161271025116923e-03 4.085602092429910757e-03 0.000000000000000000e+00 0.000000000000000000e+00 3.218022200442686824e-03 0.000000000000000000e+00 0.000000000000000000e+00 2.603648122739533888e-03 0.000000000000000000e+00 3.522737025774882839e-03 0.000000000000000000e+00 0.000000000000000000e+00
0.000000000000000000e+00 0.000000000000000000e+00 2.258483130398840962e-03 1.331281619494765079e-03 0.000000000000000000e+00 3.136999212810927858e-03 1.598678854524856986e-03 0.000000000000000000e+00 2.478609676404936943e-03 6.015172185477926908e-04 0.000000000000000000e+00 3.043213144450810162e-03 2.573805088802566185e-03 2.202334780144810968e-03 0.000000000000000000e+00 1.774745580083202925e-03 0.000000000000000000e+00 1.263206356283703936e-03 2.684164257032572911e-03 3.722789190590619027e-03 4.784168925108177664e-03 4.787493959209909722e-03 2.264504965017974034e-03 0.000000000000000000e+00 0.000000000000000000e+00
0.000000000000000000e+00 3.465459822833368199e-05 3.406651024331349233e-04 4.430296965286903595e-03 0.000000000000000000e+00 0.000000000000000000e+00 0.000000000000000000e+00 0.000000000000000000e+00 0.000000000000000000e+00 3.799457588580601800e-03 1.798439960580981928e-03 0.000000000000000000e+00 0.000000000000000000e+00 1.268748428455329039e-03 0.000000000000000000e+00 0.000000000000000000e+00 4.226445004292731650e-03 0.000000000000000000e+00 0.000000000000000000e+00 3.030450251553363063e-04 0.000000000000000000e+00 1.995102965078383861e-03 0.000000000000000000e+00 0.000000000000000000e+00 0.000000000000000000e+00
2.772584557351005872e-03 0.000000000000000000e+00 0.000000000000000000e+00 2.708699493031976966e-03 0.000000000000000000e+00 3.577089655226419005e-03 3.563501467165120992e-03 1.047345824420861963e-03 0.000000000000000000e+00 3.008702450940891216e-03 1.852653813405499101e-03 0.000000000000000000e+00 0.000000000000000000e+00 0.000000000000000000e+00 8.930466266742187985e-04 1.978126917048800802e-03 0.000000000000000000e+00 4.489972920043554423e-03 0.000000000000000000e+00 0.000000000000000000e+00 0.000000000000000000e+00 4.911420085774226806e-03 4.837657493880187162e-03 0.000000000000000000e+00 0.000000000000000000e+00
2.949346600555055164e-03 3.039974387325302882e-03 2.423403141986110124e-03 1.870658321648431934e-03 3.485646554763239049e-03 0.000000000000000000e+00 3.621700134911890086e-03 0.000000000000000000e+00 0.000000000000000000e+00 0.000000000000000000e+00 2.047163509542945011e-03 3.869324504248194789e-03 0.000000000000000000e+00 3.147809066420270002e-03 1.767642733716148919e-06 5.423603815280877462e-04 6.164394570951875311e-04 4.916494091922020762e-03 0.000000000000000000e+00 0.000000000000000000e+00 3.799666006322555915e-03 1.110944900840229012e-03 5.257341746973123123e-04 7.324568283213298567e-04 1.103036524405917075e-03
9.293532958529457160e-04 1.420417454011856963e-03 3.861653159375845034e-03 1.438632296915717075e-03 2.246132943325858909e-03 9.083166356478819276e-04 0.000000000000000000e+00 4.268948164298905050e-03 5.290295102170609626e-04 1.139060498828992985e-03 0.000000000000000000e+00 3.558746165340635065e-03 0.000000000000000000e+00 0.000000000000000000e+00 2.059175677115996847e-03 0.000000000000000000e+00 2.800833250583236855e-03 2.828753387857331145e-03 0.000000000000000000e+00 0.000000000000000000e+00 0.000000000000000000e+00 4.236974237123464215e-03 9.029941291355495381e-04 0.000000000000000000e+00 0.000000000000000000e+00
2.155813767651810087e-03 0.000000000000000000e+00 1.643558234294361948e-03 0.000000000000000000e+00 0.000000000000000000e+00 4.979967497166569272e-03 1.867112143091905060e-03 0.000000000000000000e+00 0.000000000000000000e+00 0.000000000000000000e+00 0.000000000000000000e+00 7.596177079139020604e-04 2.288002304763613135e-03 6.280186803267638271e-04 4.482816342621733646e-03 0.000000000000000000e+00 5.219839817023014337e-04 2.028503853864526037e-03 4.076805169342763956e-03 0.000000000000000000e+00 0.000000000000000000e+00 7.774984415970161719e-04 2.895639934203091820e-03 0.000000000000000000e+00 1.784442215948199009e-03
0.000000000000000000e+00 0.000000000000000000e+00 4.859994947854899029e-03 4.312597456888173607e-03 0.000000000000000000e+00 0.000000000000000000e+00 0.000000000000000000e+00 4.283484818607212995e-03 0.000000000000000000e+00 6.945308938543980027e-04 0.000000000000000000e+00 1.059062585792859036e-03 2.086831253250469136e-03 1.594025776229298069e-03 0.000000000000000000e+00 0.000000000000000000e+00 2.426639986282333114e-03 7.503535115367152659e-04 0.000000000000000000e+00 3.003254704856146012e-03 7.274193563780584479e-04 3.165958119733129194e-03 0.000000000000000000e+00 3.097928879433332807e-03 2.421122672795481164e-03
3.769425890393634116e-03 4.499650218159584152e-03 1.440745220884798086e-03 0.000000000000000000e+00 1.040325709984496905e-03 3.323265416945650908e-03 0.000000000000000000e+00 2.732087564233592804e-03 2.180509654293533162e-03 3.566171563395215821e-03 0.000000000000000000e+00 3.781199383886400811e-03 0.000000000000000000e+00 2.900777657429637856e-03 2.717813233033411057e-03 4.575509802613006612e-03 0.000000000000000000e+00 3.039548593567449955e-04 4.137054457077452853e-04 0.000000000000000000e+00 0.000000000000000000e+00 3.642012980396686170e-03 4.449815870902865643e-03 3.331400715967236872e-03 0.000000000000000000e+00
0.000000000000000000e+00 0.000000000000000000e+00 7.222560425550834853e-04 0.000000000000000000e+00 3.325513508879775117e-03 6.556943942684490120e-04 2.079361302925178921e-03 1.739840158761888928e-03 1.814472255431415085e-03 0.000000000000000000e+00 3.467083723863594209e-03 1.365346220312844928e-03 0.000000000000000000e+00 1.709219637717192958e-03 2.895915855442582863e-03 0.000000000000000000e+00 0.000000000000000000e+00 3.249602129465982946e-03 0.000000000000000000e+00 2.446471427415805090e-04 1.302244355555569073e-03 4.324076534791438937e-04 0.000000000000000000e+00 0.000000000000000000e+00 7.377721909776481209e-04
4.351434762008747278e-03 1.363471174795564955e-03 3.259794466651858100e-03 1.604613903024486093e-03 2.482543864828976043e-03 2.340474916967660163e-03 2.829061084946263901e-03 4.357877430134420721e-03 0.000000000000000000e+00 1.394194705718856909e-03 1.598400555010324954e-04 0.000000000000000000e+00 3.915757053393998169e-03 0.000000000000000000e+00 7.615060460110417478e-05 0.000000000000000000e+00 0.000000000000000000e+00 0.000000000000000000e+00 0.000000000000000000e+00 4.125718854734794667e-03 0.000000000000000000e+00 2.716844312323627841e-03 0.000000000000000000e+00 1.975000295631358128e-03 1.498998316126381016e-03
1.754495870905927899e-03 1.524396194711762033e-03 2.638472241438095207e-04 1.078389673134554083e-03 0.000000000000000000e+00 0.000000000000000000e+00 1.196992853483693896e-03 4.068988932262245645e-03 1.412956251763898942e-03 3.609161653083408153e-03 0.000000000000000000e+00 1.983505194126476169e-03 4.493519319328189397e-03 0.000000000000000000e+00 0.000000000000000000e+00 0.000000000000000000e+00 4.366371674368002380e-03 1.732985363787512088e-03 2.799105945439658936e-04 4.615037054945739584e-03 0.000000000000000000e+00 0.000000000000000000e+00 3.953874900956992622e-03 0.000000000000000000e+00 0.000000000000000000e+00
0.000000000000000000e+00 2.887057570331971919e-03 1.762806834264197989e-04 2.612591480455212986e-03 0.000000000000000000e+00 0.000000000000000000e+00 0.000000000000000000e+00 1.816528708914975964e-03 3.502642820236465809e-03 2.684011221465746819e-03 0.000000000000000000e+00 4.800308623012654145e-03 3.957490447289067036e-04 9.054232170158743815e-04 0.000000000000000000e+00 0.000000000000000000e+00 2.756068428668433188e-03 3.253927756716640946e-03 0.000000000000000000e+00 4.592128780126764412e-03 3.464289881553967148e-03 6.021819912602699660e-04 0.000000000000000000e+00 2.620431918657198812e-03 0.000000000000000000e+00
3.262890578900739039e-03 3.395348381264822954e-03 0.000000000000000000e+00 9.502861226793139207e-04 0.000000000000000000e+00 1.004829150389139995e-03 2.057675951622274166e-03 1.049867043459401919e-05 0.000000000000000000e+00 0.000000000000000000e+00 0.000000000000000000e+00 4.341265601096666767e-03 1.375412720848944023e-03 3.599325867689362208e-03 0.000000000000000000e+00 4.412142453736072126e-03 0.000000000000000000e+00 2.032808055381471208e-03 2.959694803367818143e-03 2.126362419448767950e-03 0.000000000000000000e+00 2.604693806334218951e-03 0.000000000000000000e+00 5.226220462354883500e-04 3.243033788313857101e-03
0.000000000000000000e+00 0.000000000000000000e+00 0.000000000000000000e+00 0.000000000000000000e+00 3.806241864531469121e-03 1.600248737522982001e-03 5.652776588991681797e-04 1.145541991819424904e-03 1.991653702292723021e-03 0.000000000000000000e+00 3.293900633902752118e-03 2.015374668958064188e-03 0.000000000000000000e+00 1.747083572652874091e-03 3.128288731742073954e-03 0.000000000000000000e+00 0.000000000000000000e+00 0.000000000000000000e+00 0.000000000000000000e+00 4.382352223143908682e-03 2.442464558369224215e-03 2.154245184905030034e-03 0.000000000000000000e+00 0.000000000000000000e+00 3.944624304412762232e-03
2.982743079658917856e-03 1.328218960938725010e-03 4.030437577415465697e-03 0.000000000000000000e+00 7.807279763660870953e-04 0.000000000000000000e+00 0.000000000000000000e+00 0.000000000000000000e+00 1.220441860055516015e-03 0.000000000000000000e+00 0.000000000000000000e+00 0.000000000000000000e+00 0.000000000000000000e+00 0.000000000000000000e+00 0.000000000000000000e+00 2.297026651333106996e-03 1.839444686362086932e-03 0.000000000000000000e+00 0.000000000000000000e+00 0.000000000000000000e+00 0.000000000000000000e+00 2.833282233428719831e-03 3.303945839471589870e-03 1.032572843813428900e-03 2.525130315958129881e-03
0.000000000000000000e+00 0.000000000000000000e+00 0.000000000000000000e+00 2.232996925563902977e-03 0.000000000000000000e+00 0.000000000000000000e+00 0.000000000000000000e+00 3.048659037902168821e-03 0.000000000000000000e+00 2.368255198892642906e-03 0.000000000000000000e+00 2.381614029070882200e-03 0.000000000000000000e+00 0.000000000000000000e+00 0.000000000000000000e+00 2.060913875615917167e-03 0.000000000000000000e+00 1.346448439821972985e-03 4.529844303010144638e-03 4.339535640688121747e-03 0.000000000000000000e+00 0.000000000000000000e+00 0.000000000000000000e+00 0.000000000000000000e+00 0.000000000000000000e+00
3.974171065973893316e-03 0.000000000000000000e+00 3.925420345876728077e-03 1.389330799497142950e-05 1.829828172026154096e-03 5.339334908927253934e-05 3.006019665118566091e-03 1.595220081102949067e-03 0.000000000000000000e+00 0.000000000000000000e+00 4.638984634559923347e-03 2.120488584915476964e-03 0.000000000000000000e+00 0.000000000000000000e+00 0.000000000000000000e+00 4.173748281338990861e-03 0.000000000000000000e+00 0.000000000000000000e+00 0.000000000000000000e+00 4.683694146810374152e-03 0.000000000000000000e+00 4.486341193580554824e-03 0.000000000000000000e+00 0.000000000000000000e+00 1.998837400997141144e-03
0.000000000000000000e+00 0.000000000000000000e+00 8.710443025293332538e-04 4.315918219755191659e-03 0.000000000000000000e+00 0.000000000000000000e+00 0.000000000000000000e+00 2.783614129443911112e-03 5.067149701054258007e-04 0.000000000000000000e+00 0.000000000000000000e+00 0.000000000000000000e+00 0.000000000000000000e+00 2.713430278174507916e-03 0.000000000000000000e+00 2.687165750727699013e-04 0.000000000000000000e+00 0.000000000000000000e+00 0.000000000000000000e+00 0.000000000000000000e+00 0.000000000000000000e+00 1.825460076609243954e-04 3.535947570541521042e-04 0.000000000000000000e+00 1.747227503602997913e-03
0.000000000000000000e+00 2.515872850558565146e-03 8.612331715974339474e-04 0.000000000000000000e+00 5.662859405117867543e-04 2.950729051387982003e-03 3.652689755117911104e-03 0.000000000000000000e+00 1.430795201315014035e-04 0.000000000000000000e+00 0.000000000000000000e+00 1.826029108601186918e-03 4.857661795247821684e-03 9.440673409490563540e-04 1.280421490343541932e-03 3.614716003277727071e-03 3.710821440892522142e-03 2.034560444170384862e-03 0.000000000000000000e+00 0.000000000000000000e+00 6.553960637101743274e-04 0.000000000000000000e+00 3.092178653307040091e-03 0.000000000000000000e+00 0.000000000000000000e+00
2.083029400307634827e-03 0.000000000000000000e+00 0.000000000000000000e+00 0.000000000000000000e+00 7.702103064352263826e-04 0.000000000000000000e+00 0.000000000000000000e+00 1.679794066518862979e-03 8.788123945389430484e-04 0.000000000000000000e+00 3.912586927671064113e-03 0.000000000000000000e+00 2.896218685749784964e-03 0.000000000000000000e+00 0.000000000000000000e+00 0.000000000000000000e+00 0.000000000000000000e+00 0.000000000000000000e+00 2.755137926072423883e-04 0.000000000000000000e+00 0.000000000000000000e+00 0.000000000000000000e+00 0.000000000000000000e+00 4.563537822371127248e-03 4.820026261463778404e-03
0.000000000000000000e+00 0.000000000000000000e+00 6.163370064409632188e-04 2.283783571885180004e-03 3.390079325238863021e-03 0.000000000000000000e+00 3.963550761867268638e-03 0.000000000000000000e+00 0.000000000000000000e+00 2.484049642556749021e-03 1.565322554293701067e-03 4.065787431954768355e-03 4.005666710688708144e-03 0.000000000000000000e+00 1.044100824337593041e-03 4.998133458247780957e-03 0.000000000000000000e+00 2.499977005794355028e-03 0.000000000000000000e+00 1.999607773928151905e-04 0.000000000000000000e+00 0.000000000000000000e+00 2.847251512064844815e-03 0.000000000000000000e+00 0.000000000000000000e+00
0.000000000000000000e+00 1.956172306516064917e-04 0.000000000000000000e+00 0.000000000000000000e+00 1.333976173619959077e-03 3.838668370404996113e-03 0.000000000000000000e+00 1.296901200771970923e-03 0.000000000000000000e+00 1.063414171781375955e-03 0.000000000000000000e+00 0.000000000000000000e+00 4.978898088236590608e-03 3.908397920385432017e-03 0.000000000000000000e+00 2.268244723429022947e-04 2.369853206532661089e-03 0.000000000000000000e+00 0.000000000000000000e+00 0.000000000000000000e+00 0.000000000000000000e+00 6.340358566808421744e-04 2.295451951356288021e-03 0.000000000000000000e+00 2.200248470980979178e-03
3.358593675278871769e-04 0.000000000000000000e+00 1.472109754402202040e-03 0.000000000000000000e+00 2.865006950513982863e-03 4.105313297466475254e-03 1.440912467322361062e-05 0.000000000000000000e+00 0.000000000000000000e+00 0.000000000000000000e+00 0.000000000000000000e+00 0.000000000000000000e+00 4.615013730683068145e-03 3.700357015953001111e-03 0.000000000000000000e+00 0.000000000000000000e+00 0.000000000000000000e+00 6.374059038239973749e-04 4.764994762861823017e-03 2.993311713970556848e-04 0.000000000000000000e+00 7.999698823157538625e-04 0.000000000000000000e+00 2.348331148772306917e-03 3.885661549563006970e-03
0.000000000000000000e+00 0.000000000000000000e+00 0.000000000000000000e+00 1.342745686379442005e-03 0.000000000000000000e+00 0.000000000000000000e+00 0.000000000000000000e+00 0.000000000000000000e+00 0.000000000000000000e+00 4.998504508776125364e-03 3.596116735127051142e-03 0.000000000000000000e+00 3.525925539184030823e-03 0.000000000000000000e+00 0.000000000000000000e+00 4.517935383863696738e-03 2.409364808028697114e-03 2.271423242358652089e-03 0.000000000000000000e+00 4.824327666260974992e-03 0.000000000000000000e+00 4.355330182723153587e-03 1.347178118084350006e-04 0.000000000000000000e+00 3.549917818536140000e-03
