# # File created on Fri May 17 15:42:05 2024
#  # The following metaparameters were used for this matrix optimization : gamma0 = 0.5; alpha0 = 0; sigma0 = 0.25; l0 = 1;p = 1; R0 = 1; S0 = 0.05; NR = 25; NS = 25; matrix path = matrices/Nr25_Nc25/consumption/RandTrix_Nr25_Nc25_Nest0.4_Conn0.0784.txt; convergence threshold = 1e-08
# 
0.000000000000000000e+00 2.598903769572973987e-03 0.000000000000000000e+00 6.341389569862270446e-04 0.000000000000000000e+00 0.000000000000000000e+00 4.329966395169701845e-03 1.923720269150541989e-03 0.000000000000000000e+00 3.519058265924036952e-03 1.057431276578193948e-04 0.000000000000000000e+00 3.127257044212094963e-03 2.503704980483681918e-03 0.000000000000000000e+00 0.000000000000000000e+00 0.000000000000000000e+00 2.555129472553542037e-03 0.000000000000000000e+00 9.691173536917329365e-04 0.000000000000000000e+00 0.000000000000000000e+00 3.090144716127769028e-03 0.000000000000000000e+00 1.793366787681134090e-03
0.000000000000000000e+00 0.000000000000000000e+00 1.979201534769857180e-03 0.000000000000000000e+00 1.826760243536970944e-03 0.000000000000000000e+00 0.000000000000000000e+00 0.000000000000000000e+00 2.110153157960589949e-03 0.000000000000000000e+00 2.665912872793928159e-03 3.170315017682230185e-03 0.000000000000000000e+00 4.802896769871617053e-03 1.825767677423903923e-03 4.997798760554274418e-03 0.000000000000000000e+00 2.666147753833206149e-03 0.000000000000000000e+00 2.985954781098733844e-04 0.000000000000000000e+00 3.337996568295913992e-03 0.000000000000000000e+00 3.001004329384652190e-03 0.000000000000000000e+00
1.793519417936222018e-03 0.000000000000000000e+00 0.000000000000000000e+00 0.000000000000000000e+00 0.000000000000000000e+00 0.000000000000000000e+00 1.142630685565257940e-03 3.378610044758200825e-03 1.424730919397608963e-03 0.000000000000000000e+00 4.601834288900331568e-03 2.886905270104904962e-03 3.236602726478764180e-03 0.000000000000000000e+00 2.146172670841463932e-04 0.000000000000000000e+00 4.987270521672759055e-03 0.000000000000000000e+00 0.000000000000000000e+00 6.756645345867112165e-05 0.000000000000000000e+00 2.999015140892975946e-03 2.008248107088605149e-03 0.000000000000000000e+00 3.561969609716651199e-03
2.301786830949132095e-03 1.644874893814864949e-03 0.000000000000000000e+00 3.245601575338720977e-03 0.000000000000000000e+00 0.000000000000000000e+00 0.000000000000000000e+00 1.429336669923342946e-03 0.000000000000000000e+00 0.000000000000000000e+00 1.499335713649353015e-03 2.730425741258585195e-03 0.000000000000000000e+00 0.000000000000000000e+00 1.208481982456955950e-04 4.595174638088103669e-03 4.880983109286698811e-03 2.410066114340486936e-03 0.000000000000000000e+00 0.000000000000000000e+00 4.336894603276773147e-03 2.905763109708872204e-03 3.167886773678690957e-03 0.000000000000000000e+00 3.137906786304146128e-03
0.000000000000000000e+00 2.601689221582644072e-03 0.000000000000000000e+00 0.000000000000000000e+00 0.000000000000000000e+00 3.022350624967961100e-03 3.797071795113298072e-03 0.000000000000000000e+00 3.585365631773008120e-03 0.000000000000000000e+00 2.843839711459034830e-03 4.942083781109562340e-03 0.000000000000000000e+00 3.941081680125801956e-03 4.000111089274302999e-03 4.586642535683903635e-03 0.000000000000000000e+00 2.693083651215880028e-03 1.687643962458764985e-03 0.000000000000000000e+00 3.345345194604078948e-04 7.675842841411529638e-04 4.547769014669808128e-04 0.000000000000000000e+00 0.000000000000000000e+00
0.000000000000000000e+00 4.678153725280923859e-03 3.040078407898487000e-03 4.888577907715926582e-03 3.081770660309630927e-03 4.839685257361329984e-03 0.000000000000000000e+00 2.015559330114676147e-03 4.321312269195693410e-03 0.000000000000000000e+00 4.316255998070011798e-03 2.502633270039903834e-03 0.000000000000000000e+00 0.000000000000000000e+00 0.000000000000000000e+00 9.457053611249334772e-04 2.310029109098019149e-03 0.000000000000000000e+00 0.000000000000000000e+00 0.000000000000000000e+00 6.453423915495120266e-04 2.108385020096976113e-03 0.000000000000000000e+00 0.000000000000000000e+00 1.652105893581394059e-03
0.000000000000000000e+00 0.000000000000000000e+00 2.782222648226714921e-03 0.000000000000000000e+00 3.003087384667838151e-03 0.000000000000000000e+00 0.000000000000000000e+00 4.614447712495141699e-03 0.000000000000000000e+00 4.279767695080962699e-03 6.933125952459127462e-04 4.023885861824414399e-03 0.000000000000000000e+00 0.000000000000000000e+00 7.128848560679795256e-04 2.708699689993513890e-03 0.000000000000000000e+00 4.758963790433438164e-04 0.000000000000000000e+00 0.000000000000000000e+00 0.000000000000000000e+00 0.000000000000000000e+00 0.000000000000000000e+00 4.393681667402202055e-03 0.000000000000000000e+00
4.170781267903579670e-03 1.445140550293903033e-03 0.000000000000000000e+00 0.000000000000000000e+00 0.000000000000000000e+00 0.000000000000000000e+00 1.106964895552431036e-03 3.712304117002432954e-03 2.808232317991835904e-03 6.174655818688472514e-04 4.591878699726789290e-03 4.922118284954058245e-03 0.000000000000000000e+00 1.254225698771321926e-03 0.000000000000000000e+00 1.438862585109265029e-04 3.169020543892649925e-03 0.000000000000000000e+00 2.417812386182258133e-03 3.605523350324010921e-03 0.000000000000000000e+00 0.000000000000000000e+00 0.000000000000000000e+00 0.000000000000000000e+00 4.699738705469538869e-03
0.000000000000000000e+00 4.560099968650575299e-03 0.000000000000000000e+00 0.000000000000000000e+00 0.000000000000000000e+00 0.000000000000000000e+00 9.543445119590498972e-04 0.000000000000000000e+00 0.000000000000000000e+00 0.000000000000000000e+00 4.164581590602714836e-03 0.000000000000000000e+00 0.000000000000000000e+00 1.274310561710874064e-03 9.263063716396948257e-04 1.053635950803261893e-03 0.000000000000000000e+00 4.433475114117730112e-03 0.000000000000000000e+00 0.000000000000000000e+00 5.922452583103500305e-04 1.007264709404160968e-03 0.000000000000000000e+00 0.000000000000000000e+00 2.660979431293074120e-03
3.832138681300069870e-03 0.000000000000000000e+00 1.813431122138362906e-03 0.000000000000000000e+00 1.030124257862404923e-03 0.000000000000000000e+00 0.000000000000000000e+00 2.319652134067143166e-05 0.000000000000000000e+00 0.000000000000000000e+00 0.000000000000000000e+00 4.525118800298082861e-03 0.000000000000000000e+00 1.147365382481884045e-04 0.000000000000000000e+00 0.000000000000000000e+00 0.000000000000000000e+00 3.036638296692898038e-03 1.096782467373405958e-03 4.253835164773334815e-03 4.050529344758193001e-04 0.000000000000000000e+00 2.041582929191832971e-03 1.844367656133885907e-03 0.000000000000000000e+00
5.573562969026556266e-04 0.000000000000000000e+00 5.386113463307978452e-04 1.655913131586288917e-03 4.407861047421222228e-03 4.878993327141653048e-03 1.889670315806812970e-03 7.449083865753719372e-04 2.709084714740604867e-03 0.000000000000000000e+00 0.000000000000000000e+00 0.000000000000000000e+00 0.000000000000000000e+00 4.785804866386983263e-03 7.536963449232287476e-04 0.000000000000000000e+00 4.011416140068022572e-03 0.000000000000000000e+00 0.000000000000000000e+00 0.000000000000000000e+00 2.113267897766717140e-03 1.107788076269343013e-03 4.494879894735794371e-03 0.000000000000000000e+00 0.000000000000000000e+00
0.000000000000000000e+00 0.000000000000000000e+00 2.079901890259991100e-04 4.216056437380643132e-03 1.373297427868984052e-03 0.000000000000000000e+00 0.000000000000000000e+00 0.000000000000000000e+00 4.093248633154027323e-03 0.000000000000000000e+00 0.000000000000000000e+00 0.000000000000000000e+00 1.404361455331197897e-03 2.710055687125384211e-03 0.000000000000000000e+00 7.297978460508420346e-04 1.766404862280453051e-03 4.033078655273337164e-03 0.000000000000000000e+00 0.000000000000000000e+00 0.000000000000000000e+00 0.000000000000000000e+00 5.655004137911026499e-04 3.305157717191597967e-04 4.148000298074872721e-03
0.000000000000000000e+00 0.000000000000000000e+00 0.000000000000000000e+00 9.437250622457360938e-05 3.182291145049860864e-03 8.099136859095707819e-04 0.000000000000000000e+00 0.000000000000000000e+00 0.000000000000000000e+00 2.920240233051887846e-03 2.445711264269097209e-03 3.517571104025887015e-03 0.000000000000000000e+00 1.927195180855886944e-03 0.000000000000000000e+00 0.000000000000000000e+00 0.000000000000000000e+00 7.867828593258128491e-04 4.400811895179450664e-03 3.310442098423308811e-03 0.000000000000000000e+00 0.000000000000000000e+00 0.000000000000000000e+00 0.000000000000000000e+00 0.000000000000000000e+00
0.000000000000000000e+00 4.492492112503292979e-03 1.776143121148685044e-03 1.853364875522399077e-03 0.000000000000000000e+00 0.000000000000000000e+00 3.265791545929392931e-03 4.302324489698514109e-03 0.000000000000000000e+00 0.000000000000000000e+00 0.000000000000000000e+00 1.483479410667224135e-04 3.426788680912487041e-03 0.000000000000000000e+00 0.000000000000000000e+00 0.000000000000000000e+00 1.895559041442827037e-03 0.000000000000000000e+00 3.369901123314309951e-03 3.403615144906872985e-03 4.730186965939488924e-03 2.162084403899479932e-04 1.433899476132766983e-04 0.000000000000000000e+00 6.157057165519145116e-04
0.000000000000000000e+00 0.000000000000000000e+00 4.559560747193347821e-03 0.000000000000000000e+00 0.000000000000000000e+00 0.000000000000000000e+00 3.412445372820380098e-03 0.000000000000000000e+00 2.687077725906240888e-03 0.000000000000000000e+00 3.193897595622102216e-03 0.000000000000000000e+00 0.000000000000000000e+00 7.431799566542191199e-04 0.000000000000000000e+00 3.472400354144936194e-04 3.320054029162913855e-05 0.000000000000000000e+00 0.000000000000000000e+00 1.029028198760393101e-03 1.178995861517538905e-03 0.000000000000000000e+00 0.000000000000000000e+00 2.163425465770235818e-03 4.676129272935387188e-03
4.541538578928410765e-04 1.762965768977383090e-03 0.000000000000000000e+00 2.554284730652306001e-03 0.000000000000000000e+00 3.346331818618520000e-04 0.000000000000000000e+00 4.383423637566574195e-03 2.558743387136676924e-03 1.959811507522934808e-03 4.411875106233920096e-03 4.116259767785545795e-03 0.000000000000000000e+00 2.479088862457521150e-03 0.000000000000000000e+00 1.714819082678574946e-03 0.000000000000000000e+00 0.000000000000000000e+00 2.638973588837890093e-03 2.319722725727600113e-04 2.306561463582922859e-03 2.984417151964543873e-03 0.000000000000000000e+00 0.000000000000000000e+00 0.000000000000000000e+00
3.367275726000646188e-03 3.803760403850357016e-03 4.106682679078633123e-03 1.098509846650397911e-03 3.712849618611418871e-03 0.000000000000000000e+00 4.084917977105750019e-03 2.736400328206775069e-03 0.000000000000000000e+00 0.000000000000000000e+00 1.524294742515732966e-03 3.119943237037679003e-03 0.000000000000000000e+00 0.000000000000000000e+00 0.000000000000000000e+00 3.279789730280928146e-03 0.000000000000000000e+00 0.000000000000000000e+00 0.000000000000000000e+00 4.472944295689880966e-03 2.986993282807930139e-03 3.800549049324898187e-03 0.000000000000000000e+00 2.957646327208689804e-03 3.939091234215792194e-03
0.000000000000000000e+00 0.000000000000000000e+00 0.000000000000000000e+00 2.671367066379225046e-03 0.000000000000000000e+00 2.766039250300503065e-03 0.000000000000000000e+00 2.827290534390296001e-03 0.000000000000000000e+00 2.203378844113043113e-03 8.757723624523807478e-04 4.132797390311950848e-03 8.455028060848903890e-04 1.577552865488594065e-03 6.087806603109896519e-04 0.000000000000000000e+00 0.000000000000000000e+00 0.000000000000000000e+00 3.830844287965054929e-03 3.825557577553826208e-03 5.471936249492011847e-04 0.000000000000000000e+00 0.000000000000000000e+00 0.000000000000000000e+00 4.730862023279204694e-03
2.918860107784587796e-03 0.000000000000000000e+00 0.000000000000000000e+00 1.966780985664050817e-03 0.000000000000000000e+00 0.000000000000000000e+00 4.952024847355735240e-03 3.358192164398979968e-03 4.736986491289281280e-03 0.000000000000000000e+00 0.000000000000000000e+00 1.363185364074196945e-04 6.394356844869649847e-04 9.875299783548144913e-04 0.000000000000000000e+00 0.000000000000000000e+00 1.688262402422312052e-04 0.000000000000000000e+00 0.000000000000000000e+00 0.000000000000000000e+00 0.000000000000000000e+00 0.000000000000000000e+00 3.340025918207117049e-03 4.508512513621393790e-03 0.000000000000000000e+00
1.462852172664242008e-03 0.000000000000000000e+00 4.030271419181283635e-03 2.772054482753087118e-05 3.060728377108720959e-03 0.000000000000000000e+00 1.420759484129365891e-04 4.668332244050756898e-03 1.106449075452363992e-03 2.490814055786084134e-03 1.252369685262701106e-03 1.094937916674938901e-03 0.000000000000000000e+00 3.417625258459735041e-03 0.000000000000000000e+00 1.553317864716307912e-03 0.000000000000000000e+00 4.206906810591609300e-03 0.000000000000000000e+00 9.290734342532406664e-04 8.556137766892747123e-04 4.206055747682719767e-03 2.453050655693729803e-03 0.000000000000000000e+00 0.000000000000000000e+00
3.677593337572444983e-04 1.859623165808291928e-03 8.378121172201765526e-04 9.940537817480592491e-04 4.418178506219154304e-03 0.000000000000000000e+00 0.000000000000000000e+00 0.000000000000000000e+00 1.319844358305428001e-03 0.000000000000000000e+00 3.975439093043236193e-03 2.811561827296467191e-03 0.000000000000000000e+00 0.000000000000000000e+00 0.000000000000000000e+00 4.071661126402732864e-04 0.000000000000000000e+00 2.585233654923140174e-03 0.000000000000000000e+00 4.251882050084944019e-04 0.000000000000000000e+00 0.000000000000000000e+00 0.000000000000000000e+00 0.000000000000000000e+00 0.000000000000000000e+00
0.000000000000000000e+00 0.000000000000000000e+00 0.000000000000000000e+00 3.804349562094099836e-03 2.200555535615507114e-03 0.000000000000000000e+00 4.825729128620901212e-03 2.965141423078198040e-03 2.693026376489319161e-03 7.279101939900211107e-04 4.280197402013467128e-03 0.000000000000000000e+00 4.523085086593856691e-03 5.585560492540166469e-04 0.000000000000000000e+00 0.000000000000000000e+00 2.238582930261160016e-03 7.021166069269647652e-04 0.000000000000000000e+00 0.000000000000000000e+00 0.000000000000000000e+00 0.000000000000000000e+00 8.336081442495882994e-04 0.000000000000000000e+00 0.000000000000000000e+00
3.733301213263218242e-04 4.473759067037032938e-03 1.182694625490428092e-03 1.105307567699448899e-03 4.813887230398079288e-03 0.000000000000000000e+00 0.000000000000000000e+00 4.614535419347579569e-03 0.000000000000000000e+00 0.000000000000000000e+00 0.000000000000000000e+00 2.571362545682874100e-03 0.000000000000000000e+00 0.000000000000000000e+00 0.000000000000000000e+00 0.000000000000000000e+00 0.000000000000000000e+00 0.000000000000000000e+00 0.000000000000000000e+00 1.059172413882412001e-03 3.001481582519196795e-03 0.000000000000000000e+00 0.000000000000000000e+00 1.267063263727212941e-03 9.934081281105650030e-04
0.000000000000000000e+00 1.869845978133055967e-04 2.096434078760914884e-04 0.000000000000000000e+00 0.000000000000000000e+00 3.570833809849687998e-03 0.000000000000000000e+00 0.000000000000000000e+00 0.000000000000000000e+00 0.000000000000000000e+00 0.000000000000000000e+00 2.240289173611301893e-03 3.061940337876350136e-03 0.000000000000000000e+00 0.000000000000000000e+00 0.000000000000000000e+00 3.592438224584063901e-03 4.088622778176800865e-03 4.506053789621247176e-03 1.841239372568540900e-05 3.171084975450867011e-03 0.000000000000000000e+00 1.222583803195879991e-03 5.543604494867923485e-04 0.000000000000000000e+00
9.738575302495470262e-04 0.000000000000000000e+00 0.000000000000000000e+00 2.053423125376170784e-03 0.000000000000000000e+00 0.000000000000000000e+00 4.673117479373234753e-03 3.161441966284020107e-04 3.403167505855449887e-03 0.000000000000000000e+00 4.480173692035805018e-03 0.000000000000000000e+00 0.000000000000000000e+00 0.000000000000000000e+00 0.000000000000000000e+00 2.748476009052762143e-03 0.000000000000000000e+00 4.362082479069734169e-03 7.412478160030679586e-04 0.000000000000000000e+00 4.720435782881097879e-03 1.750168438143077942e-04 9.556923350120294673e-04 2.493546702231847888e-03 2.005233036271808836e-03
