# File created on Fri May 17 15:41:55 2024
# The following metaparameters were used for this matrix optimization : gamma0 = 0.5; alpha0 = 0; sigma0 = 0.25; l0 = 1;p = 1; R0 = 1; S0 = 0.05; NR = 25; NS = 25; matrix path = matrices/Nr25_Nc25/consumption/RandTrix_Nr25_Nc25_Nest0.15_Conn0.08.txt; convergence threshold = 1e-08
0.000000000000000e+00 8.090688193179825e-04 4.025823925860716e-03 2.134404933106555e-03 2.920753921586045e-03 1.130150466592589e-03 0.000000000000000e+00 0.000000000000000e+00 1.219826001969373e-03 0.000000000000000e+00 0.000000000000000e+00 0.000000000000000e+00 0.000000000000000e+00 4.899139081950327e-03 0.000000000000000e+00 0.000000000000000e+00 0.000000000000000e+00 0.000000000000000e+00 3.099287016573646e-03 0.000000000000000e+00 4.754164726827499e-03 9.786117724407770e-04 0.000000000000000e+00 4.837126079923966e-03 4.540308116852929e-03 
3.286522465287628e-03 1.028575553261940e-03 1.096648459147828e-03 2.351418304987030e-03 2.141408641344737e-03 0.000000000000000e+00 0.000000000000000e+00 0.000000000000000e+00 8.410057789832776e-04 2.723141491742083e-03 0.000000000000000e+00 0.000000000000000e+00 0.000000000000000e+00 4.913158880813514e-03 3.154379055105885e-03 1.944360657993559e-03 4.855780546251004e-03 0.000000000000000e+00 3.509691681387225e-03 4.539100595096723e-03 0.000000000000000e+00 2.838216007605170e-03 4.438773302969772e-03 0.000000000000000e+00 0.000000000000000e+00 
6.788570619405075e-04 2.755484552867289e-03 2.512495438338901e-03 0.000000000000000e+00 1.882047709395745e-03 1.458111966700952e-03 0.000000000000000e+00 1.396822913101426e-03 0.000000000000000e+00 1.339871103119466e-03 2.179846213651398e-03 9.710159042392542e-04 0.000000000000000e+00 4.244468955268034e-03 0.000000000000000e+00 0.000000000000000e+00 1.362977828799080e-03 4.353522747347282e-04 0.000000000000000e+00 4.938911524198272e-03 3.800224848382401e-03 0.000000000000000e+00 0.000000000000000e+00 0.000000000000000e+00 2.527139977727414e-03 
2.414603759435374e-03 3.181382051486300e-03 3.832476677502111e-03 0.000000000000000e+00 0.000000000000000e+00 0.000000000000000e+00 0.000000000000000e+00 0.000000000000000e+00 5.598448169627500e-04 3.385540199084826e-03 9.599197615306119e-04 4.911404312877777e-03 5.550105707604046e-04 0.000000000000000e+00 2.177929954568384e-03 2.995135895450180e-03 4.449954767978368e-03 0.000000000000000e+00 0.000000000000000e+00 3.144598844505947e-04 0.000000000000000e+00 3.882795197975082e-03 4.930488991863903e-03 1.091145152116809e-04 0.000000000000000e+00 
0.000000000000000e+00 3.773355575362144e-03 0.000000000000000e+00 2.674510033058434e-03 0.000000000000000e+00 0.000000000000000e+00 4.577861701196479e-03 0.000000000000000e+00 0.000000000000000e+00 4.198058163138613e-03 0.000000000000000e+00 3.538531983571608e-04 0.000000000000000e+00 0.000000000000000e+00 0.000000000000000e+00 0.000000000000000e+00 1.167069182421919e-03 3.144232120270616e-03 7.143876851168344e-05 2.655444463323473e-03 4.982749610717572e-03 0.000000000000000e+00 2.152187144774193e-03 0.000000000000000e+00 4.856758512684482e-03 
0.000000000000000e+00 0.000000000000000e+00 5.256729480944165e-05 2.878637390692619e-03 9.170854531869956e-05 0.000000000000000e+00 6.883634583936162e-04 0.000000000000000e+00 1.643186819882184e-03 0.000000000000000e+00 0.000000000000000e+00 4.657005912196449e-03 1.205059738618548e-03 0.000000000000000e+00 0.000000000000000e+00 4.982259911922155e-03 3.205612199982427e-03 2.562567475387055e-03 9.893099300586977e-04 0.000000000000000e+00 0.000000000000000e+00 0.000000000000000e+00 2.345752134082406e-03 0.000000000000000e+00 0.000000000000000e+00 
0.000000000000000e+00 0.000000000000000e+00 2.377643072915529e-03 0.000000000000000e+00 1.721839733423945e-03 0.000000000000000e+00 0.000000000000000e+00 2.534981169923340e-03 0.000000000000000e+00 0.000000000000000e+00 0.000000000000000e+00 0.000000000000000e+00 8.679218586512847e-04 4.050026994917172e-03 1.903519189941361e-03 0.000000000000000e+00 8.987133325363030e-04 0.000000000000000e+00 2.994579448436633e-03 0.000000000000000e+00 0.000000000000000e+00 0.000000000000000e+00 0.000000000000000e+00 0.000000000000000e+00 1.089869568814276e-03 
0.000000000000000e+00 3.981670143865486e-03 0.000000000000000e+00 3.721479660352407e-03 0.000000000000000e+00 0.000000000000000e+00 0.000000000000000e+00 2.695037827840444e-03 0.000000000000000e+00 8.393090113180474e-04 1.884134558887501e-04 0.000000000000000e+00 0.000000000000000e+00 4.877124793914715e-03 0.000000000000000e+00 3.388089994302253e-03 0.000000000000000e+00 1.555136651093811e-03 0.000000000000000e+00 4.298917032146459e-03 3.115510711692367e-03 4.159569787314087e-03 0.000000000000000e+00 0.000000000000000e+00 0.000000000000000e+00 
0.000000000000000e+00 0.000000000000000e+00 2.110791699628510e-03 3.051864744325334e-03 2.315712874145355e-03 0.000000000000000e+00 0.000000000000000e+00 5.800144550568230e-04 0.000000000000000e+00 0.000000000000000e+00 0.000000000000000e+00 2.359928803396192e-03 2.505938290855575e-03 1.161590878852787e-03 2.763746736525315e-03 4.249165915067936e-03 0.000000000000000e+00 3.810649386212318e-03 0.000000000000000e+00 2.894589864280956e-03 0.000000000000000e+00 4.689537582112348e-03 0.000000000000000e+00 0.000000000000000e+00 1.995737080982580e-03 
3.562261464311893e-04 0.000000000000000e+00 4.944873179194185e-04 4.250529872450942e-03 1.616776318929026e-03 3.467691865228184e-03 6.660099210273808e-04 4.397789841435518e-03 1.802095821363021e-03 0.000000000000000e+00 0.000000000000000e+00 0.000000000000000e+00 3.948029546983821e-03 0.000000000000000e+00 4.583097664910968e-03 4.807360787405427e-03 0.000000000000000e+00 0.000000000000000e+00 1.402758976611721e-03 2.109850088696886e-03 0.000000000000000e+00 7.627520366897194e-05 0.000000000000000e+00 0.000000000000000e+00 4.014998951253740e-03 
0.000000000000000e+00 0.000000000000000e+00 0.000000000000000e+00 4.856527543507603e-03 4.593302316664514e-03 3.707119173023582e-03 2.259008482946960e-03 2.539125153328060e-03 0.000000000000000e+00 0.000000000000000e+00 3.919831278013964e-03 0.000000000000000e+00 0.000000000000000e+00 2.822342309654070e-03 0.000000000000000e+00 0.000000000000000e+00 0.000000000000000e+00 2.413441618741522e-03 0.000000000000000e+00 2.993800902752257e-04 8.151851378338914e-04 0.000000000000000e+00 0.000000000000000e+00 3.641870514604213e-03 1.679048580040831e-03 
0.000000000000000e+00 0.000000000000000e+00 1.008201551961437e-03 3.360525280370966e-03 8.736771731475098e-04 0.000000000000000e+00 1.737908695556197e-03 4.695867226739942e-03 4.837898788957943e-04 0.000000000000000e+00 4.289354890886162e-03 4.250715469846054e-03 3.043799686310988e-03 0.000000000000000e+00 0.000000000000000e+00 0.000000000000000e+00 0.000000000000000e+00 2.907943059970557e-03 0.000000000000000e+00 0.000000000000000e+00 0.000000000000000e+00 0.000000000000000e+00 2.414188755836485e-03 2.848009162614115e-03 0.000000000000000e+00 
0.000000000000000e+00 0.000000000000000e+00 0.000000000000000e+00 7.207066244711087e-04 0.000000000000000e+00 0.000000000000000e+00 2.084972296448271e-04 0.000000000000000e+00 0.000000000000000e+00 0.000000000000000e+00 1.036795311189027e-03 3.722692447203951e-03 2.900413947204960e-03 0.000000000000000e+00 3.547805314772350e-03 1.767319880582812e-04 0.000000000000000e+00 0.000000000000000e+00 0.000000000000000e+00 2.832410369577495e-03 9.500490570799144e-04 2.063271157620528e-03 0.000000000000000e+00 2.013444729086134e-03 2.854772153555813e-03 
6.208294069620449e-04 0.000000000000000e+00 0.000000000000000e+00 6.487876352595623e-04 0.000000000000000e+00 0.000000000000000e+00 2.824645188420794e-03 2.936528103994810e-03 0.000000000000000e+00 0.000000000000000e+00 0.000000000000000e+00 0.000000000000000e+00 2.880112032223830e-03 4.989797217961926e-03 9.831348499550231e-04 3.652999461718246e-03 0.000000000000000e+00 0.000000000000000e+00 0.000000000000000e+00 0.000000000000000e+00 2.096736830550434e-03 0.000000000000000e+00 0.000000000000000e+00 0.000000000000000e+00 1.199011975679088e-03 
0.000000000000000e+00 0.000000000000000e+00 0.000000000000000e+00 0.000000000000000e+00 1.265443034522670e-03 0.000000000000000e+00 0.000000000000000e+00 2.000836215485375e-03 0.000000000000000e+00 0.000000000000000e+00 0.000000000000000e+00 1.272630630927127e-03 0.000000000000000e+00 0.000000000000000e+00 0.000000000000000e+00 1.119494626051954e-03 0.000000000000000e+00 1.049869102560220e-03 0.000000000000000e+00 0.000000000000000e+00 2.590806288402761e-03 4.143914032722406e-03 1.078464222613235e-03 5.183559070557816e-05 0.000000000000000e+00 
0.000000000000000e+00 0.000000000000000e+00 0.000000000000000e+00 1.098463136594927e-04 3.509657112554702e-03 3.135189564597413e-03 0.000000000000000e+00 1.703987746367682e-04 1.868575667911170e-03 4.697889465061584e-04 0.000000000000000e+00 3.154502783037270e-03 0.000000000000000e+00 4.258352000517910e-03 4.238895527235191e-03 4.218483834271358e-03 4.144620616301133e-03 0.000000000000000e+00 4.614392783425458e-03 1.104507663314457e-03 0.000000000000000e+00 3.873692362613442e-03 0.000000000000000e+00 5.005688292132513e-04 0.000000000000000e+00 
0.000000000000000e+00 1.072451120044272e-03 0.000000000000000e+00 0.000000000000000e+00 0.000000000000000e+00 0.000000000000000e+00 4.785769236736879e-03 0.000000000000000e+00 0.000000000000000e+00 0.000000000000000e+00 4.833970028182652e-03 0.000000000000000e+00 0.000000000000000e+00 0.000000000000000e+00 7.266165546064856e-04 0.000000000000000e+00 0.000000000000000e+00 0.000000000000000e+00 0.000000000000000e+00 6.561303964183677e-04 0.000000000000000e+00 0.000000000000000e+00 0.000000000000000e+00 1.899127014788929e-03 0.000000000000000e+00 
4.228744992809540e-03 0.000000000000000e+00 0.000000000000000e+00 3.157534626323667e-03 0.000000000000000e+00 0.000000000000000e+00 1.732744000382895e-03 0.000000000000000e+00 0.000000000000000e+00 0.000000000000000e+00 3.884616944586034e-03 0.000000000000000e+00 0.000000000000000e+00 0.000000000000000e+00 6.788408935385231e-04 2.665782715708791e-03 1.680321145403331e-04 0.000000000000000e+00 1.001225695329503e-03 2.173702928634623e-05 0.000000000000000e+00 2.869091443173292e-03 0.000000000000000e+00 0.000000000000000e+00 1.949682551807181e-03 
0.000000000000000e+00 7.334050870440922e-04 1.763017045356207e-03 0.000000000000000e+00 0.000000000000000e+00 1.090389320263300e-03 0.000000000000000e+00 0.000000000000000e+00 0.000000000000000e+00 0.000000000000000e+00 0.000000000000000e+00 0.000000000000000e+00 2.159074765653245e-03 0.000000000000000e+00 0.000000000000000e+00 4.222521395540569e-03 0.000000000000000e+00 0.000000000000000e+00 1.679958224951415e-03 0.000000000000000e+00 1.338140971635565e-03 4.273174890651404e-03 8.109281206109453e-04 1.605544120320554e-03 1.499827277206470e-04 
0.000000000000000e+00 4.611736309383665e-03 3.004977370896373e-03 4.023600123908410e-03 1.485603810075386e-03 2.164284701133981e-03 3.931648551825737e-03 2.259691231958255e-04 3.847282475128612e-03 0.000000000000000e+00 0.000000000000000e+00 0.000000000000000e+00 4.018304664616636e-03 2.563515233442226e-03 2.084847837758478e-03 4.522501713977720e-04 4.478489145124528e-03 0.000000000000000e+00 3.084972292968215e-03 2.645288338978748e-03 2.731216241161847e-03 0.000000000000000e+00 2.850440105350433e-03 0.000000000000000e+00 0.000000000000000e+00 
0.000000000000000e+00 0.000000000000000e+00 2.828039031378195e-03 3.746324917773748e-03 0.000000000000000e+00 0.000000000000000e+00 4.746227827517537e-03 0.000000000000000e+00 9.284292333369780e-04 3.238892044431875e-04 0.000000000000000e+00 0.000000000000000e+00 0.000000000000000e+00 3.281682890190620e-03 0.000000000000000e+00 6.522500040290952e-04 0.000000000000000e+00 0.000000000000000e+00 0.000000000000000e+00 1.209159078746329e-03 0.000000000000000e+00 4.513912189373639e-03 3.570262551739751e-03 2.922609676615517e-03 3.331898243443133e-03 
0.000000000000000e+00 0.000000000000000e+00 0.000000000000000e+00 3.440100272463609e-03 3.760570756120354e-03 0.000000000000000e+00 0.000000000000000e+00 0.000000000000000e+00 9.431676248183371e-04 4.030806526367315e-03 4.505251791292252e-03 1.379696616762853e-03 0.000000000000000e+00 3.861083895276896e-03 4.277362284651493e-03 4.942520051296293e-03 4.525182259138168e-03 0.000000000000000e+00 3.250479199886871e-03 4.038553056645095e-03 0.000000000000000e+00 0.000000000000000e+00 0.000000000000000e+00 0.000000000000000e+00 4.435116806877463e-03 
4.129492816134830e-03 0.000000000000000e+00 3.872998690743047e-03 4.522279333854859e-03 3.253890710384287e-03 0.000000000000000e+00 1.050653152060925e-03 3.809708227345214e-03 0.000000000000000e+00 3.183232238706675e-04 0.000000000000000e+00 0.000000000000000e+00 3.239924634287299e-03 2.361708993226703e-03 0.000000000000000e+00 1.069895422430381e-03 1.544713530066214e-03 1.155607723927855e-03 3.775367362089446e-04 7.270976440734907e-04 3.941114544837036e-03 4.240891145290922e-03 1.434483784392827e-05 0.000000000000000e+00 4.705884527582560e-03 
0.000000000000000e+00 0.000000000000000e+00 0.000000000000000e+00 0.000000000000000e+00 1.320228155622334e-03 3.882354003524364e-03 0.000000000000000e+00 0.000000000000000e+00 0.000000000000000e+00 1.036405585729962e-03 0.000000000000000e+00 0.000000000000000e+00 1.018220659698572e-04 1.278800565213194e-03 2.207275512295960e-03 0.000000000000000e+00 0.000000000000000e+00 1.463357441817745e-04 1.743817653001775e-03 4.490222365114625e-03 0.000000000000000e+00 6.308269257241672e-05 1.568596173745777e-03 1.944985144638121e-03 4.758965504347480e-03 
4.775351888804912e-03 0.000000000000000e+00 0.000000000000000e+00 4.820074181615262e-03 2.354626593821064e-03 1.564118839136031e-04 2.840088044152393e-03 0.000000000000000e+00 0.000000000000000e+00 1.551171919676147e-03 2.581556431904622e-03 2.578570954627336e-03 0.000000000000000e+00 0.000000000000000e+00 0.000000000000000e+00 1.379506155181232e-03 0.000000000000000e+00 4.219063565121054e-03 3.679884858584093e-03 1.335302225875066e-03 0.000000000000000e+00 0.000000000000000e+00 0.000000000000000e+00 4.809045730022822e-03 0.000000000000000e+00 