# # # File created on Mon Apr 29 14:18:14 2024
#  #  # The following metaparameters were used for this matrix optimization : gamma0 = 0.5; alpha0 = 0; sigma0 = 0.25; l0 = 1;p = 1; R0 = 1; S0 = 0.05; NR = 25; NS = 25; matrix path = matrices/Nr25_Nc25/consumption/RandTrix_Nr25_Nc25_Nest0.5_Conn0.2496.txt; convergence threshold = 1e-08
# 
8.894475252446923941e-01 3.029923069894238097e-01 5.229472831698406265e-01 0.000000000000000000e+00 0.000000000000000000e+00 3.155431825158362957e-01 0.000000000000000000e+00 9.733963294883062056e-02 0.000000000000000000e+00 1.229879517683647894e+00 0.000000000000000000e+00 0.000000000000000000e+00 5.868476560571020961e-01 4.858684714413161188e-01 2.213568760054697993e-01 0.000000000000000000e+00 0.000000000000000000e+00 0.000000000000000000e+00 0.000000000000000000e+00 0.000000000000000000e+00 1.870520934844233096e-01 0.000000000000000000e+00 6.910477973578917910e-01 1.250605709714357916e+00 3.036449116051456731e-01
0.000000000000000000e+00 1.385090883143925033e+00 0.000000000000000000e+00 6.679316872251410686e-01 0.000000000000000000e+00 0.000000000000000000e+00 9.027471422668058576e-01 0.000000000000000000e+00 0.000000000000000000e+00 0.000000000000000000e+00 6.235255909598107493e-01 0.000000000000000000e+00 0.000000000000000000e+00 0.000000000000000000e+00 5.516337018799948311e-01 0.000000000000000000e+00 0.000000000000000000e+00 0.000000000000000000e+00 0.000000000000000000e+00 3.008787604332885945e-01 0.000000000000000000e+00 8.573951007385910428e-01 5.127970392778931075e-01 0.000000000000000000e+00 7.744357108352460939e-01
0.000000000000000000e+00 1.892106207105913873e-01 2.955792911439296122e-01 4.082980268965645809e-01 0.000000000000000000e+00 4.589295386173123936e-01 8.487574429981772361e-01 4.263064694176956215e-01 0.000000000000000000e+00 9.169633194537356591e-01 1.273129257932434033e+00 0.000000000000000000e+00 0.000000000000000000e+00 3.949943971506027218e-02 5.597321544634449308e-01 0.000000000000000000e+00 7.470004583478946358e-01 0.000000000000000000e+00 0.000000000000000000e+00 0.000000000000000000e+00 0.000000000000000000e+00 8.888331361749894910e-01 2.429315525513431051e-01 0.000000000000000000e+00 0.000000000000000000e+00
0.000000000000000000e+00 1.434174670498324033e+00 0.000000000000000000e+00 0.000000000000000000e+00 1.302386568809033918e+00 0.000000000000000000e+00 0.000000000000000000e+00 0.000000000000000000e+00 0.000000000000000000e+00 0.000000000000000000e+00 0.000000000000000000e+00 0.000000000000000000e+00 0.000000000000000000e+00 0.000000000000000000e+00 5.933706760996634300e-01 0.000000000000000000e+00 0.000000000000000000e+00 0.000000000000000000e+00 3.766423103909846137e-01 0.000000000000000000e+00 0.000000000000000000e+00 0.000000000000000000e+00 0.000000000000000000e+00 7.251415468215430815e-01 1.157886625189475049e+00
0.000000000000000000e+00 6.871510573656652854e-01 0.000000000000000000e+00 0.000000000000000000e+00 0.000000000000000000e+00 7.491085871889779924e-01 0.000000000000000000e+00 6.659583336341438065e-01 4.761841819205051007e-01 1.496152687332976905e+00 0.000000000000000000e+00 0.000000000000000000e+00 0.000000000000000000e+00 0.000000000000000000e+00 0.000000000000000000e+00 0.000000000000000000e+00 1.127130460804671053e+00 0.000000000000000000e+00 5.251355985261003667e-01 0.000000000000000000e+00 1.003419187072216001e+00 0.000000000000000000e+00 0.000000000000000000e+00 4.315723416242719934e-01 0.000000000000000000e+00
0.000000000000000000e+00 0.000000000000000000e+00 0.000000000000000000e+00 0.000000000000000000e+00 0.000000000000000000e+00 9.516108732618598631e-02 8.958319755036806553e-01 1.356721063489513046e+00 0.000000000000000000e+00 0.000000000000000000e+00 0.000000000000000000e+00 0.000000000000000000e+00 0.000000000000000000e+00 0.000000000000000000e+00 1.089827733014786970e+00 0.000000000000000000e+00 9.166845277063551123e-01 0.000000000000000000e+00 8.777459481215806394e-03 0.000000000000000000e+00 9.185352656534462312e-02 0.000000000000000000e+00 0.000000000000000000e+00 0.000000000000000000e+00 0.000000000000000000e+00
7.898409708458488110e-01 2.852460834516851174e-01 0.000000000000000000e+00 6.777683846580526139e-02 0.000000000000000000e+00 2.685057619266639217e-01 9.841325667628547658e-01 1.040869575757910059e-01 1.032743585495637939e-01 0.000000000000000000e+00 4.546743838373489277e-01 0.000000000000000000e+00 0.000000000000000000e+00 3.889134176729179826e-01 1.491633853658405062e+00 0.000000000000000000e+00 0.000000000000000000e+00 1.290607515507438963e-01 0.000000000000000000e+00 0.000000000000000000e+00 0.000000000000000000e+00 0.000000000000000000e+00 0.000000000000000000e+00 0.000000000000000000e+00 0.000000000000000000e+00
0.000000000000000000e+00 0.000000000000000000e+00 2.670417923215844813e-01 0.000000000000000000e+00 4.330608129048068022e-01 0.000000000000000000e+00 0.000000000000000000e+00 0.000000000000000000e+00 6.154629621031033615e-01 1.074685227454386105e+00 0.000000000000000000e+00 0.000000000000000000e+00 0.000000000000000000e+00 0.000000000000000000e+00 5.331017796408354936e-01 0.000000000000000000e+00 1.119637735539529944e+00 0.000000000000000000e+00 0.000000000000000000e+00 0.000000000000000000e+00 0.000000000000000000e+00 0.000000000000000000e+00 0.000000000000000000e+00 0.000000000000000000e+00 1.072778398270765932e+00
1.343148556718195996e+00 1.306347360493146093e-01 2.453102852805540968e-01 5.735693750539312408e-01 0.000000000000000000e+00 0.000000000000000000e+00 2.431814016507390097e-01 0.000000000000000000e+00 0.000000000000000000e+00 0.000000000000000000e+00 0.000000000000000000e+00 0.000000000000000000e+00 0.000000000000000000e+00 0.000000000000000000e+00 0.000000000000000000e+00 6.566201001374206980e-02 3.136415786555420970e-01 0.000000000000000000e+00 0.000000000000000000e+00 0.000000000000000000e+00 0.000000000000000000e+00 0.000000000000000000e+00 0.000000000000000000e+00 0.000000000000000000e+00 0.000000000000000000e+00
2.053832084876530129e+00 0.000000000000000000e+00 1.936886042469050107e-01 0.000000000000000000e+00 0.000000000000000000e+00 0.000000000000000000e+00 2.855351703149798248e-01 0.000000000000000000e+00 0.000000000000000000e+00 0.000000000000000000e+00 0.000000000000000000e+00 0.000000000000000000e+00 0.000000000000000000e+00 0.000000000000000000e+00 0.000000000000000000e+00 0.000000000000000000e+00 0.000000000000000000e+00 0.000000000000000000e+00 0.000000000000000000e+00 0.000000000000000000e+00 9.966806545674275486e-02 0.000000000000000000e+00 0.000000000000000000e+00 0.000000000000000000e+00 0.000000000000000000e+00
4.630545585789982987e-01 9.419914512855650512e-01 0.000000000000000000e+00 0.000000000000000000e+00 0.000000000000000000e+00 0.000000000000000000e+00 6.000511617606545389e-01 0.000000000000000000e+00 0.000000000000000000e+00 6.910952336662615769e-01 0.000000000000000000e+00 0.000000000000000000e+00 0.000000000000000000e+00 0.000000000000000000e+00 0.000000000000000000e+00 0.000000000000000000e+00 0.000000000000000000e+00 1.702259495858609029e-01 0.000000000000000000e+00 0.000000000000000000e+00 1.068650256942685894e+00 0.000000000000000000e+00 1.806462588347188980e+00 0.000000000000000000e+00 1.402643572341897960e+00
4.162026037102106724e-01 3.921834809313645143e-01 0.000000000000000000e+00 0.000000000000000000e+00 0.000000000000000000e+00 6.622577225447698890e-01 4.711796134122548940e-01 0.000000000000000000e+00 0.000000000000000000e+00 6.575587796693314058e-01 6.558705678739943368e-01 0.000000000000000000e+00 0.000000000000000000e+00 1.355615392616159876e-01 6.470339494859288498e-01 0.000000000000000000e+00 0.000000000000000000e+00 0.000000000000000000e+00 0.000000000000000000e+00 0.000000000000000000e+00 0.000000000000000000e+00 0.000000000000000000e+00 0.000000000000000000e+00 7.301994173703821867e-01 0.000000000000000000e+00
0.000000000000000000e+00 1.144106646860600041e+00 0.000000000000000000e+00 4.704436139806615902e-01 0.000000000000000000e+00 0.000000000000000000e+00 0.000000000000000000e+00 0.000000000000000000e+00 2.876515356733749806e-01 0.000000000000000000e+00 0.000000000000000000e+00 0.000000000000000000e+00 0.000000000000000000e+00 0.000000000000000000e+00 0.000000000000000000e+00 0.000000000000000000e+00 0.000000000000000000e+00 1.963179967179786989e-01 0.000000000000000000e+00 0.000000000000000000e+00 0.000000000000000000e+00 3.359037181312031217e-01 1.052807848404899049e+00 0.000000000000000000e+00 9.260084072650428544e-01
4.605422138833438761e-01 3.779485714630472781e-01 0.000000000000000000e+00 0.000000000000000000e+00 0.000000000000000000e+00 0.000000000000000000e+00 0.000000000000000000e+00 0.000000000000000000e+00 0.000000000000000000e+00 0.000000000000000000e+00 7.487756878501251601e-01 0.000000000000000000e+00 3.803669880174118112e-01 0.000000000000000000e+00 0.000000000000000000e+00 0.000000000000000000e+00 0.000000000000000000e+00 0.000000000000000000e+00 9.102052854715297903e-02 0.000000000000000000e+00 0.000000000000000000e+00 0.000000000000000000e+00 0.000000000000000000e+00 9.194648256720131529e-01 0.000000000000000000e+00
0.000000000000000000e+00 0.000000000000000000e+00 4.676148565873021745e-01 4.867151955703659105e-01 4.099407667869566230e-01 0.000000000000000000e+00 0.000000000000000000e+00 0.000000000000000000e+00 0.000000000000000000e+00 5.356478128513765258e-01 0.000000000000000000e+00 0.000000000000000000e+00 0.000000000000000000e+00 0.000000000000000000e+00 3.542506203802331943e-01 0.000000000000000000e+00 0.000000000000000000e+00 0.000000000000000000e+00 0.000000000000000000e+00 0.000000000000000000e+00 0.000000000000000000e+00 0.000000000000000000e+00 0.000000000000000000e+00 0.000000000000000000e+00 0.000000000000000000e+00
0.000000000000000000e+00 0.000000000000000000e+00 5.334374235374829132e-01 0.000000000000000000e+00 0.000000000000000000e+00 0.000000000000000000e+00 3.692978380752263146e-01 0.000000000000000000e+00 0.000000000000000000e+00 0.000000000000000000e+00 0.000000000000000000e+00 0.000000000000000000e+00 3.113246365750031996e-01 0.000000000000000000e+00 0.000000000000000000e+00 0.000000000000000000e+00 2.213273018404202097e-01 1.082192619165888992e-01 0.000000000000000000e+00 0.000000000000000000e+00 0.000000000000000000e+00 0.000000000000000000e+00 0.000000000000000000e+00 0.000000000000000000e+00 3.597680373685546718e-02
0.000000000000000000e+00 5.983324351029633004e-01 7.026565608144511588e-01 0.000000000000000000e+00 0.000000000000000000e+00 0.000000000000000000e+00 0.000000000000000000e+00 0.000000000000000000e+00 3.476112420925345226e-01 0.000000000000000000e+00 0.000000000000000000e+00 0.000000000000000000e+00 0.000000000000000000e+00 0.000000000000000000e+00 0.000000000000000000e+00 0.000000000000000000e+00 0.000000000000000000e+00 9.399065844784870727e-02 3.353490926922177984e-01 0.000000000000000000e+00 0.000000000000000000e+00 5.035378198393226645e-01 0.000000000000000000e+00 6.826751385565114072e-01 0.000000000000000000e+00
0.000000000000000000e+00 1.594327864106173109e-01 0.000000000000000000e+00 3.563011348263633860e-01 5.534159885088969499e-01 0.000000000000000000e+00 0.000000000000000000e+00 0.000000000000000000e+00 0.000000000000000000e+00 0.000000000000000000e+00 3.625028101646191048e-01 0.000000000000000000e+00 0.000000000000000000e+00 0.000000000000000000e+00 0.000000000000000000e+00 0.000000000000000000e+00 0.000000000000000000e+00 4.618945532986695746e-01 0.000000000000000000e+00 0.000000000000000000e+00 0.000000000000000000e+00 0.000000000000000000e+00 0.000000000000000000e+00 1.503389021968760120e-01 0.000000000000000000e+00
0.000000000000000000e+00 0.000000000000000000e+00 0.000000000000000000e+00 3.866853028611095811e-01 3.134079379521360065e-01 0.000000000000000000e+00 0.000000000000000000e+00 2.192991124633996911e-02 0.000000000000000000e+00 7.857497594347684355e-01 0.000000000000000000e+00 0.000000000000000000e+00 0.000000000000000000e+00 0.000000000000000000e+00 0.000000000000000000e+00 3.652904771289600117e-01 0.000000000000000000e+00 0.000000000000000000e+00 0.000000000000000000e+00 0.000000000000000000e+00 0.000000000000000000e+00 0.000000000000000000e+00 6.634515531869766836e-01 0.000000000000000000e+00 0.000000000000000000e+00
2.568000490911466205e-01 1.898220780731796897e-01 0.000000000000000000e+00 0.000000000000000000e+00 0.000000000000000000e+00 0.000000000000000000e+00 0.000000000000000000e+00 0.000000000000000000e+00 0.000000000000000000e+00 0.000000000000000000e+00 0.000000000000000000e+00 0.000000000000000000e+00 0.000000000000000000e+00 3.757405087100357810e-01 0.000000000000000000e+00 0.000000000000000000e+00 0.000000000000000000e+00 0.000000000000000000e+00 1.288944283076655928e-01 0.000000000000000000e+00 0.000000000000000000e+00 0.000000000000000000e+00 0.000000000000000000e+00 0.000000000000000000e+00 0.000000000000000000e+00
0.000000000000000000e+00 1.175202754505608009e-02 0.000000000000000000e+00 0.000000000000000000e+00 0.000000000000000000e+00 0.000000000000000000e+00 0.000000000000000000e+00 0.000000000000000000e+00 0.000000000000000000e+00 0.000000000000000000e+00 0.000000000000000000e+00 0.000000000000000000e+00 4.279766254961289151e-01 0.000000000000000000e+00 0.000000000000000000e+00 4.711778772928347792e-01 0.000000000000000000e+00 0.000000000000000000e+00 0.000000000000000000e+00 0.000000000000000000e+00 0.000000000000000000e+00 0.000000000000000000e+00 0.000000000000000000e+00 0.000000000000000000e+00 0.000000000000000000e+00
0.000000000000000000e+00 0.000000000000000000e+00 0.000000000000000000e+00 0.000000000000000000e+00 0.000000000000000000e+00 0.000000000000000000e+00 0.000000000000000000e+00 1.106119150076124991e-02 0.000000000000000000e+00 0.000000000000000000e+00 0.000000000000000000e+00 5.071339740572976540e-01 0.000000000000000000e+00 0.000000000000000000e+00 0.000000000000000000e+00 0.000000000000000000e+00 0.000000000000000000e+00 0.000000000000000000e+00 0.000000000000000000e+00 0.000000000000000000e+00 2.203950374895488964e-02 0.000000000000000000e+00 0.000000000000000000e+00 3.181316866021686174e-01 0.000000000000000000e+00
0.000000000000000000e+00 0.000000000000000000e+00 0.000000000000000000e+00 5.839303936380223492e-01 0.000000000000000000e+00 0.000000000000000000e+00 0.000000000000000000e+00 0.000000000000000000e+00 0.000000000000000000e+00 0.000000000000000000e+00 0.000000000000000000e+00 0.000000000000000000e+00 0.000000000000000000e+00 0.000000000000000000e+00 0.000000000000000000e+00 0.000000000000000000e+00 0.000000000000000000e+00 0.000000000000000000e+00 0.000000000000000000e+00 0.000000000000000000e+00 0.000000000000000000e+00 0.000000000000000000e+00 1.871209941720166914e-01 0.000000000000000000e+00 0.000000000000000000e+00
0.000000000000000000e+00 0.000000000000000000e+00 2.217187632810092013e-01 0.000000000000000000e+00 0.000000000000000000e+00 0.000000000000000000e+00 1.913211824400173899e-01 0.000000000000000000e+00 0.000000000000000000e+00 0.000000000000000000e+00 0.000000000000000000e+00 0.000000000000000000e+00 0.000000000000000000e+00 0.000000000000000000e+00 2.860519177544710856e-01 0.000000000000000000e+00 0.000000000000000000e+00 0.000000000000000000e+00 0.000000000000000000e+00 0.000000000000000000e+00 0.000000000000000000e+00 0.000000000000000000e+00 0.000000000000000000e+00 0.000000000000000000e+00 0.000000000000000000e+00
0.000000000000000000e+00 0.000000000000000000e+00 0.000000000000000000e+00 0.000000000000000000e+00 0.000000000000000000e+00 0.000000000000000000e+00 3.486794950419978140e-02 0.000000000000000000e+00 0.000000000000000000e+00 0.000000000000000000e+00 0.000000000000000000e+00 0.000000000000000000e+00 0.000000000000000000e+00 2.708176233155270007e-01 0.000000000000000000e+00 0.000000000000000000e+00 0.000000000000000000e+00 0.000000000000000000e+00 0.000000000000000000e+00 0.000000000000000000e+00 0.000000000000000000e+00 0.000000000000000000e+00 0.000000000000000000e+00 0.000000000000000000e+00 0.000000000000000000e+00
