# File created on Fri May 17 15:41:51 2024
# The following metaparameters were used for this matrix optimization : gamma0 = 0.5; alpha0 = 0; sigma0 = 0.25; l0 = 1;p = 1; R0 = 1; S0 = 0.05; NR = 25; NS = 25; matrix path = matrices/Nr25_Nc25/consumption/RandTrix_Nr25_Nc25_Nest0.4_Conn0.272.txt; convergence threshold = 1e-08
1.499027929305807e-03 3.327859025076722e-04 0.000000000000000e+00 0.000000000000000e+00 0.000000000000000e+00 0.000000000000000e+00 0.000000000000000e+00 1.908897237429294e-03 0.000000000000000e+00 0.000000000000000e+00 0.000000000000000e+00 0.000000000000000e+00 0.000000000000000e+00 1.737940460630048e-03 0.000000000000000e+00 0.000000000000000e+00 0.000000000000000e+00 3.654057126960479e-03 1.126591751580126e-03 0.000000000000000e+00 3.174002984078049e-03 0.000000000000000e+00 4.032445664167868e-04 0.000000000000000e+00 3.488066446670595e-03 
0.000000000000000e+00 2.784418472937425e-04 0.000000000000000e+00 2.254960005308172e-03 2.168677603126390e-03 1.744006829203206e-03 4.520018363643565e-03 0.000000000000000e+00 4.190900034527475e-03 4.866888963659056e-03 0.000000000000000e+00 4.289802902051128e-03 0.000000000000000e+00 0.000000000000000e+00 7.590752440799265e-05 2.207575773496566e-03 2.721041739756526e-03 0.000000000000000e+00 0.000000000000000e+00 3.352058759689806e-03 1.179752246684961e-03 0.000000000000000e+00 1.944812330667050e-05 1.813717522637431e-03 2.227181970886789e-03 
0.000000000000000e+00 0.000000000000000e+00 1.753549077337951e-03 0.000000000000000e+00 1.075811335410486e-03 3.919943237818663e-03 0.000000000000000e+00 0.000000000000000e+00 0.000000000000000e+00 0.000000000000000e+00 2.832360089731476e-03 0.000000000000000e+00 2.149384749648910e-03 0.000000000000000e+00 0.000000000000000e+00 0.000000000000000e+00 0.000000000000000e+00 0.000000000000000e+00 0.000000000000000e+00 2.965673915142608e-03 1.542019439490163e-03 2.356142875322752e-05 0.000000000000000e+00 0.000000000000000e+00 0.000000000000000e+00 
0.000000000000000e+00 0.000000000000000e+00 2.984356322754078e-03 3.871398657507375e-03 0.000000000000000e+00 2.144600789690889e-03 3.499907296331459e-03 1.424614411453663e-03 0.000000000000000e+00 0.000000000000000e+00 0.000000000000000e+00 2.475041219260484e-03 0.000000000000000e+00 2.448166794559606e-03 3.768875410459654e-03 1.573421010756991e-03 4.094495295080198e-03 0.000000000000000e+00 2.357614139295693e-03 0.000000000000000e+00 3.751437685234280e-03 6.310776649550775e-04 0.000000000000000e+00 0.000000000000000e+00 0.000000000000000e+00 
4.013300772147495e-03 0.000000000000000e+00 0.000000000000000e+00 4.771197422856285e-03 1.068055830452160e-03 1.209510145778848e-03 0.000000000000000e+00 2.767686288755188e-03 4.593111352421374e-03 1.673527460764746e-03 3.502181876699722e-04 2.663382228539077e-03 2.229172648623844e-03 0.000000000000000e+00 3.587908807728838e-03 1.094745458793863e-03 0.000000000000000e+00 4.853526148788942e-03 0.000000000000000e+00 3.704009318508797e-03 0.000000000000000e+00 0.000000000000000e+00 0.000000000000000e+00 0.000000000000000e+00 0.000000000000000e+00 
4.194693904032225e-03 4.082872422995227e-03 0.000000000000000e+00 0.000000000000000e+00 4.778310347845595e-04 6.926736892538066e-04 0.000000000000000e+00 2.345864996977280e-03 0.000000000000000e+00 3.944867568606651e-03 4.713662614067683e-03 8.837469951150234e-04 4.984970515622305e-03 0.000000000000000e+00 0.000000000000000e+00 3.157543863550216e-03 4.054528059230073e-03 2.214015135043457e-03 2.076494042661476e-03 0.000000000000000e+00 0.000000000000000e+00 3.034503213871550e-03 7.354031054502447e-04 1.816821627759962e-03 0.000000000000000e+00 
1.045321728333439e-03 0.000000000000000e+00 4.571791963684288e-04 6.086192123421544e-04 0.000000000000000e+00 0.000000000000000e+00 0.000000000000000e+00 0.000000000000000e+00 1.774539335932784e-03 3.019251033350107e-03 3.691026793865097e-03 0.000000000000000e+00 0.000000000000000e+00 0.000000000000000e+00 4.350687529042250e-03 1.827354739340683e-03 3.004787030719922e-03 1.302539741499189e-04 0.000000000000000e+00 0.000000000000000e+00 0.000000000000000e+00 0.000000000000000e+00 0.000000000000000e+00 1.845460598148198e-03 1.832365651647392e-03 
9.489177356701528e-04 4.515573211715940e-03 0.000000000000000e+00 0.000000000000000e+00 2.758877900220155e-03 1.163088686832539e-03 0.000000000000000e+00 0.000000000000000e+00 4.684352667888303e-03 1.320860136986082e-03 2.203214305837310e-04 0.000000000000000e+00 0.000000000000000e+00 0.000000000000000e+00 0.000000000000000e+00 0.000000000000000e+00 0.000000000000000e+00 2.758586160924030e-03 0.000000000000000e+00 0.000000000000000e+00 0.000000000000000e+00 0.000000000000000e+00 4.444776084645498e-03 6.867128938643132e-04 0.000000000000000e+00 
0.000000000000000e+00 0.000000000000000e+00 3.468115382916957e-03 4.790935345575527e-03 0.000000000000000e+00 1.766251986275733e-03 0.000000000000000e+00 0.000000000000000e+00 0.000000000000000e+00 1.515105976985041e-03 4.901208694218148e-03 0.000000000000000e+00 0.000000000000000e+00 1.862753190685019e-04 0.000000000000000e+00 4.411490931451910e-03 0.000000000000000e+00 0.000000000000000e+00 1.113464136964783e-03 0.000000000000000e+00 0.000000000000000e+00 0.000000000000000e+00 0.000000000000000e+00 3.332949983391221e-03 4.605481022135647e-03 
0.000000000000000e+00 0.000000000000000e+00 2.746912376303659e-04 3.903404739778061e-03 0.000000000000000e+00 0.000000000000000e+00 0.000000000000000e+00 0.000000000000000e+00 3.787792413050911e-03 0.000000000000000e+00 0.000000000000000e+00 0.000000000000000e+00 4.180912880263490e-03 9.255318084498389e-04 0.000000000000000e+00 3.991904888933159e-04 1.176124025626157e-03 0.000000000000000e+00 0.000000000000000e+00 2.004013061337044e-03 4.459931273855277e-03 0.000000000000000e+00 2.880395291387698e-03 5.223931783664296e-05 0.000000000000000e+00 
0.000000000000000e+00 4.131912179099788e-03 0.000000000000000e+00 2.307146124050626e-03 0.000000000000000e+00 0.000000000000000e+00 0.000000000000000e+00 1.695130597160990e-03 3.568124361373315e-03 8.549268910632260e-04 0.000000000000000e+00 6.940469713359665e-04 6.801684966320645e-04 2.968639533161703e-03 9.999366167999588e-04 0.000000000000000e+00 4.469321250478663e-03 1.435406058581163e-03 4.059368383206106e-03 3.907614956958781e-03 0.000000000000000e+00 0.000000000000000e+00 0.000000000000000e+00 3.106800216880199e-03 0.000000000000000e+00 
7.496545234301687e-04 0.000000000000000e+00 3.068397496418791e-03 0.000000000000000e+00 0.000000000000000e+00 2.677811528152405e-03 0.000000000000000e+00 0.000000000000000e+00 0.000000000000000e+00 3.389512642327310e-03 0.000000000000000e+00 0.000000000000000e+00 3.961317788106510e-04 0.000000000000000e+00 0.000000000000000e+00 0.000000000000000e+00 0.000000000000000e+00 0.000000000000000e+00 2.322726183123201e-03 6.799700477597929e-04 1.901275148059136e-03 0.000000000000000e+00 0.000000000000000e+00 0.000000000000000e+00 0.000000000000000e+00 
0.000000000000000e+00 0.000000000000000e+00 0.000000000000000e+00 0.000000000000000e+00 0.000000000000000e+00 0.000000000000000e+00 0.000000000000000e+00 0.000000000000000e+00 3.442408851611425e-03 2.071707296391469e-03 0.000000000000000e+00 1.414171071366719e-03 0.000000000000000e+00 3.320709609031029e-03 0.000000000000000e+00 2.750896993503308e-03 0.000000000000000e+00 0.000000000000000e+00 3.047281179559160e-04 0.000000000000000e+00 0.000000000000000e+00 0.000000000000000e+00 0.000000000000000e+00 1.275418361634048e-04 0.000000000000000e+00 
6.457458620124737e-04 0.000000000000000e+00 0.000000000000000e+00 3.680074410581919e-03 0.000000000000000e+00 0.000000000000000e+00 2.543342877690958e-03 3.254914317879955e-03 0.000000000000000e+00 2.341830308309566e-03 0.000000000000000e+00 3.763771211228504e-03 0.000000000000000e+00 3.769571099482242e-03 7.562598207991395e-04 0.000000000000000e+00 2.444416712977599e-03 3.341643018462996e-03 0.000000000000000e+00 2.156309401514165e-03 0.000000000000000e+00 0.000000000000000e+00 2.799401069992813e-03 1.732638108062764e-03 4.544597102168351e-03 
2.712623352375086e-03 4.172333123659527e-03 0.000000000000000e+00 4.353180347283640e-03 0.000000000000000e+00 0.000000000000000e+00 4.233739616810776e-03 2.624909894167802e-03 6.133226295274470e-05 3.233653631861098e-03 0.000000000000000e+00 3.190004290938405e-03 2.924498080772268e-03 3.998423141331738e-04 4.295985641622605e-04 4.355986570992010e-03 4.182393138486476e-03 0.000000000000000e+00 4.084094592476321e-03 5.357585097536410e-04 3.302680563630593e-04 3.297067472835037e-03 4.334532532119682e-03 0.000000000000000e+00 3.853755402453523e-03 
1.436710289198033e-03 0.000000000000000e+00 2.666682182288271e-03 0.000000000000000e+00 3.557607434887433e-03 4.644724357606851e-03 0.000000000000000e+00 0.000000000000000e+00 4.306940249030423e-03 3.878521121171813e-03 0.000000000000000e+00 2.674719487208464e-03 0.000000000000000e+00 1.478052997752270e-03 0.000000000000000e+00 0.000000000000000e+00 3.901731854838338e-03 3.917035862826426e-04 0.000000000000000e+00 0.000000000000000e+00 2.288168884834796e-03 2.941251557257076e-03 2.803235452463334e-03 4.045343633080414e-03 4.204777773997289e-03 
0.000000000000000e+00 4.873765305767436e-03 0.000000000000000e+00 0.000000000000000e+00 0.000000000000000e+00 0.000000000000000e+00 5.476790191956252e-04 3.324644236070318e-03 2.247031729804845e-03 2.587552431422064e-03 0.000000000000000e+00 0.000000000000000e+00 1.940332619409042e-03 0.000000000000000e+00 4.778263628563135e-03 0.000000000000000e+00 0.000000000000000e+00 2.053511792318973e-03 1.025300401665176e-03 0.000000000000000e+00 0.000000000000000e+00 3.336793422795501e-03 3.007409654235116e-03 1.914048456718522e-03 2.545475695234772e-03 
0.000000000000000e+00 0.000000000000000e+00 0.000000000000000e+00 0.000000000000000e+00 0.000000000000000e+00 0.000000000000000e+00 1.965175604923358e-04 0.000000000000000e+00 0.000000000000000e+00 3.911386971187881e-03 0.000000000000000e+00 3.374782799939524e-04 0.000000000000000e+00 0.000000000000000e+00 0.000000000000000e+00 0.000000000000000e+00 2.901101090586892e-03 0.000000000000000e+00 3.226945963595591e-03 3.388669636270428e-04 1.848579246396422e-03 2.505296705639312e-03 0.000000000000000e+00 0.000000000000000e+00 0.000000000000000e+00 
1.903534230384947e-03 2.575711396792212e-03 0.000000000000000e+00 7.840449603166514e-04 2.903634307739765e-03 4.609836067206825e-03 3.468703245388697e-03 3.195089784197945e-03 0.000000000000000e+00 1.778625345407897e-03 4.748305035980644e-03 2.478062735787088e-03 3.155646012563491e-03 4.888258719458506e-03 2.919185883512628e-03 3.525543362393065e-03 0.000000000000000e+00 4.173817465671974e-03 0.000000000000000e+00 4.825010837593245e-03 0.000000000000000e+00 0.000000000000000e+00 3.650748665481487e-04 0.000000000000000e+00 1.330305302672017e-03 
2.646417409534583e-03 3.178564413956632e-03 6.485532125718552e-04 0.000000000000000e+00 0.000000000000000e+00 2.529040398855559e-03 3.122210143557815e-03 0.000000000000000e+00 0.000000000000000e+00 1.194324054498475e-03 0.000000000000000e+00 2.245971519292583e-03 4.591446947317477e-03 0.000000000000000e+00 0.000000000000000e+00 4.247348901203104e-03 0.000000000000000e+00 3.448006781232874e-03 0.000000000000000e+00 0.000000000000000e+00 0.000000000000000e+00 1.988210353143698e-03 1.123423983151263e-04 0.000000000000000e+00 0.000000000000000e+00 
2.509540711469259e-03 2.842893114648044e-03 2.608798557583095e-03 0.000000000000000e+00 0.000000000000000e+00 0.000000000000000e+00 0.000000000000000e+00 0.000000000000000e+00 0.000000000000000e+00 1.754066549661914e-03 0.000000000000000e+00 0.000000000000000e+00 0.000000000000000e+00 0.000000000000000e+00 3.855378058036123e-03 0.000000000000000e+00 0.000000000000000e+00 4.872477426232269e-03 0.000000000000000e+00 3.717054018153518e-03 1.221993929563052e-03 0.000000000000000e+00 0.000000000000000e+00 4.037959476748864e-03 0.000000000000000e+00 
0.000000000000000e+00 2.525683993727060e-03 3.051522556706024e-03 0.000000000000000e+00 1.726676730233165e-03 1.039063893235274e-03 1.056188061633793e-03 0.000000000000000e+00 0.000000000000000e+00 1.611269999635187e-03 3.961873111128913e-03 0.000000000000000e+00 8.311225979602797e-04 8.332824841184563e-04 1.189388801887967e-03 4.830975696663606e-03 0.000000000000000e+00 3.188222250565076e-03 2.484947764386831e-03 1.028758049913243e-03 4.216642325427158e-03 3.558828383789934e-03 0.000000000000000e+00 0.000000000000000e+00 0.000000000000000e+00 
8.736511781819061e-04 0.000000000000000e+00 0.000000000000000e+00 3.742220427563446e-03 0.000000000000000e+00 0.000000000000000e+00 1.251113359357652e-03 0.000000000000000e+00 5.412049456874742e-04 4.414871346395359e-04 8.787413692688817e-05 0.000000000000000e+00 0.000000000000000e+00 2.642405502417541e-05 4.157192080287060e-03 2.355929041791614e-03 3.577777076334751e-03 8.383350682539125e-04 2.013472882659408e-03 1.756238493771114e-03 3.625281294129658e-03 7.228794580145283e-04 1.845841881362099e-03 0.000000000000000e+00 0.000000000000000e+00 
1.471058070630188e-03 4.609770051143147e-03 0.000000000000000e+00 4.578449459782898e-03 0.000000000000000e+00 0.000000000000000e+00 2.042046799309356e-03 0.000000000000000e+00 0.000000000000000e+00 0.000000000000000e+00 0.000000000000000e+00 0.000000000000000e+00 0.000000000000000e+00 2.653446691321292e-04 0.000000000000000e+00 0.000000000000000e+00 0.000000000000000e+00 4.695118897390781e-03 4.069087618872361e-03 2.727125847362144e-03 0.000000000000000e+00 1.266954611057517e-03 0.000000000000000e+00 0.000000000000000e+00 3.260433908076831e-04 
0.000000000000000e+00 7.233621238496818e-04 0.000000000000000e+00 1.393554061736947e-03 0.000000000000000e+00 2.509606189190550e-03 1.664191395978888e-03 5.161693423280341e-04 1.144059351970460e-03 4.261876578118852e-03 0.000000000000000e+00 0.000000000000000e+00 3.967515643251656e-03 0.000000000000000e+00 8.702277340171127e-04 0.000000000000000e+00 0.000000000000000e+00 2.558035855840315e-03 0.000000000000000e+00 0.000000000000000e+00 2.649753861149328e-03 0.000000000000000e+00 8.668630176128886e-04 4.489473403886320e-03 3.961009480550338e-03 