# File created on Fri May 17 15:41:48 2024
# The following metaparameters were used for this matrix optimization : gamma0 = 0.5; alpha0 = 0; sigma0 = 0.25; l0 = 1;p = 1; R0 = 1; S0 = 0.05; NR = 25; NS = 25; matrix path = matrices/Nr25_Nc25/consumption/RandTrix_Nr25_Nc25_Nest0.2_Conn0.1328.txt; convergence threshold = 1e-08
9.533919932209752e-04 1.189984005280046e-03 0.000000000000000e+00 0.000000000000000e+00 1.440835862899356e-03 9.574094865954518e-04 0.000000000000000e+00 4.902254083359692e-03 3.027128181883079e-03 4.032908217564935e-03 0.000000000000000e+00 3.649392857028263e-03 0.000000000000000e+00 0.000000000000000e+00 0.000000000000000e+00 3.411257526953358e-03 0.000000000000000e+00 3.595135143422798e-03 8.494719824201729e-04 2.245725390540180e-03 4.919742117542296e-03 0.000000000000000e+00 1.130500777837384e-03 1.711710262259725e-03 0.000000000000000e+00 
0.000000000000000e+00 0.000000000000000e+00 0.000000000000000e+00 4.512418324790876e-03 0.000000000000000e+00 0.000000000000000e+00 0.000000000000000e+00 1.751046038794099e-03 0.000000000000000e+00 0.000000000000000e+00 7.370009997102554e-04 0.000000000000000e+00 3.066530795686744e-03 0.000000000000000e+00 0.000000000000000e+00 0.000000000000000e+00 0.000000000000000e+00 4.673788669777187e-03 4.507597315211813e-04 0.000000000000000e+00 1.739618460707617e-03 5.873824206658942e-04 0.000000000000000e+00 0.000000000000000e+00 1.541263004307761e-03 
3.545430916146508e-03 0.000000000000000e+00 2.720822872548472e-03 2.013390149849548e-03 0.000000000000000e+00 3.481566900282854e-03 0.000000000000000e+00 1.016347751325873e-04 0.000000000000000e+00 0.000000000000000e+00 2.922141086990891e-03 0.000000000000000e+00 3.423214077932313e-03 3.057151521582694e-03 2.569280510979480e-04 0.000000000000000e+00 0.000000000000000e+00 0.000000000000000e+00 5.695330865272212e-04 0.000000000000000e+00 0.000000000000000e+00 9.733084093732223e-05 4.290869444548106e-03 0.000000000000000e+00 0.000000000000000e+00 
0.000000000000000e+00 0.000000000000000e+00 2.875329113047139e-03 0.000000000000000e+00 0.000000000000000e+00 0.000000000000000e+00 1.446965496970699e-03 0.000000000000000e+00 4.531706963946341e-03 4.104272475011762e-03 0.000000000000000e+00 0.000000000000000e+00 0.000000000000000e+00 3.963401060857707e-03 0.000000000000000e+00 4.870989827762871e-03 2.285720355507806e-03 2.679826213770339e-03 0.000000000000000e+00 0.000000000000000e+00 4.965438330055184e-03 3.771514144711154e-03 0.000000000000000e+00 0.000000000000000e+00 0.000000000000000e+00 
0.000000000000000e+00 1.885207967939792e-03 0.000000000000000e+00 0.000000000000000e+00 4.822221600510221e-03 1.948664444837647e-03 0.000000000000000e+00 0.000000000000000e+00 3.036023181516986e-03 4.832898477213157e-03 0.000000000000000e+00 0.000000000000000e+00 3.325764103828731e-03 3.639756594666843e-03 3.310373512595121e-03 1.487974236737472e-03 0.000000000000000e+00 2.642118695810543e-03 0.000000000000000e+00 0.000000000000000e+00 0.000000000000000e+00 0.000000000000000e+00 3.459672084656430e-03 0.000000000000000e+00 0.000000000000000e+00 
0.000000000000000e+00 0.000000000000000e+00 3.956572701612694e-03 0.000000000000000e+00 0.000000000000000e+00 1.833003816668939e-03 1.677675420675279e-04 0.000000000000000e+00 3.810963075101050e-03 4.424350527316011e-03 0.000000000000000e+00 0.000000000000000e+00 0.000000000000000e+00 4.671115405259511e-03 3.943624019318706e-03 0.000000000000000e+00 0.000000000000000e+00 1.795081763537650e-03 4.327751997589747e-03 0.000000000000000e+00 4.452669008838134e-03 3.377979730376856e-03 0.000000000000000e+00 0.000000000000000e+00 0.000000000000000e+00 
3.187748595649308e-04 0.000000000000000e+00 8.884105030561541e-04 1.303543332085272e-03 1.096120065866667e-03 1.104459296073281e-03 3.136965507754609e-03 3.584020255830162e-04 4.161851415206624e-03 2.033348500992146e-03 9.991567903968658e-04 3.586445083464190e-03 6.270846870323670e-04 4.433737658701322e-03 0.000000000000000e+00 0.000000000000000e+00 4.213763551969209e-03 3.988905888591505e-03 0.000000000000000e+00 0.000000000000000e+00 0.000000000000000e+00 3.536380018546821e-03 1.737086832763740e-03 0.000000000000000e+00 0.000000000000000e+00 
2.775632653700672e-03 0.000000000000000e+00 3.556940922821341e-03 0.000000000000000e+00 2.333429514874557e-03 9.624125169758102e-04 0.000000000000000e+00 1.733139770871719e-04 0.000000000000000e+00 1.041881598797983e-03 0.000000000000000e+00 0.000000000000000e+00 0.000000000000000e+00 1.754780193793419e-04 0.000000000000000e+00 3.661608988176784e-03 2.375195917580682e-03 0.000000000000000e+00 1.867561422716300e-03 3.287083528491136e-03 1.135457277939617e-03 0.000000000000000e+00 9.255267705758496e-04 0.000000000000000e+00 0.000000000000000e+00 
0.000000000000000e+00 5.859885006551443e-04 0.000000000000000e+00 0.000000000000000e+00 0.000000000000000e+00 1.696223536244222e-03 4.531903003569899e-03 0.000000000000000e+00 0.000000000000000e+00 4.034311391175986e-03 0.000000000000000e+00 0.000000000000000e+00 4.722147245189337e-03 4.064524636181612e-03 0.000000000000000e+00 0.000000000000000e+00 0.000000000000000e+00 4.598012879319815e-03 0.000000000000000e+00 0.000000000000000e+00 0.000000000000000e+00 3.446737897836226e-03 1.044714691447761e-03 0.000000000000000e+00 1.048678509372121e-04 
0.000000000000000e+00 4.126047216990945e-04 4.170122108785595e-03 0.000000000000000e+00 0.000000000000000e+00 1.271946786151002e-03 1.683070804058685e-03 2.843897296753171e-03 2.315350275595092e-03 0.000000000000000e+00 0.000000000000000e+00 4.612455925538661e-03 0.000000000000000e+00 2.317157669175215e-04 0.000000000000000e+00 3.450247196062033e-03 3.323513834525602e-03 0.000000000000000e+00 0.000000000000000e+00 4.425554271582012e-03 5.050430730939124e-04 0.000000000000000e+00 4.693138786900055e-03 0.000000000000000e+00 1.198169765057579e-03 
4.280601635634862e-03 0.000000000000000e+00 0.000000000000000e+00 2.565518966090615e-03 3.498480529144941e-03 4.083646255587080e-03 1.255038638230066e-03 0.000000000000000e+00 0.000000000000000e+00 0.000000000000000e+00 1.250173632395231e-04 0.000000000000000e+00 4.349984991217779e-03 2.787959897200720e-03 0.000000000000000e+00 0.000000000000000e+00 0.000000000000000e+00 0.000000000000000e+00 0.000000000000000e+00 3.126371165220338e-04 0.000000000000000e+00 4.643610427271514e-04 0.000000000000000e+00 0.000000000000000e+00 0.000000000000000e+00 
1.941498372456242e-03 3.362717223868401e-03 0.000000000000000e+00 6.589419243006993e-04 4.050038650636613e-03 0.000000000000000e+00 2.177450485375609e-06 4.044307006962706e-03 4.062677477652523e-03 0.000000000000000e+00 0.000000000000000e+00 2.755450644624728e-03 1.950714735303628e-03 4.233847836810026e-03 1.935249830948953e-03 2.657992773056438e-03 3.719634346538858e-03 0.000000000000000e+00 0.000000000000000e+00 4.514089493808635e-03 1.073639813248381e-03 3.450187995308609e-03 3.780506771107277e-04 3.062959381172343e-03 4.022974329930689e-03 
2.651039630251007e-03 7.492306845130866e-04 3.490564880817387e-04 4.349335504840028e-04 0.000000000000000e+00 4.996489856441678e-03 0.000000000000000e+00 1.292215725305844e-03 0.000000000000000e+00 0.000000000000000e+00 0.000000000000000e+00 7.210846567161866e-04 0.000000000000000e+00 0.000000000000000e+00 0.000000000000000e+00 2.648448501701337e-04 0.000000000000000e+00 0.000000000000000e+00 5.455559286517528e-04 1.926746696830595e-03 8.828284629599368e-04 2.889034048763838e-03 3.958395420807946e-04 0.000000000000000e+00 0.000000000000000e+00 
0.000000000000000e+00 0.000000000000000e+00 0.000000000000000e+00 1.909155068803445e-03 0.000000000000000e+00 0.000000000000000e+00 0.000000000000000e+00 2.645773339728908e-03 0.000000000000000e+00 1.975518909260481e-03 4.225071188866367e-03 0.000000000000000e+00 0.000000000000000e+00 0.000000000000000e+00 0.000000000000000e+00 2.387393733331471e-03 0.000000000000000e+00 0.000000000000000e+00 2.618475387333626e-03 3.941354699404469e-03 3.930657732760391e-03 0.000000000000000e+00 1.031734635414016e-03 3.692458133287281e-03 4.852411014455673e-03 
4.448667826810970e-03 4.152042648778599e-03 0.000000000000000e+00 2.045001798207830e-03 0.000000000000000e+00 2.254869267594978e-05 0.000000000000000e+00 4.160718018950854e-03 1.697056244815733e-03 0.000000000000000e+00 0.000000000000000e+00 4.268293078523732e-03 4.244062734368800e-04 0.000000000000000e+00 1.369729160047082e-03 0.000000000000000e+00 4.453936092214854e-03 0.000000000000000e+00 3.083458209980446e-03 0.000000000000000e+00 2.817127550366248e-03 0.000000000000000e+00 0.000000000000000e+00 0.000000000000000e+00 3.028784782407348e-03 
0.000000000000000e+00 1.991799620736359e-03 9.253771713795565e-04 0.000000000000000e+00 0.000000000000000e+00 0.000000000000000e+00 0.000000000000000e+00 0.000000000000000e+00 3.349751640012168e-03 0.000000000000000e+00 0.000000000000000e+00 0.000000000000000e+00 5.178998073420574e-04 0.000000000000000e+00 1.754102086587077e-03 2.037824317512539e-03 1.840824238760089e-03 2.853791511087633e-04 4.425002764047603e-03 2.191742864327365e-03 0.000000000000000e+00 0.000000000000000e+00 0.000000000000000e+00 0.000000000000000e+00 0.000000000000000e+00 
4.762914026120553e-04 0.000000000000000e+00 2.568795609987817e-03 2.234635038318988e-03 3.092825839309590e-04 9.875916626618079e-04 0.000000000000000e+00 2.972914723612925e-03 1.951980898674992e-03 2.694987304587468e-04 0.000000000000000e+00 4.493522256677816e-03 0.000000000000000e+00 4.178284689385262e-03 0.000000000000000e+00 8.530676939800859e-04 1.461209252198402e-03 6.272112999594833e-04 3.083268614262008e-04 0.000000000000000e+00 0.000000000000000e+00 0.000000000000000e+00 2.454627645003853e-03 0.000000000000000e+00 8.443801975612014e-04 
0.000000000000000e+00 0.000000000000000e+00 3.548377148786765e-03 0.000000000000000e+00 0.000000000000000e+00 0.000000000000000e+00 1.312655228753906e-03 3.745868790847039e-03 1.652734523796580e-04 2.402032409080690e-03 0.000000000000000e+00 1.587935739864581e-03 2.683938568417394e-03 4.498862612110916e-06 2.506189469181167e-03 1.120277149894839e-03 0.000000000000000e+00 4.290665813353908e-03 1.409617844602080e-03 2.398687669638485e-03 2.681206112454163e-03 2.435122168230975e-03 4.512695984074862e-04 1.118661197286001e-03 0.000000000000000e+00 
0.000000000000000e+00 3.287441043581617e-03 0.000000000000000e+00 1.089578138818353e-03 1.867741759503259e-03 4.196294908310433e-03 0.000000000000000e+00 4.663817345624158e-03 3.366598165451621e-03 1.589846968522691e-03 0.000000000000000e+00 1.137978609335612e-03 4.869147415476174e-03 0.000000000000000e+00 0.000000000000000e+00 1.471235905217533e-03 0.000000000000000e+00 0.000000000000000e+00 4.637971339144094e-03 1.361581480824694e-03 0.000000000000000e+00 0.000000000000000e+00 2.568628451836463e-03 1.369696429686689e-03 3.349093262791357e-03 
2.550347815479367e-03 0.000000000000000e+00 0.000000000000000e+00 4.159685290726967e-03 0.000000000000000e+00 0.000000000000000e+00 0.000000000000000e+00 1.454638497416399e-03 1.878861664262855e-03 0.000000000000000e+00 3.646567278161086e-03 3.029719900719425e-03 1.421116545396176e-03 0.000000000000000e+00 4.137363671772840e-03 0.000000000000000e+00 4.416011047950477e-03 3.597066633661793e-03 0.000000000000000e+00 3.812914824958268e-03 1.407397239488235e-03 0.000000000000000e+00 3.413089548275734e-03 6.380894363109297e-04 1.478577399963021e-03 
7.438632793442071e-04 0.000000000000000e+00 2.536695089246180e-04 3.431555793038243e-03 1.242497994150253e-03 8.329481505829305e-04 0.000000000000000e+00 0.000000000000000e+00 6.161273929833019e-04 8.324395775724450e-04 1.804902565265913e-03 2.093345714695982e-03 0.000000000000000e+00 2.466876453755507e-03 4.704071460989814e-04 7.761960780041168e-04 0.000000000000000e+00 1.939446158222848e-03 0.000000000000000e+00 0.000000000000000e+00 3.633379737375611e-03 2.891510247512342e-03 0.000000000000000e+00 0.000000000000000e+00 2.323881212307475e-03 
0.000000000000000e+00 4.001362115114565e-03 0.000000000000000e+00 4.467659605044927e-03 1.867061417178181e-03 0.000000000000000e+00 0.000000000000000e+00 0.000000000000000e+00 0.000000000000000e+00 0.000000000000000e+00 4.652183917140112e-04 3.964993315774777e-03 0.000000000000000e+00 0.000000000000000e+00 0.000000000000000e+00 0.000000000000000e+00 4.504146500275526e-03 3.858790730826115e-03 7.285006538992718e-04 8.068258467360664e-04 1.206401256199993e-03 1.461735481821774e-03 2.667064038302959e-03 0.000000000000000e+00 8.804413429898528e-04 
1.782147095429378e-03 4.210971235722929e-03 0.000000000000000e+00 0.000000000000000e+00 0.000000000000000e+00 0.000000000000000e+00 4.960303153229656e-03 1.392216579761769e-03 7.071850755476638e-04 0.000000000000000e+00 0.000000000000000e+00 3.234695815780549e-04 4.272439534490771e-03 0.000000000000000e+00 0.000000000000000e+00 0.000000000000000e+00 0.000000000000000e+00 0.000000000000000e+00 1.569939788247062e-03 1.149424453092465e-03 0.000000000000000e+00 0.000000000000000e+00 0.000000000000000e+00 5.520009599836654e-04 1.786983665757853e-03 
2.659574023823981e-03 3.920006721270256e-03 0.000000000000000e+00 0.000000000000000e+00 0.000000000000000e+00 0.000000000000000e+00 3.946376929494304e-03 0.000000000000000e+00 0.000000000000000e+00 2.818332592437618e-03 3.246328939857601e-03 0.000000000000000e+00 4.645773851140818e-03 4.750876309909459e-03 4.794680655888872e-05 0.000000000000000e+00 1.339826524804722e-03 0.000000000000000e+00 4.233390620171977e-03 0.000000000000000e+00 2.415596055960448e-03 0.000000000000000e+00 3.321702345347703e-04 3.439426009451298e-03 1.643687119745417e-03 
0.000000000000000e+00 0.000000000000000e+00 2.883705544589173e-03 0.000000000000000e+00 0.000000000000000e+00 0.000000000000000e+00 4.131325044405866e-03 2.443611623457145e-03 1.474490086815762e-03 0.000000000000000e+00 1.688482326835896e-03 0.000000000000000e+00 0.000000000000000e+00 0.000000000000000e+00 0.000000000000000e+00 0.000000000000000e+00 4.051914257995832e-03 3.093218653457086e-03 0.000000000000000e+00 2.120459481959856e-03 0.000000000000000e+00 1.126108572007131e-03 2.163217453938186e-03 3.542224220567012e-03 0.000000000000000e+00 