# # File created on Mon Apr 29 15:33:24 2024
#  # The following metaparameters were used for this matrix optimization : gamma0 = 0.5; alpha0 = 0; sigma0 = 0.25; l0 = 1;p = 1; R0 = 1; S0 = 0.05; NR = 25; NS = 25; matrix path = matrices/Nr25_Nc25/consumption/RandTrix_Nr25_Nc25_Nest0.6_Conn0.44.txt; convergence threshold = 1e-08
# 
1.482505802545837970e+00 2.261704564857195121e-01 0.000000000000000000e+00 1.155012180446874925e+00 7.868126912230245518e-01 0.000000000000000000e+00 1.252238401280022062e+00 0.000000000000000000e+00 0.000000000000000000e+00 0.000000000000000000e+00 7.278342325800972734e-01 0.000000000000000000e+00 0.000000000000000000e+00 0.000000000000000000e+00 0.000000000000000000e+00 0.000000000000000000e+00 0.000000000000000000e+00 1.729774753670427989e+00 0.000000000000000000e+00 3.913120362530855822e-01 3.882544227061440756e-01 0.000000000000000000e+00 0.000000000000000000e+00 0.000000000000000000e+00 0.000000000000000000e+00
0.000000000000000000e+00 6.984131186394361146e-01 0.000000000000000000e+00 0.000000000000000000e+00 0.000000000000000000e+00 4.174081542017242241e-01 4.498254713383830206e-01 1.588074243556560017e+00 1.603415056042313047e+00 0.000000000000000000e+00 1.483649477104080017e+00 0.000000000000000000e+00 5.419049225049419327e-01 0.000000000000000000e+00 0.000000000000000000e+00 0.000000000000000000e+00 0.000000000000000000e+00 1.303068716877475053e+00 0.000000000000000000e+00 0.000000000000000000e+00 9.413348624232050765e-01 0.000000000000000000e+00 0.000000000000000000e+00 0.000000000000000000e+00 4.397762348305940816e-01
1.840265011810233942e+00 0.000000000000000000e+00 2.705313233003119877e-01 1.001692794640580031e+00 6.527457465898178768e-01 0.000000000000000000e+00 5.003484737300750718e-01 0.000000000000000000e+00 6.776734822473595710e-01 1.337805207470685043e-01 0.000000000000000000e+00 0.000000000000000000e+00 0.000000000000000000e+00 0.000000000000000000e+00 3.533387364970879130e-01 0.000000000000000000e+00 0.000000000000000000e+00 4.012020073218985905e-01 0.000000000000000000e+00 8.664686211541291483e-01 0.000000000000000000e+00 0.000000000000000000e+00 0.000000000000000000e+00 0.000000000000000000e+00 0.000000000000000000e+00
0.000000000000000000e+00 0.000000000000000000e+00 2.261964686944493153e+00 0.000000000000000000e+00 9.833581977571460853e-02 3.050885222305810829e-01 0.000000000000000000e+00 0.000000000000000000e+00 0.000000000000000000e+00 0.000000000000000000e+00 4.121672153735411737e-01 1.575469392121850998e+00 3.949849397149526875e-01 6.182205050674708380e-01 1.217751924440781952e-01 7.550194176213752550e-01 0.000000000000000000e+00 0.000000000000000000e+00 0.000000000000000000e+00 3.003922175453835886e-01 0.000000000000000000e+00 0.000000000000000000e+00 1.745870164440352923e-01 0.000000000000000000e+00 0.000000000000000000e+00
0.000000000000000000e+00 8.704430761877203215e-01 1.222660328570227106e+00 1.234234409861368009e+00 8.064007019399620502e-01 0.000000000000000000e+00 0.000000000000000000e+00 0.000000000000000000e+00 9.449411035670818304e-01 0.000000000000000000e+00 5.913053621334009302e-02 0.000000000000000000e+00 0.000000000000000000e+00 0.000000000000000000e+00 7.473662129098168627e-02 0.000000000000000000e+00 0.000000000000000000e+00 0.000000000000000000e+00 1.406111746135850993e+00 0.000000000000000000e+00 0.000000000000000000e+00 0.000000000000000000e+00 0.000000000000000000e+00 0.000000000000000000e+00 0.000000000000000000e+00
0.000000000000000000e+00 1.075206634034076014e+00 0.000000000000000000e+00 9.943479067363678592e-01 0.000000000000000000e+00 0.000000000000000000e+00 1.915921132199952970e+00 0.000000000000000000e+00 0.000000000000000000e+00 0.000000000000000000e+00 0.000000000000000000e+00 0.000000000000000000e+00 0.000000000000000000e+00 0.000000000000000000e+00 1.474590180069552003e+00 0.000000000000000000e+00 0.000000000000000000e+00 0.000000000000000000e+00 1.109908754296036054e-01 0.000000000000000000e+00 0.000000000000000000e+00 4.043592526865318892e-01 0.000000000000000000e+00 0.000000000000000000e+00 0.000000000000000000e+00
1.073848127605729896e+00 8.243947508199406249e-01 0.000000000000000000e+00 0.000000000000000000e+00 3.500952155117815212e-01 0.000000000000000000e+00 0.000000000000000000e+00 0.000000000000000000e+00 0.000000000000000000e+00 0.000000000000000000e+00 9.686994012582533786e-01 0.000000000000000000e+00 3.387358274423389881e-01 0.000000000000000000e+00 0.000000000000000000e+00 2.883975027640958144e-01 7.170676350168001534e-01 0.000000000000000000e+00 0.000000000000000000e+00 8.327103728820122175e-01 0.000000000000000000e+00 8.053164981579810644e-02 0.000000000000000000e+00 0.000000000000000000e+00 0.000000000000000000e+00
3.772587831719322882e-01 0.000000000000000000e+00 4.510222317965120187e-01 0.000000000000000000e+00 1.989417191506336891e-01 8.481822730218229189e-01 0.000000000000000000e+00 0.000000000000000000e+00 5.484825719083481488e-01 8.251314089956471864e-01 0.000000000000000000e+00 1.192682837008564922e+00 0.000000000000000000e+00 1.733738419676847942e+00 7.002269834259826631e-01 0.000000000000000000e+00 0.000000000000000000e+00 0.000000000000000000e+00 0.000000000000000000e+00 0.000000000000000000e+00 0.000000000000000000e+00 0.000000000000000000e+00 0.000000000000000000e+00 1.019960697113889925e+00 0.000000000000000000e+00
1.273799132742847062e+00 0.000000000000000000e+00 0.000000000000000000e+00 0.000000000000000000e+00 8.124422298071959370e-01 0.000000000000000000e+00 0.000000000000000000e+00 5.725627054171057440e-01 0.000000000000000000e+00 0.000000000000000000e+00 0.000000000000000000e+00 0.000000000000000000e+00 0.000000000000000000e+00 2.641384884674847777e-01 1.292746596835824047e+00 0.000000000000000000e+00 0.000000000000000000e+00 0.000000000000000000e+00 4.603956310566679755e-01 0.000000000000000000e+00 0.000000000000000000e+00 0.000000000000000000e+00 7.840225923325724322e-01 0.000000000000000000e+00 1.507883214696907892e+00
0.000000000000000000e+00 1.321759582673510902e+00 8.497934263640311014e-01 1.099834412522824045e-01 8.294268832657660795e-01 0.000000000000000000e+00 0.000000000000000000e+00 1.934258854404969918e-01 0.000000000000000000e+00 0.000000000000000000e+00 0.000000000000000000e+00 0.000000000000000000e+00 0.000000000000000000e+00 0.000000000000000000e+00 0.000000000000000000e+00 0.000000000000000000e+00 0.000000000000000000e+00 0.000000000000000000e+00 0.000000000000000000e+00 6.530517470814389824e-01 0.000000000000000000e+00 0.000000000000000000e+00 0.000000000000000000e+00 7.884817830874719657e-01 0.000000000000000000e+00
0.000000000000000000e+00 0.000000000000000000e+00 6.849918637651035702e-01 2.218426812410684013e-01 0.000000000000000000e+00 6.536106726217628671e-01 7.824007082415973535e-01 0.000000000000000000e+00 0.000000000000000000e+00 0.000000000000000000e+00 4.900213679778188114e-01 0.000000000000000000e+00 1.071245905138932031e+00 0.000000000000000000e+00 0.000000000000000000e+00 0.000000000000000000e+00 0.000000000000000000e+00 0.000000000000000000e+00 0.000000000000000000e+00 0.000000000000000000e+00 0.000000000000000000e+00 1.359845331315332917e+00 1.449630781285373982e-01 0.000000000000000000e+00 0.000000000000000000e+00
0.000000000000000000e+00 0.000000000000000000e+00 8.637732619436008230e-01 0.000000000000000000e+00 0.000000000000000000e+00 0.000000000000000000e+00 0.000000000000000000e+00 8.269643931449989216e-01 1.837388067765477029e+00 0.000000000000000000e+00 0.000000000000000000e+00 0.000000000000000000e+00 0.000000000000000000e+00 0.000000000000000000e+00 0.000000000000000000e+00 0.000000000000000000e+00 0.000000000000000000e+00 8.984876089497364493e-01 0.000000000000000000e+00 0.000000000000000000e+00 0.000000000000000000e+00 8.408710417805532744e-01 8.962119777221730366e-02 0.000000000000000000e+00 0.000000000000000000e+00
0.000000000000000000e+00 0.000000000000000000e+00 0.000000000000000000e+00 0.000000000000000000e+00 9.201053383301457389e-01 0.000000000000000000e+00 6.747668019315531396e-01 0.000000000000000000e+00 0.000000000000000000e+00 0.000000000000000000e+00 4.311077199161735818e-01 0.000000000000000000e+00 4.697086868313385954e-01 0.000000000000000000e+00 1.047291482086734948e+00 0.000000000000000000e+00 0.000000000000000000e+00 0.000000000000000000e+00 0.000000000000000000e+00 7.996380553218567222e-01 0.000000000000000000e+00 0.000000000000000000e+00 0.000000000000000000e+00 1.506190459297556961e-01 1.570678282757071997e+00
0.000000000000000000e+00 1.261501065796176047e+00 0.000000000000000000e+00 5.671737822201734502e-01 0.000000000000000000e+00 0.000000000000000000e+00 1.769993573468202075e-01 0.000000000000000000e+00 0.000000000000000000e+00 0.000000000000000000e+00 3.447678923833333853e-01 0.000000000000000000e+00 0.000000000000000000e+00 2.202987933182486979e-01 0.000000000000000000e+00 0.000000000000000000e+00 0.000000000000000000e+00 0.000000000000000000e+00 0.000000000000000000e+00 0.000000000000000000e+00 0.000000000000000000e+00 0.000000000000000000e+00 1.082447058828971964e-01 2.718362416662459258e-01 0.000000000000000000e+00
0.000000000000000000e+00 1.384745480041714050e+00 8.008228466283278113e-01 0.000000000000000000e+00 1.709989941843617078e-01 0.000000000000000000e+00 0.000000000000000000e+00 0.000000000000000000e+00 0.000000000000000000e+00 0.000000000000000000e+00 0.000000000000000000e+00 0.000000000000000000e+00 0.000000000000000000e+00 0.000000000000000000e+00 6.910996097915105274e-01 0.000000000000000000e+00 0.000000000000000000e+00 0.000000000000000000e+00 0.000000000000000000e+00 4.432422193135848176e-01 0.000000000000000000e+00 0.000000000000000000e+00 0.000000000000000000e+00 1.714360850340030051e+00 3.368033828884363090e-01
0.000000000000000000e+00 1.051736072922891951e+00 0.000000000000000000e+00 0.000000000000000000e+00 7.638492214216937581e-01 0.000000000000000000e+00 1.996653495965600988e-01 0.000000000000000000e+00 0.000000000000000000e+00 0.000000000000000000e+00 0.000000000000000000e+00 0.000000000000000000e+00 3.240322954940318134e-02 0.000000000000000000e+00 0.000000000000000000e+00 0.000000000000000000e+00 0.000000000000000000e+00 1.028394890823393970e+00 5.507655874368454219e-02 0.000000000000000000e+00 0.000000000000000000e+00 0.000000000000000000e+00 0.000000000000000000e+00 2.886451532905489059e-01 9.705170893781164265e-01
4.013248612558281136e-01 0.000000000000000000e+00 3.522400685850021196e-01 1.437669569071005071e-01 7.100047713122596693e-02 0.000000000000000000e+00 1.529877754169771897e+00 0.000000000000000000e+00 0.000000000000000000e+00 0.000000000000000000e+00 1.456765946158592007e+00 0.000000000000000000e+00 4.042462064334162997e-01 0.000000000000000000e+00 0.000000000000000000e+00 0.000000000000000000e+00 3.114715493803204005e-01 0.000000000000000000e+00 0.000000000000000000e+00 0.000000000000000000e+00 0.000000000000000000e+00 0.000000000000000000e+00 0.000000000000000000e+00 1.149336114742482012e-01 0.000000000000000000e+00
8.336300352251079238e-01 2.784034506211955848e-02 0.000000000000000000e+00 0.000000000000000000e+00 8.055750892109670991e-01 0.000000000000000000e+00 0.000000000000000000e+00 0.000000000000000000e+00 0.000000000000000000e+00 1.417392534143931994e-02 0.000000000000000000e+00 0.000000000000000000e+00 0.000000000000000000e+00 0.000000000000000000e+00 8.521543415062380333e-01 0.000000000000000000e+00 0.000000000000000000e+00 0.000000000000000000e+00 0.000000000000000000e+00 0.000000000000000000e+00 0.000000000000000000e+00 0.000000000000000000e+00 1.477569539288930089e+00 0.000000000000000000e+00 0.000000000000000000e+00
9.629401672299656711e-01 0.000000000000000000e+00 0.000000000000000000e+00 0.000000000000000000e+00 1.837389074552570056e+00 0.000000000000000000e+00 0.000000000000000000e+00 0.000000000000000000e+00 0.000000000000000000e+00 0.000000000000000000e+00 0.000000000000000000e+00 0.000000000000000000e+00 0.000000000000000000e+00 0.000000000000000000e+00 0.000000000000000000e+00 0.000000000000000000e+00 0.000000000000000000e+00 0.000000000000000000e+00 0.000000000000000000e+00 0.000000000000000000e+00 8.544159904645179937e-01 0.000000000000000000e+00 0.000000000000000000e+00 0.000000000000000000e+00 1.155826750826854044e+00
0.000000000000000000e+00 0.000000000000000000e+00 0.000000000000000000e+00 0.000000000000000000e+00 0.000000000000000000e+00 1.170358537853221081e+00 0.000000000000000000e+00 0.000000000000000000e+00 0.000000000000000000e+00 4.514294934332365172e-01 0.000000000000000000e+00 0.000000000000000000e+00 0.000000000000000000e+00 0.000000000000000000e+00 0.000000000000000000e+00 0.000000000000000000e+00 0.000000000000000000e+00 0.000000000000000000e+00 1.114876728556617902e+00 0.000000000000000000e+00 1.048317759779143987e+00 1.464438069190179936e+00 0.000000000000000000e+00 0.000000000000000000e+00 0.000000000000000000e+00
1.026535162754885100e+00 0.000000000000000000e+00 0.000000000000000000e+00 0.000000000000000000e+00 3.729348852284152249e-01 0.000000000000000000e+00 0.000000000000000000e+00 0.000000000000000000e+00 5.372167199760361639e-03 0.000000000000000000e+00 4.110042278429860141e-01 5.878109268601812154e-01 9.817108698368676167e-02 2.116997043974092885e-01 7.927730422187242443e-01 0.000000000000000000e+00 0.000000000000000000e+00 1.079554339674592967e-01 0.000000000000000000e+00 0.000000000000000000e+00 0.000000000000000000e+00 1.267818164576121065e-01 0.000000000000000000e+00 0.000000000000000000e+00 2.761009744380055024e-03
6.431983234852541864e-01 0.000000000000000000e+00 0.000000000000000000e+00 0.000000000000000000e+00 7.973002260266843777e-01 0.000000000000000000e+00 0.000000000000000000e+00 3.351875524485675162e-01 0.000000000000000000e+00 0.000000000000000000e+00 0.000000000000000000e+00 0.000000000000000000e+00 3.277219017474445883e-01 0.000000000000000000e+00 0.000000000000000000e+00 0.000000000000000000e+00 7.868240525171037447e-01 0.000000000000000000e+00 0.000000000000000000e+00 0.000000000000000000e+00 0.000000000000000000e+00 0.000000000000000000e+00 0.000000000000000000e+00 0.000000000000000000e+00 0.000000000000000000e+00
0.000000000000000000e+00 0.000000000000000000e+00 0.000000000000000000e+00 1.454514189501521892e+00 0.000000000000000000e+00 0.000000000000000000e+00 1.199664358448292001e+00 0.000000000000000000e+00 0.000000000000000000e+00 1.177624664358584011e-01 0.000000000000000000e+00 0.000000000000000000e+00 0.000000000000000000e+00 0.000000000000000000e+00 0.000000000000000000e+00 0.000000000000000000e+00 0.000000000000000000e+00 0.000000000000000000e+00 0.000000000000000000e+00 0.000000000000000000e+00 0.000000000000000000e+00 0.000000000000000000e+00 0.000000000000000000e+00 0.000000000000000000e+00 0.000000000000000000e+00
0.000000000000000000e+00 0.000000000000000000e+00 6.100869396699369895e-01 6.353984730829045358e-01 0.000000000000000000e+00 0.000000000000000000e+00 0.000000000000000000e+00 0.000000000000000000e+00 0.000000000000000000e+00 0.000000000000000000e+00 8.647652107165880730e-01 0.000000000000000000e+00 0.000000000000000000e+00 0.000000000000000000e+00 0.000000000000000000e+00 0.000000000000000000e+00 1.002629540347354936e-01 0.000000000000000000e+00 0.000000000000000000e+00 0.000000000000000000e+00 0.000000000000000000e+00 0.000000000000000000e+00 0.000000000000000000e+00 0.000000000000000000e+00 0.000000000000000000e+00
0.000000000000000000e+00 0.000000000000000000e+00 3.851319439050527871e-01 0.000000000000000000e+00 0.000000000000000000e+00 1.176622581528147027e+00 0.000000000000000000e+00 0.000000000000000000e+00 0.000000000000000000e+00 0.000000000000000000e+00 0.000000000000000000e+00 5.200838690010771703e-01 0.000000000000000000e+00 0.000000000000000000e+00 5.888736639525570249e-01 0.000000000000000000e+00 0.000000000000000000e+00 0.000000000000000000e+00 0.000000000000000000e+00 0.000000000000000000e+00 0.000000000000000000e+00 0.000000000000000000e+00 0.000000000000000000e+00 0.000000000000000000e+00 7.403494456805106427e-01
