# File created on Mon Apr 29 12:44:27 2024
# The following metaparameters were used for this matrix optimization : gamma0 = 0.5; alpha0 = 0; sigma0 = 0.25; l0 = 1;p = 1; R0 = 1; S0 = 0.05; NR = 25; NS = 25; matrix path = matrices/Nr25_Nc25/consumption/RandTrix_Nr25_Nc25_Nest0.3_Conn0.2816.txt; convergence threshold = 1e-08
9.080632962298560e-01 0.000000000000000e+00 0.000000000000000e+00 7.292375643407987e-01 0.000000000000000e+00 0.000000000000000e+00 0.000000000000000e+00 0.000000000000000e+00 0.000000000000000e+00 3.812239592197866e-01 0.000000000000000e+00 1.933401054782807e-01 1.706163775388214e-01 0.000000000000000e+00 2.439919921063349e-01 5.029820501658473e-01 0.000000000000000e+00 0.000000000000000e+00 0.000000000000000e+00 0.000000000000000e+00 0.000000000000000e+00 4.164832891904529e-01 0.000000000000000e+00 0.000000000000000e+00 0.000000000000000e+00 
0.000000000000000e+00 0.000000000000000e+00 4.650902769885660e-01 0.000000000000000e+00 7.069543123729793e-01 0.000000000000000e+00 0.000000000000000e+00 0.000000000000000e+00 4.748005453002405e-01 0.000000000000000e+00 0.000000000000000e+00 6.552985752352337e-01 5.210756391685499e-01 0.000000000000000e+00 0.000000000000000e+00 7.109270800945704e-01 0.000000000000000e+00 5.650975537048745e-01 0.000000000000000e+00 0.000000000000000e+00 0.000000000000000e+00 4.379663692946168e-02 0.000000000000000e+00 0.000000000000000e+00 3.364834611796072e-01 
7.423970250183624e-01 0.000000000000000e+00 1.711290952161330e-01 0.000000000000000e+00 2.663077849359051e-01 0.000000000000000e+00 4.247643751766106e-01 0.000000000000000e+00 0.000000000000000e+00 7.168513649736863e-01 0.000000000000000e+00 0.000000000000000e+00 3.013591305570380e-01 0.000000000000000e+00 0.000000000000000e+00 5.162688181323599e-01 0.000000000000000e+00 0.000000000000000e+00 0.000000000000000e+00 0.000000000000000e+00 0.000000000000000e+00 0.000000000000000e+00 0.000000000000000e+00 0.000000000000000e+00 6.238708483105303e-01 
0.000000000000000e+00 5.801770377558974e-01 0.000000000000000e+00 0.000000000000000e+00 9.211832609818386e-01 0.000000000000000e+00 3.668015993553016e-01 0.000000000000000e+00 0.000000000000000e+00 0.000000000000000e+00 0.000000000000000e+00 3.579389358234146e-02 0.000000000000000e+00 0.000000000000000e+00 0.000000000000000e+00 0.000000000000000e+00 0.000000000000000e+00 0.000000000000000e+00 0.000000000000000e+00 0.000000000000000e+00 7.339591712853044e-02 1.111178632832720e-01 0.000000000000000e+00 6.750083165328657e-01 0.000000000000000e+00 
0.000000000000000e+00 0.000000000000000e+00 4.208546961139662e-01 9.143522051567594e-01 0.000000000000000e+00 2.153518285789770e-01 2.875313345188960e-01 0.000000000000000e+00 2.844260135268976e-02 0.000000000000000e+00 0.000000000000000e+00 0.000000000000000e+00 4.616155342565205e-01 1.719695076961219e-02 1.039343891286764e+00 0.000000000000000e+00 2.207348912362685e-01 0.000000000000000e+00 0.000000000000000e+00 0.000000000000000e+00 0.000000000000000e+00 3.624781781710542e-01 0.000000000000000e+00 0.000000000000000e+00 0.000000000000000e+00 
0.000000000000000e+00 5.689596624328262e-01 0.000000000000000e+00 0.000000000000000e+00 0.000000000000000e+00 0.000000000000000e+00 0.000000000000000e+00 0.000000000000000e+00 0.000000000000000e+00 1.172115831148275e+00 0.000000000000000e+00 3.147900293941240e-01 0.000000000000000e+00 0.000000000000000e+00 0.000000000000000e+00 4.740452213001164e-01 0.000000000000000e+00 0.000000000000000e+00 2.958128804057423e-01 4.434860918638296e-01 0.000000000000000e+00 0.000000000000000e+00 0.000000000000000e+00 0.000000000000000e+00 0.000000000000000e+00 
5.800628334773019e-01 4.225064637460989e-01 0.000000000000000e+00 0.000000000000000e+00 0.000000000000000e+00 1.218169543382075e-01 0.000000000000000e+00 0.000000000000000e+00 0.000000000000000e+00 1.878890692532842e-01 0.000000000000000e+00 0.000000000000000e+00 9.519783564332562e-01 0.000000000000000e+00 0.000000000000000e+00 8.729743683022960e-01 0.000000000000000e+00 0.000000000000000e+00 0.000000000000000e+00 0.000000000000000e+00 0.000000000000000e+00 0.000000000000000e+00 0.000000000000000e+00 0.000000000000000e+00 1.207571114182148e+00 
0.000000000000000e+00 9.723708455567300e-01 0.000000000000000e+00 0.000000000000000e+00 0.000000000000000e+00 0.000000000000000e+00 0.000000000000000e+00 4.857531734699146e-01 0.000000000000000e+00 0.000000000000000e+00 0.000000000000000e+00 0.000000000000000e+00 4.955653113508790e-01 0.000000000000000e+00 0.000000000000000e+00 0.000000000000000e+00 3.747218288735552e-01 0.000000000000000e+00 0.000000000000000e+00 0.000000000000000e+00 0.000000000000000e+00 0.000000000000000e+00 0.000000000000000e+00 0.000000000000000e+00 1.026219028386076e+00 
4.043897499075559e-01 1.681555048904783e-01 0.000000000000000e+00 0.000000000000000e+00 0.000000000000000e+00 0.000000000000000e+00 3.082002671557479e-01 0.000000000000000e+00 2.956725736024818e-01 0.000000000000000e+00 0.000000000000000e+00 1.767019229691370e-01 8.871348059119807e-01 5.970569001605020e-01 0.000000000000000e+00 0.000000000000000e+00 0.000000000000000e+00 1.012967099616190e+00 0.000000000000000e+00 0.000000000000000e+00 0.000000000000000e+00 0.000000000000000e+00 0.000000000000000e+00 0.000000000000000e+00 0.000000000000000e+00 
0.000000000000000e+00 9.133648607377547e-01 0.000000000000000e+00 0.000000000000000e+00 0.000000000000000e+00 0.000000000000000e+00 0.000000000000000e+00 0.000000000000000e+00 0.000000000000000e+00 0.000000000000000e+00 5.234358567642648e-01 0.000000000000000e+00 5.898151768702110e-02 0.000000000000000e+00 0.000000000000000e+00 0.000000000000000e+00 9.920106245887160e-01 0.000000000000000e+00 5.783354160862825e-01 4.664104604773136e-01 0.000000000000000e+00 0.000000000000000e+00 0.000000000000000e+00 0.000000000000000e+00 0.000000000000000e+00 
4.363291000671521e-01 0.000000000000000e+00 0.000000000000000e+00 0.000000000000000e+00 0.000000000000000e+00 0.000000000000000e+00 0.000000000000000e+00 0.000000000000000e+00 0.000000000000000e+00 5.551915272633303e-01 4.842306871022258e-01 4.481171886788041e-01 0.000000000000000e+00 8.933592507520555e-01 1.589340333126794e-02 0.000000000000000e+00 0.000000000000000e+00 0.000000000000000e+00 0.000000000000000e+00 0.000000000000000e+00 0.000000000000000e+00 0.000000000000000e+00 0.000000000000000e+00 2.108007668714850e-01 4.664807379137088e-01 
9.388603537868028e-01 0.000000000000000e+00 0.000000000000000e+00 4.818065176108003e-01 0.000000000000000e+00 0.000000000000000e+00 8.568812064938509e-01 1.369141936408067e-01 0.000000000000000e+00 0.000000000000000e+00 0.000000000000000e+00 0.000000000000000e+00 0.000000000000000e+00 0.000000000000000e+00 0.000000000000000e+00 0.000000000000000e+00 0.000000000000000e+00 0.000000000000000e+00 4.978177463379151e-01 0.000000000000000e+00 0.000000000000000e+00 1.531330658072505e-02 3.631027942633187e-01 0.000000000000000e+00 0.000000000000000e+00 
0.000000000000000e+00 0.000000000000000e+00 0.000000000000000e+00 0.000000000000000e+00 0.000000000000000e+00 0.000000000000000e+00 0.000000000000000e+00 6.323277705041713e-01 5.744309730935063e-01 8.605439525372301e-01 0.000000000000000e+00 0.000000000000000e+00 4.372280229031290e-01 0.000000000000000e+00 1.847340877801518e-02 0.000000000000000e+00 0.000000000000000e+00 0.000000000000000e+00 0.000000000000000e+00 0.000000000000000e+00 0.000000000000000e+00 2.238460600020833e-01 0.000000000000000e+00 0.000000000000000e+00 0.000000000000000e+00 
0.000000000000000e+00 0.000000000000000e+00 0.000000000000000e+00 9.508304123166950e-01 0.000000000000000e+00 0.000000000000000e+00 0.000000000000000e+00 0.000000000000000e+00 0.000000000000000e+00 0.000000000000000e+00 0.000000000000000e+00 7.300207435127666e-01 0.000000000000000e+00 0.000000000000000e+00 0.000000000000000e+00 3.216342934264949e-01 0.000000000000000e+00 4.836160621617649e-01 0.000000000000000e+00 0.000000000000000e+00 0.000000000000000e+00 0.000000000000000e+00 0.000000000000000e+00 7.854723085150435e-02 1.034562459090868e+00 
0.000000000000000e+00 0.000000000000000e+00 5.911348431969552e-01 7.284036913917173e-01 3.678066263111254e-01 0.000000000000000e+00 0.000000000000000e+00 0.000000000000000e+00 8.051317905006418e-01 0.000000000000000e+00 0.000000000000000e+00 3.406219836369948e-01 2.410541310032445e-01 0.000000000000000e+00 0.000000000000000e+00 0.000000000000000e+00 0.000000000000000e+00 0.000000000000000e+00 0.000000000000000e+00 3.964500743304130e-02 0.000000000000000e+00 0.000000000000000e+00 0.000000000000000e+00 0.000000000000000e+00 0.000000000000000e+00 
0.000000000000000e+00 4.302676843060513e-01 0.000000000000000e+00 0.000000000000000e+00 0.000000000000000e+00 0.000000000000000e+00 7.312384985555712e-01 0.000000000000000e+00 0.000000000000000e+00 0.000000000000000e+00 3.857065015927827e-01 0.000000000000000e+00 0.000000000000000e+00 1.590882378527314e-01 0.000000000000000e+00 9.214084004614654e-01 8.275674580223569e-02 0.000000000000000e+00 0.000000000000000e+00 0.000000000000000e+00 0.000000000000000e+00 0.000000000000000e+00 0.000000000000000e+00 0.000000000000000e+00 4.120156937375345e-01 
0.000000000000000e+00 0.000000000000000e+00 0.000000000000000e+00 4.655180058418976e-01 4.196151750785140e-01 4.177624488007888e-01 0.000000000000000e+00 1.000231669476455e-01 0.000000000000000e+00 0.000000000000000e+00 5.078029609082226e-01 0.000000000000000e+00 6.014999857202830e-01 0.000000000000000e+00 0.000000000000000e+00 0.000000000000000e+00 0.000000000000000e+00 0.000000000000000e+00 0.000000000000000e+00 0.000000000000000e+00 0.000000000000000e+00 0.000000000000000e+00 0.000000000000000e+00 0.000000000000000e+00 0.000000000000000e+00 
0.000000000000000e+00 0.000000000000000e+00 0.000000000000000e+00 0.000000000000000e+00 0.000000000000000e+00 0.000000000000000e+00 0.000000000000000e+00 0.000000000000000e+00 2.246590505569356e-01 0.000000000000000e+00 5.375743298346931e-01 8.545310169741154e-01 0.000000000000000e+00 0.000000000000000e+00 0.000000000000000e+00 1.426394421231343e-01 0.000000000000000e+00 5.188418428146025e-01 0.000000000000000e+00 0.000000000000000e+00 0.000000000000000e+00 0.000000000000000e+00 0.000000000000000e+00 5.041801557921370e-01 0.000000000000000e+00 
0.000000000000000e+00 0.000000000000000e+00 0.000000000000000e+00 0.000000000000000e+00 5.046739937901539e-01 5.187366590706763e-01 0.000000000000000e+00 0.000000000000000e+00 0.000000000000000e+00 0.000000000000000e+00 2.426548363965462e-01 0.000000000000000e+00 0.000000000000000e+00 0.000000000000000e+00 5.655427270291598e-01 0.000000000000000e+00 1.204193559912960e-01 0.000000000000000e+00 0.000000000000000e+00 0.000000000000000e+00 0.000000000000000e+00 4.186942112531022e-02 0.000000000000000e+00 0.000000000000000e+00 0.000000000000000e+00 
0.000000000000000e+00 4.506442350188987e-01 4.552277672266112e-01 0.000000000000000e+00 0.000000000000000e+00 6.420746368848554e-02 0.000000000000000e+00 0.000000000000000e+00 0.000000000000000e+00 0.000000000000000e+00 4.452143398866174e-01 0.000000000000000e+00 0.000000000000000e+00 0.000000000000000e+00 0.000000000000000e+00 0.000000000000000e+00 0.000000000000000e+00 6.944356313279710e-01 0.000000000000000e+00 0.000000000000000e+00 9.116078932282176e-01 0.000000000000000e+00 0.000000000000000e+00 4.973983500776013e-01 1.543053390905707e-02 
0.000000000000000e+00 0.000000000000000e+00 0.000000000000000e+00 0.000000000000000e+00 0.000000000000000e+00 0.000000000000000e+00 3.695847445394525e-01 0.000000000000000e+00 9.621126512860964e-02 0.000000000000000e+00 0.000000000000000e+00 0.000000000000000e+00 0.000000000000000e+00 0.000000000000000e+00 0.000000000000000e+00 0.000000000000000e+00 0.000000000000000e+00 9.314674560754924e-01 0.000000000000000e+00 0.000000000000000e+00 0.000000000000000e+00 4.091196130297800e-01 0.000000000000000e+00 6.156295020704062e-01 0.000000000000000e+00 
2.693024328774394e-01 0.000000000000000e+00 6.172391616380790e-01 0.000000000000000e+00 0.000000000000000e+00 5.457250688658050e-01 0.000000000000000e+00 0.000000000000000e+00 0.000000000000000e+00 0.000000000000000e+00 0.000000000000000e+00 0.000000000000000e+00 0.000000000000000e+00 1.125660180823217e-01 0.000000000000000e+00 0.000000000000000e+00 0.000000000000000e+00 1.034098969766258e+00 0.000000000000000e+00 0.000000000000000e+00 0.000000000000000e+00 0.000000000000000e+00 0.000000000000000e+00 0.000000000000000e+00 0.000000000000000e+00 
4.786315857896130e-01 0.000000000000000e+00 0.000000000000000e+00 0.000000000000000e+00 0.000000000000000e+00 0.000000000000000e+00 1.256888537309402e-01 0.000000000000000e+00 3.655179452942101e-01 0.000000000000000e+00 3.449113989623182e-01 7.164468882568957e-01 0.000000000000000e+00 3.938869898030696e-01 0.000000000000000e+00 0.000000000000000e+00 0.000000000000000e+00 0.000000000000000e+00 0.000000000000000e+00 3.788437089767005e-01 0.000000000000000e+00 0.000000000000000e+00 0.000000000000000e+00 0.000000000000000e+00 0.000000000000000e+00 
0.000000000000000e+00 2.353720108054489e-01 2.461677208759496e-01 0.000000000000000e+00 0.000000000000000e+00 0.000000000000000e+00 4.919157600999398e-01 0.000000000000000e+00 0.000000000000000e+00 0.000000000000000e+00 0.000000000000000e+00 4.066027627585526e-01 0.000000000000000e+00 0.000000000000000e+00 0.000000000000000e+00 0.000000000000000e+00 0.000000000000000e+00 0.000000000000000e+00 0.000000000000000e+00 0.000000000000000e+00 0.000000000000000e+00 0.000000000000000e+00 0.000000000000000e+00 0.000000000000000e+00 3.302120867041684e-01 
0.000000000000000e+00 0.000000000000000e+00 5.244958628153900e-01 1.222769206408844e-01 0.000000000000000e+00 0.000000000000000e+00 3.116688666763508e-01 0.000000000000000e+00 0.000000000000000e+00 0.000000000000000e+00 0.000000000000000e+00 0.000000000000000e+00 0.000000000000000e+00 4.511918351665693e-01 4.902915348927528e-01 0.000000000000000e+00 0.000000000000000e+00 0.000000000000000e+00 0.000000000000000e+00 6.708624478539522e-01 0.000000000000000e+00 0.000000000000000e+00 0.000000000000000e+00 0.000000000000000e+00 0.000000000000000e+00 