# # File created on Mon Apr 29 14:54:07 2024
#  # The following metaparameters were used for this matrix optimization : gamma0 = 0.5; alpha0 = 0; sigma0 = 0.25; l0 = 1;p = 1; R0 = 1; S0 = 0.05; NR = 25; NS = 25; matrix path = matrices/Nr25_Nc25/consumption/RandTrix_Nr25_Nc25_Nest0.5_Conn0.2496.txt; convergence threshold = 1e-08
# 
0.000000000000000000e+00 0.000000000000000000e+00 1.515906151045738892e-01 0.000000000000000000e+00 0.000000000000000000e+00 5.718464756586347786e-01 8.914953952942148430e-01 1.233216336196381047e+00 4.056144989498188802e-01 1.587737553597103890e+00 0.000000000000000000e+00 0.000000000000000000e+00 3.496264118874338189e-01 0.000000000000000000e+00 1.332831980237612068e+00 0.000000000000000000e+00 0.000000000000000000e+00 0.000000000000000000e+00 0.000000000000000000e+00 0.000000000000000000e+00 0.000000000000000000e+00 0.000000000000000000e+00 0.000000000000000000e+00 0.000000000000000000e+00 0.000000000000000000e+00
0.000000000000000000e+00 1.469758811528419029e+00 0.000000000000000000e+00 0.000000000000000000e+00 9.191225611122341155e-01 0.000000000000000000e+00 0.000000000000000000e+00 0.000000000000000000e+00 3.702431936497564968e-01 0.000000000000000000e+00 0.000000000000000000e+00 6.376164189471611454e-01 0.000000000000000000e+00 0.000000000000000000e+00 0.000000000000000000e+00 0.000000000000000000e+00 0.000000000000000000e+00 0.000000000000000000e+00 1.298918300167144046e+00 0.000000000000000000e+00 0.000000000000000000e+00 1.049816201138340954e+00 7.606315840666166839e-01 0.000000000000000000e+00 9.124905983133736465e-01
0.000000000000000000e+00 9.866082334135938270e-01 2.657842981589342846e-01 0.000000000000000000e+00 1.448735880329794057e+00 0.000000000000000000e+00 0.000000000000000000e+00 4.072409130606653993e-01 3.196063325116292875e-01 0.000000000000000000e+00 0.000000000000000000e+00 3.478610309236850884e-01 0.000000000000000000e+00 0.000000000000000000e+00 0.000000000000000000e+00 0.000000000000000000e+00 4.849167359934540844e-01 0.000000000000000000e+00 0.000000000000000000e+00 0.000000000000000000e+00 8.606215823567063897e-03 0.000000000000000000e+00 5.967043615315203997e-01 3.649215542407748258e-01 1.153677409034338019e+00
6.675242777708988440e-01 5.001443180437028513e-01 0.000000000000000000e+00 0.000000000000000000e+00 0.000000000000000000e+00 0.000000000000000000e+00 9.979405597257466898e-01 8.360157990915316473e-02 5.665870274789525096e-01 5.158459070942054137e-01 0.000000000000000000e+00 0.000000000000000000e+00 0.000000000000000000e+00 0.000000000000000000e+00 5.781430276071601870e-01 0.000000000000000000e+00 0.000000000000000000e+00 0.000000000000000000e+00 0.000000000000000000e+00 0.000000000000000000e+00 0.000000000000000000e+00 3.023777974406253732e-01 0.000000000000000000e+00 0.000000000000000000e+00 3.638098973117406265e-01
0.000000000000000000e+00 7.341987294399225927e-01 0.000000000000000000e+00 6.738474228368555863e-02 0.000000000000000000e+00 0.000000000000000000e+00 0.000000000000000000e+00 6.720431075940397347e-01 1.224745626274327925e+00 8.500132040092488461e-01 0.000000000000000000e+00 0.000000000000000000e+00 0.000000000000000000e+00 0.000000000000000000e+00 5.847282896925556361e-01 6.142969216125697685e-01 8.374381257479738272e-01 0.000000000000000000e+00 7.988131370482746130e-01 0.000000000000000000e+00 0.000000000000000000e+00 0.000000000000000000e+00 1.498017667904083007e-02 1.405130524409468951e+00 0.000000000000000000e+00
3.329293533419633855e-01 0.000000000000000000e+00 0.000000000000000000e+00 0.000000000000000000e+00 0.000000000000000000e+00 3.528759468093634055e-01 5.090711903873558208e-01 4.964214240269239076e-01 5.809300711616964819e-01 0.000000000000000000e+00 0.000000000000000000e+00 0.000000000000000000e+00 4.272543409091065780e-01 0.000000000000000000e+00 6.326920462109527632e-01 0.000000000000000000e+00 0.000000000000000000e+00 0.000000000000000000e+00 0.000000000000000000e+00 0.000000000000000000e+00 0.000000000000000000e+00 1.484387022437728132e-01 4.286142626753901008e-01 0.000000000000000000e+00 0.000000000000000000e+00
1.375531842999820897e+00 0.000000000000000000e+00 7.718751319471889305e-01 0.000000000000000000e+00 5.813154220935404792e-01 2.604848312882880948e-02 8.981569718471150987e-02 0.000000000000000000e+00 3.006648543516606820e-01 0.000000000000000000e+00 0.000000000000000000e+00 0.000000000000000000e+00 0.000000000000000000e+00 6.520973898088188170e-01 1.623230787528071040e-01 0.000000000000000000e+00 0.000000000000000000e+00 0.000000000000000000e+00 0.000000000000000000e+00 0.000000000000000000e+00 0.000000000000000000e+00 0.000000000000000000e+00 0.000000000000000000e+00 2.688746761631115034e-01 0.000000000000000000e+00
0.000000000000000000e+00 0.000000000000000000e+00 4.982749013120769122e-01 6.989488972195713190e-01 0.000000000000000000e+00 0.000000000000000000e+00 0.000000000000000000e+00 0.000000000000000000e+00 9.827726238586639296e-01 0.000000000000000000e+00 4.425394062514749205e-01 0.000000000000000000e+00 0.000000000000000000e+00 0.000000000000000000e+00 0.000000000000000000e+00 0.000000000000000000e+00 0.000000000000000000e+00 0.000000000000000000e+00 0.000000000000000000e+00 1.489020294096886007e-02 0.000000000000000000e+00 0.000000000000000000e+00 0.000000000000000000e+00 5.083674372817365006e-01 9.261965467718404899e-01
8.709987991005327945e-01 2.583362233252431972e-01 0.000000000000000000e+00 0.000000000000000000e+00 0.000000000000000000e+00 3.062272639984802147e-01 4.625092701684754837e-01 1.582661852158742943e-01 0.000000000000000000e+00 4.753395013604376218e-01 0.000000000000000000e+00 0.000000000000000000e+00 0.000000000000000000e+00 7.653212302088754915e-02 0.000000000000000000e+00 4.758701504228683987e-01 8.787696370226496523e-01 0.000000000000000000e+00 1.772555983785313871e-01 0.000000000000000000e+00 0.000000000000000000e+00 2.278431182471206962e-01 0.000000000000000000e+00 0.000000000000000000e+00 0.000000000000000000e+00
0.000000000000000000e+00 1.524550711627522981e+00 0.000000000000000000e+00 3.384056311954187768e-01 2.370537859264129077e-01 0.000000000000000000e+00 0.000000000000000000e+00 0.000000000000000000e+00 0.000000000000000000e+00 0.000000000000000000e+00 0.000000000000000000e+00 0.000000000000000000e+00 0.000000000000000000e+00 0.000000000000000000e+00 0.000000000000000000e+00 4.662628023657119924e-01 0.000000000000000000e+00 0.000000000000000000e+00 4.191797150483391188e-01 2.622781024149055895e+00 0.000000000000000000e+00 0.000000000000000000e+00 0.000000000000000000e+00 6.328948730517601762e-01 0.000000000000000000e+00
1.446577482428921035e+00 1.826071274479333928e-01 2.718175914199058019e-01 4.037029091051436147e-01 0.000000000000000000e+00 0.000000000000000000e+00 0.000000000000000000e+00 1.862917292263182867e-01 0.000000000000000000e+00 4.501964393478026794e-01 7.056503985050308070e-02 0.000000000000000000e+00 0.000000000000000000e+00 0.000000000000000000e+00 0.000000000000000000e+00 0.000000000000000000e+00 0.000000000000000000e+00 0.000000000000000000e+00 0.000000000000000000e+00 0.000000000000000000e+00 0.000000000000000000e+00 0.000000000000000000e+00 8.520880733762763448e-01 0.000000000000000000e+00 3.941601684877433232e-01
0.000000000000000000e+00 1.038369584614452057e+00 0.000000000000000000e+00 0.000000000000000000e+00 2.568943471017762770e-01 0.000000000000000000e+00 5.546135371916177670e-01 4.960357487695447043e-01 2.189823774232738107e-01 0.000000000000000000e+00 0.000000000000000000e+00 0.000000000000000000e+00 0.000000000000000000e+00 0.000000000000000000e+00 9.068436706707624362e-01 1.054403024165407043e-01 0.000000000000000000e+00 0.000000000000000000e+00 0.000000000000000000e+00 5.486778727884101814e-01 1.881201141519104891e-01 0.000000000000000000e+00 0.000000000000000000e+00 4.748987432793301267e-01 6.694159109933143226e-01
0.000000000000000000e+00 0.000000000000000000e+00 0.000000000000000000e+00 4.516640588542941148e-01 0.000000000000000000e+00 5.234896292377685945e-02 0.000000000000000000e+00 0.000000000000000000e+00 1.553750563770835091e+00 3.866878751442007212e-02 0.000000000000000000e+00 0.000000000000000000e+00 0.000000000000000000e+00 0.000000000000000000e+00 0.000000000000000000e+00 0.000000000000000000e+00 0.000000000000000000e+00 1.409205286445023964e+00 0.000000000000000000e+00 0.000000000000000000e+00 0.000000000000000000e+00 0.000000000000000000e+00 0.000000000000000000e+00 4.484253094251168803e-01 1.888636623234507095e+00
0.000000000000000000e+00 0.000000000000000000e+00 0.000000000000000000e+00 0.000000000000000000e+00 0.000000000000000000e+00 0.000000000000000000e+00 0.000000000000000000e+00 8.107848446673825427e-01 1.190401021555195893e+00 0.000000000000000000e+00 0.000000000000000000e+00 0.000000000000000000e+00 0.000000000000000000e+00 0.000000000000000000e+00 0.000000000000000000e+00 0.000000000000000000e+00 0.000000000000000000e+00 0.000000000000000000e+00 5.462900295831679687e-01 8.897366916881654236e-03 8.942012478085938909e-01 0.000000000000000000e+00 0.000000000000000000e+00 1.007991055338272046e+00 7.512747565234176861e-01
2.273731557307779039e-01 0.000000000000000000e+00 2.692771053081216004e-01 2.833919426358859073e-01 0.000000000000000000e+00 0.000000000000000000e+00 2.660324107222045154e-01 0.000000000000000000e+00 0.000000000000000000e+00 5.625570906299854901e-01 0.000000000000000000e+00 0.000000000000000000e+00 0.000000000000000000e+00 0.000000000000000000e+00 3.416610440744464183e-01 3.795527555608907977e-01 0.000000000000000000e+00 0.000000000000000000e+00 0.000000000000000000e+00 0.000000000000000000e+00 0.000000000000000000e+00 0.000000000000000000e+00 3.037718484393167051e-01 0.000000000000000000e+00 0.000000000000000000e+00
0.000000000000000000e+00 0.000000000000000000e+00 4.888410879690440192e-01 0.000000000000000000e+00 0.000000000000000000e+00 0.000000000000000000e+00 6.746503825192726733e-01 0.000000000000000000e+00 0.000000000000000000e+00 0.000000000000000000e+00 0.000000000000000000e+00 0.000000000000000000e+00 3.182467024484714746e-01 0.000000000000000000e+00 0.000000000000000000e+00 0.000000000000000000e+00 0.000000000000000000e+00 0.000000000000000000e+00 0.000000000000000000e+00 0.000000000000000000e+00 0.000000000000000000e+00 0.000000000000000000e+00 0.000000000000000000e+00 0.000000000000000000e+00 0.000000000000000000e+00
0.000000000000000000e+00 9.135984177347472590e-01 0.000000000000000000e+00 0.000000000000000000e+00 0.000000000000000000e+00 0.000000000000000000e+00 0.000000000000000000e+00 0.000000000000000000e+00 0.000000000000000000e+00 0.000000000000000000e+00 0.000000000000000000e+00 0.000000000000000000e+00 0.000000000000000000e+00 0.000000000000000000e+00 6.463355997793397423e-01 0.000000000000000000e+00 0.000000000000000000e+00 0.000000000000000000e+00 5.662019206626089929e-01 6.795058144328613992e-01 6.070732787171065903e-01 0.000000000000000000e+00 0.000000000000000000e+00 9.574734974888879924e-01 4.389191252080730243e-01
9.921232979621629200e-01 0.000000000000000000e+00 0.000000000000000000e+00 0.000000000000000000e+00 0.000000000000000000e+00 0.000000000000000000e+00 0.000000000000000000e+00 0.000000000000000000e+00 0.000000000000000000e+00 0.000000000000000000e+00 0.000000000000000000e+00 0.000000000000000000e+00 0.000000000000000000e+00 0.000000000000000000e+00 0.000000000000000000e+00 0.000000000000000000e+00 0.000000000000000000e+00 0.000000000000000000e+00 3.895913172873576857e-01 0.000000000000000000e+00 0.000000000000000000e+00 0.000000000000000000e+00 0.000000000000000000e+00 0.000000000000000000e+00 0.000000000000000000e+00
0.000000000000000000e+00 0.000000000000000000e+00 0.000000000000000000e+00 5.578646443907584462e-01 2.577729335549260870e-01 0.000000000000000000e+00 0.000000000000000000e+00 0.000000000000000000e+00 2.034591611579751880e-01 6.179747694472982333e-01 0.000000000000000000e+00 0.000000000000000000e+00 0.000000000000000000e+00 0.000000000000000000e+00 0.000000000000000000e+00 5.140218210793507936e-01 0.000000000000000000e+00 0.000000000000000000e+00 0.000000000000000000e+00 0.000000000000000000e+00 0.000000000000000000e+00 0.000000000000000000e+00 0.000000000000000000e+00 5.236157671982603901e-02 0.000000000000000000e+00
0.000000000000000000e+00 0.000000000000000000e+00 0.000000000000000000e+00 0.000000000000000000e+00 0.000000000000000000e+00 0.000000000000000000e+00 3.076356181174836127e-02 0.000000000000000000e+00 0.000000000000000000e+00 0.000000000000000000e+00 4.959563598285002262e-01 0.000000000000000000e+00 0.000000000000000000e+00 3.059817092414440221e-01 0.000000000000000000e+00 0.000000000000000000e+00 0.000000000000000000e+00 0.000000000000000000e+00 9.381235892555227565e-03 0.000000000000000000e+00 2.234344348126101124e-02 0.000000000000000000e+00 0.000000000000000000e+00 6.740293361371436642e-01 0.000000000000000000e+00
0.000000000000000000e+00 0.000000000000000000e+00 0.000000000000000000e+00 0.000000000000000000e+00 0.000000000000000000e+00 5.254774274463702016e-02 0.000000000000000000e+00 0.000000000000000000e+00 0.000000000000000000e+00 0.000000000000000000e+00 0.000000000000000000e+00 0.000000000000000000e+00 3.596104177828414183e-01 0.000000000000000000e+00 0.000000000000000000e+00 0.000000000000000000e+00 0.000000000000000000e+00 0.000000000000000000e+00 0.000000000000000000e+00 0.000000000000000000e+00 4.186896207295363048e-01 0.000000000000000000e+00 0.000000000000000000e+00 0.000000000000000000e+00 5.430861658333967501e-01
0.000000000000000000e+00 0.000000000000000000e+00 0.000000000000000000e+00 0.000000000000000000e+00 0.000000000000000000e+00 0.000000000000000000e+00 7.910011930640527961e-03 0.000000000000000000e+00 0.000000000000000000e+00 0.000000000000000000e+00 0.000000000000000000e+00 4.871445968811290994e-01 0.000000000000000000e+00 0.000000000000000000e+00 0.000000000000000000e+00 0.000000000000000000e+00 0.000000000000000000e+00 0.000000000000000000e+00 0.000000000000000000e+00 0.000000000000000000e+00 0.000000000000000000e+00 0.000000000000000000e+00 0.000000000000000000e+00 0.000000000000000000e+00 0.000000000000000000e+00
0.000000000000000000e+00 0.000000000000000000e+00 0.000000000000000000e+00 5.576303967764979497e-01 0.000000000000000000e+00 0.000000000000000000e+00 0.000000000000000000e+00 0.000000000000000000e+00 0.000000000000000000e+00 0.000000000000000000e+00 0.000000000000000000e+00 0.000000000000000000e+00 0.000000000000000000e+00 0.000000000000000000e+00 0.000000000000000000e+00 0.000000000000000000e+00 0.000000000000000000e+00 0.000000000000000000e+00 0.000000000000000000e+00 0.000000000000000000e+00 0.000000000000000000e+00 0.000000000000000000e+00 0.000000000000000000e+00 0.000000000000000000e+00 0.000000000000000000e+00
0.000000000000000000e+00 0.000000000000000000e+00 3.659104864467789264e-01 0.000000000000000000e+00 0.000000000000000000e+00 0.000000000000000000e+00 1.382620548404082106e-01 0.000000000000000000e+00 0.000000000000000000e+00 0.000000000000000000e+00 0.000000000000000000e+00 0.000000000000000000e+00 0.000000000000000000e+00 0.000000000000000000e+00 0.000000000000000000e+00 0.000000000000000000e+00 1.680584026382629936e-01 0.000000000000000000e+00 0.000000000000000000e+00 1.329275135354318071e-01 0.000000000000000000e+00 0.000000000000000000e+00 0.000000000000000000e+00 0.000000000000000000e+00 0.000000000000000000e+00
0.000000000000000000e+00 0.000000000000000000e+00 0.000000000000000000e+00 0.000000000000000000e+00 0.000000000000000000e+00 0.000000000000000000e+00 0.000000000000000000e+00 0.000000000000000000e+00 0.000000000000000000e+00 0.000000000000000000e+00 0.000000000000000000e+00 0.000000000000000000e+00 0.000000000000000000e+00 4.373044596989065225e-01 0.000000000000000000e+00 0.000000000000000000e+00 0.000000000000000000e+00 0.000000000000000000e+00 0.000000000000000000e+00 0.000000000000000000e+00 0.000000000000000000e+00 0.000000000000000000e+00 9.029056157878009858e-02 0.000000000000000000e+00 0.000000000000000000e+00
