# File created on Tue Apr 30 05:44:30 2024
# The following metaparameters were used for this matrix optimization : gamma0 = 0.5; alpha0 = 0; sigma0 = 0.25; l0 = 1;p = 1; R0 = 1; S0 = 0.05; NR = 25; NS = 25; matrix path = matrices/Nr25_Nc25/consumption/RandTrix_Nr25_Nc25_Nest0.6_Conn0.3168.txt; convergence threshold = 1e-08
1.037689260868015e+00 0.000000000000000e+00 7.186298468570806e-01 1.454511206919049e+00 0.000000000000000e+00 0.000000000000000e+00 0.000000000000000e+00 1.396198138379976e-01 0.000000000000000e+00 0.000000000000000e+00 7.348582019416673e-01 0.000000000000000e+00 7.065825425834808e-01 0.000000000000000e+00 4.507714817468816e-01 0.000000000000000e+00 0.000000000000000e+00 2.071397939561794e-01 0.000000000000000e+00 0.000000000000000e+00 0.000000000000000e+00 4.603361145346667e-01 0.000000000000000e+00 6.452649491803350e-01 0.000000000000000e+00 
1.287683640644759e+00 0.000000000000000e+00 0.000000000000000e+00 1.461119031418769e+00 0.000000000000000e+00 0.000000000000000e+00 0.000000000000000e+00 3.605990237636018e-01 0.000000000000000e+00 4.635233983806247e-01 0.000000000000000e+00 0.000000000000000e+00 9.346269698919936e-01 6.964428523419028e-01 0.000000000000000e+00 0.000000000000000e+00 0.000000000000000e+00 0.000000000000000e+00 2.413992502978092e-01 0.000000000000000e+00 0.000000000000000e+00 0.000000000000000e+00 0.000000000000000e+00 0.000000000000000e+00 0.000000000000000e+00 
0.000000000000000e+00 6.330491876792463e-01 1.062884625163870e+00 7.787709004672202e-01 1.181902999755804e+00 3.032453168570703e-01 0.000000000000000e+00 0.000000000000000e+00 0.000000000000000e+00 4.128296363234347e-01 0.000000000000000e+00 0.000000000000000e+00 2.744558703238807e-01 0.000000000000000e+00 0.000000000000000e+00 0.000000000000000e+00 0.000000000000000e+00 0.000000000000000e+00 0.000000000000000e+00 0.000000000000000e+00 1.966081083044465e-01 0.000000000000000e+00 3.425681328293056e-01 7.196881400852686e-01 0.000000000000000e+00 
1.062184228965271e+00 6.439489308033078e-01 0.000000000000000e+00 1.114853205003855e+00 0.000000000000000e+00 0.000000000000000e+00 0.000000000000000e+00 1.050983235284544e+00 0.000000000000000e+00 0.000000000000000e+00 0.000000000000000e+00 0.000000000000000e+00 0.000000000000000e+00 5.589105758309617e-01 0.000000000000000e+00 0.000000000000000e+00 0.000000000000000e+00 0.000000000000000e+00 0.000000000000000e+00 0.000000000000000e+00 0.000000000000000e+00 0.000000000000000e+00 0.000000000000000e+00 2.481795685323990e-01 0.000000000000000e+00 
1.096588436687746e+00 0.000000000000000e+00 0.000000000000000e+00 3.234570057132592e-01 1.068469565710176e+00 7.142042955989519e-01 0.000000000000000e+00 0.000000000000000e+00 0.000000000000000e+00 6.626041908691762e-01 0.000000000000000e+00 4.447247480129428e-01 0.000000000000000e+00 0.000000000000000e+00 0.000000000000000e+00 0.000000000000000e+00 0.000000000000000e+00 7.535843114644775e-01 0.000000000000000e+00 0.000000000000000e+00 0.000000000000000e+00 0.000000000000000e+00 0.000000000000000e+00 8.524175887563602e-01 0.000000000000000e+00 
1.564413526420789e+00 0.000000000000000e+00 5.041560225504739e-01 0.000000000000000e+00 0.000000000000000e+00 9.101650357783937e-01 0.000000000000000e+00 0.000000000000000e+00 2.038769566489577e-01 0.000000000000000e+00 0.000000000000000e+00 0.000000000000000e+00 0.000000000000000e+00 0.000000000000000e+00 0.000000000000000e+00 0.000000000000000e+00 0.000000000000000e+00 1.513077913895853e+00 6.243673805211005e-02 0.000000000000000e+00 0.000000000000000e+00 0.000000000000000e+00 0.000000000000000e+00 3.481766901468523e-01 5.806070623080785e-01 
0.000000000000000e+00 4.622162268641183e-01 7.687715026209626e-01 9.782551951200700e-01 1.364214237487397e+00 4.116139415859633e-01 0.000000000000000e+00 0.000000000000000e+00 2.805889291211473e-01 0.000000000000000e+00 0.000000000000000e+00 0.000000000000000e+00 0.000000000000000e+00 0.000000000000000e+00 0.000000000000000e+00 0.000000000000000e+00 0.000000000000000e+00 0.000000000000000e+00 0.000000000000000e+00 1.514129751694465e-01 6.672826280974787e-02 0.000000000000000e+00 0.000000000000000e+00 0.000000000000000e+00 0.000000000000000e+00 
4.462404730831215e-01 3.179744082371955e-01 0.000000000000000e+00 0.000000000000000e+00 0.000000000000000e+00 2.225257137042038e-01 0.000000000000000e+00 0.000000000000000e+00 0.000000000000000e+00 1.903466263632215e+00 0.000000000000000e+00 0.000000000000000e+00 0.000000000000000e+00 8.026180206265076e-02 0.000000000000000e+00 8.304053132173510e-01 0.000000000000000e+00 1.304550572881051e+00 0.000000000000000e+00 0.000000000000000e+00 0.000000000000000e+00 0.000000000000000e+00 0.000000000000000e+00 0.000000000000000e+00 4.847297723863256e-01 
5.397501829686931e-01 0.000000000000000e+00 1.507333345319539e-01 0.000000000000000e+00 5.792885743003550e-01 9.293212978565533e-01 0.000000000000000e+00 3.077371392603643e-01 0.000000000000000e+00 0.000000000000000e+00 5.068255279372194e-01 0.000000000000000e+00 5.614818005696302e-01 0.000000000000000e+00 0.000000000000000e+00 0.000000000000000e+00 0.000000000000000e+00 8.096094179366540e-01 0.000000000000000e+00 0.000000000000000e+00 0.000000000000000e+00 0.000000000000000e+00 1.151539802473094e-01 0.000000000000000e+00 0.000000000000000e+00 
1.107242034631691e+00 2.397046983350284e-01 0.000000000000000e+00 2.468489865929702e-01 0.000000000000000e+00 0.000000000000000e+00 0.000000000000000e+00 0.000000000000000e+00 8.016494371952840e-01 0.000000000000000e+00 0.000000000000000e+00 4.075652095602383e-01 0.000000000000000e+00 8.974956533776429e-01 0.000000000000000e+00 0.000000000000000e+00 0.000000000000000e+00 0.000000000000000e+00 0.000000000000000e+00 0.000000000000000e+00 0.000000000000000e+00 0.000000000000000e+00 0.000000000000000e+00 0.000000000000000e+00 0.000000000000000e+00 
4.133708030555709e-01 4.597841721677565e-01 4.125781138763885e-02 1.168969856570189e+00 0.000000000000000e+00 0.000000000000000e+00 0.000000000000000e+00 3.485230973330016e-01 0.000000000000000e+00 0.000000000000000e+00 0.000000000000000e+00 2.068627406740924e-01 0.000000000000000e+00 4.294371415728235e-01 0.000000000000000e+00 0.000000000000000e+00 0.000000000000000e+00 0.000000000000000e+00 0.000000000000000e+00 0.000000000000000e+00 0.000000000000000e+00 0.000000000000000e+00 1.455534869223126e-02 0.000000000000000e+00 0.000000000000000e+00 
3.800936669648200e-01 4.591795468716892e-01 0.000000000000000e+00 0.000000000000000e+00 4.573196092474599e-01 4.230562537623025e-01 0.000000000000000e+00 0.000000000000000e+00 1.268509670349164e+00 0.000000000000000e+00 7.690133156949051e-01 0.000000000000000e+00 9.863301865788487e-02 0.000000000000000e+00 0.000000000000000e+00 0.000000000000000e+00 0.000000000000000e+00 0.000000000000000e+00 0.000000000000000e+00 0.000000000000000e+00 1.636327650136821e-01 0.000000000000000e+00 0.000000000000000e+00 0.000000000000000e+00 0.000000000000000e+00 
5.189780020185333e-01 0.000000000000000e+00 7.561055624739137e-02 3.088216367045935e-01 5.352703545349719e-01 0.000000000000000e+00 0.000000000000000e+00 1.854657024550976e-01 0.000000000000000e+00 0.000000000000000e+00 3.888594241050311e-01 0.000000000000000e+00 0.000000000000000e+00 0.000000000000000e+00 0.000000000000000e+00 0.000000000000000e+00 0.000000000000000e+00 0.000000000000000e+00 0.000000000000000e+00 0.000000000000000e+00 0.000000000000000e+00 3.294928241378590e-01 0.000000000000000e+00 1.336033198959719e+00 8.726393558659381e-02 
4.824255632896212e-01 0.000000000000000e+00 4.019610873792527e-01 4.590045656575014e-01 0.000000000000000e+00 0.000000000000000e+00 0.000000000000000e+00 7.011589361090369e-01 4.677955492187970e-01 0.000000000000000e+00 0.000000000000000e+00 4.652193753707273e-01 0.000000000000000e+00 5.598177607669594e-02 0.000000000000000e+00 2.630657977777451e-01 0.000000000000000e+00 0.000000000000000e+00 0.000000000000000e+00 0.000000000000000e+00 0.000000000000000e+00 0.000000000000000e+00 0.000000000000000e+00 0.000000000000000e+00 0.000000000000000e+00 
0.000000000000000e+00 4.989133974542126e-01 6.306058043861179e-01 4.958487856701007e-01 0.000000000000000e+00 0.000000000000000e+00 0.000000000000000e+00 0.000000000000000e+00 0.000000000000000e+00 0.000000000000000e+00 0.000000000000000e+00 0.000000000000000e+00 0.000000000000000e+00 0.000000000000000e+00 0.000000000000000e+00 0.000000000000000e+00 0.000000000000000e+00 0.000000000000000e+00 0.000000000000000e+00 2.781142503308126e-01 0.000000000000000e+00 0.000000000000000e+00 0.000000000000000e+00 1.349195723817113e+00 0.000000000000000e+00 
6.714622899676251e-01 2.161986710050523e-01 5.979553427158365e-01 0.000000000000000e+00 0.000000000000000e+00 0.000000000000000e+00 5.535881858321357e-03 0.000000000000000e+00 0.000000000000000e+00 7.460748451605802e-01 0.000000000000000e+00 7.298489920108480e-01 0.000000000000000e+00 0.000000000000000e+00 0.000000000000000e+00 0.000000000000000e+00 0.000000000000000e+00 0.000000000000000e+00 0.000000000000000e+00 0.000000000000000e+00 0.000000000000000e+00 0.000000000000000e+00 0.000000000000000e+00 0.000000000000000e+00 0.000000000000000e+00 
5.119467757982653e-01 0.000000000000000e+00 0.000000000000000e+00 8.854285558470710e-01 0.000000000000000e+00 0.000000000000000e+00 0.000000000000000e+00 0.000000000000000e+00 1.212406999384328e-01 0.000000000000000e+00 0.000000000000000e+00 0.000000000000000e+00 0.000000000000000e+00 1.780401154650884e-01 0.000000000000000e+00 0.000000000000000e+00 0.000000000000000e+00 0.000000000000000e+00 0.000000000000000e+00 0.000000000000000e+00 0.000000000000000e+00 0.000000000000000e+00 7.437428449184152e-01 1.954428654380364e-01 2.819294625262971e-01 
0.000000000000000e+00 2.978073498741772e-01 0.000000000000000e+00 0.000000000000000e+00 0.000000000000000e+00 0.000000000000000e+00 5.061392204426329e-01 3.864473218153157e-01 2.435005834049046e-01 0.000000000000000e+00 0.000000000000000e+00 0.000000000000000e+00 0.000000000000000e+00 0.000000000000000e+00 7.649380493019347e-01 0.000000000000000e+00 0.000000000000000e+00 2.189121956809846e-01 9.638664883682616e-01 0.000000000000000e+00 0.000000000000000e+00 0.000000000000000e+00 0.000000000000000e+00 4.573961541177475e-01 0.000000000000000e+00 
3.647787804288499e-01 7.138678627147145e-01 6.687710265445111e-01 3.279565661084870e-01 0.000000000000000e+00 0.000000000000000e+00 2.907762054426652e-01 0.000000000000000e+00 0.000000000000000e+00 0.000000000000000e+00 0.000000000000000e+00 0.000000000000000e+00 0.000000000000000e+00 0.000000000000000e+00 0.000000000000000e+00 0.000000000000000e+00 0.000000000000000e+00 0.000000000000000e+00 0.000000000000000e+00 0.000000000000000e+00 3.371540615347391e-01 0.000000000000000e+00 0.000000000000000e+00 0.000000000000000e+00 0.000000000000000e+00 
0.000000000000000e+00 0.000000000000000e+00 0.000000000000000e+00 0.000000000000000e+00 0.000000000000000e+00 0.000000000000000e+00 8.713599669231551e-01 4.328285167055993e-01 0.000000000000000e+00 0.000000000000000e+00 6.950518414997891e-01 0.000000000000000e+00 0.000000000000000e+00 8.553672393282254e-02 6.377169612119695e-01 1.711027138294066e-03 0.000000000000000e+00 3.732139632740422e-02 0.000000000000000e+00 0.000000000000000e+00 0.000000000000000e+00 0.000000000000000e+00 0.000000000000000e+00 0.000000000000000e+00 1.422115982348110e-01 
0.000000000000000e+00 5.676791045218980e-01 3.268497891883081e-01 0.000000000000000e+00 0.000000000000000e+00 0.000000000000000e+00 0.000000000000000e+00 4.082880176537100e-01 0.000000000000000e+00 0.000000000000000e+00 0.000000000000000e+00 4.732036259995207e-01 0.000000000000000e+00 0.000000000000000e+00 0.000000000000000e+00 0.000000000000000e+00 0.000000000000000e+00 0.000000000000000e+00 0.000000000000000e+00 0.000000000000000e+00 0.000000000000000e+00 0.000000000000000e+00 0.000000000000000e+00 5.498876986176964e-01 0.000000000000000e+00 
6.877382538928089e-01 0.000000000000000e+00 0.000000000000000e+00 0.000000000000000e+00 4.148357313184994e-01 0.000000000000000e+00 0.000000000000000e+00 0.000000000000000e+00 0.000000000000000e+00 5.006545105233675e-01 0.000000000000000e+00 0.000000000000000e+00 0.000000000000000e+00 7.510903599737664e-02 0.000000000000000e+00 0.000000000000000e+00 0.000000000000000e+00 0.000000000000000e+00 0.000000000000000e+00 0.000000000000000e+00 2.195379367063200e-01 0.000000000000000e+00 0.000000000000000e+00 3.816979694116486e-01 0.000000000000000e+00 
7.336126789482724e-01 4.559291704592503e-01 0.000000000000000e+00 0.000000000000000e+00 0.000000000000000e+00 0.000000000000000e+00 0.000000000000000e+00 0.000000000000000e+00 2.773523030005717e-01 0.000000000000000e+00 0.000000000000000e+00 0.000000000000000e+00 0.000000000000000e+00 0.000000000000000e+00 5.888199830265223e-03 0.000000000000000e+00 0.000000000000000e+00 1.081688711008405e-01 0.000000000000000e+00 0.000000000000000e+00 0.000000000000000e+00 0.000000000000000e+00 0.000000000000000e+00 0.000000000000000e+00 0.000000000000000e+00 
0.000000000000000e+00 6.066504178185320e-01 0.000000000000000e+00 0.000000000000000e+00 0.000000000000000e+00 0.000000000000000e+00 0.000000000000000e+00 0.000000000000000e+00 0.000000000000000e+00 0.000000000000000e+00 2.705979122716109e-01 1.022825699198681e-02 0.000000000000000e+00 0.000000000000000e+00 0.000000000000000e+00 0.000000000000000e+00 0.000000000000000e+00 0.000000000000000e+00 0.000000000000000e+00 0.000000000000000e+00 0.000000000000000e+00 0.000000000000000e+00 0.000000000000000e+00 0.000000000000000e+00 0.000000000000000e+00 
0.000000000000000e+00 0.000000000000000e+00 4.701506050359490e-01 0.000000000000000e+00 0.000000000000000e+00 0.000000000000000e+00 0.000000000000000e+00 0.000000000000000e+00 0.000000000000000e+00 0.000000000000000e+00 0.000000000000000e+00 0.000000000000000e+00 0.000000000000000e+00 0.000000000000000e+00 0.000000000000000e+00 0.000000000000000e+00 0.000000000000000e+00 0.000000000000000e+00 0.000000000000000e+00 0.000000000000000e+00 0.000000000000000e+00 0.000000000000000e+00 0.000000000000000e+00 0.000000000000000e+00 0.000000000000000e+00 