# File created on Fri May 17 15:41:47 2024
# The following metaparameters were used for this matrix optimization : gamma0 = 0.5; alpha0 = 0; sigma0 = 0.25; l0 = 1;p = 1; R0 = 1; S0 = 0.05; NR = 25; NS = 25; matrix path = matrices/Nr25_Nc25/consumption/RandTrix_Nr25_Nc25_Nest0.15_Conn0.08.txt; convergence threshold = 1e-08
0.000000000000000e+00 0.000000000000000e+00 0.000000000000000e+00 0.000000000000000e+00 2.538180430112947e-04 0.000000000000000e+00 0.000000000000000e+00 3.358240179701960e-03 2.726068161783290e-03 0.000000000000000e+00 4.838591858467755e-04 0.000000000000000e+00 0.000000000000000e+00 1.903841504795392e-03 0.000000000000000e+00 2.378888519334820e-03 2.355792370695167e-03 0.000000000000000e+00 0.000000000000000e+00 1.765533414358688e-03 0.000000000000000e+00 1.379479835406270e-03 2.583063087859564e-03 3.294743288130206e-03 1.372143810169147e-03 
4.573043701999734e-03 3.576978543997948e-03 0.000000000000000e+00 3.699901233299737e-03 1.490423670577075e-03 3.029443988654583e-03 0.000000000000000e+00 0.000000000000000e+00 0.000000000000000e+00 4.360257460573456e-03 1.895351035547091e-03 0.000000000000000e+00 0.000000000000000e+00 3.642411061952591e-03 1.050177093685146e-03 3.841101061493876e-03 2.208269947710043e-03 0.000000000000000e+00 0.000000000000000e+00 0.000000000000000e+00 0.000000000000000e+00 4.759259155297703e-03 2.038941020050092e-03 1.292924724372642e-03 0.000000000000000e+00 
3.791156034071861e-04 4.937550719506893e-03 0.000000000000000e+00 4.443753143379447e-03 8.800262005080690e-04 0.000000000000000e+00 1.397426314726060e-03 0.000000000000000e+00 0.000000000000000e+00 2.844737825686819e-04 3.208045910043995e-03 3.563651659781537e-03 1.548771363343440e-03 4.366523507787838e-03 1.435592328738237e-03 0.000000000000000e+00 0.000000000000000e+00 4.190106284680152e-04 8.789623918932666e-04 0.000000000000000e+00 1.543082980278840e-04 0.000000000000000e+00 4.963882160385795e-03 4.356718351848593e-03 7.314667232220950e-05 
4.912268232821534e-03 3.865837602565575e-04 4.986865595850901e-03 0.000000000000000e+00 0.000000000000000e+00 2.441160788980389e-03 1.835485859918378e-03 2.776192291612856e-03 7.652715077408968e-04 0.000000000000000e+00 0.000000000000000e+00 4.882835831815711e-03 0.000000000000000e+00 0.000000000000000e+00 0.000000000000000e+00 1.228920776901065e-03 8.071916249124221e-04 0.000000000000000e+00 4.489353980933201e-03 0.000000000000000e+00 0.000000000000000e+00 0.000000000000000e+00 0.000000000000000e+00 5.520123436307575e-04 4.256782553598248e-03 
0.000000000000000e+00 3.707753269419471e-03 0.000000000000000e+00 0.000000000000000e+00 4.506052225444919e-03 4.913505473152169e-04 1.446164688040524e-03 3.129123359267010e-03 0.000000000000000e+00 3.156797996002782e-03 3.226228665315548e-03 0.000000000000000e+00 0.000000000000000e+00 0.000000000000000e+00 0.000000000000000e+00 0.000000000000000e+00 0.000000000000000e+00 0.000000000000000e+00 2.550175597177250e-03 0.000000000000000e+00 0.000000000000000e+00 2.432337369789376e-03 2.886271655671284e-03 0.000000000000000e+00 0.000000000000000e+00 
0.000000000000000e+00 0.000000000000000e+00 0.000000000000000e+00 1.720089590859060e-03 2.369434892855458e-03 0.000000000000000e+00 4.291749470049331e-04 0.000000000000000e+00 0.000000000000000e+00 0.000000000000000e+00 6.783940022242593e-05 4.794325382402743e-04 0.000000000000000e+00 2.973813554817928e-03 0.000000000000000e+00 1.884322584393442e-03 1.708526416497443e-03 3.113704604997537e-03 0.000000000000000e+00 0.000000000000000e+00 0.000000000000000e+00 4.386949364079451e-03 0.000000000000000e+00 0.000000000000000e+00 1.485653957093607e-04 
3.449690249439390e-03 3.475828510273629e-03 3.692842463039703e-03 1.772363867846206e-03 4.812218502809960e-03 0.000000000000000e+00 0.000000000000000e+00 3.338613543406724e-03 0.000000000000000e+00 0.000000000000000e+00 0.000000000000000e+00 3.427084925370301e-03 0.000000000000000e+00 4.801179118863096e-03 4.039290255210745e-03 0.000000000000000e+00 8.901136333687904e-04 1.552968994220374e-03 0.000000000000000e+00 4.149823634425105e-03 6.363865843115291e-06 4.108646188197175e-03 1.129468882223396e-03 3.572241563549971e-03 0.000000000000000e+00 
1.579067841653513e-03 2.702245323389782e-03 0.000000000000000e+00 0.000000000000000e+00 2.856314684783048e-03 2.250867043743341e-03 0.000000000000000e+00 0.000000000000000e+00 6.000473519082313e-04 1.762509913697455e-03 4.976985241469779e-03 3.962211594101939e-03 0.000000000000000e+00 0.000000000000000e+00 0.000000000000000e+00 0.000000000000000e+00 1.721273934141919e-03 0.000000000000000e+00 0.000000000000000e+00 4.512806907872291e-03 0.000000000000000e+00 2.545088139106651e-03 0.000000000000000e+00 1.685805594602907e-03 1.099176260664968e-03 
3.268247523977778e-03 0.000000000000000e+00 0.000000000000000e+00 0.000000000000000e+00 1.642974999849776e-03 4.444880089339146e-03 0.000000000000000e+00 0.000000000000000e+00 0.000000000000000e+00 0.000000000000000e+00 4.330403526820485e-03 0.000000000000000e+00 0.000000000000000e+00 4.362876647537580e-03 2.019827852913024e-04 4.046512632675151e-04 1.063839892849438e-03 0.000000000000000e+00 0.000000000000000e+00 0.000000000000000e+00 0.000000000000000e+00 3.792981289975274e-03 2.906207540464862e-03 0.000000000000000e+00 1.781756231018207e-03 
2.626076260222723e-03 0.000000000000000e+00 0.000000000000000e+00 3.875191598648459e-03 3.145047405707702e-03 0.000000000000000e+00 0.000000000000000e+00 3.976256072443972e-03 4.219652550302557e-03 1.870752795018352e-03 1.925978621387470e-03 8.557624522511459e-04 0.000000000000000e+00 7.675324509299636e-04 0.000000000000000e+00 4.686822817019517e-03 0.000000000000000e+00 0.000000000000000e+00 1.340521705649387e-03 3.813340286969596e-03 0.000000000000000e+00 0.000000000000000e+00 1.843353162282949e-03 0.000000000000000e+00 2.184850131782702e-03 
3.788681625659133e-03 4.415928351907209e-03 0.000000000000000e+00 2.672296052243723e-03 0.000000000000000e+00 3.368237460296562e-03 0.000000000000000e+00 0.000000000000000e+00 2.743754676695824e-03 0.000000000000000e+00 1.250430940705002e-03 2.231426124263756e-03 4.484957704933433e-03 0.000000000000000e+00 0.000000000000000e+00 0.000000000000000e+00 0.000000000000000e+00 9.689666579170440e-05 2.535092939774926e-03 0.000000000000000e+00 0.000000000000000e+00 0.000000000000000e+00 0.000000000000000e+00 0.000000000000000e+00 2.346614057557389e-03 
0.000000000000000e+00 0.000000000000000e+00 4.501438458747462e-03 3.884752490445793e-03 0.000000000000000e+00 0.000000000000000e+00 2.431252806918925e-03 4.319732346659200e-03 0.000000000000000e+00 0.000000000000000e+00 2.746336537933902e-04 3.068223803546579e-03 0.000000000000000e+00 0.000000000000000e+00 2.802252159055002e-03 6.737114362231684e-05 0.000000000000000e+00 0.000000000000000e+00 0.000000000000000e+00 3.437073936250183e-03 8.241120027814276e-04 0.000000000000000e+00 1.780458764069718e-03 2.010888965415385e-03 2.451095696229054e-03 
1.281849932404333e-03 0.000000000000000e+00 0.000000000000000e+00 0.000000000000000e+00 0.000000000000000e+00 2.976089246223305e-03 0.000000000000000e+00 2.184872141801759e-03 4.380798174204679e-03 2.452485933964334e-03 0.000000000000000e+00 2.531392666526651e-03 1.190292559814036e-04 0.000000000000000e+00 3.318823369452805e-03 1.102847591521006e-03 0.000000000000000e+00 0.000000000000000e+00 0.000000000000000e+00 2.042181923230263e-03 0.000000000000000e+00 1.090455535696730e-03 0.000000000000000e+00 0.000000000000000e+00 2.971235718514913e-03 
1.391081004190672e-03 2.360985648875688e-03 0.000000000000000e+00 3.657794054777255e-03 2.954907788806670e-03 1.469097113100932e-03 2.046536953438856e-03 0.000000000000000e+00 1.213056968311532e-03 0.000000000000000e+00 0.000000000000000e+00 3.801241748315271e-03 0.000000000000000e+00 4.292359362924253e-03 4.686689918984475e-03 2.522375050715259e-03 4.432277026427707e-03 1.934585568904463e-03 0.000000000000000e+00 0.000000000000000e+00 0.000000000000000e+00 1.312499006968300e-03 0.000000000000000e+00 1.548169940768378e-04 2.084220779077363e-03 
0.000000000000000e+00 0.000000000000000e+00 0.000000000000000e+00 2.747724545831581e-03 1.826869985862690e-03 0.000000000000000e+00 2.216074490957134e-03 0.000000000000000e+00 3.525193771149609e-03 4.194072406871319e-03 0.000000000000000e+00 2.154702422321693e-03 1.513790822665434e-03 0.000000000000000e+00 0.000000000000000e+00 6.710315538247550e-04 3.281945298714870e-03 0.000000000000000e+00 0.000000000000000e+00 2.630564808044048e-03 0.000000000000000e+00 2.738687482005900e-03 0.000000000000000e+00 0.000000000000000e+00 3.972333590243139e-03 
0.000000000000000e+00 0.000000000000000e+00 2.175623481912659e-03 6.884405602211032e-05 3.934037210798978e-03 0.000000000000000e+00 6.083556328970171e-04 4.125009155317845e-03 3.894490347636206e-03 9.338668110556250e-04 0.000000000000000e+00 0.000000000000000e+00 1.455690211448226e-03 4.970201930601178e-03 0.000000000000000e+00 0.000000000000000e+00 3.535846338430605e-03 4.351259605689353e-03 2.159827274477222e-03 0.000000000000000e+00 0.000000000000000e+00 0.000000000000000e+00 2.346129454021533e-03 2.512240717754476e-03 0.000000000000000e+00 
0.000000000000000e+00 0.000000000000000e+00 2.282219742864474e-03 0.000000000000000e+00 3.965230268034069e-03 4.963985816527345e-03 0.000000000000000e+00 1.319262883916106e-03 3.196266862986652e-04 1.560527053516647e-03 0.000000000000000e+00 0.000000000000000e+00 1.460300867629076e-06 4.385405925166092e-04 2.737863595510280e-03 3.312600778564172e-03 0.000000000000000e+00 6.538005266595204e-04 0.000000000000000e+00 0.000000000000000e+00 2.587786416735758e-03 1.071212157728369e-03 2.015358393094597e-03 0.000000000000000e+00 0.000000000000000e+00 
2.280387561782979e-03 0.000000000000000e+00 0.000000000000000e+00 0.000000000000000e+00 0.000000000000000e+00 2.598073555681722e-03 4.414239102362669e-03 1.634044550596711e-04 0.000000000000000e+00 0.000000000000000e+00 0.000000000000000e+00 0.000000000000000e+00 1.399084460758532e-03 4.068591792235902e-03 0.000000000000000e+00 3.428526185159591e-03 2.550212970727790e-03 0.000000000000000e+00 3.203063968473556e-03 0.000000000000000e+00 0.000000000000000e+00 3.348224631602580e-03 0.000000000000000e+00 1.863652125414340e-03 0.000000000000000e+00 
0.000000000000000e+00 0.000000000000000e+00 9.860213318096180e-04 0.000000000000000e+00 0.000000000000000e+00 1.625471875405413e-03 1.481070161712396e-03 3.758215578131031e-03 0.000000000000000e+00 2.702998196063110e-04 2.011721963544377e-03 0.000000000000000e+00 0.000000000000000e+00 0.000000000000000e+00 4.995936209062390e-03 1.443145517076104e-03 0.000000000000000e+00 1.361945791566849e-03 4.494998005434348e-03 3.489089667548191e-03 4.677604086238529e-03 0.000000000000000e+00 0.000000000000000e+00 1.191855815533470e-03 0.000000000000000e+00 
4.415743445976265e-03 3.674436063345540e-03 2.194549556400472e-03 8.454250291923510e-04 0.000000000000000e+00 3.319015819076081e-03 0.000000000000000e+00 3.337730616966076e-03 0.000000000000000e+00 0.000000000000000e+00 3.218558725032983e-03 2.293374140632850e-03 2.497073049473588e-03 0.000000000000000e+00 0.000000000000000e+00 0.000000000000000e+00 2.510131499895872e-03 0.000000000000000e+00 3.540196466515227e-05 0.000000000000000e+00 1.086413794120240e-03 4.786494840775914e-03 0.000000000000000e+00 0.000000000000000e+00 0.000000000000000e+00 
2.006106943912153e-03 0.000000000000000e+00 4.602433687185603e-03 0.000000000000000e+00 0.000000000000000e+00 4.920005599672567e-03 1.243027466239860e-03 0.000000000000000e+00 0.000000000000000e+00 0.000000000000000e+00 0.000000000000000e+00 0.000000000000000e+00 0.000000000000000e+00 2.723807343134667e-03 0.000000000000000e+00 1.940547662028124e-03 0.000000000000000e+00 0.000000000000000e+00 0.000000000000000e+00 2.591311574970825e-03 4.805762848841534e-03 0.000000000000000e+00 3.772866152678259e-03 0.000000000000000e+00 0.000000000000000e+00 
0.000000000000000e+00 1.338810373726740e-03 1.944229236285110e-03 2.903776461162191e-03 0.000000000000000e+00 1.877316931195445e-03 2.862196433738628e-03 3.251109679499650e-03 0.000000000000000e+00 0.000000000000000e+00 3.515652516733619e-03 0.000000000000000e+00 0.000000000000000e+00 1.004501013985478e-03 1.845431185802135e-03 3.053795924604487e-03 5.279036206759036e-04 3.254858612723824e-03 4.918635668742552e-04 2.427375810856124e-03 2.038336251684901e-03 2.121480285920872e-03 4.700538774619899e-03 9.080557547698367e-04 1.013788390255890e-03 
0.000000000000000e+00 0.000000000000000e+00 2.214910305254586e-03 0.000000000000000e+00 0.000000000000000e+00 4.047793331075222e-03 1.508879852821664e-04 0.000000000000000e+00 2.957614017924978e-03 0.000000000000000e+00 4.513485632973466e-03 2.223870689269568e-03 2.811239650953490e-03 2.241723718050351e-03 0.000000000000000e+00 2.716499252492314e-03 1.823411269657534e-03 2.904754167137619e-03 0.000000000000000e+00 0.000000000000000e+00 1.786896585777681e-03 1.458947697051591e-03 2.270945869818382e-03 0.000000000000000e+00 2.192857766208182e-03 
6.764567690232469e-04 0.000000000000000e+00 0.000000000000000e+00 0.000000000000000e+00 0.000000000000000e+00 0.000000000000000e+00 0.000000000000000e+00 0.000000000000000e+00 3.776234322983673e-03 0.000000000000000e+00 1.529452201678576e-03 0.000000000000000e+00 0.000000000000000e+00 2.480519665668418e-03 0.000000000000000e+00 0.000000000000000e+00 0.000000000000000e+00 3.853639794825232e-03 3.723126289358923e-03 2.673975552979542e-03 3.450765209375556e-03 0.000000000000000e+00 0.000000000000000e+00 0.000000000000000e+00 2.552541447023301e-03 
4.887233669967044e-03 0.000000000000000e+00 0.000000000000000e+00 3.346673051261829e-03 1.831083585317741e-03 2.850506335149181e-03 8.866299445326355e-04 2.435778256016264e-05 0.000000000000000e+00 2.237305478665170e-03 5.446621901612603e-04 8.174025420009658e-05 1.860364559819112e-03 0.000000000000000e+00 0.000000000000000e+00 0.000000000000000e+00 6.725757844808225e-04 4.025235125007564e-03 2.872754996955621e-03 3.596979848028319e-03 1.922784140785457e-03 0.000000000000000e+00 0.000000000000000e+00 7.566883247164225e-04 0.000000000000000e+00 