# File created on Tue Apr 30 03:56:52 2024
# The following metaparameters were used for this matrix optimization : gamma0 = 0.5; alpha0 = 0; sigma0 = 0.25; l0 = 1;p = 1; R0 = 1; S0 = 0.05; NR = 25; NS = 25; matrix path = matrices/Nr25_Nc25/consumption/RandTrix_Nr25_Nc25_Nest0.5_Conn0.32.txt; convergence threshold = 1e-08
1.347563930604279e+00 1.169535625934551e+00 0.000000000000000e+00 3.736599335566272e-01 0.000000000000000e+00 0.000000000000000e+00 0.000000000000000e+00 0.000000000000000e+00 0.000000000000000e+00 0.000000000000000e+00 0.000000000000000e+00 6.726869083845131e-01 0.000000000000000e+00 0.000000000000000e+00 0.000000000000000e+00 3.068567295094467e-01 2.089049000317844e+00 0.000000000000000e+00 0.000000000000000e+00 8.058236718586180e-02 0.000000000000000e+00 0.000000000000000e+00 7.490086290694023e-01 0.000000000000000e+00 0.000000000000000e+00 
0.000000000000000e+00 7.641846961272101e-01 6.727246656145352e-01 0.000000000000000e+00 0.000000000000000e+00 8.786075803381022e-01 4.016521582944683e-01 0.000000000000000e+00 0.000000000000000e+00 0.000000000000000e+00 0.000000000000000e+00 0.000000000000000e+00 1.144751513309131e+00 0.000000000000000e+00 0.000000000000000e+00 1.981919804790707e+00 0.000000000000000e+00 0.000000000000000e+00 2.569474238774143e-01 2.316711307087630e-02 0.000000000000000e+00 0.000000000000000e+00 6.955217858711406e-01 0.000000000000000e+00 5.364065797170251e-01 
1.990870612211881e+00 5.275384117265995e-01 0.000000000000000e+00 0.000000000000000e+00 3.554634266442464e-01 0.000000000000000e+00 0.000000000000000e+00 0.000000000000000e+00 0.000000000000000e+00 4.698312257731280e-01 3.778550785641557e-01 4.931323426953320e-01 0.000000000000000e+00 0.000000000000000e+00 7.353151036687433e-01 3.063375208285332e-01 9.635469820960748e-01 0.000000000000000e+00 0.000000000000000e+00 0.000000000000000e+00 0.000000000000000e+00 3.199182898064985e-01 0.000000000000000e+00 0.000000000000000e+00 0.000000000000000e+00 
0.000000000000000e+00 1.357454198710669e+00 1.208678468373797e+00 0.000000000000000e+00 0.000000000000000e+00 0.000000000000000e+00 0.000000000000000e+00 0.000000000000000e+00 3.440716551277670e-01 0.000000000000000e+00 0.000000000000000e+00 0.000000000000000e+00 0.000000000000000e+00 0.000000000000000e+00 0.000000000000000e+00 9.094319066967121e-01 0.000000000000000e+00 0.000000000000000e+00 1.408613981460151e+00 0.000000000000000e+00 0.000000000000000e+00 0.000000000000000e+00 6.764937220787747e-01 0.000000000000000e+00 0.000000000000000e+00 
0.000000000000000e+00 4.187218109619587e-01 0.000000000000000e+00 1.146027216382751e+00 8.282683924304288e-01 0.000000000000000e+00 4.891729439706820e-01 7.910024941782016e-02 1.159216533537454e-01 0.000000000000000e+00 0.000000000000000e+00 3.689888288203603e-01 0.000000000000000e+00 4.228453708810462e-01 2.327259579478791e-02 0.000000000000000e+00 5.125930399956530e-01 0.000000000000000e+00 0.000000000000000e+00 0.000000000000000e+00 1.190509748512290e-01 0.000000000000000e+00 0.000000000000000e+00 1.225538308081371e-02 0.000000000000000e+00 
9.728058427827120e-01 6.230865925231930e-01 0.000000000000000e+00 9.451716311969964e-01 2.850694855327958e-01 0.000000000000000e+00 3.107271417060314e-01 0.000000000000000e+00 0.000000000000000e+00 0.000000000000000e+00 3.462619302692010e-01 0.000000000000000e+00 0.000000000000000e+00 0.000000000000000e+00 0.000000000000000e+00 0.000000000000000e+00 0.000000000000000e+00 0.000000000000000e+00 0.000000000000000e+00 0.000000000000000e+00 0.000000000000000e+00 2.304753412692595e-01 0.000000000000000e+00 7.251980110637379e-01 0.000000000000000e+00 
8.333107545936695e-01 0.000000000000000e+00 3.086256621509976e-01 1.464418617393735e-01 0.000000000000000e+00 0.000000000000000e+00 0.000000000000000e+00 4.502602822897631e-01 3.415584910416306e-01 0.000000000000000e+00 0.000000000000000e+00 7.297172086492595e-01 0.000000000000000e+00 0.000000000000000e+00 1.129265075135646e+00 0.000000000000000e+00 0.000000000000000e+00 0.000000000000000e+00 0.000000000000000e+00 0.000000000000000e+00 0.000000000000000e+00 0.000000000000000e+00 1.290332536964044e-01 0.000000000000000e+00 0.000000000000000e+00 
0.000000000000000e+00 1.087547777656943e+00 0.000000000000000e+00 0.000000000000000e+00 0.000000000000000e+00 0.000000000000000e+00 0.000000000000000e+00 0.000000000000000e+00 0.000000000000000e+00 0.000000000000000e+00 0.000000000000000e+00 4.627868046665120e-01 3.877172124857682e-01 0.000000000000000e+00 9.547099334051981e-01 3.770414042380985e-01 0.000000000000000e+00 0.000000000000000e+00 0.000000000000000e+00 0.000000000000000e+00 0.000000000000000e+00 0.000000000000000e+00 0.000000000000000e+00 0.000000000000000e+00 0.000000000000000e+00 
0.000000000000000e+00 1.064625892596671e+00 5.736471997434012e-01 9.534233202422445e-01 2.849608373471387e-01 1.853603434099139e-01 0.000000000000000e+00 0.000000000000000e+00 0.000000000000000e+00 0.000000000000000e+00 0.000000000000000e+00 0.000000000000000e+00 0.000000000000000e+00 0.000000000000000e+00 0.000000000000000e+00 4.293595490128651e-02 0.000000000000000e+00 0.000000000000000e+00 0.000000000000000e+00 0.000000000000000e+00 0.000000000000000e+00 0.000000000000000e+00 0.000000000000000e+00 0.000000000000000e+00 0.000000000000000e+00 
8.864194848211969e-01 6.740396354484270e-01 0.000000000000000e+00 0.000000000000000e+00 2.959867853158362e-01 0.000000000000000e+00 6.522669103724387e-01 4.657428959699756e-02 0.000000000000000e+00 3.370922310397705e-01 0.000000000000000e+00 0.000000000000000e+00 0.000000000000000e+00 0.000000000000000e+00 2.272190251544670e-01 0.000000000000000e+00 0.000000000000000e+00 0.000000000000000e+00 6.503059755396265e-01 0.000000000000000e+00 0.000000000000000e+00 0.000000000000000e+00 0.000000000000000e+00 0.000000000000000e+00 0.000000000000000e+00 
5.633310748721132e-01 6.580265176077422e-01 0.000000000000000e+00 0.000000000000000e+00 0.000000000000000e+00 0.000000000000000e+00 0.000000000000000e+00 0.000000000000000e+00 3.387352527699949e-01 0.000000000000000e+00 0.000000000000000e+00 7.198029580891138e-01 0.000000000000000e+00 0.000000000000000e+00 6.417205365466838e-02 0.000000000000000e+00 9.689997854250158e-01 0.000000000000000e+00 0.000000000000000e+00 0.000000000000000e+00 0.000000000000000e+00 0.000000000000000e+00 0.000000000000000e+00 0.000000000000000e+00 9.278747344147105e-01 
5.715363169254458e-01 4.502461374860068e-01 8.406149818384449e-01 0.000000000000000e+00 0.000000000000000e+00 6.146345681922963e-01 0.000000000000000e+00 0.000000000000000e+00 0.000000000000000e+00 0.000000000000000e+00 0.000000000000000e+00 0.000000000000000e+00 0.000000000000000e+00 0.000000000000000e+00 3.603587036945110e-01 7.400758068704791e-01 0.000000000000000e+00 0.000000000000000e+00 0.000000000000000e+00 0.000000000000000e+00 0.000000000000000e+00 0.000000000000000e+00 5.075822196684759e-01 0.000000000000000e+00 1.913788598973252e-01 
0.000000000000000e+00 9.164884005717634e-01 5.543772151004225e-01 0.000000000000000e+00 0.000000000000000e+00 0.000000000000000e+00 0.000000000000000e+00 0.000000000000000e+00 0.000000000000000e+00 0.000000000000000e+00 0.000000000000000e+00 0.000000000000000e+00 4.940999251300365e-01 0.000000000000000e+00 1.388914688433109e-02 0.000000000000000e+00 0.000000000000000e+00 0.000000000000000e+00 0.000000000000000e+00 0.000000000000000e+00 1.262494498902060e+00 0.000000000000000e+00 0.000000000000000e+00 0.000000000000000e+00 0.000000000000000e+00 
0.000000000000000e+00 0.000000000000000e+00 5.956668198125114e-01 0.000000000000000e+00 8.540991390377054e-01 4.095631780786497e-01 4.113003392796187e-01 6.404923361898747e-01 3.639600249732426e-01 0.000000000000000e+00 0.000000000000000e+00 0.000000000000000e+00 0.000000000000000e+00 3.492862220183924e-01 0.000000000000000e+00 0.000000000000000e+00 0.000000000000000e+00 0.000000000000000e+00 0.000000000000000e+00 1.121190097010470e-01 0.000000000000000e+00 0.000000000000000e+00 0.000000000000000e+00 0.000000000000000e+00 6.578964015935626e-01 
3.563034642687001e-01 0.000000000000000e+00 0.000000000000000e+00 2.751292974087143e-01 0.000000000000000e+00 1.608058662212310e-01 0.000000000000000e+00 0.000000000000000e+00 1.033841339717900e+00 0.000000000000000e+00 0.000000000000000e+00 5.385952713528065e-01 3.875560239900029e-01 0.000000000000000e+00 3.983064470635330e-01 0.000000000000000e+00 0.000000000000000e+00 0.000000000000000e+00 0.000000000000000e+00 1.759903756861568e-01 0.000000000000000e+00 0.000000000000000e+00 0.000000000000000e+00 5.602298644704481e-02 0.000000000000000e+00 
0.000000000000000e+00 5.957223524580846e-01 0.000000000000000e+00 0.000000000000000e+00 0.000000000000000e+00 0.000000000000000e+00 0.000000000000000e+00 7.100734014617002e-01 0.000000000000000e+00 4.955437659325005e-01 0.000000000000000e+00 0.000000000000000e+00 6.482751266648209e-01 1.241462871223212e-01 0.000000000000000e+00 2.808822072574317e-01 0.000000000000000e+00 0.000000000000000e+00 0.000000000000000e+00 0.000000000000000e+00 0.000000000000000e+00 0.000000000000000e+00 0.000000000000000e+00 8.461339128783554e-01 0.000000000000000e+00 
0.000000000000000e+00 1.525812673872272e-01 7.818005676231295e-02 1.022028248119623e+00 4.456539241620068e-01 0.000000000000000e+00 0.000000000000000e+00 0.000000000000000e+00 0.000000000000000e+00 0.000000000000000e+00 0.000000000000000e+00 4.649138192209628e-01 0.000000000000000e+00 0.000000000000000e+00 0.000000000000000e+00 0.000000000000000e+00 0.000000000000000e+00 0.000000000000000e+00 0.000000000000000e+00 2.937398272754396e-01 0.000000000000000e+00 0.000000000000000e+00 4.670320078403511e-01 0.000000000000000e+00 0.000000000000000e+00 
5.064644720581030e-01 5.598224189441366e-01 0.000000000000000e+00 0.000000000000000e+00 0.000000000000000e+00 3.860648149184361e-01 3.992685214397085e-01 0.000000000000000e+00 4.771738539061082e-01 4.040393445117383e-02 0.000000000000000e+00 0.000000000000000e+00 0.000000000000000e+00 0.000000000000000e+00 0.000000000000000e+00 0.000000000000000e+00 0.000000000000000e+00 0.000000000000000e+00 0.000000000000000e+00 0.000000000000000e+00 6.189979071661112e-01 2.107499694842783e-02 0.000000000000000e+00 0.000000000000000e+00 0.000000000000000e+00 
9.974422827897314e-01 0.000000000000000e+00 0.000000000000000e+00 5.608405194004250e-01 0.000000000000000e+00 0.000000000000000e+00 0.000000000000000e+00 0.000000000000000e+00 0.000000000000000e+00 0.000000000000000e+00 0.000000000000000e+00 0.000000000000000e+00 0.000000000000000e+00 4.818696004814844e-01 2.250317667035282e-01 0.000000000000000e+00 0.000000000000000e+00 0.000000000000000e+00 0.000000000000000e+00 0.000000000000000e+00 0.000000000000000e+00 0.000000000000000e+00 0.000000000000000e+00 0.000000000000000e+00 0.000000000000000e+00 
6.368340878009029e-01 0.000000000000000e+00 0.000000000000000e+00 2.816551928854201e-01 0.000000000000000e+00 0.000000000000000e+00 0.000000000000000e+00 6.243469305917697e-01 0.000000000000000e+00 4.065844883188357e-01 0.000000000000000e+00 0.000000000000000e+00 0.000000000000000e+00 0.000000000000000e+00 0.000000000000000e+00 7.259982398396790e-01 0.000000000000000e+00 0.000000000000000e+00 0.000000000000000e+00 0.000000000000000e+00 0.000000000000000e+00 0.000000000000000e+00 0.000000000000000e+00 0.000000000000000e+00 0.000000000000000e+00 
0.000000000000000e+00 3.429054225574524e-01 0.000000000000000e+00 0.000000000000000e+00 0.000000000000000e+00 0.000000000000000e+00 0.000000000000000e+00 7.070004189564530e-01 1.874029141501568e-01 0.000000000000000e+00 0.000000000000000e+00 3.690094350013901e-01 0.000000000000000e+00 0.000000000000000e+00 0.000000000000000e+00 2.452916433469301e-01 0.000000000000000e+00 0.000000000000000e+00 0.000000000000000e+00 0.000000000000000e+00 0.000000000000000e+00 0.000000000000000e+00 0.000000000000000e+00 0.000000000000000e+00 0.000000000000000e+00 
5.735533815194391e-01 0.000000000000000e+00 3.477641173823342e-01 0.000000000000000e+00 0.000000000000000e+00 0.000000000000000e+00 3.515035762683184e-01 0.000000000000000e+00 0.000000000000000e+00 0.000000000000000e+00 0.000000000000000e+00 0.000000000000000e+00 0.000000000000000e+00 0.000000000000000e+00 0.000000000000000e+00 0.000000000000000e+00 8.166243744717401e-01 0.000000000000000e+00 0.000000000000000e+00 0.000000000000000e+00 0.000000000000000e+00 0.000000000000000e+00 0.000000000000000e+00 0.000000000000000e+00 0.000000000000000e+00 
0.000000000000000e+00 0.000000000000000e+00 0.000000000000000e+00 0.000000000000000e+00 0.000000000000000e+00 0.000000000000000e+00 5.793854506972570e-01 3.507132225339112e-01 0.000000000000000e+00 0.000000000000000e+00 0.000000000000000e+00 0.000000000000000e+00 0.000000000000000e+00 0.000000000000000e+00 0.000000000000000e+00 0.000000000000000e+00 3.779307573929274e-01 0.000000000000000e+00 0.000000000000000e+00 0.000000000000000e+00 0.000000000000000e+00 0.000000000000000e+00 0.000000000000000e+00 0.000000000000000e+00 0.000000000000000e+00 
0.000000000000000e+00 8.366759504066541e-01 0.000000000000000e+00 0.000000000000000e+00 0.000000000000000e+00 0.000000000000000e+00 0.000000000000000e+00 0.000000000000000e+00 0.000000000000000e+00 0.000000000000000e+00 0.000000000000000e+00 0.000000000000000e+00 0.000000000000000e+00 0.000000000000000e+00 0.000000000000000e+00 0.000000000000000e+00 0.000000000000000e+00 0.000000000000000e+00 0.000000000000000e+00 0.000000000000000e+00 0.000000000000000e+00 0.000000000000000e+00 0.000000000000000e+00 0.000000000000000e+00 0.000000000000000e+00 
0.000000000000000e+00 3.488265082474017e-01 2.929323022713352e-02 6.853089135613029e-01 0.000000000000000e+00 0.000000000000000e+00 0.000000000000000e+00 0.000000000000000e+00 0.000000000000000e+00 0.000000000000000e+00 0.000000000000000e+00 0.000000000000000e+00 2.928779486208097e-01 0.000000000000000e+00 0.000000000000000e+00 0.000000000000000e+00 0.000000000000000e+00 0.000000000000000e+00 0.000000000000000e+00 0.000000000000000e+00 0.000000000000000e+00 0.000000000000000e+00 0.000000000000000e+00 1.794149095092704e-01 0.000000000000000e+00 