# File created on Fri May 17 15:42:03 2024
# The following metaparameters were used for this matrix optimization : gamma0 = 0.5; alpha0 = 0; sigma0 = 0.25; l0 = 1;p = 1; R0 = 1; S0 = 0.05; NR = 25; NS = 25; matrix path = matrices/Nr25_Nc25/consumption/RandTrix_Nr25_Nc25_Nest0.4_Conn0.0784.txt; convergence threshold = 1e-08
2.172583490089876e-03 4.298026786157108e-03 2.449823642165657e-03 3.203127111660524e-03 0.000000000000000e+00 1.599350336773946e-03 0.000000000000000e+00 3.013016590139239e-03 0.000000000000000e+00 4.691623322094701e-03 2.480632292372691e-03 1.956458179552853e-03 2.609586300361682e-03 0.000000000000000e+00 0.000000000000000e+00 0.000000000000000e+00 0.000000000000000e+00 0.000000000000000e+00 1.011572428845442e-03 9.210126524247569e-04 3.647836554081233e-03 3.613321688180526e-04 3.523324538512140e-03 0.000000000000000e+00 0.000000000000000e+00 
2.261811592658543e-03 1.133390153333156e-03 4.381537310874616e-03 0.000000000000000e+00 3.803383718896486e-03 3.729122009885932e-04 4.711654006128076e-04 0.000000000000000e+00 3.344666887400864e-03 4.101319204906918e-03 0.000000000000000e+00 0.000000000000000e+00 3.463218046545211e-03 2.878304253798463e-03 7.448541974057751e-04 1.339909910444219e-03 2.085455127104272e-03 0.000000000000000e+00 0.000000000000000e+00 2.613965949758936e-03 3.921135025246161e-03 2.067814578311511e-03 0.000000000000000e+00 4.464898562013019e-03 4.400636932384788e-03 
2.725297821124152e-03 0.000000000000000e+00 0.000000000000000e+00 0.000000000000000e+00 4.646828159871056e-03 0.000000000000000e+00 0.000000000000000e+00 5.127122273200190e-04 2.287393261968433e-03 0.000000000000000e+00 2.245476125327019e-03 4.947448457913869e-03 3.525153813824710e-03 2.377523054190649e-03 1.821224055932314e-03 1.250290338915640e-03 0.000000000000000e+00 0.000000000000000e+00 1.428466071595382e-03 1.611954789516307e-03 0.000000000000000e+00 0.000000000000000e+00 0.000000000000000e+00 0.000000000000000e+00 0.000000000000000e+00 
4.795972093418068e-04 0.000000000000000e+00 0.000000000000000e+00 0.000000000000000e+00 0.000000000000000e+00 3.586205131410227e-03 0.000000000000000e+00 0.000000000000000e+00 0.000000000000000e+00 0.000000000000000e+00 1.463472507639799e-04 6.446729279458164e-04 0.000000000000000e+00 3.796370643354103e-03 0.000000000000000e+00 2.550304663705235e-03 2.987489198005271e-03 3.350080535420071e-03 1.246893417556984e-03 3.938660764790430e-03 0.000000000000000e+00 0.000000000000000e+00 1.544138812193869e-03 0.000000000000000e+00 3.537060923092934e-03 
2.557813341502709e-03 0.000000000000000e+00 0.000000000000000e+00 4.741633939043192e-03 3.552632552061065e-03 2.702358781830639e-03 3.611566700499628e-04 8.985031410660450e-05 4.981902217494650e-03 2.548330967817814e-03 8.740678446408039e-05 4.347413208866451e-03 0.000000000000000e+00 1.555964414080302e-03 4.567006993289907e-03 0.000000000000000e+00 2.046771270280690e-03 7.416515086962276e-04 0.000000000000000e+00 2.264627446520685e-03 2.263856150000718e-03 3.226603177806652e-03 4.124224191343856e-03 0.000000000000000e+00 1.572316375938143e-03 
0.000000000000000e+00 0.000000000000000e+00 0.000000000000000e+00 0.000000000000000e+00 1.345467434642326e-03 0.000000000000000e+00 0.000000000000000e+00 3.333482347945753e-03 0.000000000000000e+00 0.000000000000000e+00 0.000000000000000e+00 8.266502581345969e-05 0.000000000000000e+00 2.118849602224922e-03 0.000000000000000e+00 1.368925507164215e-03 0.000000000000000e+00 0.000000000000000e+00 0.000000000000000e+00 0.000000000000000e+00 1.709706173582829e-03 4.290893302033162e-03 2.858640530801294e-03 0.000000000000000e+00 0.000000000000000e+00 
0.000000000000000e+00 2.352463357027632e-04 3.809826914343503e-03 2.815395353968605e-03 0.000000000000000e+00 2.785110666455338e-03 0.000000000000000e+00 4.375359246228604e-03 2.158512675116995e-03 2.736225671542843e-04 0.000000000000000e+00 0.000000000000000e+00 9.823367081351775e-04 2.792078303112085e-03 0.000000000000000e+00 1.310891419705304e-03 0.000000000000000e+00 0.000000000000000e+00 2.009509879823676e-03 0.000000000000000e+00 0.000000000000000e+00 1.310191818449756e-03 0.000000000000000e+00 1.319773998211017e-03 8.387678134980941e-04 
0.000000000000000e+00 0.000000000000000e+00 0.000000000000000e+00 0.000000000000000e+00 3.948819324111547e-03 4.829489696321795e-03 6.696388640018111e-04 7.150269755658901e-04 0.000000000000000e+00 0.000000000000000e+00 0.000000000000000e+00 1.854995183256426e-03 0.000000000000000e+00 0.000000000000000e+00 1.619320314377621e-03 1.691538448446099e-03 0.000000000000000e+00 1.500753238570912e-03 1.747437521291847e-03 3.655012838001006e-03 0.000000000000000e+00 2.950731713998467e-03 2.158684119016861e-03 0.000000000000000e+00 6.438429936482914e-05 
4.108529980167268e-03 2.395669445981703e-03 0.000000000000000e+00 3.211770176336943e-03 0.000000000000000e+00 6.085405649142599e-04 0.000000000000000e+00 0.000000000000000e+00 2.659357351190299e-03 3.147675697807306e-03 0.000000000000000e+00 1.161168142691902e-03 3.643447865662227e-03 4.216787258708760e-03 0.000000000000000e+00 1.910331693652102e-05 4.110878503017581e-03 0.000000000000000e+00 3.948539617896861e-03 7.670086658811439e-04 3.386378156965213e-03 5.724635003837723e-04 4.050226620371706e-03 0.000000000000000e+00 0.000000000000000e+00 
3.568798412984179e-03 4.994990519530959e-03 3.022715320505457e-03 0.000000000000000e+00 0.000000000000000e+00 7.637312001048859e-04 4.154151745816965e-03 3.020902685089073e-03 3.524369085473315e-03 4.471172258534782e-03 2.868423375930074e-03 0.000000000000000e+00 0.000000000000000e+00 0.000000000000000e+00 9.243730069018861e-04 0.000000000000000e+00 2.734311807229078e-03 2.184942551199352e-03 0.000000000000000e+00 0.000000000000000e+00 2.317410417505736e-03 0.000000000000000e+00 2.607298591846794e-03 1.512086262408026e-03 0.000000000000000e+00 
4.236832357737417e-03 0.000000000000000e+00 5.561003387368163e-04 0.000000000000000e+00 1.020413035875088e-03 3.497190718717492e-03 3.262787568512230e-03 0.000000000000000e+00 0.000000000000000e+00 2.339798030033445e-04 0.000000000000000e+00 2.341440419003006e-03 0.000000000000000e+00 4.927430192998721e-03 0.000000000000000e+00 2.860275580737648e-03 4.651625893068560e-03 4.384266390561038e-04 0.000000000000000e+00 0.000000000000000e+00 0.000000000000000e+00 4.524878592434200e-03 1.241140460664550e-03 3.629569911551837e-03 0.000000000000000e+00 
0.000000000000000e+00 2.720259282530982e-03 0.000000000000000e+00 3.738858594307497e-03 3.674816495300341e-03 0.000000000000000e+00 4.136906171118027e-03 3.206852439126152e-03 0.000000000000000e+00 3.322618802429589e-03 4.248468474902449e-03 0.000000000000000e+00 0.000000000000000e+00 0.000000000000000e+00 3.011290501693364e-03 0.000000000000000e+00 2.713927369275703e-03 3.668833556649427e-03 0.000000000000000e+00 0.000000000000000e+00 4.108783892073489e-03 9.192481300087779e-05 0.000000000000000e+00 0.000000000000000e+00 3.949699325471329e-03 
0.000000000000000e+00 0.000000000000000e+00 0.000000000000000e+00 0.000000000000000e+00 1.530409106474930e-03 4.988801004602934e-03 3.586141967627384e-03 3.810900201413244e-04 2.704543684064259e-03 3.381691761750353e-03 0.000000000000000e+00 0.000000000000000e+00 4.622308053229048e-03 0.000000000000000e+00 0.000000000000000e+00 7.251420061949458e-04 0.000000000000000e+00 0.000000000000000e+00 0.000000000000000e+00 0.000000000000000e+00 1.166086618831908e-03 4.210286165077603e-03 4.116684868477814e-03 0.000000000000000e+00 1.389102045877982e-03 
0.000000000000000e+00 0.000000000000000e+00 2.246921011006283e-03 8.636484925957966e-04 0.000000000000000e+00 0.000000000000000e+00 0.000000000000000e+00 1.568262910030937e-04 0.000000000000000e+00 6.073385096331562e-04 6.027552577896850e-04 0.000000000000000e+00 0.000000000000000e+00 0.000000000000000e+00 0.000000000000000e+00 1.920196369922730e-03 1.711815558279986e-03 0.000000000000000e+00 3.747914406506882e-03 1.475959671562748e-03 0.000000000000000e+00 2.677897702410180e-03 0.000000000000000e+00 6.557358166697396e-04 3.319139355450997e-03 
4.923146976263378e-03 0.000000000000000e+00 0.000000000000000e+00 2.413509159431618e-03 4.359151436515032e-03 2.384090919521291e-03 2.971102954464283e-03 3.955435604984412e-03 3.345936323760374e-03 0.000000000000000e+00 6.725822756883512e-05 4.633610178170446e-03 0.000000000000000e+00 1.879000297018204e-03 0.000000000000000e+00 0.000000000000000e+00 2.630760134418741e-03 0.000000000000000e+00 0.000000000000000e+00 1.947844567879936e-04 4.845751549167045e-03 4.838009118641551e-03 0.000000000000000e+00 2.145381649027397e-03 2.270324307838969e-03 
3.554719293251800e-03 2.925114233340415e-03 0.000000000000000e+00 3.559551663537249e-03 0.000000000000000e+00 0.000000000000000e+00 3.346785329430246e-05 0.000000000000000e+00 0.000000000000000e+00 0.000000000000000e+00 0.000000000000000e+00 2.917025552573480e-03 3.845639391673997e-03 0.000000000000000e+00 0.000000000000000e+00 2.039140996105072e-03 0.000000000000000e+00 7.673386305607626e-04 1.797849885026586e-03 2.132101778122300e-03 3.274516392039959e-03 0.000000000000000e+00 0.000000000000000e+00 3.698711865954827e-03 4.906826995949523e-03 
0.000000000000000e+00 0.000000000000000e+00 0.000000000000000e+00 1.519014722116262e-03 2.575108177892984e-03 0.000000000000000e+00 0.000000000000000e+00 1.804460272826789e-03 0.000000000000000e+00 2.082509499627510e-03 3.360806231444630e-03 0.000000000000000e+00 0.000000000000000e+00 0.000000000000000e+00 0.000000000000000e+00 0.000000000000000e+00 0.000000000000000e+00 0.000000000000000e+00 0.000000000000000e+00 4.750523419689055e-04 0.000000000000000e+00 0.000000000000000e+00 1.844309033119740e-04 4.968636936165731e-03 0.000000000000000e+00 
6.047102198207525e-04 0.000000000000000e+00 2.832607233886824e-03 2.852709186228038e-03 2.553015629104357e-03 2.898927053350079e-03 0.000000000000000e+00 0.000000000000000e+00 3.800117474574594e-04 0.000000000000000e+00 4.848321743631089e-03 0.000000000000000e+00 2.681269875809090e-03 0.000000000000000e+00 4.654377617360339e-03 3.482971840906065e-03 3.523302501823306e-03 2.403746824433850e-04 2.006618002767838e-03 1.607456982269591e-04 0.000000000000000e+00 0.000000000000000e+00 0.000000000000000e+00 0.000000000000000e+00 0.000000000000000e+00 
0.000000000000000e+00 0.000000000000000e+00 0.000000000000000e+00 0.000000000000000e+00 1.264901096426488e-03 0.000000000000000e+00 4.551828226336231e-04 0.000000000000000e+00 2.385565423278239e-03 0.000000000000000e+00 4.904968463304211e-04 3.054895596628221e-03 0.000000000000000e+00 0.000000000000000e+00 0.000000000000000e+00 0.000000000000000e+00 0.000000000000000e+00 0.000000000000000e+00 0.000000000000000e+00 0.000000000000000e+00 0.000000000000000e+00 0.000000000000000e+00 3.485519051024224e-03 0.000000000000000e+00 0.000000000000000e+00 
0.000000000000000e+00 4.891283809488226e-03 0.000000000000000e+00 4.051784367376230e-03 0.000000000000000e+00 0.000000000000000e+00 0.000000000000000e+00 1.866103063464902e-04 4.490824602042633e-03 0.000000000000000e+00 1.633702539560012e-03 0.000000000000000e+00 4.628059784169658e-03 8.156573316467844e-05 3.957282146121187e-03 0.000000000000000e+00 0.000000000000000e+00 0.000000000000000e+00 4.600237875373239e-03 0.000000000000000e+00 1.030912225293067e-03 4.613962334404112e-03 1.814026722108419e-03 0.000000000000000e+00 0.000000000000000e+00 
0.000000000000000e+00 1.321809599260474e-03 1.980698208105278e-03 0.000000000000000e+00 3.685350524564911e-03 3.610097553134629e-03 0.000000000000000e+00 2.350070666670484e-03 0.000000000000000e+00 3.696745204159687e-03 0.000000000000000e+00 0.000000000000000e+00 0.000000000000000e+00 0.000000000000000e+00 0.000000000000000e+00 0.000000000000000e+00 0.000000000000000e+00 1.330488369852191e-03 4.752358997839357e-03 7.884019731079684e-04 0.000000000000000e+00 1.354195456488642e-03 4.591619758756315e-03 1.778009629078212e-03 0.000000000000000e+00 
0.000000000000000e+00 0.000000000000000e+00 3.838039114657273e-03 2.594069850689252e-03 3.559859613087516e-03 2.287701235152451e-03 1.712706480039673e-03 4.948247252619118e-03 2.271118819871110e-03 0.000000000000000e+00 0.000000000000000e+00 3.110309183160673e-03 0.000000000000000e+00 2.449953559798560e-04 3.868129440230060e-03 4.213187522025550e-03 0.000000000000000e+00 2.197333342852541e-03 0.000000000000000e+00 0.000000000000000e+00 1.860576814702035e-03 2.510333355566026e-03 0.000000000000000e+00 1.505276899619840e-03 0.000000000000000e+00 
0.000000000000000e+00 0.000000000000000e+00 1.424105001531762e-03 6.174249546549506e-04 0.000000000000000e+00 4.475863643528106e-03 7.114478487160578e-04 0.000000000000000e+00 0.000000000000000e+00 0.000000000000000e+00 1.126752071689117e-03 0.000000000000000e+00 0.000000000000000e+00 0.000000000000000e+00 1.461618443418637e-03 0.000000000000000e+00 0.000000000000000e+00 3.549880496828338e-03 8.733132601821014e-04 1.263115373939944e-03 0.000000000000000e+00 0.000000000000000e+00 0.000000000000000e+00 0.000000000000000e+00 1.088945442188349e-03 
3.998644083373989e-03 0.000000000000000e+00 4.157606640166032e-04 3.758462280488307e-03 3.967740206191886e-03 4.294311807098154e-03 0.000000000000000e+00 3.374094203101417e-03 1.282785909129318e-03 6.092624600200791e-05 2.272821621527231e-03 0.000000000000000e+00 3.050447885819429e-03 4.112836521974620e-03 3.811306569263882e-03 0.000000000000000e+00 2.575156220721603e-04 1.795546030017960e-03 3.202272367382938e-03 0.000000000000000e+00 0.000000000000000e+00 0.000000000000000e+00 0.000000000000000e+00 4.648372404188887e-03 0.000000000000000e+00 
0.000000000000000e+00 4.982895554970607e-04 4.974620525770491e-03 0.000000000000000e+00 0.000000000000000e+00 0.000000000000000e+00 0.000000000000000e+00 0.000000000000000e+00 0.000000000000000e+00 1.077132226574936e-03 0.000000000000000e+00 3.795309755573757e-03 0.000000000000000e+00 1.159239690704417e-03 0.000000000000000e+00 0.000000000000000e+00 2.672526161099009e-03 5.726269665621433e-05 1.164419029023489e-03 7.486782284645890e-04 3.441581439149809e-03 0.000000000000000e+00 0.000000000000000e+00 0.000000000000000e+00 0.000000000000000e+00 