# File created on Tue Apr 30 02:21:05 2024
# The following metaparameters were used for this matrix optimization : gamma0 = 0.5; alpha0 = 0; sigma0 = 0.25; l0 = 1;p = 1; R0 = 1; S0 = 0.05; NR = 25; NS = 25; matrix path = matrices/Nr25_Nc25/consumption/RandTrix_Nr25_Nc25_Nest0.55_Conn0.3024.txt; convergence threshold = 1e-08
7.566094999964233e-01 0.000000000000000e+00 0.000000000000000e+00 3.133738997060661e-01 4.147969246620178e-01 0.000000000000000e+00 0.000000000000000e+00 6.647276597159982e-01 7.874448429414091e-01 1.066752035551390e+00 9.470225182750695e-01 0.000000000000000e+00 0.000000000000000e+00 0.000000000000000e+00 2.054091685250160e+00 0.000000000000000e+00 0.000000000000000e+00 2.454752826557501e-01 0.000000000000000e+00 0.000000000000000e+00 0.000000000000000e+00 1.512650033377560e-01 1.525480053670697e+00 0.000000000000000e+00 1.804517300844536e+00 
4.935623889708811e-01 1.235413926497167e+00 0.000000000000000e+00 0.000000000000000e+00 3.355697795695798e-03 1.635897018857426e+00 0.000000000000000e+00 0.000000000000000e+00 0.000000000000000e+00 0.000000000000000e+00 0.000000000000000e+00 0.000000000000000e+00 0.000000000000000e+00 1.059012160879538e+00 0.000000000000000e+00 0.000000000000000e+00 0.000000000000000e+00 0.000000000000000e+00 0.000000000000000e+00 0.000000000000000e+00 4.528197575212224e-01 2.273251631963128e+00 0.000000000000000e+00 5.356220970990910e-01 9.445924824272893e-01 
4.199655528750736e-01 0.000000000000000e+00 1.055062959613243e+00 0.000000000000000e+00 5.333632680568455e-01 0.000000000000000e+00 9.902462305572031e-01 0.000000000000000e+00 0.000000000000000e+00 0.000000000000000e+00 0.000000000000000e+00 0.000000000000000e+00 1.485197385648055e+00 2.946401246294113e-01 0.000000000000000e+00 0.000000000000000e+00 0.000000000000000e+00 3.300738008950121e-01 8.540775498016700e-01 3.932782138497067e-01 0.000000000000000e+00 0.000000000000000e+00 0.000000000000000e+00 0.000000000000000e+00 0.000000000000000e+00 
4.195178240363976e-01 0.000000000000000e+00 0.000000000000000e+00 3.440782895334125e-01 1.138337913893624e+00 0.000000000000000e+00 2.828640397038223e-01 1.488907703513518e+00 0.000000000000000e+00 0.000000000000000e+00 0.000000000000000e+00 6.600517608683787e-01 0.000000000000000e+00 0.000000000000000e+00 0.000000000000000e+00 0.000000000000000e+00 0.000000000000000e+00 0.000000000000000e+00 0.000000000000000e+00 0.000000000000000e+00 0.000000000000000e+00 0.000000000000000e+00 0.000000000000000e+00 0.000000000000000e+00 0.000000000000000e+00 
7.159657731235119e-01 0.000000000000000e+00 0.000000000000000e+00 0.000000000000000e+00 4.520465916970303e-01 0.000000000000000e+00 3.746136658910055e-01 1.124557302913413e+00 0.000000000000000e+00 0.000000000000000e+00 0.000000000000000e+00 8.605245930711382e-01 7.696018379711061e-01 0.000000000000000e+00 0.000000000000000e+00 0.000000000000000e+00 0.000000000000000e+00 0.000000000000000e+00 0.000000000000000e+00 0.000000000000000e+00 0.000000000000000e+00 0.000000000000000e+00 0.000000000000000e+00 0.000000000000000e+00 0.000000000000000e+00 
0.000000000000000e+00 4.793495493831014e-01 6.367129636079665e-01 6.000749176406550e-01 7.599865737170404e-01 0.000000000000000e+00 4.228290183777046e-01 1.532325628921008e+00 0.000000000000000e+00 4.033649949452681e-01 0.000000000000000e+00 2.148055530030700e-01 0.000000000000000e+00 0.000000000000000e+00 0.000000000000000e+00 0.000000000000000e+00 0.000000000000000e+00 0.000000000000000e+00 0.000000000000000e+00 0.000000000000000e+00 1.510734768350745e-01 0.000000000000000e+00 0.000000000000000e+00 0.000000000000000e+00 0.000000000000000e+00 
1.105927307117099e+00 0.000000000000000e+00 2.672914185780418e-01 0.000000000000000e+00 0.000000000000000e+00 1.262266672843753e+00 0.000000000000000e+00 0.000000000000000e+00 1.354694661697091e-01 0.000000000000000e+00 0.000000000000000e+00 0.000000000000000e+00 0.000000000000000e+00 0.000000000000000e+00 0.000000000000000e+00 1.622212092911176e+00 0.000000000000000e+00 0.000000000000000e+00 0.000000000000000e+00 3.763941729909264e-01 0.000000000000000e+00 0.000000000000000e+00 0.000000000000000e+00 0.000000000000000e+00 0.000000000000000e+00 
0.000000000000000e+00 1.431695504582331e+00 3.900917074343165e-01 0.000000000000000e+00 0.000000000000000e+00 0.000000000000000e+00 0.000000000000000e+00 0.000000000000000e+00 6.200974219499745e-01 5.127028028449203e-01 0.000000000000000e+00 0.000000000000000e+00 0.000000000000000e+00 4.586553516340545e-01 0.000000000000000e+00 0.000000000000000e+00 0.000000000000000e+00 0.000000000000000e+00 0.000000000000000e+00 0.000000000000000e+00 9.594942288155202e-01 0.000000000000000e+00 0.000000000000000e+00 0.000000000000000e+00 0.000000000000000e+00 
8.938083676302348e-01 0.000000000000000e+00 0.000000000000000e+00 0.000000000000000e+00 0.000000000000000e+00 5.298473691264227e-01 3.107069118945400e-01 3.718029567058781e-01 9.048788857143667e-01 0.000000000000000e+00 2.171361171954203e-01 8.301395711621457e-02 3.265367469484515e-01 5.333717988241225e-01 0.000000000000000e+00 0.000000000000000e+00 0.000000000000000e+00 0.000000000000000e+00 0.000000000000000e+00 0.000000000000000e+00 0.000000000000000e+00 0.000000000000000e+00 1.441110658862403e-01 0.000000000000000e+00 0.000000000000000e+00 
2.231444874792180e-01 0.000000000000000e+00 0.000000000000000e+00 2.558997660194856e-01 8.621284116987455e-01 5.645140087296171e-01 0.000000000000000e+00 0.000000000000000e+00 8.518389072898912e-01 3.284250103543160e-01 0.000000000000000e+00 0.000000000000000e+00 0.000000000000000e+00 0.000000000000000e+00 0.000000000000000e+00 0.000000000000000e+00 5.996830974897638e-02 0.000000000000000e+00 2.297628652950189e-03 0.000000000000000e+00 0.000000000000000e+00 0.000000000000000e+00 0.000000000000000e+00 0.000000000000000e+00 0.000000000000000e+00 
4.266392540471761e-01 4.646579437625128e-01 3.528974105369066e-01 2.994938439128916e-01 0.000000000000000e+00 2.443188874429966e-01 1.220205700793472e-01 5.735377696021806e-01 9.466598973782963e-01 0.000000000000000e+00 0.000000000000000e+00 0.000000000000000e+00 0.000000000000000e+00 0.000000000000000e+00 0.000000000000000e+00 0.000000000000000e+00 3.494288594965962e-01 1.225608453146613e-01 0.000000000000000e+00 0.000000000000000e+00 0.000000000000000e+00 0.000000000000000e+00 0.000000000000000e+00 0.000000000000000e+00 6.440143970368923e-01 
6.848988543971128e-01 0.000000000000000e+00 9.425733208456914e-02 0.000000000000000e+00 5.767178398344500e-01 0.000000000000000e+00 6.248768025427756e-01 0.000000000000000e+00 7.896581644926593e-01 2.636697380689538e-01 1.055315387071330e-01 0.000000000000000e+00 0.000000000000000e+00 0.000000000000000e+00 0.000000000000000e+00 0.000000000000000e+00 0.000000000000000e+00 0.000000000000000e+00 0.000000000000000e+00 0.000000000000000e+00 0.000000000000000e+00 0.000000000000000e+00 0.000000000000000e+00 0.000000000000000e+00 0.000000000000000e+00 
2.549760159135665e-01 0.000000000000000e+00 0.000000000000000e+00 6.441411602685119e-01 0.000000000000000e+00 0.000000000000000e+00 6.615947782074893e-01 0.000000000000000e+00 0.000000000000000e+00 4.013397174452204e-01 4.007492644561642e-01 0.000000000000000e+00 0.000000000000000e+00 2.953949185571338e-02 0.000000000000000e+00 0.000000000000000e+00 0.000000000000000e+00 9.220259801778105e-01 0.000000000000000e+00 0.000000000000000e+00 0.000000000000000e+00 0.000000000000000e+00 0.000000000000000e+00 0.000000000000000e+00 0.000000000000000e+00 
9.698555760011601e-01 5.925155546652790e-02 0.000000000000000e+00 0.000000000000000e+00 0.000000000000000e+00 0.000000000000000e+00 0.000000000000000e+00 0.000000000000000e+00 9.741219485779907e-01 0.000000000000000e+00 0.000000000000000e+00 0.000000000000000e+00 0.000000000000000e+00 0.000000000000000e+00 0.000000000000000e+00 0.000000000000000e+00 0.000000000000000e+00 0.000000000000000e+00 0.000000000000000e+00 0.000000000000000e+00 0.000000000000000e+00 0.000000000000000e+00 0.000000000000000e+00 0.000000000000000e+00 0.000000000000000e+00 
6.040705653522621e-01 0.000000000000000e+00 3.707179471572750e-01 0.000000000000000e+00 5.929924666414029e-01 5.609876315148735e-01 3.144716182181069e-01 0.000000000000000e+00 0.000000000000000e+00 0.000000000000000e+00 0.000000000000000e+00 0.000000000000000e+00 0.000000000000000e+00 0.000000000000000e+00 0.000000000000000e+00 0.000000000000000e+00 0.000000000000000e+00 0.000000000000000e+00 0.000000000000000e+00 0.000000000000000e+00 2.957554945817162e-01 0.000000000000000e+00 0.000000000000000e+00 0.000000000000000e+00 0.000000000000000e+00 
4.710105207164897e-01 5.605843411080021e-01 0.000000000000000e+00 0.000000000000000e+00 0.000000000000000e+00 0.000000000000000e+00 0.000000000000000e+00 0.000000000000000e+00 0.000000000000000e+00 0.000000000000000e+00 3.596256971281900e-01 6.866434703440082e-01 0.000000000000000e+00 5.782690445879035e-02 0.000000000000000e+00 0.000000000000000e+00 0.000000000000000e+00 0.000000000000000e+00 4.963438295843535e-01 0.000000000000000e+00 0.000000000000000e+00 0.000000000000000e+00 0.000000000000000e+00 0.000000000000000e+00 0.000000000000000e+00 
1.897183323631190e-01 0.000000000000000e+00 3.395726027923269e-01 6.748518958467618e-01 2.548015163063445e-01 0.000000000000000e+00 7.743186100151120e-02 0.000000000000000e+00 0.000000000000000e+00 5.090798245957965e-01 0.000000000000000e+00 1.507106683285600e-01 0.000000000000000e+00 0.000000000000000e+00 0.000000000000000e+00 1.109137110200106e-01 0.000000000000000e+00 0.000000000000000e+00 0.000000000000000e+00 1.543511105923663e-01 0.000000000000000e+00 4.603749078086120e-01 0.000000000000000e+00 0.000000000000000e+00 0.000000000000000e+00 
4.600785857302062e-02 2.065611666114350e-01 0.000000000000000e+00 8.397837913237835e-01 0.000000000000000e+00 0.000000000000000e+00 0.000000000000000e+00 0.000000000000000e+00 0.000000000000000e+00 0.000000000000000e+00 0.000000000000000e+00 0.000000000000000e+00 0.000000000000000e+00 0.000000000000000e+00 0.000000000000000e+00 0.000000000000000e+00 0.000000000000000e+00 7.463226169676793e-01 0.000000000000000e+00 7.194847635764248e-01 5.770847478880153e-01 0.000000000000000e+00 0.000000000000000e+00 0.000000000000000e+00 0.000000000000000e+00 
0.000000000000000e+00 0.000000000000000e+00 0.000000000000000e+00 0.000000000000000e+00 0.000000000000000e+00 1.103262577626297e+00 0.000000000000000e+00 0.000000000000000e+00 0.000000000000000e+00 6.531217374943452e-01 0.000000000000000e+00 0.000000000000000e+00 0.000000000000000e+00 0.000000000000000e+00 0.000000000000000e+00 0.000000000000000e+00 0.000000000000000e+00 0.000000000000000e+00 0.000000000000000e+00 0.000000000000000e+00 0.000000000000000e+00 0.000000000000000e+00 0.000000000000000e+00 0.000000000000000e+00 0.000000000000000e+00 
0.000000000000000e+00 1.805932275711092e-01 3.918289820287619e-01 0.000000000000000e+00 1.766752328025323e-01 0.000000000000000e+00 0.000000000000000e+00 4.375374936765120e-01 0.000000000000000e+00 0.000000000000000e+00 3.147705741081315e-01 0.000000000000000e+00 0.000000000000000e+00 3.318458078461228e-01 0.000000000000000e+00 0.000000000000000e+00 0.000000000000000e+00 0.000000000000000e+00 0.000000000000000e+00 0.000000000000000e+00 0.000000000000000e+00 0.000000000000000e+00 1.806060154058984e-01 0.000000000000000e+00 4.215445763690776e-01 
2.450676124676211e-01 6.240226387823794e-01 0.000000000000000e+00 0.000000000000000e+00 9.943296911861071e-02 0.000000000000000e+00 5.688915258309019e-01 0.000000000000000e+00 0.000000000000000e+00 0.000000000000000e+00 2.747463667651308e-01 0.000000000000000e+00 0.000000000000000e+00 0.000000000000000e+00 0.000000000000000e+00 0.000000000000000e+00 0.000000000000000e+00 0.000000000000000e+00 0.000000000000000e+00 0.000000000000000e+00 0.000000000000000e+00 0.000000000000000e+00 0.000000000000000e+00 0.000000000000000e+00 0.000000000000000e+00 
4.889195217482889e-01 5.874299030010137e-01 0.000000000000000e+00 3.192355134567519e-01 0.000000000000000e+00 0.000000000000000e+00 0.000000000000000e+00 0.000000000000000e+00 0.000000000000000e+00 3.558591295353025e-01 0.000000000000000e+00 0.000000000000000e+00 1.441420894215674e-01 8.690274437687394e-03 0.000000000000000e+00 0.000000000000000e+00 0.000000000000000e+00 0.000000000000000e+00 0.000000000000000e+00 0.000000000000000e+00 0.000000000000000e+00 0.000000000000000e+00 0.000000000000000e+00 0.000000000000000e+00 0.000000000000000e+00 
0.000000000000000e+00 0.000000000000000e+00 0.000000000000000e+00 3.383612441239619e-01 0.000000000000000e+00 0.000000000000000e+00 0.000000000000000e+00 0.000000000000000e+00 0.000000000000000e+00 0.000000000000000e+00 0.000000000000000e+00 0.000000000000000e+00 3.238902664128523e-01 0.000000000000000e+00 0.000000000000000e+00 7.926173816378845e-02 0.000000000000000e+00 0.000000000000000e+00 0.000000000000000e+00 0.000000000000000e+00 0.000000000000000e+00 0.000000000000000e+00 0.000000000000000e+00 0.000000000000000e+00 0.000000000000000e+00 
0.000000000000000e+00 0.000000000000000e+00 0.000000000000000e+00 0.000000000000000e+00 5.149615475499209e-01 0.000000000000000e+00 0.000000000000000e+00 0.000000000000000e+00 0.000000000000000e+00 0.000000000000000e+00 0.000000000000000e+00 0.000000000000000e+00 0.000000000000000e+00 0.000000000000000e+00 0.000000000000000e+00 0.000000000000000e+00 0.000000000000000e+00 0.000000000000000e+00 0.000000000000000e+00 0.000000000000000e+00 0.000000000000000e+00 0.000000000000000e+00 0.000000000000000e+00 0.000000000000000e+00 0.000000000000000e+00 
0.000000000000000e+00 2.679980109364483e-01 0.000000000000000e+00 0.000000000000000e+00 0.000000000000000e+00 0.000000000000000e+00 0.000000000000000e+00 6.025957947843482e-02 0.000000000000000e+00 0.000000000000000e+00 0.000000000000000e+00 0.000000000000000e+00 0.000000000000000e+00 0.000000000000000e+00 0.000000000000000e+00 0.000000000000000e+00 0.000000000000000e+00 1.448876251025731e-01 0.000000000000000e+00 0.000000000000000e+00 0.000000000000000e+00 0.000000000000000e+00 0.000000000000000e+00 0.000000000000000e+00 0.000000000000000e+00 