# File created on Fri May 17 15:42:05 2024
# The following metaparameters were used for this matrix optimization : gamma0 = 0.5; alpha0 = 0; sigma0 = 0.25; l0 = 1;p = 1; R0 = 1; S0 = 0.05; NR = 25; NS = 25; matrix path = matrices/Nr25_Nc25/consumption/RandTrix_Nr25_Nc25_Nest0.3_Conn0.1776.txt; convergence threshold = 1e-08
0.000000000000000e+00 4.809003952660153e-03 0.000000000000000e+00 0.000000000000000e+00 0.000000000000000e+00 8.319910068305987e-04 0.000000000000000e+00 2.384594819107883e-03 0.000000000000000e+00 0.000000000000000e+00 0.000000000000000e+00 0.000000000000000e+00 0.000000000000000e+00 2.398958654391163e-03 0.000000000000000e+00 2.494344716274797e-03 1.092307926483804e-03 1.799333213415274e-03 0.000000000000000e+00 0.000000000000000e+00 0.000000000000000e+00 1.479240516669657e-03 4.474834840682372e-04 5.970106180034210e-04 2.097087067776062e-03 
3.506583666828664e-03 1.704872755613855e-03 4.414915788097181e-03 2.618696434011139e-03 3.600435018905963e-03 4.308936672866609e-03 0.000000000000000e+00 3.857052100015767e-03 2.569502483417597e-03 0.000000000000000e+00 0.000000000000000e+00 2.020755898197364e-03 6.047725224009231e-04 0.000000000000000e+00 0.000000000000000e+00 4.444945463191429e-03 3.471872020379124e-03 0.000000000000000e+00 4.772084961461948e-03 0.000000000000000e+00 0.000000000000000e+00 4.874818490811430e-03 1.375026083268801e-04 4.301304815873994e-03 3.156417259975553e-03 
6.974991249393701e-04 1.240436203119561e-03 0.000000000000000e+00 1.783933160593058e-03 0.000000000000000e+00 2.485671505395350e-03 3.524629773613833e-03 0.000000000000000e+00 4.674354152738168e-03 0.000000000000000e+00 0.000000000000000e+00 1.797157724236781e-03 0.000000000000000e+00 4.547497077131843e-03 1.022867669953186e-03 7.585313148942449e-05 0.000000000000000e+00 0.000000000000000e+00 0.000000000000000e+00 2.431338185054964e-03 0.000000000000000e+00 0.000000000000000e+00 3.015774866003771e-04 0.000000000000000e+00 0.000000000000000e+00 
0.000000000000000e+00 0.000000000000000e+00 0.000000000000000e+00 0.000000000000000e+00 3.153778356427031e-03 0.000000000000000e+00 0.000000000000000e+00 4.671954375661142e-03 4.669450063802725e-03 8.502639829265356e-04 0.000000000000000e+00 4.294903558543352e-03 0.000000000000000e+00 7.797157488081759e-04 3.155182028942432e-03 2.933766617315396e-03 4.076404011015666e-04 1.548902622725028e-03 2.980127658891980e-03 2.846905941167402e-03 0.000000000000000e+00 0.000000000000000e+00 2.817477884596691e-03 0.000000000000000e+00 4.498688757704454e-04 
4.282978272281254e-03 4.749895089257634e-04 2.641268401998800e-05 0.000000000000000e+00 0.000000000000000e+00 2.331685206802633e-04 0.000000000000000e+00 0.000000000000000e+00 0.000000000000000e+00 0.000000000000000e+00 0.000000000000000e+00 0.000000000000000e+00 0.000000000000000e+00 0.000000000000000e+00 1.134838019183720e-03 0.000000000000000e+00 0.000000000000000e+00 0.000000000000000e+00 0.000000000000000e+00 1.795172016485462e-03 4.936891453017788e-04 3.762464162366581e-03 0.000000000000000e+00 0.000000000000000e+00 0.000000000000000e+00 
0.000000000000000e+00 1.329402765495841e-03 0.000000000000000e+00 4.376835223359105e-03 0.000000000000000e+00 8.129282007782959e-04 0.000000000000000e+00 0.000000000000000e+00 0.000000000000000e+00 1.860844115208593e-03 3.347538974826193e-03 4.413538906498140e-03 2.428317869990281e-03 0.000000000000000e+00 2.158339023739139e-05 2.318948811331308e-03 4.411193666285303e-03 2.418048451208164e-03 0.000000000000000e+00 0.000000000000000e+00 2.733985788340092e-03 3.989596522468873e-03 0.000000000000000e+00 2.380172916032611e-03 0.000000000000000e+00 
0.000000000000000e+00 4.534653448800226e-04 2.674779813125602e-03 2.432309022589623e-03 2.515322421001069e-03 2.323863579622258e-03 4.607953347280406e-03 0.000000000000000e+00 0.000000000000000e+00 2.761899263630916e-03 2.939755071817481e-03 1.284711748117800e-03 2.699951604161007e-03 0.000000000000000e+00 4.911612194076008e-03 2.826496052385972e-03 2.639345637229668e-03 1.687901033412851e-03 2.764082837687253e-03 0.000000000000000e+00 7.195077345775805e-04 3.292622475667337e-05 0.000000000000000e+00 4.595646178843564e-03 0.000000000000000e+00 
2.234261016357679e-03 0.000000000000000e+00 3.250677647087334e-03 0.000000000000000e+00 0.000000000000000e+00 7.499660180808235e-04 4.458890505086673e-03 0.000000000000000e+00 0.000000000000000e+00 1.739558492612010e-03 3.270138402334899e-04 0.000000000000000e+00 0.000000000000000e+00 0.000000000000000e+00 1.703288182264483e-03 4.132780915195132e-03 3.399479232127856e-03 0.000000000000000e+00 0.000000000000000e+00 0.000000000000000e+00 3.307069263088717e-03 3.338559662616929e-04 0.000000000000000e+00 2.261974681438987e-03 0.000000000000000e+00 
1.108771855723274e-03 8.569694746692270e-04 0.000000000000000e+00 0.000000000000000e+00 0.000000000000000e+00 3.176898386527220e-03 7.713410089760481e-04 1.157105878475447e-04 0.000000000000000e+00 1.104543528485095e-03 3.162229027870199e-03 0.000000000000000e+00 0.000000000000000e+00 3.441000899853469e-03 0.000000000000000e+00 4.949483105449379e-03 1.867339712966380e-03 3.292023216785550e-04 4.363006806478072e-03 4.610107406176470e-03 3.615516742276219e-03 0.000000000000000e+00 3.005642789567462e-03 4.987363357374081e-03 0.000000000000000e+00 
3.296847359962142e-03 3.199543956606912e-03 0.000000000000000e+00 2.893803062198844e-03 0.000000000000000e+00 0.000000000000000e+00 2.085606300419395e-03 0.000000000000000e+00 1.437886636235694e-03 6.063889854221845e-04 4.945655692985843e-03 0.000000000000000e+00 0.000000000000000e+00 4.477272636011388e-03 8.561851238391642e-04 0.000000000000000e+00 0.000000000000000e+00 2.822044787460512e-03 0.000000000000000e+00 0.000000000000000e+00 3.549347230905029e-03 0.000000000000000e+00 0.000000000000000e+00 2.457928322516661e-03 0.000000000000000e+00 
2.046244275621629e-03 2.007986280033978e-03 0.000000000000000e+00 3.424085164881383e-03 1.941249829965966e-03 3.112049910229294e-03 0.000000000000000e+00 0.000000000000000e+00 2.111475514085172e-03 0.000000000000000e+00 3.794015616428361e-03 0.000000000000000e+00 0.000000000000000e+00 1.720347656189035e-03 1.392846775547169e-03 3.780775305930066e-03 8.217450565367911e-04 0.000000000000000e+00 0.000000000000000e+00 0.000000000000000e+00 2.359608802784105e-03 3.243087603937288e-03 1.329315481876576e-03 4.909531042272278e-03 0.000000000000000e+00 
1.818888336901248e-03 0.000000000000000e+00 0.000000000000000e+00 0.000000000000000e+00 0.000000000000000e+00 1.202667305081350e-03 4.497335605266984e-04 0.000000000000000e+00 1.973549677227553e-03 4.374502494264145e-03 0.000000000000000e+00 4.599493293557138e-03 0.000000000000000e+00 0.000000000000000e+00 4.066174381258715e-04 3.869118791344542e-03 3.053613167978702e-03 0.000000000000000e+00 1.899791276749775e-03 3.063812260825840e-03 0.000000000000000e+00 0.000000000000000e+00 0.000000000000000e+00 0.000000000000000e+00 1.324811824488881e-03 
0.000000000000000e+00 8.832075805850058e-05 1.639914692440605e-03 1.215031406488455e-03 5.080756672861297e-04 0.000000000000000e+00 2.458815917451517e-03 3.201086042573860e-03 4.117605306175909e-03 4.985118238404758e-03 0.000000000000000e+00 4.776285343954981e-03 0.000000000000000e+00 4.949003229609783e-03 2.384959902301549e-03 2.066476337505691e-03 0.000000000000000e+00 0.000000000000000e+00 0.000000000000000e+00 0.000000000000000e+00 3.063270485674606e-03 3.234824297334602e-03 0.000000000000000e+00 0.000000000000000e+00 2.751493028305738e-03 
8.395058491350579e-04 0.000000000000000e+00 1.450344542546362e-03 4.033759899826601e-03 3.489533322308457e-03 4.246633758405742e-03 1.832521842116283e-03 0.000000000000000e+00 3.852752390476747e-03 1.818317211637543e-03 3.677016947145952e-03 2.082805869006427e-04 0.000000000000000e+00 1.948206728721287e-03 0.000000000000000e+00 0.000000000000000e+00 0.000000000000000e+00 0.000000000000000e+00 3.691094497427370e-03 7.423634392397796e-04 3.451609078679611e-03 0.000000000000000e+00 0.000000000000000e+00 9.940828018143585e-04 0.000000000000000e+00 
6.678070328548971e-04 7.315108346228008e-04 3.053979943415379e-03 0.000000000000000e+00 0.000000000000000e+00 1.065685702860893e-03 0.000000000000000e+00 1.941665096697266e-03 4.465360802754863e-03 1.638352400571970e-03 9.342805333979389e-04 0.000000000000000e+00 0.000000000000000e+00 0.000000000000000e+00 4.445890466693418e-03 0.000000000000000e+00 2.710933098008078e-03 0.000000000000000e+00 0.000000000000000e+00 1.376790797600591e-03 0.000000000000000e+00 0.000000000000000e+00 0.000000000000000e+00 0.000000000000000e+00 0.000000000000000e+00 
0.000000000000000e+00 1.742291721793927e-03 3.306675598117456e-03 1.390710678207566e-03 2.421474390103768e-04 0.000000000000000e+00 0.000000000000000e+00 2.541528300787598e-03 0.000000000000000e+00 2.029462171297588e-04 0.000000000000000e+00 0.000000000000000e+00 0.000000000000000e+00 1.000163717914574e-03 1.611921516160460e-03 2.966427520600715e-03 3.965384546008476e-03 0.000000000000000e+00 0.000000000000000e+00 2.252325349826653e-03 2.474392759055361e-04 2.337643804685559e-03 0.000000000000000e+00 0.000000000000000e+00 4.558863678266643e-03 
3.714899690580251e-04 2.275502852687845e-03 0.000000000000000e+00 0.000000000000000e+00 0.000000000000000e+00 0.000000000000000e+00 2.285363156504436e-03 3.753231846295858e-04 0.000000000000000e+00 4.934424392937465e-03 9.432355261629692e-04 1.160528829067421e-03 0.000000000000000e+00 2.606882626616266e-03 4.866911311341898e-03 3.018389405613724e-03 0.000000000000000e+00 2.154106949779987e-03 0.000000000000000e+00 4.124306430456587e-03 2.095010997338470e-04 0.000000000000000e+00 0.000000000000000e+00 0.000000000000000e+00 2.237922532758547e-03 
0.000000000000000e+00 3.411264404206330e-03 0.000000000000000e+00 4.749272592676245e-03 0.000000000000000e+00 2.521699563274435e-03 0.000000000000000e+00 0.000000000000000e+00 2.328555403295329e-03 0.000000000000000e+00 0.000000000000000e+00 0.000000000000000e+00 0.000000000000000e+00 3.058508894247767e-03 2.745338962411050e-03 0.000000000000000e+00 2.164847925200966e-04 0.000000000000000e+00 0.000000000000000e+00 2.299936175808471e-04 2.263395416449396e-03 3.065757632421928e-03 0.000000000000000e+00 4.724700704760319e-03 0.000000000000000e+00 
3.717762750012727e-03 1.907814284400813e-04 0.000000000000000e+00 0.000000000000000e+00 0.000000000000000e+00 0.000000000000000e+00 0.000000000000000e+00 0.000000000000000e+00 0.000000000000000e+00 7.523480949622210e-04 2.769576821516039e-03 0.000000000000000e+00 0.000000000000000e+00 0.000000000000000e+00 0.000000000000000e+00 4.752056211964760e-03 1.976357615664298e-03 2.573001530097570e-03 0.000000000000000e+00 3.967138143085505e-03 0.000000000000000e+00 1.471349397659547e-03 1.482620656109757e-03 0.000000000000000e+00 0.000000000000000e+00 
2.653289867461770e-04 9.120597244131334e-04 0.000000000000000e+00 2.892431065883432e-03 0.000000000000000e+00 0.000000000000000e+00 2.595312864184685e-03 1.406420375189092e-03 4.741116149280313e-03 0.000000000000000e+00 4.602227033835817e-03 0.000000000000000e+00 4.733472602311516e-03 0.000000000000000e+00 4.332552092310624e-03 4.562584704617857e-03 2.980972096383551e-03 8.861455485668725e-04 1.483022412653869e-03 2.718847544078604e-03 2.972346875188789e-03 0.000000000000000e+00 0.000000000000000e+00 0.000000000000000e+00 0.000000000000000e+00 
0.000000000000000e+00 0.000000000000000e+00 4.585233041199790e-03 3.074138201339258e-03 0.000000000000000e+00 0.000000000000000e+00 0.000000000000000e+00 4.846839703496384e-03 3.558695046222433e-03 0.000000000000000e+00 0.000000000000000e+00 1.550446174415291e-03 3.437275043924848e-03 1.986279058452056e-03 3.771796750251060e-03 4.950235064763085e-03 5.870587624043381e-05 0.000000000000000e+00 1.349038485793961e-03 1.369235738557223e-04 2.006749565189912e-03 0.000000000000000e+00 0.000000000000000e+00 0.000000000000000e+00 4.233392484106377e-03 
2.642592115849026e-03 0.000000000000000e+00 0.000000000000000e+00 0.000000000000000e+00 4.327345803399325e-04 1.313981437217345e-03 1.073910753207777e-03 5.521547975260999e-04 0.000000000000000e+00 3.844276093147016e-03 2.360710895725501e-03 3.160439981899863e-03 0.000000000000000e+00 0.000000000000000e+00 0.000000000000000e+00 0.000000000000000e+00 0.000000000000000e+00 4.961814015111431e-03 1.535057696231777e-03 0.000000000000000e+00 4.319086731944769e-03 1.611880071266493e-03 0.000000000000000e+00 1.084184517753547e-04 0.000000000000000e+00 
2.900585427326053e-03 6.512765538131864e-04 1.387299364127947e-03 0.000000000000000e+00 0.000000000000000e+00 4.522924791969577e-03 0.000000000000000e+00 0.000000000000000e+00 1.375779818884854e-03 1.834600475941054e-03 0.000000000000000e+00 0.000000000000000e+00 5.106680772223476e-04 3.311350487049173e-03 4.878717540120861e-03 3.898597879738349e-03 2.263952552591996e-03 0.000000000000000e+00 2.732678100825823e-03 0.000000000000000e+00 0.000000000000000e+00 0.000000000000000e+00 0.000000000000000e+00 0.000000000000000e+00 2.640432208105531e-03 
1.610027754110126e-03 0.000000000000000e+00 0.000000000000000e+00 3.383600028919682e-03 3.243735439543159e-03 6.749538711499434e-04 0.000000000000000e+00 0.000000000000000e+00 0.000000000000000e+00 3.700836398120803e-03 1.010530845794458e-03 2.353573245836071e-03 3.363035765161920e-03 0.000000000000000e+00 4.397522222589234e-03 2.241484162216849e-03 0.000000000000000e+00 0.000000000000000e+00 0.000000000000000e+00 1.707208322683903e-03 1.864659296856573e-04 0.000000000000000e+00 4.124366007439573e-03 0.000000000000000e+00 0.000000000000000e+00 
0.000000000000000e+00 0.000000000000000e+00 0.000000000000000e+00 4.333851844771081e-03 4.161065513057954e-03 2.292051432737453e-03 3.527126523700996e-04 3.657451945635030e-03 0.000000000000000e+00 0.000000000000000e+00 0.000000000000000e+00 0.000000000000000e+00 0.000000000000000e+00 0.000000000000000e+00 1.532287264649370e-03 0.000000000000000e+00 0.000000000000000e+00 1.776822378088803e-05 4.087296374549382e-04 1.960269024910032e-03 0.000000000000000e+00 4.121330511941303e-03 0.000000000000000e+00 4.900830549490106e-03 4.352944152542012e-03 