# File created on Fri May 17 15:41:58 2024
# The following metaparameters were used for this matrix optimization : gamma0 = 0.5; alpha0 = 0; sigma0 = 0.25; l0 = 1;p = 1; R0 = 1; S0 = 0.05; NR = 25; NS = 25; matrix path = matrices/Nr25_Nc25/consumption/RandTrix_Nr25_Nc25_Nest0.4_Conn0.2032.txt; convergence threshold = 1e-08
0.000000000000000e+00 1.137887826012796e-03 0.000000000000000e+00 2.707510571349098e-03 0.000000000000000e+00 0.000000000000000e+00 0.000000000000000e+00 4.683293325634262e-03 0.000000000000000e+00 0.000000000000000e+00 1.896964866570563e-03 3.821858092227293e-03 0.000000000000000e+00 0.000000000000000e+00 0.000000000000000e+00 0.000000000000000e+00 0.000000000000000e+00 0.000000000000000e+00 0.000000000000000e+00 2.019385463733567e-03 0.000000000000000e+00 4.267297890583416e-03 0.000000000000000e+00 3.616688784198637e-03 0.000000000000000e+00 
2.014450737152855e-03 2.872147042347385e-03 9.499039255495684e-04 0.000000000000000e+00 2.030536770332491e-04 0.000000000000000e+00 2.086846588973698e-04 0.000000000000000e+00 0.000000000000000e+00 3.362730135699284e-04 0.000000000000000e+00 0.000000000000000e+00 4.974184713676492e-03 0.000000000000000e+00 2.170035612029423e-03 0.000000000000000e+00 4.535274593433603e-03 0.000000000000000e+00 0.000000000000000e+00 4.007645581197277e-03 4.567968201001625e-03 4.414407962609920e-03 4.639465741970513e-03 0.000000000000000e+00 0.000000000000000e+00 
3.685298811965077e-03 0.000000000000000e+00 0.000000000000000e+00 2.744028051844531e-03 4.171105593194375e-03 2.342998213828820e-03 2.349398216003621e-03 0.000000000000000e+00 6.885865186527367e-05 0.000000000000000e+00 1.791292294990663e-03 3.279319731249420e-03 3.036578271472374e-03 0.000000000000000e+00 2.357290729709427e-03 4.403280699428309e-03 9.362568535910402e-06 2.097609751536633e-03 0.000000000000000e+00 0.000000000000000e+00 0.000000000000000e+00 2.359750064400266e-03 0.000000000000000e+00 0.000000000000000e+00 0.000000000000000e+00 
0.000000000000000e+00 0.000000000000000e+00 0.000000000000000e+00 0.000000000000000e+00 1.394119943365711e-03 0.000000000000000e+00 2.873471511064786e-03 0.000000000000000e+00 0.000000000000000e+00 1.369714174945547e-03 1.115201997337690e-03 3.814149035784912e-03 0.000000000000000e+00 4.317301124353274e-03 1.944138694649082e-04 0.000000000000000e+00 0.000000000000000e+00 1.029311861624896e-03 3.961300833928237e-03 0.000000000000000e+00 0.000000000000000e+00 0.000000000000000e+00 0.000000000000000e+00 4.370045252778853e-03 0.000000000000000e+00 
4.919689354531105e-03 1.642086664455486e-05 0.000000000000000e+00 0.000000000000000e+00 0.000000000000000e+00 0.000000000000000e+00 2.801719717655148e-03 0.000000000000000e+00 8.675507092407650e-04 4.024324624821588e-03 2.074897943343383e-03 4.667625008068283e-04 1.005209550071588e-03 0.000000000000000e+00 4.203253552637915e-03 2.112126719704885e-04 3.680446807280452e-03 3.104475653792039e-03 2.246911399164768e-03 4.320450925048936e-03 0.000000000000000e+00 0.000000000000000e+00 1.021058534751908e-03 0.000000000000000e+00 4.187325992224764e-03 
3.154940466193825e-03 0.000000000000000e+00 2.809991319510667e-03 1.720453917731040e-03 3.263540267912238e-03 0.000000000000000e+00 0.000000000000000e+00 2.917721254153472e-03 0.000000000000000e+00 0.000000000000000e+00 0.000000000000000e+00 1.721499123185814e-03 3.413759810925173e-03 4.826589697181749e-03 0.000000000000000e+00 2.221198358818627e-03 4.633625099089071e-03 1.235348892937471e-03 0.000000000000000e+00 2.039989218013014e-03 0.000000000000000e+00 3.822706862382041e-03 1.301639987431863e-03 0.000000000000000e+00 0.000000000000000e+00 
3.388468614856963e-03 1.254387128310373e-03 0.000000000000000e+00 0.000000000000000e+00 3.792793539988498e-03 4.079399934858503e-03 0.000000000000000e+00 0.000000000000000e+00 2.382999225942058e-03 0.000000000000000e+00 0.000000000000000e+00 2.552261754904953e-03 2.800207062710391e-03 0.000000000000000e+00 0.000000000000000e+00 0.000000000000000e+00 2.413539224849987e-03 2.660196165391575e-03 1.465901974254572e-03 3.167285705316654e-03 3.170712899161257e-03 4.958375140122181e-03 0.000000000000000e+00 0.000000000000000e+00 7.912885232073605e-04 
0.000000000000000e+00 2.570431635949435e-03 1.570881677287627e-03 6.722342430168767e-05 7.633842665187948e-04 1.781651309301712e-03 0.000000000000000e+00 3.123402380640318e-04 6.542106103161850e-04 3.044627803178140e-03 1.911027989502089e-03 0.000000000000000e+00 0.000000000000000e+00 0.000000000000000e+00 0.000000000000000e+00 3.446964698670116e-03 0.000000000000000e+00 0.000000000000000e+00 2.215799977180038e-03 0.000000000000000e+00 0.000000000000000e+00 3.821210516877212e-03 3.424418475318525e-03 4.688429215897267e-03 0.000000000000000e+00 
1.927264964033262e-03 0.000000000000000e+00 3.888517809340162e-04 1.815175421965908e-03 0.000000000000000e+00 0.000000000000000e+00 0.000000000000000e+00 0.000000000000000e+00 0.000000000000000e+00 0.000000000000000e+00 4.726112203260748e-03 2.219553950924335e-03 1.489140179458818e-03 2.704997711213673e-04 0.000000000000000e+00 2.919721747248664e-03 7.496884461683414e-05 1.009701749140753e-03 0.000000000000000e+00 1.397682394530275e-04 0.000000000000000e+00 3.752934067740208e-03 0.000000000000000e+00 0.000000000000000e+00 1.830130069235954e-04 
0.000000000000000e+00 1.490471866265953e-03 3.260361419108183e-03 0.000000000000000e+00 1.818623217910475e-03 0.000000000000000e+00 0.000000000000000e+00 1.833545054887176e-03 4.963215132913611e-03 0.000000000000000e+00 0.000000000000000e+00 9.841387633692295e-04 0.000000000000000e+00 3.004860043683327e-03 1.093173241931240e-03 0.000000000000000e+00 0.000000000000000e+00 1.225346354768713e-03 0.000000000000000e+00 1.222693243865167e-03 0.000000000000000e+00 0.000000000000000e+00 0.000000000000000e+00 0.000000000000000e+00 0.000000000000000e+00 
0.000000000000000e+00 0.000000000000000e+00 0.000000000000000e+00 4.583161155790657e-04 3.014158867186750e-03 1.294687168375870e-03 1.382594033292566e-04 8.695843148113144e-04 3.292877070151335e-03 4.763151322054080e-03 0.000000000000000e+00 0.000000000000000e+00 0.000000000000000e+00 8.231548069271253e-04 0.000000000000000e+00 1.039768487798788e-03 0.000000000000000e+00 0.000000000000000e+00 0.000000000000000e+00 1.919909333406899e-03 4.639474748405904e-03 3.558506537909607e-03 2.657541889019679e-03 1.182374275693036e-03 3.151742204951217e-03 
2.522343212930041e-03 4.892027270143007e-05 0.000000000000000e+00 0.000000000000000e+00 0.000000000000000e+00 2.786484703196066e-03 4.064632955195301e-03 0.000000000000000e+00 0.000000000000000e+00 0.000000000000000e+00 4.435261646292512e-03 6.712112542059495e-04 1.867851854880609e-03 3.754491980452950e-03 4.217211366165002e-03 0.000000000000000e+00 0.000000000000000e+00 0.000000000000000e+00 0.000000000000000e+00 2.374213092660667e-03 2.168393307449651e-03 0.000000000000000e+00 1.796578097360522e-03 3.698738927938403e-03 1.799835754353189e-03 
1.291686458837356e-03 0.000000000000000e+00 4.656909895122606e-05 0.000000000000000e+00 2.251639657131872e-03 1.642164491131704e-03 7.020104521702910e-04 0.000000000000000e+00 3.277737013452308e-03 3.144777886778932e-03 3.197724689587284e-04 0.000000000000000e+00 0.000000000000000e+00 1.175536922099239e-03 0.000000000000000e+00 1.548070154131680e-03 4.713094110602267e-03 0.000000000000000e+00 1.174680172850393e-03 0.000000000000000e+00 0.000000000000000e+00 0.000000000000000e+00 2.476077727267896e-03 0.000000000000000e+00 4.734099958497602e-03 
3.789713791185320e-03 2.543290495358015e-03 1.626722745069664e-03 7.987192872130091e-05 4.644532748684980e-03 0.000000000000000e+00 2.665947117679194e-04 5.603642068102610e-04 1.001454185181255e-03 3.201024466744867e-03 7.946184263776873e-04 0.000000000000000e+00 0.000000000000000e+00 9.308897014192246e-04 0.000000000000000e+00 5.972643793586245e-04 1.641821813034972e-03 0.000000000000000e+00 4.544204652652544e-03 0.000000000000000e+00 4.734380980519839e-03 3.750563308478638e-04 0.000000000000000e+00 0.000000000000000e+00 1.113315478208486e-03 
1.137255743446879e-03 0.000000000000000e+00 1.394799708529694e-03 0.000000000000000e+00 0.000000000000000e+00 0.000000000000000e+00 2.145122884547857e-03 2.532377936798729e-03 0.000000000000000e+00 0.000000000000000e+00 0.000000000000000e+00 0.000000000000000e+00 0.000000000000000e+00 0.000000000000000e+00 0.000000000000000e+00 3.514740535374293e-03 0.000000000000000e+00 4.376874724840331e-03 6.460447813248906e-04 3.677121757643970e-03 0.000000000000000e+00 3.376559232918828e-03 1.192854042749272e-03 1.495262364421283e-03 0.000000000000000e+00 
4.955385144602734e-03 3.685435818848546e-03 4.001613485522175e-03 0.000000000000000e+00 3.598396576533445e-03 0.000000000000000e+00 1.592499316252295e-03 0.000000000000000e+00 0.000000000000000e+00 3.570067746238793e-03 0.000000000000000e+00 0.000000000000000e+00 0.000000000000000e+00 1.687508063061197e-03 2.146803765692585e-03 1.243523823007661e-03 4.075171794020080e-03 4.294653116532359e-03 2.787590121473454e-04 4.883090168939370e-03 3.669369881954680e-03 0.000000000000000e+00 1.177454157165998e-03 0.000000000000000e+00 0.000000000000000e+00 
0.000000000000000e+00 1.106395093794308e-03 4.586345658076287e-03 4.549747071832829e-03 3.029379019837922e-03 3.314096446475646e-03 4.476320931020763e-03 2.666528488299438e-03 0.000000000000000e+00 0.000000000000000e+00 0.000000000000000e+00 0.000000000000000e+00 0.000000000000000e+00 3.747431920814922e-03 0.000000000000000e+00 4.761656835533677e-03 2.132556995722502e-03 0.000000000000000e+00 0.000000000000000e+00 0.000000000000000e+00 3.904096355348074e-03 0.000000000000000e+00 0.000000000000000e+00 9.765207538501255e-04 4.667981829154127e-03 
1.463534470163001e-03 3.585514107754221e-03 0.000000000000000e+00 0.000000000000000e+00 3.014341870351246e-03 0.000000000000000e+00 0.000000000000000e+00 0.000000000000000e+00 0.000000000000000e+00 1.442732396861965e-03 0.000000000000000e+00 0.000000000000000e+00 0.000000000000000e+00 4.517140093042445e-03 0.000000000000000e+00 0.000000000000000e+00 2.957845597212563e-03 0.000000000000000e+00 0.000000000000000e+00 0.000000000000000e+00 7.288960007169787e-04 0.000000000000000e+00 0.000000000000000e+00 4.369346243883879e-03 0.000000000000000e+00 
0.000000000000000e+00 0.000000000000000e+00 0.000000000000000e+00 0.000000000000000e+00 4.087609146349950e-03 1.792340820496074e-03 0.000000000000000e+00 4.155089439959590e-03 4.197744447576004e-03 0.000000000000000e+00 0.000000000000000e+00 0.000000000000000e+00 3.042895612373235e-03 2.228397577303949e-03 0.000000000000000e+00 3.775000975459283e-03 0.000000000000000e+00 4.716384016732772e-03 0.000000000000000e+00 0.000000000000000e+00 0.000000000000000e+00 1.230019143218421e-04 4.712433245522444e-03 0.000000000000000e+00 1.207131431687807e-03 
1.565827229730135e-03 3.623120932372421e-03 1.982097320343993e-04 0.000000000000000e+00 6.876068296404214e-04 0.000000000000000e+00 2.022631467684854e-03 2.502578048236279e-03 0.000000000000000e+00 0.000000000000000e+00 1.519502999816454e-03 0.000000000000000e+00 0.000000000000000e+00 1.537965709031312e-04 3.063406869328301e-03 6.614074686452721e-04 4.543528859131918e-03 0.000000000000000e+00 9.030506030990708e-04 3.800755314997526e-03 1.195395134685443e-03 1.971457901910342e-03 0.000000000000000e+00 0.000000000000000e+00 2.015391502894525e-03 
3.474980648782469e-03 4.992067723464035e-03 1.745018179083941e-03 0.000000000000000e+00 3.401123955448604e-03 1.514998434366402e-03 0.000000000000000e+00 2.183424057158123e-03 3.892524491494962e-03 0.000000000000000e+00 3.660169180634181e-03 1.056188862550962e-03 0.000000000000000e+00 2.122498863126618e-03 0.000000000000000e+00 0.000000000000000e+00 0.000000000000000e+00 1.822633539978816e-04 4.865528935454772e-03 0.000000000000000e+00 3.877787850544872e-03 0.000000000000000e+00 0.000000000000000e+00 2.256192388589293e-03 5.546965951161520e-04 
9.764104757881811e-04 3.017419555647399e-03 0.000000000000000e+00 0.000000000000000e+00 0.000000000000000e+00 0.000000000000000e+00 1.758365060748298e-03 0.000000000000000e+00 2.290818429880301e-03 2.850414694444898e-04 0.000000000000000e+00 0.000000000000000e+00 2.130946994631089e-03 0.000000000000000e+00 4.116542969192643e-03 9.147433872191339e-04 3.813279575058296e-03 1.046025366579771e-03 0.000000000000000e+00 0.000000000000000e+00 0.000000000000000e+00 0.000000000000000e+00 8.839655800999099e-04 0.000000000000000e+00 2.037290672037073e-03 
1.473767141230848e-03 2.384877052368557e-03 1.402951427659659e-03 0.000000000000000e+00 4.507434268064361e-03 0.000000000000000e+00 0.000000000000000e+00 3.959221458346963e-03 1.014322411113942e-03 4.853713318690145e-03 0.000000000000000e+00 1.121548683104303e-03 6.046560675579884e-04 2.006855215244205e-03 8.441056270370305e-04 0.000000000000000e+00 0.000000000000000e+00 0.000000000000000e+00 4.904801082173206e-04 0.000000000000000e+00 0.000000000000000e+00 1.519680645585594e-03 0.000000000000000e+00 4.948495037240128e-03 2.272619642617693e-03 
3.590380723144285e-03 3.798468163537255e-03 1.192278970985037e-03 7.640480094931055e-05 1.831600509219952e-03 0.000000000000000e+00 7.255636998314864e-04 4.326546777444086e-03 0.000000000000000e+00 0.000000000000000e+00 0.000000000000000e+00 3.763799512780343e-03 2.016587933784828e-03 0.000000000000000e+00 0.000000000000000e+00 0.000000000000000e+00 0.000000000000000e+00 0.000000000000000e+00 0.000000000000000e+00 2.808856662314466e-03 3.560527252910179e-03 0.000000000000000e+00 0.000000000000000e+00 3.145271306340119e-03 0.000000000000000e+00 
2.825744283683657e-03 4.224361885431040e-03 0.000000000000000e+00 4.307312017775132e-03 3.790479064569257e-03 4.645263797454100e-03 0.000000000000000e+00 0.000000000000000e+00 2.731565181891766e-03 2.089398766808211e-03 0.000000000000000e+00 3.370043827454369e-03 2.902816719792199e-03 0.000000000000000e+00 0.000000000000000e+00 2.661693503522869e-03 3.168452872721471e-03 0.000000000000000e+00 0.000000000000000e+00 0.000000000000000e+00 4.721231532254282e-03 4.435756408819021e-03 3.096388149703795e-03 0.000000000000000e+00 0.000000000000000e+00 