# File created on Fri May 17 15:41:50 2024
# The following metaparameters were used for this matrix optimization : gamma0 = 0.5; alpha0 = 0; sigma0 = 0.25; l0 = 1;p = 1; R0 = 1; S0 = 0.05; NR = 25; NS = 25; matrix path = matrices/Nr25_Nc25/consumption/RandTrix_Nr25_Nc25_Nest0.4_Conn0.3712.txt; convergence threshold = 1e-08
0.000000000000000e+00 6.473236327480496e-04 2.566284373440304e-03 4.599846733537283e-03 4.429109940662443e-04 0.000000000000000e+00 2.313891025995093e-03 1.374492460690366e-03 2.498193930666691e-03 5.348633707774012e-04 3.181016604092402e-03 0.000000000000000e+00 0.000000000000000e+00 1.491169794189463e-03 0.000000000000000e+00 3.120638663425077e-03 2.037576034116746e-03 0.000000000000000e+00 3.297246346893525e-03 3.203901360888563e-03 1.398027340829608e-03 0.000000000000000e+00 3.783438603844103e-03 0.000000000000000e+00 1.139379859743728e-03 
0.000000000000000e+00 0.000000000000000e+00 1.587800852834105e-03 7.829888454094048e-04 7.659237092727399e-04 1.553043128337269e-03 4.228350053284140e-03 0.000000000000000e+00 0.000000000000000e+00 0.000000000000000e+00 4.204249833411151e-03 4.715554135644836e-03 9.968099117550456e-04 0.000000000000000e+00 0.000000000000000e+00 3.354182987811243e-03 0.000000000000000e+00 3.560018647565536e-03 0.000000000000000e+00 1.149170540804839e-03 2.548779202378503e-03 7.950304832544387e-05 0.000000000000000e+00 0.000000000000000e+00 0.000000000000000e+00 
3.498207023775958e-03 0.000000000000000e+00 2.081414630033938e-03 4.473416705402087e-03 0.000000000000000e+00 0.000000000000000e+00 2.467250452998961e-03 0.000000000000000e+00 0.000000000000000e+00 0.000000000000000e+00 0.000000000000000e+00 3.225763475241472e-03 0.000000000000000e+00 0.000000000000000e+00 2.522259721198907e-03 0.000000000000000e+00 4.255219497482728e-03 6.272908319867667e-04 4.658183903208183e-03 0.000000000000000e+00 0.000000000000000e+00 0.000000000000000e+00 0.000000000000000e+00 0.000000000000000e+00 3.761132848887478e-03 
4.190984218503615e-03 0.000000000000000e+00 0.000000000000000e+00 0.000000000000000e+00 2.943678988624688e-03 4.544115702180284e-03 3.765730600296163e-03 3.774221630854270e-03 1.383374356605062e-03 0.000000000000000e+00 0.000000000000000e+00 3.912832126373691e-03 0.000000000000000e+00 0.000000000000000e+00 1.364241058766865e-03 0.000000000000000e+00 4.574863541976355e-03 0.000000000000000e+00 1.794534343019656e-04 1.419605628305345e-03 3.120736993640812e-03 1.419947861415891e-03 1.387899767856442e-03 3.314101898061405e-03 0.000000000000000e+00 
3.341236907796973e-03 0.000000000000000e+00 0.000000000000000e+00 1.560550480066034e-03 4.993037569441093e-03 0.000000000000000e+00 1.621446184027780e-03 4.467284300392471e-03 4.092364399141451e-03 4.240132785594213e-03 4.427902973803115e-03 0.000000000000000e+00 1.961833114346977e-03 3.481334876836274e-03 3.559071171957156e-04 3.627643692342773e-03 0.000000000000000e+00 6.598286664842285e-04 4.242012190675211e-03 4.637215813338617e-03 3.592540100187426e-03 2.124237464822852e-03 0.000000000000000e+00 3.839247763200438e-03 0.000000000000000e+00 
0.000000000000000e+00 0.000000000000000e+00 0.000000000000000e+00 5.668697985845761e-04 0.000000000000000e+00 4.095102325416315e-03 0.000000000000000e+00 0.000000000000000e+00 7.291346798029830e-04 2.518733131670134e-03 1.213264503061816e-03 2.664603464731424e-03 3.961858430265668e-03 4.919807542920504e-03 0.000000000000000e+00 0.000000000000000e+00 6.251052000417303e-04 2.428559357356375e-03 0.000000000000000e+00 0.000000000000000e+00 0.000000000000000e+00 2.104417901723890e-03 0.000000000000000e+00 0.000000000000000e+00 4.011914658093995e-03 
1.198621663641592e-03 0.000000000000000e+00 0.000000000000000e+00 2.184189965310756e-04 7.870901666879369e-05 3.677339402402360e-03 0.000000000000000e+00 0.000000000000000e+00 0.000000000000000e+00 4.875388044552677e-03 0.000000000000000e+00 0.000000000000000e+00 4.419553513551735e-04 0.000000000000000e+00 0.000000000000000e+00 0.000000000000000e+00 1.124033259933176e-03 1.201263099482480e-03 0.000000000000000e+00 4.978919185258247e-04 2.569897149993711e-03 4.186089379359939e-03 0.000000000000000e+00 0.000000000000000e+00 3.827645463115330e-04 
1.183786723168819e-03 0.000000000000000e+00 2.060030584902138e-04 1.446269750241914e-03 0.000000000000000e+00 0.000000000000000e+00 3.622575816002111e-03 3.759443380990660e-03 3.539548453461187e-03 0.000000000000000e+00 0.000000000000000e+00 3.251085213855197e-03 2.220078007009479e-03 0.000000000000000e+00 2.933282610898387e-03 3.323299323635212e-03 1.086312444997521e-03 0.000000000000000e+00 0.000000000000000e+00 4.739893343122880e-03 0.000000000000000e+00 2.556826157796292e-03 2.880293461461406e-03 0.000000000000000e+00 4.081172769797654e-03 
8.228734357516343e-04 0.000000000000000e+00 0.000000000000000e+00 3.890905511223309e-03 0.000000000000000e+00 0.000000000000000e+00 4.129930145847232e-03 0.000000000000000e+00 3.964143449923550e-03 1.987167949300658e-03 2.279516890712771e-03 0.000000000000000e+00 1.697877436089157e-03 4.675944018961591e-03 9.173520595781367e-04 0.000000000000000e+00 0.000000000000000e+00 0.000000000000000e+00 7.230875664824988e-04 0.000000000000000e+00 0.000000000000000e+00 3.606837014681355e-03 0.000000000000000e+00 3.143844211426060e-03 0.000000000000000e+00 
4.922737513894523e-03 0.000000000000000e+00 0.000000000000000e+00 0.000000000000000e+00 0.000000000000000e+00 3.737141037385705e-03 2.061800711475299e-03 7.794064793916046e-04 0.000000000000000e+00 1.368238349811734e-03 0.000000000000000e+00 1.955241079926860e-04 0.000000000000000e+00 0.000000000000000e+00 1.102344759914765e-03 1.745596675057381e-03 1.377674436340352e-03 0.000000000000000e+00 1.257245120604796e-03 2.056186004106943e-03 0.000000000000000e+00 2.054507374086719e-03 3.371782766960146e-03 5.850811149204391e-04 0.000000000000000e+00 
2.515950848277354e-03 3.516994625750368e-04 0.000000000000000e+00 2.243204875430494e-03 0.000000000000000e+00 7.227266475220158e-04 4.862967227844269e-03 0.000000000000000e+00 0.000000000000000e+00 0.000000000000000e+00 1.642892477138906e-03 0.000000000000000e+00 0.000000000000000e+00 3.479457751227090e-03 1.068039851310065e-03 0.000000000000000e+00 0.000000000000000e+00 0.000000000000000e+00 4.428479034245389e-03 0.000000000000000e+00 0.000000000000000e+00 4.415228988497218e-03 0.000000000000000e+00 0.000000000000000e+00 0.000000000000000e+00 
4.643466167239649e-03 0.000000000000000e+00 3.675228136943472e-03 1.575530747642012e-03 3.394992080259547e-03 0.000000000000000e+00 1.948276096168722e-03 4.791041998857775e-03 3.116217384198023e-03 8.240179032208064e-04 0.000000000000000e+00 0.000000000000000e+00 0.000000000000000e+00 4.323898289870278e-03 6.365569134448041e-04 4.642403178104786e-04 3.958777562416756e-03 0.000000000000000e+00 0.000000000000000e+00 0.000000000000000e+00 0.000000000000000e+00 1.666474911270355e-03 8.207694669518957e-04 0.000000000000000e+00 0.000000000000000e+00 
2.738650946121410e-03 0.000000000000000e+00 4.512727344602615e-03 0.000000000000000e+00 0.000000000000000e+00 9.971569977552708e-04 0.000000000000000e+00 0.000000000000000e+00 3.565711825700771e-03 1.258342056564865e-03 0.000000000000000e+00 0.000000000000000e+00 2.495926551360553e-03 3.702912392587613e-03 0.000000000000000e+00 0.000000000000000e+00 0.000000000000000e+00 4.425012480536415e-04 1.240353645613566e-03 0.000000000000000e+00 0.000000000000000e+00 3.423672498033016e-03 0.000000000000000e+00 1.703759015678070e-03 2.890636539382667e-03 
3.188085054758752e-03 0.000000000000000e+00 7.366945334533135e-04 3.713405740816135e-03 2.682300468803620e-03 0.000000000000000e+00 0.000000000000000e+00 0.000000000000000e+00 2.723575385608280e-03 0.000000000000000e+00 2.800586892483864e-06 3.039169184660346e-04 0.000000000000000e+00 0.000000000000000e+00 0.000000000000000e+00 2.915669728302579e-03 2.747610098641516e-03 0.000000000000000e+00 1.184556927996817e-03 0.000000000000000e+00 4.188141697559050e-03 5.751791653769276e-04 0.000000000000000e+00 3.100589413834830e-03 0.000000000000000e+00 
4.024597735358092e-03 4.854285579781115e-03 0.000000000000000e+00 0.000000000000000e+00 0.000000000000000e+00 0.000000000000000e+00 1.924639664947869e-04 4.925299060099760e-03 3.209601586216628e-03 0.000000000000000e+00 0.000000000000000e+00 0.000000000000000e+00 2.683719616108671e-03 0.000000000000000e+00 2.634800224413342e-03 0.000000000000000e+00 2.300364418894023e-04 3.425043652730795e-03 1.660620380455462e-03 0.000000000000000e+00 0.000000000000000e+00 0.000000000000000e+00 1.330337917683070e-03 0.000000000000000e+00 2.474084176536360e-03 
6.484607330048468e-05 0.000000000000000e+00 0.000000000000000e+00 2.197942118070105e-03 0.000000000000000e+00 0.000000000000000e+00 0.000000000000000e+00 1.989820631456162e-03 8.924334611792266e-04 4.499610415651034e-03 0.000000000000000e+00 1.558882047491584e-03 1.138206870797772e-03 3.024868919225292e-03 3.506159350192021e-03 2.145006450241075e-04 4.718903296572915e-03 2.288249213735358e-03 0.000000000000000e+00 0.000000000000000e+00 4.962902096790643e-03 2.783232889896741e-03 1.914632965482263e-03 0.000000000000000e+00 7.693785943921008e-05 
0.000000000000000e+00 3.114511334588583e-03 0.000000000000000e+00 1.580675300634653e-03 2.191820255756732e-03 4.273614263278489e-03 2.787419075596702e-03 0.000000000000000e+00 0.000000000000000e+00 0.000000000000000e+00 4.733856301367100e-03 0.000000000000000e+00 0.000000000000000e+00 0.000000000000000e+00 0.000000000000000e+00 0.000000000000000e+00 8.974229066704821e-04 0.000000000000000e+00 0.000000000000000e+00 1.412755522788736e-03 0.000000000000000e+00 4.876388868319327e-03 0.000000000000000e+00 0.000000000000000e+00 4.264814832711121e-03 
3.915473263118640e-03 7.970384604079653e-05 0.000000000000000e+00 4.759043167807286e-03 3.536799919253917e-03 0.000000000000000e+00 1.755388203604876e-04 0.000000000000000e+00 0.000000000000000e+00 0.000000000000000e+00 0.000000000000000e+00 0.000000000000000e+00 0.000000000000000e+00 2.760509314967573e-03 0.000000000000000e+00 2.410527920494086e-03 0.000000000000000e+00 1.820491253088891e-03 0.000000000000000e+00 0.000000000000000e+00 0.000000000000000e+00 0.000000000000000e+00 7.086579283244706e-04 2.913707338244899e-03 4.894843132140723e-03 
0.000000000000000e+00 0.000000000000000e+00 0.000000000000000e+00 0.000000000000000e+00 2.764322401224940e-03 0.000000000000000e+00 1.137182295862669e-03 2.771397372034252e-03 1.095086965878608e-04 3.172053751634251e-03 0.000000000000000e+00 0.000000000000000e+00 0.000000000000000e+00 2.214707453596182e-03 0.000000000000000e+00 8.080595945142110e-04 3.749585985563310e-03 4.251298935072004e-03 1.272521880999575e-03 4.510409004912397e-03 4.294514012985451e-04 0.000000000000000e+00 0.000000000000000e+00 0.000000000000000e+00 0.000000000000000e+00 
4.673913142961015e-03 0.000000000000000e+00 2.952049397564873e-03 3.089619514269760e-03 0.000000000000000e+00 0.000000000000000e+00 3.651503390697083e-03 0.000000000000000e+00 0.000000000000000e+00 0.000000000000000e+00 2.040233727779455e-03 0.000000000000000e+00 1.072166044679563e-03 1.065198433799036e-03 5.559981185047640e-04 0.000000000000000e+00 3.332215628754688e-03 2.175397096317654e-03 4.850956345702888e-03 2.237568840604892e-03 1.747700116400965e-03 1.335971769644509e-03 1.488825163331970e-03 0.000000000000000e+00 3.815863781947652e-03 
3.631511055853898e-03 0.000000000000000e+00 8.512863311723153e-04 2.346107354700655e-03 2.507048222111042e-03 4.656653911549564e-03 0.000000000000000e+00 1.745934316511257e-03 0.000000000000000e+00 3.737752807106660e-03 1.092326088570264e-04 1.084318187146618e-03 0.000000000000000e+00 4.447639071697046e-03 0.000000000000000e+00 0.000000000000000e+00 0.000000000000000e+00 0.000000000000000e+00 4.162846803420970e-03 1.913002663785639e-03 0.000000000000000e+00 0.000000000000000e+00 3.055187791679868e-04 0.000000000000000e+00 1.915525857862293e-03 
3.992891439191751e-03 0.000000000000000e+00 0.000000000000000e+00 0.000000000000000e+00 0.000000000000000e+00 9.782040018623959e-04 0.000000000000000e+00 0.000000000000000e+00 4.516915517698451e-03 0.000000000000000e+00 0.000000000000000e+00 3.514704510104121e-03 0.000000000000000e+00 0.000000000000000e+00 4.736112798631749e-03 3.782315083576261e-03 0.000000000000000e+00 1.973243259726624e-03 0.000000000000000e+00 0.000000000000000e+00 0.000000000000000e+00 8.065254449055169e-04 3.373150690279316e-03 0.000000000000000e+00 0.000000000000000e+00 
1.817408079737340e-03 0.000000000000000e+00 1.343076598038118e-03 4.686401720382351e-03 0.000000000000000e+00 3.367159337860899e-03 0.000000000000000e+00 0.000000000000000e+00 1.871927521668939e-03 0.000000000000000e+00 0.000000000000000e+00 0.000000000000000e+00 8.348621214548375e-04 0.000000000000000e+00 8.364131908622604e-04 6.573470515064275e-04 2.202777704888282e-04 0.000000000000000e+00 3.411071006261201e-03 2.034312589674905e-03 0.000000000000000e+00 0.000000000000000e+00 0.000000000000000e+00 0.000000000000000e+00 2.876512146621943e-03 
1.260902726555036e-03 1.262489584267489e-03 3.164843337571046e-03 4.207552769935989e-03 0.000000000000000e+00 4.563088178332510e-03 3.340049299698668e-03 0.000000000000000e+00 0.000000000000000e+00 4.187448196913539e-03 0.000000000000000e+00 1.133299348574396e-03 2.569632305944616e-03 0.000000000000000e+00 0.000000000000000e+00 0.000000000000000e+00 3.477325061480730e-05 0.000000000000000e+00 0.000000000000000e+00 0.000000000000000e+00 0.000000000000000e+00 0.000000000000000e+00 4.330518970487735e-03 0.000000000000000e+00 1.040550055768346e-03 
0.000000000000000e+00 0.000000000000000e+00 2.804139678672681e-03 0.000000000000000e+00 4.647857752475864e-03 0.000000000000000e+00 0.000000000000000e+00 4.527094989679688e-03 1.170659637209581e-04 4.102294522624973e-03 0.000000000000000e+00 0.000000000000000e+00 4.462617349604223e-03 0.000000000000000e+00 3.639622267242874e-03 0.000000000000000e+00 3.410107545202494e-03 0.000000000000000e+00 0.000000000000000e+00 3.926611842092333e-03 3.059652980890912e-03 1.413012841247877e-03 3.501730398819356e-04 0.000000000000000e+00 3.538049534280796e-03 