# File created on Fri May 17 15:42:04 2024
# The following metaparameters were used for this matrix optimization : gamma0 = 0.5; alpha0 = 0; sigma0 = 0.25; l0 = 1;p = 1; R0 = 1; S0 = 0.05; NR = 25; NS = 25; matrix path = matrices/Nr25_Nc25/consumption/RandTrix_Nr25_Nc25_Nest0.35_Conn0.08.txt; convergence threshold = 1e-08
0.000000000000000e+00 0.000000000000000e+00 2.002491461831293e-04 2.106528437374293e-03 1.624824858908321e-03 0.000000000000000e+00 1.135370363847017e-03 0.000000000000000e+00 4.752012813953903e-03 0.000000000000000e+00 9.600317421387165e-04 4.132992498137809e-03 0.000000000000000e+00 7.741653259433639e-04 0.000000000000000e+00 4.049866352157203e-03 2.148906049675343e-03 4.392894458891289e-03 0.000000000000000e+00 3.280500004236093e-03 0.000000000000000e+00 0.000000000000000e+00 0.000000000000000e+00 0.000000000000000e+00 0.000000000000000e+00 
0.000000000000000e+00 0.000000000000000e+00 2.386346879207196e-03 3.279794188344876e-03 0.000000000000000e+00 3.539880042923236e-04 4.177118193521763e-03 2.346089248551917e-03 0.000000000000000e+00 0.000000000000000e+00 0.000000000000000e+00 2.930911508646331e-03 0.000000000000000e+00 0.000000000000000e+00 3.426534034038054e-03 0.000000000000000e+00 0.000000000000000e+00 0.000000000000000e+00 2.254029838447718e-03 0.000000000000000e+00 0.000000000000000e+00 3.452029206333624e-03 0.000000000000000e+00 8.562656917770147e-04 3.891033556588901e-03 
1.122873909209221e-03 0.000000000000000e+00 0.000000000000000e+00 5.373862114837799e-04 0.000000000000000e+00 2.160288850039142e-03 0.000000000000000e+00 4.968705872512126e-04 0.000000000000000e+00 4.668408041255021e-03 0.000000000000000e+00 4.260960352585300e-03 0.000000000000000e+00 0.000000000000000e+00 2.022064440588771e-03 3.038605162525790e-03 0.000000000000000e+00 0.000000000000000e+00 1.926430775566085e-04 0.000000000000000e+00 1.807434716465030e-03 8.773581898617455e-06 0.000000000000000e+00 0.000000000000000e+00 0.000000000000000e+00 
4.683203752989517e-03 3.315062991082802e-03 3.117870848019376e-03 0.000000000000000e+00 1.491632888926374e-04 2.866040458811084e-03 0.000000000000000e+00 0.000000000000000e+00 0.000000000000000e+00 2.588436240566219e-04 3.901116123793274e-04 0.000000000000000e+00 0.000000000000000e+00 5.377878118915055e-04 0.000000000000000e+00 4.037148179575115e-03 0.000000000000000e+00 4.918128204843381e-03 0.000000000000000e+00 3.328257714677000e-03 0.000000000000000e+00 0.000000000000000e+00 4.219423885991057e-03 0.000000000000000e+00 0.000000000000000e+00 
1.639032346347129e-03 0.000000000000000e+00 0.000000000000000e+00 4.174207067735636e-03 0.000000000000000e+00 2.372661871114229e-03 4.623409271985499e-03 3.338520541957650e-03 0.000000000000000e+00 0.000000000000000e+00 1.650832465169607e-03 1.661807793915037e-03 0.000000000000000e+00 1.943655266735589e-03 2.609296274203834e-03 0.000000000000000e+00 0.000000000000000e+00 1.749288965915704e-03 0.000000000000000e+00 0.000000000000000e+00 2.028379877657521e-03 0.000000000000000e+00 5.523272010567001e-04 4.001175517235012e-03 1.934938161231731e-03 
3.972558295462492e-03 0.000000000000000e+00 0.000000000000000e+00 7.090732342861270e-04 0.000000000000000e+00 2.997369952423385e-03 2.905519164767509e-03 0.000000000000000e+00 3.759473352900040e-03 0.000000000000000e+00 0.000000000000000e+00 3.176493224497581e-03 0.000000000000000e+00 0.000000000000000e+00 0.000000000000000e+00 0.000000000000000e+00 0.000000000000000e+00 4.911216977257657e-03 1.160047212224688e-03 2.894337973198891e-03 3.067496027810687e-03 0.000000000000000e+00 5.726283965697634e-04 3.214957762359046e-04 0.000000000000000e+00 
0.000000000000000e+00 4.597707710657342e-03 0.000000000000000e+00 2.414467033637780e-03 0.000000000000000e+00 8.883399602787569e-04 0.000000000000000e+00 0.000000000000000e+00 0.000000000000000e+00 1.262751982394493e-03 0.000000000000000e+00 0.000000000000000e+00 0.000000000000000e+00 5.308244093858875e-05 0.000000000000000e+00 0.000000000000000e+00 3.322701188211015e-03 0.000000000000000e+00 0.000000000000000e+00 3.742288277660640e-04 0.000000000000000e+00 3.142426605064675e-03 0.000000000000000e+00 0.000000000000000e+00 0.000000000000000e+00 
0.000000000000000e+00 3.239898200684766e-03 0.000000000000000e+00 1.611885294616847e-04 0.000000000000000e+00 4.587487901876859e-03 0.000000000000000e+00 1.351280577189753e-03 0.000000000000000e+00 3.587349388238513e-03 4.014118576561072e-03 0.000000000000000e+00 1.630164555216588e-04 0.000000000000000e+00 5.522969821825236e-04 1.397733916117173e-03 0.000000000000000e+00 4.845606847928802e-03 4.066124787230814e-03 4.188589350704687e-03 0.000000000000000e+00 0.000000000000000e+00 2.297731249345032e-03 1.230359410149667e-03 1.145041055524929e-03 
0.000000000000000e+00 3.415915930402914e-03 0.000000000000000e+00 0.000000000000000e+00 0.000000000000000e+00 0.000000000000000e+00 0.000000000000000e+00 1.483198390362290e-03 0.000000000000000e+00 4.209122036594332e-03 2.905124010034516e-03 0.000000000000000e+00 0.000000000000000e+00 4.861214728399324e-03 3.552881981975986e-03 0.000000000000000e+00 3.131393797226607e-03 3.471229422120911e-05 3.126520770071792e-03 0.000000000000000e+00 3.539005303340313e-03 3.896664527061542e-03 8.111650107911146e-04 4.474948014823301e-03 4.297034983108661e-03 
1.739404089442988e-03 0.000000000000000e+00 0.000000000000000e+00 0.000000000000000e+00 4.152213475395917e-05 0.000000000000000e+00 0.000000000000000e+00 0.000000000000000e+00 2.425699570774918e-03 0.000000000000000e+00 0.000000000000000e+00 7.904762949140198e-05 4.198276915407085e-03 3.530721129855120e-03 0.000000000000000e+00 0.000000000000000e+00 0.000000000000000e+00 0.000000000000000e+00 2.526645494275548e-03 0.000000000000000e+00 2.227296089803750e-03 2.621314738334100e-04 3.723158183005509e-03 0.000000000000000e+00 0.000000000000000e+00 
0.000000000000000e+00 0.000000000000000e+00 0.000000000000000e+00 0.000000000000000e+00 0.000000000000000e+00 3.620132176329408e-03 3.571918929218661e-03 0.000000000000000e+00 4.301753025550852e-03 0.000000000000000e+00 0.000000000000000e+00 0.000000000000000e+00 0.000000000000000e+00 4.900579620550930e-03 0.000000000000000e+00 2.811122361017538e-03 1.964001535880328e-03 0.000000000000000e+00 0.000000000000000e+00 0.000000000000000e+00 4.573541386674645e-03 2.725292656511122e-03 4.567981750777302e-03 4.355261677039660e-03 3.280018846911229e-03 
0.000000000000000e+00 2.893233645664367e-04 4.810168586962751e-04 1.729746530354212e-04 0.000000000000000e+00 1.722964065626849e-03 0.000000000000000e+00 4.183091592047261e-03 2.070056138578725e-03 2.416614839750850e-03 0.000000000000000e+00 2.505576914852620e-03 0.000000000000000e+00 0.000000000000000e+00 1.339000191150422e-03 2.851134345875367e-03 4.553356772839634e-03 0.000000000000000e+00 0.000000000000000e+00 1.295623780744219e-03 1.647607167114629e-04 8.775168679017875e-04 1.628771953451878e-03 8.954963405699697e-05 0.000000000000000e+00 
1.123527147383147e-03 4.123051782591935e-04 0.000000000000000e+00 0.000000000000000e+00 2.259448155910686e-03 0.000000000000000e+00 4.066663184354312e-04 0.000000000000000e+00 1.886217924773177e-03 0.000000000000000e+00 0.000000000000000e+00 0.000000000000000e+00 0.000000000000000e+00 0.000000000000000e+00 1.516813153536003e-04 0.000000000000000e+00 0.000000000000000e+00 5.393282477628183e-04 0.000000000000000e+00 0.000000000000000e+00 1.690647853220123e-03 0.000000000000000e+00 4.163134993943318e-03 4.511122031858315e-03 9.097218702273737e-04 
0.000000000000000e+00 0.000000000000000e+00 5.845217046498957e-04 1.396355369635476e-03 1.190679017468253e-04 3.646027674111975e-03 0.000000000000000e+00 0.000000000000000e+00 0.000000000000000e+00 2.003043115078434e-03 4.516561044544472e-04 0.000000000000000e+00 0.000000000000000e+00 0.000000000000000e+00 0.000000000000000e+00 4.403808358683902e-03 4.774686895245169e-03 4.934237504008416e-03 0.000000000000000e+00 0.000000000000000e+00 1.868442337738952e-03 4.031763910354206e-03 3.513175386993844e-03 0.000000000000000e+00 2.660310819529432e-03 
4.619067235461974e-03 1.939275745261269e-03 1.572471074329021e-03 0.000000000000000e+00 0.000000000000000e+00 9.073922457683492e-04 0.000000000000000e+00 0.000000000000000e+00 3.515634960987207e-03 0.000000000000000e+00 8.118339714275575e-04 3.493799909406940e-03 3.734846155293610e-03 3.040754790085973e-03 2.731283203632980e-04 1.664269606193154e-04 0.000000000000000e+00 0.000000000000000e+00 3.848752062870377e-03 0.000000000000000e+00 0.000000000000000e+00 0.000000000000000e+00 0.000000000000000e+00 2.410825822784591e-03 0.000000000000000e+00 
0.000000000000000e+00 3.803146346659047e-03 0.000000000000000e+00 2.609292878164222e-03 2.725939481733427e-03 0.000000000000000e+00 0.000000000000000e+00 0.000000000000000e+00 3.129800901630098e-03 0.000000000000000e+00 0.000000000000000e+00 9.222467377532359e-04 0.000000000000000e+00 0.000000000000000e+00 0.000000000000000e+00 1.381560246256871e-03 3.671477555550485e-03 1.577839868982137e-03 0.000000000000000e+00 0.000000000000000e+00 0.000000000000000e+00 0.000000000000000e+00 0.000000000000000e+00 3.418992909524084e-04 1.344069868440145e-04 
0.000000000000000e+00 0.000000000000000e+00 0.000000000000000e+00 1.568314585552551e-03 4.750942744788743e-03 2.100787813526151e-03 2.876264992920829e-03 0.000000000000000e+00 0.000000000000000e+00 4.269495382114413e-03 0.000000000000000e+00 0.000000000000000e+00 0.000000000000000e+00 0.000000000000000e+00 0.000000000000000e+00 0.000000000000000e+00 2.268324773487174e-03 0.000000000000000e+00 0.000000000000000e+00 0.000000000000000e+00 0.000000000000000e+00 9.415389144279495e-04 0.000000000000000e+00 1.605509754763802e-03 0.000000000000000e+00 
4.695396246872397e-03 0.000000000000000e+00 2.652383170479846e-04 0.000000000000000e+00 0.000000000000000e+00 0.000000000000000e+00 3.674684744719940e-03 0.000000000000000e+00 0.000000000000000e+00 0.000000000000000e+00 4.633626425257487e-03 0.000000000000000e+00 0.000000000000000e+00 0.000000000000000e+00 8.965498148791995e-04 0.000000000000000e+00 0.000000000000000e+00 0.000000000000000e+00 1.360997844117719e-03 2.014477699393846e-03 0.000000000000000e+00 5.095513755455457e-04 0.000000000000000e+00 4.562103309214783e-03 3.355289774222179e-04 
0.000000000000000e+00 0.000000000000000e+00 4.993858055206496e-03 3.539059561522762e-03 2.084940203329850e-03 0.000000000000000e+00 3.875354287964783e-03 0.000000000000000e+00 0.000000000000000e+00 0.000000000000000e+00 0.000000000000000e+00 1.899939321943993e-03 0.000000000000000e+00 9.131675479712859e-04 2.007978208506773e-03 1.748069624015183e-03 0.000000000000000e+00 0.000000000000000e+00 1.541556404032893e-03 2.186658464187038e-03 0.000000000000000e+00 0.000000000000000e+00 1.237440686189822e-03 2.975762075649763e-03 4.222310596599442e-03 
0.000000000000000e+00 0.000000000000000e+00 0.000000000000000e+00 9.788070858431087e-04 1.331038745109142e-03 0.000000000000000e+00 2.008949656298919e-03 0.000000000000000e+00 2.561300743644497e-03 0.000000000000000e+00 0.000000000000000e+00 3.526971527922994e-03 3.728318630876889e-03 0.000000000000000e+00 0.000000000000000e+00 0.000000000000000e+00 4.102427933864773e-03 0.000000000000000e+00 1.276118677759162e-03 1.768717253633332e-03 4.441669812721640e-04 4.417234207999224e-04 2.557205262032739e-03 3.393752781186622e-03 0.000000000000000e+00 
1.433617796335661e-04 0.000000000000000e+00 0.000000000000000e+00 5.866309866360338e-05 3.133086508484912e-03 0.000000000000000e+00 0.000000000000000e+00 0.000000000000000e+00 1.731284984448542e-03 0.000000000000000e+00 0.000000000000000e+00 8.852688670063723e-05 0.000000000000000e+00 0.000000000000000e+00 1.949228593851187e-03 0.000000000000000e+00 1.968557064637738e-03 2.843959719895945e-03 2.961912630818712e-04 0.000000000000000e+00 0.000000000000000e+00 0.000000000000000e+00 0.000000000000000e+00 0.000000000000000e+00 1.243748642876499e-03 
0.000000000000000e+00 4.455909524643042e-03 0.000000000000000e+00 4.588377422550228e-03 4.066890207126629e-03 0.000000000000000e+00 2.711384311406619e-03 1.287128796056675e-03 4.302958936717315e-03 3.595342951312974e-03 4.884764358262391e-04 0.000000000000000e+00 2.527639899805942e-04 3.200392693166206e-03 0.000000000000000e+00 0.000000000000000e+00 0.000000000000000e+00 4.077101317743070e-03 1.318385866468800e-03 1.738101610292365e-03 2.562943096321227e-03 0.000000000000000e+00 0.000000000000000e+00 2.764979340921647e-03 2.775863004691012e-03 
0.000000000000000e+00 0.000000000000000e+00 0.000000000000000e+00 0.000000000000000e+00 2.654821412068248e-03 0.000000000000000e+00 0.000000000000000e+00 0.000000000000000e+00 3.388862519186253e-03 0.000000000000000e+00 0.000000000000000e+00 0.000000000000000e+00 1.954580655322748e-03 0.000000000000000e+00 4.647645965490830e-03 0.000000000000000e+00 0.000000000000000e+00 1.029797174377685e-03 2.601626123854543e-03 4.152696446706152e-03 2.042751211116569e-03 3.705002218799378e-04 3.047453750297240e-03 0.000000000000000e+00 0.000000000000000e+00 
0.000000000000000e+00 0.000000000000000e+00 0.000000000000000e+00 0.000000000000000e+00 4.474794436131940e-03 4.594461246488939e-03 2.567720761518133e-03 3.721864384415852e-03 0.000000000000000e+00 2.815426925880261e-03 4.967016052605854e-03 4.346170278429578e-03 1.419205166769109e-03 2.996337564506547e-03 0.000000000000000e+00 2.330767014592954e-03 0.000000000000000e+00 0.000000000000000e+00 7.457734479193995e-04 8.270488505730375e-04 0.000000000000000e+00 8.229053676646854e-04 0.000000000000000e+00 0.000000000000000e+00 0.000000000000000e+00 
0.000000000000000e+00 3.427745532263209e-04 4.271459429022711e-03 0.000000000000000e+00 0.000000000000000e+00 0.000000000000000e+00 0.000000000000000e+00 4.206769262128133e-03 4.012813160692868e-03 2.073782504046213e-03 1.952397312817854e-03 3.788772088225010e-03 4.112766438915388e-03 0.000000000000000e+00 4.220185225234758e-03 3.853328547359821e-03 0.000000000000000e+00 0.000000000000000e+00 3.940783888310205e-03 3.783259623163181e-03 4.558277113834812e-05 0.000000000000000e+00 0.000000000000000e+00 4.672533638491508e-03 0.000000000000000e+00 