# File created on Fri May 17 15:41:47 2024
# The following metaparameters were used for this matrix optimization : gamma0 = 0.5; alpha0 = 0; sigma0 = 0.25; l0 = 1;p = 1; R0 = 1; S0 = 0.05; NR = 25; NS = 25; matrix path = matrices/Nr25_Nc25/consumption/RandTrix_Nr25_Nc25_Nest0.15_Conn0.12.txt; convergence threshold = 1e-08
0.000000000000000e+00 1.731255933085979e-04 3.512536295527340e-03 2.542652131365547e-03 4.689869322603764e-03 3.719385087272435e-03 0.000000000000000e+00 1.651096445036099e-03 0.000000000000000e+00 4.527111840485453e-03 0.000000000000000e+00 6.687930682424733e-04 0.000000000000000e+00 3.764861851223155e-03 0.000000000000000e+00 1.995157423052489e-03 0.000000000000000e+00 6.798759987983148e-04 1.374639206526028e-04 2.677549814325438e-03 0.000000000000000e+00 0.000000000000000e+00 0.000000000000000e+00 4.147417001706868e-03 4.767940502323568e-03 
4.358565894847588e-03 0.000000000000000e+00 0.000000000000000e+00 0.000000000000000e+00 1.388323727050144e-03 1.072298321688624e-03 0.000000000000000e+00 2.718163873028991e-03 0.000000000000000e+00 1.634420810780990e-03 0.000000000000000e+00 3.520648809555753e-03 4.229129335769559e-03 3.373172374019704e-03 4.797883013986046e-03 0.000000000000000e+00 0.000000000000000e+00 3.206970112016307e-03 0.000000000000000e+00 2.542956219004315e-03 0.000000000000000e+00 0.000000000000000e+00 1.032423199474268e-03 0.000000000000000e+00 2.012204797436307e-03 
2.301581253581943e-03 3.193596772064442e-03 0.000000000000000e+00 0.000000000000000e+00 0.000000000000000e+00 4.164434323724481e-03 0.000000000000000e+00 0.000000000000000e+00 1.000151034989841e-03 8.924564033035320e-04 4.604945065397592e-03 0.000000000000000e+00 0.000000000000000e+00 9.902673846448661e-04 0.000000000000000e+00 1.720717233358366e-03 0.000000000000000e+00 3.752306402028027e-03 3.592190477797083e-04 2.007604602841368e-03 2.104480550939543e-04 0.000000000000000e+00 3.520013295641697e-03 0.000000000000000e+00 0.000000000000000e+00 
3.546875505159965e-03 9.708018666176453e-04 3.746401926338995e-03 4.286568934170438e-03 0.000000000000000e+00 0.000000000000000e+00 3.246717416868109e-03 2.539333133322504e-04 0.000000000000000e+00 1.177958325343709e-03 0.000000000000000e+00 0.000000000000000e+00 9.283054782857893e-04 0.000000000000000e+00 4.449959207973226e-03 2.391107338515807e-03 0.000000000000000e+00 0.000000000000000e+00 2.980687123184414e-03 0.000000000000000e+00 0.000000000000000e+00 4.067197071073180e-03 0.000000000000000e+00 2.968847433874883e-03 3.510504743673776e-04 
0.000000000000000e+00 0.000000000000000e+00 0.000000000000000e+00 4.510334165465663e-03 2.021601447836570e-03 1.640796349269129e-03 0.000000000000000e+00 1.062248393740957e-03 8.430526909846397e-04 7.414929346754659e-04 0.000000000000000e+00 2.780045386666945e-03 7.479368096393220e-04 0.000000000000000e+00 0.000000000000000e+00 3.662142803486930e-03 0.000000000000000e+00 6.996209616328448e-04 2.538877081518750e-03 0.000000000000000e+00 0.000000000000000e+00 1.710349614954871e-03 4.692405368513073e-03 4.362551760384776e-04 0.000000000000000e+00 
1.885539941056993e-03 0.000000000000000e+00 0.000000000000000e+00 2.366625161090007e-03 2.067785390840023e-03 3.448416102963125e-03 4.705884857215245e-03 0.000000000000000e+00 4.878308004931100e-03 7.898528115986051e-04 3.253298809072584e-03 0.000000000000000e+00 4.741702525438387e-03 3.574289090988871e-03 0.000000000000000e+00 0.000000000000000e+00 0.000000000000000e+00 0.000000000000000e+00 0.000000000000000e+00 0.000000000000000e+00 1.246329490087709e-03 0.000000000000000e+00 1.341453306723041e-03 3.048923610899325e-03 0.000000000000000e+00 
0.000000000000000e+00 0.000000000000000e+00 4.370410265160010e-03 0.000000000000000e+00 2.701568581586139e-03 1.195921430522521e-03 1.742287890665866e-03 0.000000000000000e+00 8.772189073655817e-05 0.000000000000000e+00 0.000000000000000e+00 0.000000000000000e+00 2.243496980173305e-04 0.000000000000000e+00 0.000000000000000e+00 1.834985767215407e-03 4.875956715299723e-03 3.617460989831788e-03 0.000000000000000e+00 0.000000000000000e+00 3.461021146747704e-04 0.000000000000000e+00 8.254073366947917e-04 1.262669961453829e-03 0.000000000000000e+00 
1.590190746402737e-03 1.328000552215108e-03 4.125326535727175e-03 0.000000000000000e+00 0.000000000000000e+00 0.000000000000000e+00 8.895617340438139e-04 0.000000000000000e+00 0.000000000000000e+00 1.432034796676358e-03 0.000000000000000e+00 4.066251716597247e-03 2.824040312247466e-03 0.000000000000000e+00 4.310911873949577e-03 4.939959735945427e-04 0.000000000000000e+00 3.711906772386425e-03 7.099866255694235e-04 0.000000000000000e+00 9.615056541008049e-04 0.000000000000000e+00 0.000000000000000e+00 4.369508953124785e-03 0.000000000000000e+00 
0.000000000000000e+00 0.000000000000000e+00 3.339709644129201e-03 0.000000000000000e+00 0.000000000000000e+00 0.000000000000000e+00 2.787853575545859e-03 4.304229051835550e-03 3.942937837611588e-03 6.369645290466913e-04 3.801646687105569e-03 2.737228050393757e-03 4.873577093964960e-03 1.555882481259846e-04 0.000000000000000e+00 0.000000000000000e+00 1.400527337103747e-03 0.000000000000000e+00 1.756390612998355e-03 0.000000000000000e+00 1.913334972977582e-03 0.000000000000000e+00 1.133669512747813e-03 0.000000000000000e+00 3.875892321939514e-03 
0.000000000000000e+00 3.887825574300180e-03 0.000000000000000e+00 0.000000000000000e+00 0.000000000000000e+00 0.000000000000000e+00 0.000000000000000e+00 0.000000000000000e+00 4.671222260590670e-04 0.000000000000000e+00 0.000000000000000e+00 0.000000000000000e+00 4.511182652990771e-03 2.534159207810040e-03 0.000000000000000e+00 4.304455156177080e-03 1.917379966892104e-03 4.200112979516482e-03 3.468205309843919e-03 1.751103448282355e-03 1.341967899210853e-03 0.000000000000000e+00 0.000000000000000e+00 0.000000000000000e+00 2.672069863601501e-03 
0.000000000000000e+00 0.000000000000000e+00 2.330017977995110e-03 0.000000000000000e+00 2.484863912054739e-03 4.209840414658232e-03 0.000000000000000e+00 4.157444911122868e-03 0.000000000000000e+00 4.915088067648242e-03 4.398018248771635e-04 0.000000000000000e+00 4.367395274690473e-03 1.241415961917159e-03 0.000000000000000e+00 6.763846181332670e-04 2.510091822087561e-03 1.751878474616369e-03 0.000000000000000e+00 3.547058157992864e-03 1.097160402584507e-03 0.000000000000000e+00 2.896354407262242e-03 0.000000000000000e+00 3.761629153758203e-03 
0.000000000000000e+00 9.265691477806180e-04 4.071742429807737e-03 0.000000000000000e+00 4.516722667209980e-03 0.000000000000000e+00 0.000000000000000e+00 2.606147187452632e-03 3.295148735941482e-03 0.000000000000000e+00 0.000000000000000e+00 1.765982917787580e-04 1.134857872193801e-03 0.000000000000000e+00 7.068538793204932e-04 0.000000000000000e+00 0.000000000000000e+00 0.000000000000000e+00 0.000000000000000e+00 0.000000000000000e+00 2.517205209644548e-03 1.053356131024750e-03 3.463791545555950e-03 0.000000000000000e+00 0.000000000000000e+00 
0.000000000000000e+00 3.512975379064792e-03 4.942057198471861e-03 0.000000000000000e+00 2.865025001234182e-03 4.410250304684750e-03 0.000000000000000e+00 0.000000000000000e+00 0.000000000000000e+00 2.961481495215418e-04 3.753958300080326e-03 3.738044578274272e-03 2.395980580471729e-03 0.000000000000000e+00 0.000000000000000e+00 0.000000000000000e+00 2.150557585294582e-03 3.935296375273794e-04 0.000000000000000e+00 4.008410052503525e-03 0.000000000000000e+00 0.000000000000000e+00 0.000000000000000e+00 0.000000000000000e+00 0.000000000000000e+00 
4.965063684672523e-03 0.000000000000000e+00 1.062601189710215e-03 0.000000000000000e+00 0.000000000000000e+00 0.000000000000000e+00 0.000000000000000e+00 0.000000000000000e+00 1.660776397458755e-03 0.000000000000000e+00 0.000000000000000e+00 0.000000000000000e+00 0.000000000000000e+00 0.000000000000000e+00 0.000000000000000e+00 4.128320486214678e-03 0.000000000000000e+00 0.000000000000000e+00 0.000000000000000e+00 0.000000000000000e+00 0.000000000000000e+00 0.000000000000000e+00 1.155999924728740e-03 4.523961414410896e-03 0.000000000000000e+00 
0.000000000000000e+00 2.678185273441424e-03 3.403993633796611e-03 9.895151766432934e-04 0.000000000000000e+00 0.000000000000000e+00 0.000000000000000e+00 8.645158201491038e-04 0.000000000000000e+00 5.642132576999001e-04 2.247180529624783e-03 0.000000000000000e+00 0.000000000000000e+00 0.000000000000000e+00 0.000000000000000e+00 0.000000000000000e+00 2.519982664172393e-04 0.000000000000000e+00 1.831457695435501e-03 1.327791747204017e-03 7.995126464456340e-04 0.000000000000000e+00 1.440570489101883e-03 9.982777871557782e-05 0.000000000000000e+00 
0.000000000000000e+00 1.840675116986054e-03 0.000000000000000e+00 1.022408494203600e-03 2.457279558750364e-03 4.139828901679639e-04 0.000000000000000e+00 0.000000000000000e+00 0.000000000000000e+00 0.000000000000000e+00 0.000000000000000e+00 2.624791522285002e-03 4.295858620041880e-03 0.000000000000000e+00 0.000000000000000e+00 0.000000000000000e+00 0.000000000000000e+00 0.000000000000000e+00 2.915616512611424e-03 0.000000000000000e+00 0.000000000000000e+00 0.000000000000000e+00 0.000000000000000e+00 0.000000000000000e+00 2.370663099106625e-03 
0.000000000000000e+00 0.000000000000000e+00 0.000000000000000e+00 9.054364288245380e-04 3.586074774871894e-03 0.000000000000000e+00 5.002044782235186e-04 0.000000000000000e+00 2.264405109132411e-03 3.225331603160221e-03 4.668650455393060e-03 4.268644198368078e-03 0.000000000000000e+00 3.119610471872460e-03 0.000000000000000e+00 1.124420724259710e-03 2.641941053533927e-03 0.000000000000000e+00 1.495468184905695e-03 9.601244287041647e-04 2.422146000430749e-03 4.669638961260134e-04 0.000000000000000e+00 0.000000000000000e+00 1.411698357506908e-03 
0.000000000000000e+00 4.137124779079527e-03 2.056487428903902e-03 0.000000000000000e+00 2.497720291213383e-03 3.934428407800420e-03 0.000000000000000e+00 2.272823577325053e-03 1.122166089643841e-03 3.659221168473476e-03 3.207716595337884e-03 4.978055728647259e-03 0.000000000000000e+00 3.289826605408524e-04 0.000000000000000e+00 0.000000000000000e+00 0.000000000000000e+00 3.720473486069917e-03 0.000000000000000e+00 2.576911639503578e-03 0.000000000000000e+00 2.245987098796019e-03 2.474856909997548e-03 0.000000000000000e+00 1.031173235256810e-03 
8.777214727913208e-04 3.423034907498930e-03 2.197842470279825e-03 0.000000000000000e+00 0.000000000000000e+00 4.264413124469392e-05 3.749049158353539e-03 8.181759931043672e-04 0.000000000000000e+00 0.000000000000000e+00 0.000000000000000e+00 0.000000000000000e+00 0.000000000000000e+00 0.000000000000000e+00 3.013442290011665e-03 1.191741533104650e-03 3.988874942569142e-03 1.177858797330844e-03 4.857011278745668e-03 0.000000000000000e+00 0.000000000000000e+00 0.000000000000000e+00 4.587922541575253e-03 6.075679906670688e-04 0.000000000000000e+00 
2.016955820167625e-03 1.696183887025429e-03 0.000000000000000e+00 0.000000000000000e+00 0.000000000000000e+00 2.642064970584520e-03 0.000000000000000e+00 2.270363227273560e-03 2.023329551244609e-03 0.000000000000000e+00 5.687077246127017e-04 0.000000000000000e+00 4.023733674109946e-03 4.113849203814250e-03 4.461866733866060e-03 2.881717031935806e-03 0.000000000000000e+00 3.975726064988900e-03 0.000000000000000e+00 0.000000000000000e+00 4.158034670951151e-03 0.000000000000000e+00 2.961481778551087e-03 0.000000000000000e+00 7.723613511868871e-04 
0.000000000000000e+00 0.000000000000000e+00 0.000000000000000e+00 2.128163807770627e-04 0.000000000000000e+00 3.872170274665117e-04 4.675949689121674e-03 0.000000000000000e+00 3.268360060576240e-03 0.000000000000000e+00 8.918811953816332e-04 0.000000000000000e+00 4.493544828621428e-03 2.931967347452000e-03 1.536706925344159e-03 1.868482741485143e-04 0.000000000000000e+00 0.000000000000000e+00 0.000000000000000e+00 0.000000000000000e+00 2.415314004756381e-03 0.000000000000000e+00 0.000000000000000e+00 4.201212031637705e-03 0.000000000000000e+00 
4.791039394604867e-03 0.000000000000000e+00 4.721591250503624e-03 0.000000000000000e+00 0.000000000000000e+00 0.000000000000000e+00 4.593085415534450e-03 0.000000000000000e+00 4.075262896952932e-03 0.000000000000000e+00 3.724522818353233e-03 1.899633900918161e-03 0.000000000000000e+00 2.898876191606660e-03 3.152386737632821e-03 0.000000000000000e+00 0.000000000000000e+00 3.292613032534245e-03 0.000000000000000e+00 0.000000000000000e+00 0.000000000000000e+00 0.000000000000000e+00 2.897632202122071e-03 0.000000000000000e+00 4.983829423077865e-05 
0.000000000000000e+00 0.000000000000000e+00 0.000000000000000e+00 1.775106862613161e-04 0.000000000000000e+00 0.000000000000000e+00 2.893178785043457e-03 3.622814952727942e-03 0.000000000000000e+00 3.177276689177850e-03 4.808661368485063e-03 1.313433720091195e-04 0.000000000000000e+00 0.000000000000000e+00 2.914389361243720e-03 4.191225414226818e-03 0.000000000000000e+00 0.000000000000000e+00 1.141000682914757e-03 0.000000000000000e+00 1.044472030686135e-03 0.000000000000000e+00 0.000000000000000e+00 3.538097683783361e-03 2.552015908846147e-03 
0.000000000000000e+00 1.330643934130211e-03 0.000000000000000e+00 0.000000000000000e+00 0.000000000000000e+00 0.000000000000000e+00 0.000000000000000e+00 2.266284951439524e-03 0.000000000000000e+00 3.649553653111044e-03 4.832118584227131e-05 0.000000000000000e+00 0.000000000000000e+00 2.165782199369101e-03 1.679979052182270e-03 0.000000000000000e+00 3.842995452023743e-03 0.000000000000000e+00 2.451160306731322e-03 0.000000000000000e+00 1.429109213267472e-03 3.997977932411010e-03 0.000000000000000e+00 0.000000000000000e+00 1.428509093679122e-03 
0.000000000000000e+00 5.746442284725910e-04 3.125735371024110e-03 1.226811639792773e-03 3.499586508473058e-03 2.824743156835480e-03 1.880343055662271e-03 2.040130013384099e-03 0.000000000000000e+00 3.256679081085189e-03 0.000000000000000e+00 0.000000000000000e+00 0.000000000000000e+00 0.000000000000000e+00 2.964727844061464e-03 3.803850060078058e-03 0.000000000000000e+00 4.551906024585177e-03 0.000000000000000e+00 3.430016681877376e-03 4.101640854933741e-03 1.023281909646634e-03 0.000000000000000e+00 1.255117700295384e-03 4.551080541493183e-03 