# File created on Fri May 17 15:42:02 2024
# The following metaparameters were used for this matrix optimization : gamma0 = 0.5; alpha0 = 0; sigma0 = 0.25; l0 = 1;p = 1; R0 = 1; S0 = 0.05; NR = 25; NS = 25; matrix path = matrices/Nr25_Nc25/consumption/RandTrix_Nr25_Nc25_Nest0.45_Conn0.0816.txt; convergence threshold = 1e-08
0.000000000000000e+00 4.064073214729111e-03 0.000000000000000e+00 9.403035390292893e-04 4.350634004992937e-03 0.000000000000000e+00 0.000000000000000e+00 0.000000000000000e+00 0.000000000000000e+00 0.000000000000000e+00 0.000000000000000e+00 1.720795877271878e-03 0.000000000000000e+00 8.269434967433906e-04 0.000000000000000e+00 3.543314152438520e-03 0.000000000000000e+00 5.493624739837825e-04 0.000000000000000e+00 0.000000000000000e+00 0.000000000000000e+00 0.000000000000000e+00 4.740365180454272e-03 0.000000000000000e+00 0.000000000000000e+00 
0.000000000000000e+00 0.000000000000000e+00 4.620873706372373e-03 4.163375770431180e-03 2.073825490227413e-03 2.329204488760261e-03 3.560660403025415e-03 0.000000000000000e+00 0.000000000000000e+00 0.000000000000000e+00 4.787101087405827e-03 0.000000000000000e+00 0.000000000000000e+00 0.000000000000000e+00 0.000000000000000e+00 0.000000000000000e+00 0.000000000000000e+00 0.000000000000000e+00 0.000000000000000e+00 1.745684821269819e-03 2.304590180015405e-03 6.274088084282911e-04 4.239623442054190e-04 0.000000000000000e+00 2.101416653305986e-03 
1.053800891808197e-03 2.096330243223059e-03 8.279117816517982e-04 0.000000000000000e+00 0.000000000000000e+00 4.264057115180936e-03 0.000000000000000e+00 4.214949441651925e-03 0.000000000000000e+00 3.227645980358066e-03 0.000000000000000e+00 1.858341412551692e-03 9.613633265433404e-04 3.057421326648179e-03 2.319388308097606e-03 0.000000000000000e+00 1.230147506741768e-03 3.782566469825781e-03 0.000000000000000e+00 1.202382419656278e-03 3.440255631007340e-04 0.000000000000000e+00 0.000000000000000e+00 4.963983496116982e-03 3.208225605016788e-03 
2.988937945554281e-04 0.000000000000000e+00 9.305977254224367e-04 4.904477622958946e-03 0.000000000000000e+00 2.186013487875940e-03 0.000000000000000e+00 0.000000000000000e+00 7.490872977843722e-04 0.000000000000000e+00 4.300307415910835e-04 0.000000000000000e+00 0.000000000000000e+00 0.000000000000000e+00 0.000000000000000e+00 1.511114404884996e-03 0.000000000000000e+00 3.779991836449965e-03 4.589791752846617e-03 2.513396342413467e-03 0.000000000000000e+00 1.486461252720333e-03 0.000000000000000e+00 3.526314482483720e-03 0.000000000000000e+00 
4.225020163781482e-03 2.710946250917841e-03 0.000000000000000e+00 4.517124969242626e-04 0.000000000000000e+00 0.000000000000000e+00 0.000000000000000e+00 5.633397453170384e-04 0.000000000000000e+00 2.805658991649863e-04 0.000000000000000e+00 1.386936797203089e-03 0.000000000000000e+00 7.087939339822461e-04 1.765513172078473e-03 0.000000000000000e+00 0.000000000000000e+00 0.000000000000000e+00 0.000000000000000e+00 0.000000000000000e+00 3.394897585078560e-03 3.719209400204912e-03 2.312716674545670e-03 0.000000000000000e+00 1.084540249704529e-03 
0.000000000000000e+00 0.000000000000000e+00 4.861697579324447e-04 8.980918609358517e-04 0.000000000000000e+00 0.000000000000000e+00 4.720073206195642e-03 0.000000000000000e+00 0.000000000000000e+00 0.000000000000000e+00 0.000000000000000e+00 3.494402196672235e-04 2.014885090245347e-03 0.000000000000000e+00 0.000000000000000e+00 0.000000000000000e+00 0.000000000000000e+00 0.000000000000000e+00 0.000000000000000e+00 4.754204873218388e-03 0.000000000000000e+00 1.095541290985462e-03 0.000000000000000e+00 1.809913555546533e-03 2.156018837096921e-03 
0.000000000000000e+00 8.325660327988050e-04 0.000000000000000e+00 0.000000000000000e+00 0.000000000000000e+00 0.000000000000000e+00 0.000000000000000e+00 0.000000000000000e+00 4.222044838705761e-03 0.000000000000000e+00 0.000000000000000e+00 0.000000000000000e+00 3.345578711296201e-03 0.000000000000000e+00 0.000000000000000e+00 0.000000000000000e+00 2.221207522833248e-03 0.000000000000000e+00 0.000000000000000e+00 0.000000000000000e+00 0.000000000000000e+00 3.867244806986083e-03 7.426616940152552e-04 1.664433650480876e-03 1.128754982002394e-03 
0.000000000000000e+00 4.075366666305027e-03 0.000000000000000e+00 0.000000000000000e+00 0.000000000000000e+00 1.130480851250789e-03 0.000000000000000e+00 0.000000000000000e+00 0.000000000000000e+00 3.537606108997950e-03 0.000000000000000e+00 0.000000000000000e+00 2.964075235399988e-03 0.000000000000000e+00 0.000000000000000e+00 7.806043094692632e-04 0.000000000000000e+00 2.953880052758486e-03 1.506401788119238e-03 2.647405365530884e-03 0.000000000000000e+00 6.588927210602972e-04 1.179374391826334e-03 0.000000000000000e+00 0.000000000000000e+00 
0.000000000000000e+00 8.562448136042097e-04 2.512686246373460e-03 3.023271718373971e-03 0.000000000000000e+00 2.656855823517528e-03 0.000000000000000e+00 1.773844473399473e-03 0.000000000000000e+00 2.358884242823269e-04 2.037475341493138e-03 0.000000000000000e+00 0.000000000000000e+00 0.000000000000000e+00 4.156780043639440e-03 0.000000000000000e+00 0.000000000000000e+00 4.193841441037195e-03 0.000000000000000e+00 3.165990915029350e-03 2.914222137487041e-03 1.511752767921694e-03 0.000000000000000e+00 0.000000000000000e+00 4.658123067537013e-03 
0.000000000000000e+00 0.000000000000000e+00 0.000000000000000e+00 1.853713167144078e-03 2.427517557515862e-03 0.000000000000000e+00 0.000000000000000e+00 0.000000000000000e+00 0.000000000000000e+00 3.887573053217318e-03 0.000000000000000e+00 3.326460320511676e-03 0.000000000000000e+00 0.000000000000000e+00 1.919100093844097e-04 3.674010228207857e-03 4.422512411411683e-03 1.238235125535190e-03 0.000000000000000e+00 3.418238839773439e-03 2.642623887070956e-04 4.974062468898405e-03 4.264129841756061e-03 2.872495141728292e-03 3.610149251631772e-03 
2.401909975568175e-04 0.000000000000000e+00 0.000000000000000e+00 0.000000000000000e+00 0.000000000000000e+00 1.998722516672717e-03 4.747386371759703e-03 0.000000000000000e+00 0.000000000000000e+00 0.000000000000000e+00 0.000000000000000e+00 3.672443836458535e-03 0.000000000000000e+00 1.759116047521364e-03 0.000000000000000e+00 0.000000000000000e+00 0.000000000000000e+00 3.459089005707466e-04 6.697053512322127e-04 0.000000000000000e+00 0.000000000000000e+00 4.922412598139904e-03 0.000000000000000e+00 0.000000000000000e+00 2.214961456088147e-03 
0.000000000000000e+00 2.895384068633326e-03 0.000000000000000e+00 0.000000000000000e+00 3.965386314363927e-03 4.023671437143100e-03 0.000000000000000e+00 3.640950767488955e-03 3.535243307666399e-03 3.409598280120150e-03 1.932398060446019e-03 0.000000000000000e+00 0.000000000000000e+00 3.964271110863942e-03 0.000000000000000e+00 0.000000000000000e+00 2.287802388553221e-03 0.000000000000000e+00 0.000000000000000e+00 4.762308109248534e-03 3.607663294309195e-03 0.000000000000000e+00 0.000000000000000e+00 3.833042975289242e-03 1.438877885817604e-03 
1.694854138702019e-03 9.192895758430086e-04 0.000000000000000e+00 8.085552804258857e-04 0.000000000000000e+00 0.000000000000000e+00 0.000000000000000e+00 0.000000000000000e+00 4.915941105554202e-03 3.916284557991819e-03 0.000000000000000e+00 4.039265509341788e-03 0.000000000000000e+00 0.000000000000000e+00 1.809540218297564e-03 3.977054442361269e-03 4.435064306484068e-03 4.898648189836308e-03 1.643274132847864e-03 4.277605158239397e-03 0.000000000000000e+00 1.365417952202327e-03 4.643221964724773e-03 3.006120095742234e-03 0.000000000000000e+00 
0.000000000000000e+00 0.000000000000000e+00 0.000000000000000e+00 4.727268894876255e-03 0.000000000000000e+00 0.000000000000000e+00 3.500003037380536e-03 0.000000000000000e+00 0.000000000000000e+00 3.141790403382809e-03 0.000000000000000e+00 0.000000000000000e+00 0.000000000000000e+00 0.000000000000000e+00 2.954425660070357e-04 2.053371674732155e-03 0.000000000000000e+00 1.755716913269773e-04 0.000000000000000e+00 2.517490966114268e-03 3.288031635590778e-03 0.000000000000000e+00 2.664893914593263e-03 0.000000000000000e+00 0.000000000000000e+00 
0.000000000000000e+00 0.000000000000000e+00 0.000000000000000e+00 1.713743308356172e-03 0.000000000000000e+00 3.220901211897903e-03 0.000000000000000e+00 0.000000000000000e+00 0.000000000000000e+00 0.000000000000000e+00 7.766373903597912e-04 0.000000000000000e+00 7.051369274906848e-04 0.000000000000000e+00 0.000000000000000e+00 3.131479843967075e-03 1.352633501014791e-03 0.000000000000000e+00 0.000000000000000e+00 0.000000000000000e+00 0.000000000000000e+00 0.000000000000000e+00 0.000000000000000e+00 0.000000000000000e+00 3.854521674185341e-03 
1.917188872951398e-03 4.063458458456073e-03 0.000000000000000e+00 3.748650353914000e-03 0.000000000000000e+00 2.119796244481506e-03 0.000000000000000e+00 0.000000000000000e+00 0.000000000000000e+00 3.671894007538738e-03 2.821131306327676e-03 0.000000000000000e+00 0.000000000000000e+00 0.000000000000000e+00 0.000000000000000e+00 3.802945628242365e-03 0.000000000000000e+00 0.000000000000000e+00 0.000000000000000e+00 1.795210379466977e-04 4.015818354097363e-03 7.704222224224908e-04 0.000000000000000e+00 1.646569459895841e-03 0.000000000000000e+00 
3.294092988713140e-03 0.000000000000000e+00 3.355554008044928e-03 1.741896430528277e-03 9.119931835574164e-04 3.543069689282216e-03 0.000000000000000e+00 0.000000000000000e+00 2.383859567105939e-03 3.967789293462966e-03 0.000000000000000e+00 5.934973965776843e-04 0.000000000000000e+00 3.250326127031759e-03 4.599257814008469e-03 0.000000000000000e+00 1.210896452158863e-03 3.886630578275102e-03 2.533238064980481e-03 1.960368477219972e-03 0.000000000000000e+00 0.000000000000000e+00 0.000000000000000e+00 1.288184908839301e-03 4.913116381757208e-03 
0.000000000000000e+00 0.000000000000000e+00 1.674971540393595e-03 1.332608398225512e-03 0.000000000000000e+00 2.742729343973147e-03 4.375025258968745e-03 3.034345826675954e-04 0.000000000000000e+00 3.480771910901742e-03 0.000000000000000e+00 1.501790634551656e-03 2.585234134441914e-03 1.400484940318085e-03 1.524188724515481e-03 3.714083521351766e-04 0.000000000000000e+00 0.000000000000000e+00 4.823016903018401e-03 0.000000000000000e+00 3.628127092254862e-03 1.833999908630228e-03 2.236571181342013e-04 1.323565728811482e-03 4.895152042664595e-03 
0.000000000000000e+00 3.477097771975055e-03 2.454671808624695e-04 2.752663824967809e-04 1.383126990885904e-03 4.024654425258936e-03 0.000000000000000e+00 6.444075773257973e-04 0.000000000000000e+00 3.014200727052561e-03 0.000000000000000e+00 1.644529930940989e-03 1.377855697599387e-03 3.540419526654132e-05 0.000000000000000e+00 3.406320884352371e-03 6.813299672678993e-04 1.211648434470908e-03 0.000000000000000e+00 0.000000000000000e+00 1.338530075018351e-03 1.528723165672538e-03 1.971114349641789e-03 0.000000000000000e+00 0.000000000000000e+00 
4.010854160459553e-03 6.292936576431389e-04 1.489554021429753e-03 2.407525224220407e-04 3.365277702723989e-03 4.887280738692673e-03 2.992460723772168e-04 2.913793376377807e-03 4.710575874407155e-03 4.880679350989203e-03 1.018288206586309e-03 0.000000000000000e+00 1.992506427448381e-03 1.872319398977012e-03 0.000000000000000e+00 1.779076597056447e-03 0.000000000000000e+00 3.749738595415708e-03 0.000000000000000e+00 0.000000000000000e+00 4.708185989937959e-03 0.000000000000000e+00 0.000000000000000e+00 0.000000000000000e+00 0.000000000000000e+00 
2.755441678050813e-03 3.354293297578358e-03 2.862277241129465e-03 0.000000000000000e+00 0.000000000000000e+00 0.000000000000000e+00 0.000000000000000e+00 7.057272089769459e-04 2.294874575800559e-03 0.000000000000000e+00 0.000000000000000e+00 2.719960436870114e-03 4.279294851993487e-04 0.000000000000000e+00 0.000000000000000e+00 0.000000000000000e+00 3.168607985238828e-03 7.472171477229807e-04 3.016800110024165e-04 0.000000000000000e+00 0.000000000000000e+00 0.000000000000000e+00 0.000000000000000e+00 0.000000000000000e+00 0.000000000000000e+00 
0.000000000000000e+00 0.000000000000000e+00 0.000000000000000e+00 2.468011205778365e-03 4.148304266293186e-03 4.736396504149712e-03 2.858422295682376e-04 4.842956861962532e-03 4.364568919421362e-03 0.000000000000000e+00 0.000000000000000e+00 4.717491743464616e-03 0.000000000000000e+00 4.231777641051516e-03 0.000000000000000e+00 2.754586919278667e-03 0.000000000000000e+00 4.714761423135659e-03 2.129263614277846e-03 4.759740952726057e-03 7.849019710152309e-05 0.000000000000000e+00 2.012246196517652e-03 0.000000000000000e+00 5.299136313223061e-04 
0.000000000000000e+00 0.000000000000000e+00 0.000000000000000e+00 4.368343296521945e-03 2.178709293921718e-03 4.838152291331309e-04 1.640125639491691e-03 0.000000000000000e+00 3.518712599363571e-03 2.134065289429553e-03 0.000000000000000e+00 0.000000000000000e+00 9.874634303509044e-04 2.640673239873443e-03 3.389223668542917e-04 0.000000000000000e+00 1.151392077302860e-03 0.000000000000000e+00 0.000000000000000e+00 3.110528360933919e-03 7.247147288416468e-04 2.747735535607213e-03 3.408464994699474e-04 7.530592229926548e-04 2.976422684122982e-03 
0.000000000000000e+00 0.000000000000000e+00 0.000000000000000e+00 3.644463865542340e-05 2.322421005198462e-03 0.000000000000000e+00 1.449005342570583e-03 3.961025230391165e-04 0.000000000000000e+00 0.000000000000000e+00 0.000000000000000e+00 0.000000000000000e+00 0.000000000000000e+00 4.097656072170514e-04 2.047965812241232e-03 1.330942018257259e-03 1.451100924182011e-03 0.000000000000000e+00 1.870183436316227e-03 5.963991766456660e-04 0.000000000000000e+00 4.087327602313174e-03 0.000000000000000e+00 2.242543391703132e-03 3.614109566863973e-03 
0.000000000000000e+00 0.000000000000000e+00 1.399017695740469e-03 0.000000000000000e+00 0.000000000000000e+00 1.731980148109343e-03 0.000000000000000e+00 4.938281541092519e-03 0.000000000000000e+00 0.000000000000000e+00 5.629647616121814e-04 0.000000000000000e+00 4.767210256062006e-03 0.000000000000000e+00 2.261922838395822e-03 0.000000000000000e+00 1.559000668281811e-03 0.000000000000000e+00 3.520714985653107e-03 1.704435339151406e-03 4.123191550735054e-03 4.039704735296326e-03 0.000000000000000e+00 0.000000000000000e+00 1.081356569821484e-03 