# File created on Tue Apr 30 00:47:10 2024
# The following metaparameters were used for this matrix optimization : gamma0 = 0.5; alpha0 = 0; sigma0 = 0.25; l0 = 1;p = 1; R0 = 1; S0 = 0.05; NR = 25; NS = 25; matrix path = matrices/Nr25_Nc25/consumption/RandTrix_Nr25_Nc25_Nest0.45_Conn0.1856.txt; convergence threshold = 1e-08
5.785356863950759e-01 0.000000000000000e+00 7.249605034052157e-01 2.925560539933838e-01 5.168425203860334e-01 4.736402948846383e-01 4.027683283514762e-01 0.000000000000000e+00 0.000000000000000e+00 7.156485888401066e-01 0.000000000000000e+00 6.089375892395926e-01 0.000000000000000e+00 0.000000000000000e+00 0.000000000000000e+00 0.000000000000000e+00 0.000000000000000e+00 9.838109111728854e-01 0.000000000000000e+00 0.000000000000000e+00 1.347296606817155e+00 0.000000000000000e+00 0.000000000000000e+00 0.000000000000000e+00 0.000000000000000e+00 
1.157249554091315e+00 0.000000000000000e+00 3.248491479855872e-01 6.856590146313671e-01 0.000000000000000e+00 7.662066138660318e-01 0.000000000000000e+00 0.000000000000000e+00 0.000000000000000e+00 3.971245473432644e-01 0.000000000000000e+00 0.000000000000000e+00 0.000000000000000e+00 1.320222180247350e-01 3.475137077039416e-01 2.211818242181780e-01 4.670786512214205e-02 0.000000000000000e+00 2.438369534073633e-01 0.000000000000000e+00 0.000000000000000e+00 5.562599230985660e-01 3.144180272784299e-01 3.901551489296767e-01 0.000000000000000e+00 
0.000000000000000e+00 0.000000000000000e+00 1.309588444676885e+00 0.000000000000000e+00 8.556193746313117e-01 0.000000000000000e+00 6.796854040775084e-01 0.000000000000000e+00 0.000000000000000e+00 0.000000000000000e+00 0.000000000000000e+00 2.301108672709409e-01 4.021659879293099e-01 0.000000000000000e+00 0.000000000000000e+00 0.000000000000000e+00 0.000000000000000e+00 0.000000000000000e+00 0.000000000000000e+00 0.000000000000000e+00 0.000000000000000e+00 9.492441370186375e-01 1.614755269949594e+00 3.597943099942466e-01 0.000000000000000e+00 
7.743828423257031e-01 3.760882042748237e-01 0.000000000000000e+00 2.700838544903941e-01 0.000000000000000e+00 0.000000000000000e+00 0.000000000000000e+00 0.000000000000000e+00 2.876251563306971e-01 0.000000000000000e+00 5.507803660255683e-01 6.908922313807062e-03 0.000000000000000e+00 0.000000000000000e+00 2.925419458509939e-01 2.990271829589534e-01 0.000000000000000e+00 0.000000000000000e+00 0.000000000000000e+00 0.000000000000000e+00 6.221326641931039e-01 0.000000000000000e+00 0.000000000000000e+00 0.000000000000000e+00 0.000000000000000e+00 
0.000000000000000e+00 5.558049126203890e-02 9.876361028977401e-01 5.512348561923446e-01 0.000000000000000e+00 0.000000000000000e+00 0.000000000000000e+00 0.000000000000000e+00 0.000000000000000e+00 0.000000000000000e+00 0.000000000000000e+00 0.000000000000000e+00 0.000000000000000e+00 0.000000000000000e+00 0.000000000000000e+00 0.000000000000000e+00 6.382586042178865e-01 8.333273129912582e-01 6.006056345876194e-01 0.000000000000000e+00 9.687159973124853e-01 0.000000000000000e+00 0.000000000000000e+00 2.961951322033506e-01 7.927463327147691e-01 
4.404284432347653e-01 0.000000000000000e+00 8.670398305939121e-01 0.000000000000000e+00 0.000000000000000e+00 0.000000000000000e+00 0.000000000000000e+00 0.000000000000000e+00 5.608253394209407e-01 0.000000000000000e+00 9.446168031291440e-01 1.226630391890534e-01 0.000000000000000e+00 0.000000000000000e+00 0.000000000000000e+00 0.000000000000000e+00 0.000000000000000e+00 0.000000000000000e+00 0.000000000000000e+00 8.547013297516555e-02 1.311675024620972e-01 3.983013282502316e-01 0.000000000000000e+00 5.059644887006582e-01 0.000000000000000e+00 
0.000000000000000e+00 0.000000000000000e+00 1.150194802983424e+00 2.623840573040673e-01 0.000000000000000e+00 0.000000000000000e+00 8.813249374675107e-03 0.000000000000000e+00 0.000000000000000e+00 0.000000000000000e+00 5.170508530259292e-01 0.000000000000000e+00 0.000000000000000e+00 0.000000000000000e+00 0.000000000000000e+00 0.000000000000000e+00 0.000000000000000e+00 2.176867500427036e-01 0.000000000000000e+00 0.000000000000000e+00 0.000000000000000e+00 2.101219100253078e+00 0.000000000000000e+00 0.000000000000000e+00 1.581672067909291e+00 
7.411328820464262e-01 0.000000000000000e+00 0.000000000000000e+00 0.000000000000000e+00 4.856713546473695e-01 0.000000000000000e+00 1.456642335679103e-01 0.000000000000000e+00 2.554951412697627e-01 0.000000000000000e+00 0.000000000000000e+00 0.000000000000000e+00 0.000000000000000e+00 2.464664801223037e-02 0.000000000000000e+00 0.000000000000000e+00 0.000000000000000e+00 0.000000000000000e+00 0.000000000000000e+00 0.000000000000000e+00 0.000000000000000e+00 0.000000000000000e+00 0.000000000000000e+00 0.000000000000000e+00 0.000000000000000e+00 
0.000000000000000e+00 3.128691619051331e-01 1.161927097430335e+00 4.184375199785815e-01 1.565755802043398e-02 0.000000000000000e+00 0.000000000000000e+00 0.000000000000000e+00 0.000000000000000e+00 0.000000000000000e+00 0.000000000000000e+00 3.840312160675992e-01 0.000000000000000e+00 0.000000000000000e+00 0.000000000000000e+00 0.000000000000000e+00 4.453360193426406e-01 0.000000000000000e+00 2.237340544103492e-02 0.000000000000000e+00 0.000000000000000e+00 7.077217692502115e-01 8.947404340799993e-01 0.000000000000000e+00 0.000000000000000e+00 
0.000000000000000e+00 6.354613557269921e-01 2.589853505818394e-01 0.000000000000000e+00 1.928804405171876e-01 0.000000000000000e+00 0.000000000000000e+00 0.000000000000000e+00 0.000000000000000e+00 6.443760023175428e-02 0.000000000000000e+00 0.000000000000000e+00 0.000000000000000e+00 0.000000000000000e+00 0.000000000000000e+00 0.000000000000000e+00 4.628937156678745e-01 0.000000000000000e+00 1.450443595303684e+00 0.000000000000000e+00 0.000000000000000e+00 2.919755667077515e-02 0.000000000000000e+00 0.000000000000000e+00 0.000000000000000e+00 
7.915107598927911e-01 3.666253284334564e-01 2.304078649003065e-01 0.000000000000000e+00 0.000000000000000e+00 0.000000000000000e+00 0.000000000000000e+00 0.000000000000000e+00 4.294556561280102e-01 0.000000000000000e+00 0.000000000000000e+00 0.000000000000000e+00 0.000000000000000e+00 0.000000000000000e+00 0.000000000000000e+00 0.000000000000000e+00 0.000000000000000e+00 0.000000000000000e+00 0.000000000000000e+00 0.000000000000000e+00 2.163702030150866e-01 0.000000000000000e+00 0.000000000000000e+00 0.000000000000000e+00 0.000000000000000e+00 
1.651731407688874e-01 0.000000000000000e+00 8.161837588645916e-01 0.000000000000000e+00 0.000000000000000e+00 0.000000000000000e+00 0.000000000000000e+00 0.000000000000000e+00 0.000000000000000e+00 0.000000000000000e+00 1.555172403742872e-01 4.880262049677100e-01 0.000000000000000e+00 4.946118399894602e-01 0.000000000000000e+00 0.000000000000000e+00 0.000000000000000e+00 0.000000000000000e+00 0.000000000000000e+00 0.000000000000000e+00 1.508904817760151e-01 9.615084581630043e-01 1.513759262599754e+00 5.825632971001761e-01 2.152763682190471e-01 
8.563118868201056e-01 0.000000000000000e+00 0.000000000000000e+00 0.000000000000000e+00 0.000000000000000e+00 2.178110170333556e-01 0.000000000000000e+00 0.000000000000000e+00 0.000000000000000e+00 0.000000000000000e+00 0.000000000000000e+00 0.000000000000000e+00 0.000000000000000e+00 0.000000000000000e+00 0.000000000000000e+00 6.010453818341622e-01 0.000000000000000e+00 0.000000000000000e+00 0.000000000000000e+00 7.138914739956861e-01 1.024933765570414e+00 0.000000000000000e+00 0.000000000000000e+00 0.000000000000000e+00 0.000000000000000e+00 
0.000000000000000e+00 0.000000000000000e+00 0.000000000000000e+00 4.726726089568559e-01 0.000000000000000e+00 0.000000000000000e+00 0.000000000000000e+00 0.000000000000000e+00 0.000000000000000e+00 4.662690822254186e-01 0.000000000000000e+00 0.000000000000000e+00 0.000000000000000e+00 0.000000000000000e+00 4.450148388071025e-01 0.000000000000000e+00 0.000000000000000e+00 0.000000000000000e+00 0.000000000000000e+00 1.753468543831756e-01 0.000000000000000e+00 0.000000000000000e+00 0.000000000000000e+00 0.000000000000000e+00 0.000000000000000e+00 
0.000000000000000e+00 8.433987207759552e-04 4.553540979961666e-01 0.000000000000000e+00 0.000000000000000e+00 4.732512983943913e-01 4.790009677413410e-01 0.000000000000000e+00 0.000000000000000e+00 0.000000000000000e+00 0.000000000000000e+00 0.000000000000000e+00 0.000000000000000e+00 0.000000000000000e+00 0.000000000000000e+00 0.000000000000000e+00 0.000000000000000e+00 0.000000000000000e+00 0.000000000000000e+00 4.797077774437899e-01 0.000000000000000e+00 5.820850372125509e-01 0.000000000000000e+00 0.000000000000000e+00 4.200139152714823e-01 
0.000000000000000e+00 4.249693643611058e-01 0.000000000000000e+00 0.000000000000000e+00 4.978544129128279e-01 0.000000000000000e+00 0.000000000000000e+00 0.000000000000000e+00 0.000000000000000e+00 0.000000000000000e+00 6.097347838812458e-01 0.000000000000000e+00 0.000000000000000e+00 0.000000000000000e+00 0.000000000000000e+00 0.000000000000000e+00 0.000000000000000e+00 0.000000000000000e+00 0.000000000000000e+00 0.000000000000000e+00 0.000000000000000e+00 0.000000000000000e+00 0.000000000000000e+00 0.000000000000000e+00 0.000000000000000e+00 
0.000000000000000e+00 0.000000000000000e+00 0.000000000000000e+00 0.000000000000000e+00 0.000000000000000e+00 0.000000000000000e+00 0.000000000000000e+00 0.000000000000000e+00 0.000000000000000e+00 5.512266865815777e-01 0.000000000000000e+00 0.000000000000000e+00 4.775652338586383e-01 0.000000000000000e+00 0.000000000000000e+00 0.000000000000000e+00 0.000000000000000e+00 0.000000000000000e+00 0.000000000000000e+00 0.000000000000000e+00 0.000000000000000e+00 0.000000000000000e+00 0.000000000000000e+00 0.000000000000000e+00 0.000000000000000e+00 
0.000000000000000e+00 0.000000000000000e+00 0.000000000000000e+00 4.650863250847257e-01 0.000000000000000e+00 0.000000000000000e+00 0.000000000000000e+00 0.000000000000000e+00 0.000000000000000e+00 0.000000000000000e+00 0.000000000000000e+00 0.000000000000000e+00 0.000000000000000e+00 0.000000000000000e+00 0.000000000000000e+00 0.000000000000000e+00 0.000000000000000e+00 0.000000000000000e+00 0.000000000000000e+00 0.000000000000000e+00 4.460833785489476e-01 0.000000000000000e+00 0.000000000000000e+00 0.000000000000000e+00 0.000000000000000e+00 
0.000000000000000e+00 5.984949786029942e-01 0.000000000000000e+00 0.000000000000000e+00 0.000000000000000e+00 0.000000000000000e+00 0.000000000000000e+00 0.000000000000000e+00 0.000000000000000e+00 0.000000000000000e+00 0.000000000000000e+00 0.000000000000000e+00 0.000000000000000e+00 0.000000000000000e+00 0.000000000000000e+00 0.000000000000000e+00 0.000000000000000e+00 0.000000000000000e+00 0.000000000000000e+00 0.000000000000000e+00 0.000000000000000e+00 0.000000000000000e+00 0.000000000000000e+00 0.000000000000000e+00 0.000000000000000e+00 
1.436144748524465e-01 0.000000000000000e+00 0.000000000000000e+00 0.000000000000000e+00 0.000000000000000e+00 3.717644304952837e-01 1.428951807614294e-01 9.603623895055443e-02 0.000000000000000e+00 0.000000000000000e+00 0.000000000000000e+00 0.000000000000000e+00 0.000000000000000e+00 0.000000000000000e+00 0.000000000000000e+00 0.000000000000000e+00 0.000000000000000e+00 0.000000000000000e+00 0.000000000000000e+00 2.792046558679757e-01 2.175672262811458e-01 2.719396026184129e-02 0.000000000000000e+00 0.000000000000000e+00 0.000000000000000e+00 
0.000000000000000e+00 0.000000000000000e+00 0.000000000000000e+00 0.000000000000000e+00 0.000000000000000e+00 0.000000000000000e+00 0.000000000000000e+00 0.000000000000000e+00 5.051264191873261e-01 0.000000000000000e+00 0.000000000000000e+00 0.000000000000000e+00 0.000000000000000e+00 0.000000000000000e+00 0.000000000000000e+00 0.000000000000000e+00 0.000000000000000e+00 0.000000000000000e+00 0.000000000000000e+00 0.000000000000000e+00 0.000000000000000e+00 0.000000000000000e+00 0.000000000000000e+00 0.000000000000000e+00 0.000000000000000e+00 
0.000000000000000e+00 0.000000000000000e+00 0.000000000000000e+00 0.000000000000000e+00 0.000000000000000e+00 0.000000000000000e+00 0.000000000000000e+00 0.000000000000000e+00 0.000000000000000e+00 0.000000000000000e+00 0.000000000000000e+00 0.000000000000000e+00 0.000000000000000e+00 0.000000000000000e+00 4.118759213295720e-01 0.000000000000000e+00 0.000000000000000e+00 0.000000000000000e+00 0.000000000000000e+00 0.000000000000000e+00 0.000000000000000e+00 0.000000000000000e+00 3.260216032753525e-01 0.000000000000000e+00 0.000000000000000e+00 
0.000000000000000e+00 0.000000000000000e+00 0.000000000000000e+00 3.643778148843561e-01 0.000000000000000e+00 0.000000000000000e+00 0.000000000000000e+00 8.008348273550296e-02 0.000000000000000e+00 0.000000000000000e+00 0.000000000000000e+00 0.000000000000000e+00 0.000000000000000e+00 0.000000000000000e+00 0.000000000000000e+00 0.000000000000000e+00 0.000000000000000e+00 0.000000000000000e+00 0.000000000000000e+00 0.000000000000000e+00 0.000000000000000e+00 0.000000000000000e+00 2.231135186048079e-01 0.000000000000000e+00 0.000000000000000e+00 
0.000000000000000e+00 0.000000000000000e+00 0.000000000000000e+00 0.000000000000000e+00 0.000000000000000e+00 0.000000000000000e+00 5.678904498351489e-01 0.000000000000000e+00 0.000000000000000e+00 0.000000000000000e+00 0.000000000000000e+00 0.000000000000000e+00 0.000000000000000e+00 0.000000000000000e+00 0.000000000000000e+00 0.000000000000000e+00 0.000000000000000e+00 0.000000000000000e+00 0.000000000000000e+00 0.000000000000000e+00 0.000000000000000e+00 0.000000000000000e+00 0.000000000000000e+00 0.000000000000000e+00 0.000000000000000e+00 
0.000000000000000e+00 0.000000000000000e+00 0.000000000000000e+00 0.000000000000000e+00 2.683003279604869e-01 0.000000000000000e+00 0.000000000000000e+00 0.000000000000000e+00 0.000000000000000e+00 0.000000000000000e+00 0.000000000000000e+00 0.000000000000000e+00 0.000000000000000e+00 0.000000000000000e+00 0.000000000000000e+00 1.357781597354436e-01 1.405617537723480e-01 0.000000000000000e+00 1.138742469912786e-01 0.000000000000000e+00 0.000000000000000e+00 1.963498840327870e-01 0.000000000000000e+00 0.000000000000000e+00 0.000000000000000e+00 