# File created on Mon Apr 29 02:37:47 2024
# The following metaparameters were used for this matrix optimization : gamma0 = 0.5; alpha0 = 0; sigma0 = 0.25; l0 = 1;p = 1; R0 = 1; S0 = 0.05; NR = 25; NS = 25; matrix path = matrices/Nr25_Nc25/consumption/RandTrix_Nr25_Nc25_Nest0.5_Conn0.32.txt; convergence threshold = 1e-08
5.462913953373879e-01 1.333469523401742e+00 6.058363075704093e-01 8.564529678768299e-01 0.000000000000000e+00 0.000000000000000e+00 0.000000000000000e+00 4.672817746516931e-01 0.000000000000000e+00 0.000000000000000e+00 0.000000000000000e+00 0.000000000000000e+00 0.000000000000000e+00 0.000000000000000e+00 1.381091929462578e-01 6.735620860249792e-01 4.251024770527865e-01 0.000000000000000e+00 0.000000000000000e+00 0.000000000000000e+00 1.691922545619444e-01 0.000000000000000e+00 8.780494334989243e-01 0.000000000000000e+00 0.000000000000000e+00 
1.303028349972149e+00 1.979790868636667e-01 0.000000000000000e+00 6.798226771441002e-01 0.000000000000000e+00 0.000000000000000e+00 7.454354339384367e-01 1.237976303992653e-01 2.252432868502618e-01 0.000000000000000e+00 0.000000000000000e+00 0.000000000000000e+00 0.000000000000000e+00 0.000000000000000e+00 6.466886838295294e-01 0.000000000000000e+00 2.109466230870454e-01 0.000000000000000e+00 0.000000000000000e+00 0.000000000000000e+00 0.000000000000000e+00 0.000000000000000e+00 0.000000000000000e+00 1.209905217284513e+00 1.218690835440144e+00 
8.528695493923378e-01 9.001960022142666e-01 9.790055855065739e-01 0.000000000000000e+00 0.000000000000000e+00 8.759208878319466e-01 0.000000000000000e+00 9.042414802618012e-01 0.000000000000000e+00 0.000000000000000e+00 0.000000000000000e+00 0.000000000000000e+00 0.000000000000000e+00 0.000000000000000e+00 0.000000000000000e+00 3.797717149622677e-01 7.919703317036298e-01 0.000000000000000e+00 0.000000000000000e+00 0.000000000000000e+00 0.000000000000000e+00 0.000000000000000e+00 0.000000000000000e+00 7.078395232219913e-01 0.000000000000000e+00 
7.700754480020698e-01 1.160518811609342e+00 6.030489373783486e-01 0.000000000000000e+00 0.000000000000000e+00 6.104286336248366e-01 0.000000000000000e+00 0.000000000000000e+00 0.000000000000000e+00 0.000000000000000e+00 0.000000000000000e+00 0.000000000000000e+00 0.000000000000000e+00 0.000000000000000e+00 0.000000000000000e+00 0.000000000000000e+00 1.559772076774657e+00 0.000000000000000e+00 0.000000000000000e+00 2.266684830446144e-01 0.000000000000000e+00 0.000000000000000e+00 7.297687841616524e-01 0.000000000000000e+00 0.000000000000000e+00 
0.000000000000000e+00 9.093796950660976e-01 8.770842003152247e-01 0.000000000000000e+00 0.000000000000000e+00 0.000000000000000e+00 0.000000000000000e+00 7.846837170344981e-01 3.435466649100611e-02 0.000000000000000e+00 0.000000000000000e+00 0.000000000000000e+00 0.000000000000000e+00 0.000000000000000e+00 6.359583911763807e-01 1.577483718769691e+00 0.000000000000000e+00 0.000000000000000e+00 7.312808017111623e-01 0.000000000000000e+00 0.000000000000000e+00 0.000000000000000e+00 2.116423163080465e-01 0.000000000000000e+00 0.000000000000000e+00 
8.116383610025250e-01 5.784661205783897e-01 0.000000000000000e+00 5.467033562576585e-01 0.000000000000000e+00 0.000000000000000e+00 0.000000000000000e+00 5.540959957825905e-01 0.000000000000000e+00 0.000000000000000e+00 4.128174676947676e-01 0.000000000000000e+00 0.000000000000000e+00 0.000000000000000e+00 0.000000000000000e+00 0.000000000000000e+00 0.000000000000000e+00 0.000000000000000e+00 9.578451822272758e-01 0.000000000000000e+00 0.000000000000000e+00 1.648783950315731e-01 0.000000000000000e+00 1.671438090685054e+00 0.000000000000000e+00 
0.000000000000000e+00 0.000000000000000e+00 1.019600349079095e+00 2.497237477652054e-01 5.490191465278764e-01 0.000000000000000e+00 0.000000000000000e+00 2.751016323344429e-01 1.061112327284640e+00 0.000000000000000e+00 0.000000000000000e+00 1.067985806428338e+00 0.000000000000000e+00 0.000000000000000e+00 0.000000000000000e+00 0.000000000000000e+00 0.000000000000000e+00 0.000000000000000e+00 0.000000000000000e+00 0.000000000000000e+00 0.000000000000000e+00 0.000000000000000e+00 0.000000000000000e+00 0.000000000000000e+00 0.000000000000000e+00 
0.000000000000000e+00 4.209483354379259e-01 0.000000000000000e+00 5.330062936318424e-01 0.000000000000000e+00 3.788782961662867e-02 0.000000000000000e+00 0.000000000000000e+00 0.000000000000000e+00 0.000000000000000e+00 0.000000000000000e+00 4.727133335535355e-01 0.000000000000000e+00 0.000000000000000e+00 1.325116893102708e+00 0.000000000000000e+00 0.000000000000000e+00 4.038206842960010e-01 0.000000000000000e+00 6.968652654721545e-02 0.000000000000000e+00 0.000000000000000e+00 1.924082162681758e-01 0.000000000000000e+00 0.000000000000000e+00 
6.507816725196527e-01 5.848510153746788e-01 8.481487324418867e-01 1.055094287188193e-01 0.000000000000000e+00 1.026717356894590e-01 3.454114230085138e-02 0.000000000000000e+00 0.000000000000000e+00 0.000000000000000e+00 2.156848776597960e-01 0.000000000000000e+00 0.000000000000000e+00 4.813231199656391e-01 0.000000000000000e+00 0.000000000000000e+00 0.000000000000000e+00 0.000000000000000e+00 2.048522055066625e-01 8.247985057506253e-02 0.000000000000000e+00 0.000000000000000e+00 4.763813799191533e-01 1.197765333821076e-01 0.000000000000000e+00 
4.366929567392099e-01 2.881366075713519e-01 2.379223221789407e-01 0.000000000000000e+00 6.328197678768468e-01 8.810748010613256e-01 0.000000000000000e+00 5.584534777618356e-01 0.000000000000000e+00 3.023342603287197e-01 4.757811275070898e-01 0.000000000000000e+00 0.000000000000000e+00 0.000000000000000e+00 0.000000000000000e+00 1.964743320325972e-01 0.000000000000000e+00 0.000000000000000e+00 0.000000000000000e+00 0.000000000000000e+00 0.000000000000000e+00 0.000000000000000e+00 0.000000000000000e+00 0.000000000000000e+00 0.000000000000000e+00 
4.713436408520066e-02 0.000000000000000e+00 3.419350556699871e-01 7.721762924046945e-02 0.000000000000000e+00 4.792106165683984e-01 0.000000000000000e+00 4.281659327568546e-03 1.154445180319302e+00 1.974989331767732e-01 5.421686323291097e-01 0.000000000000000e+00 0.000000000000000e+00 0.000000000000000e+00 0.000000000000000e+00 0.000000000000000e+00 7.485492910527857e-01 0.000000000000000e+00 0.000000000000000e+00 0.000000000000000e+00 0.000000000000000e+00 0.000000000000000e+00 1.845383181712231e-01 0.000000000000000e+00 1.000324016294460e+00 
8.312281391132617e-01 4.248928653745874e-01 1.025646640233509e+00 0.000000000000000e+00 0.000000000000000e+00 0.000000000000000e+00 0.000000000000000e+00 0.000000000000000e+00 0.000000000000000e+00 0.000000000000000e+00 3.557589528640780e-01 0.000000000000000e+00 0.000000000000000e+00 0.000000000000000e+00 5.973542384274297e-01 0.000000000000000e+00 0.000000000000000e+00 0.000000000000000e+00 1.884205771671909e-01 0.000000000000000e+00 2.625432314152690e-01 0.000000000000000e+00 0.000000000000000e+00 0.000000000000000e+00 0.000000000000000e+00 
5.806913202663520e-01 2.448931015787513e-01 0.000000000000000e+00 0.000000000000000e+00 0.000000000000000e+00 0.000000000000000e+00 0.000000000000000e+00 0.000000000000000e+00 8.157791452558605e-01 0.000000000000000e+00 3.181595894415467e-02 0.000000000000000e+00 0.000000000000000e+00 6.294106945526217e-01 0.000000000000000e+00 0.000000000000000e+00 0.000000000000000e+00 0.000000000000000e+00 1.216201100971889e+00 0.000000000000000e+00 1.248074046633342e-01 8.741945103660558e-02 0.000000000000000e+00 0.000000000000000e+00 0.000000000000000e+00 
0.000000000000000e+00 0.000000000000000e+00 1.726586136751901e-02 0.000000000000000e+00 7.355223393131084e-01 0.000000000000000e+00 1.064627974801124e+00 0.000000000000000e+00 0.000000000000000e+00 5.330862652520964e-01 7.381544483867956e-01 0.000000000000000e+00 6.077626250801720e-01 2.454873399535950e-01 0.000000000000000e+00 0.000000000000000e+00 0.000000000000000e+00 0.000000000000000e+00 0.000000000000000e+00 3.255321177707857e-01 0.000000000000000e+00 0.000000000000000e+00 4.280043071161456e-01 0.000000000000000e+00 0.000000000000000e+00 
0.000000000000000e+00 0.000000000000000e+00 0.000000000000000e+00 0.000000000000000e+00 0.000000000000000e+00 6.184280314679958e-01 0.000000000000000e+00 3.195795518394303e-01 9.341738350614405e-01 0.000000000000000e+00 0.000000000000000e+00 0.000000000000000e+00 7.763531091587536e-01 0.000000000000000e+00 5.369048054303824e-02 4.611519421040827e-01 0.000000000000000e+00 0.000000000000000e+00 0.000000000000000e+00 0.000000000000000e+00 0.000000000000000e+00 0.000000000000000e+00 0.000000000000000e+00 0.000000000000000e+00 4.082283226694194e-01 
0.000000000000000e+00 8.451382021299207e-01 0.000000000000000e+00 0.000000000000000e+00 0.000000000000000e+00 0.000000000000000e+00 0.000000000000000e+00 7.817227227742858e-01 0.000000000000000e+00 0.000000000000000e+00 0.000000000000000e+00 0.000000000000000e+00 3.800608956471945e-01 0.000000000000000e+00 0.000000000000000e+00 6.939236842497822e-01 0.000000000000000e+00 0.000000000000000e+00 0.000000000000000e+00 0.000000000000000e+00 0.000000000000000e+00 0.000000000000000e+00 0.000000000000000e+00 5.432288669136288e-01 0.000000000000000e+00 
9.436810225649557e-02 0.000000000000000e+00 0.000000000000000e+00 8.543119793445515e-01 4.748877599586087e-01 0.000000000000000e+00 0.000000000000000e+00 0.000000000000000e+00 0.000000000000000e+00 3.600351949624404e-01 2.778683019091609e-01 0.000000000000000e+00 3.857163732678652e-01 1.745823589675353e-01 0.000000000000000e+00 0.000000000000000e+00 0.000000000000000e+00 0.000000000000000e+00 0.000000000000000e+00 0.000000000000000e+00 1.726539820575376e-01 0.000000000000000e+00 2.430459878577599e-01 0.000000000000000e+00 0.000000000000000e+00 
5.656193343100206e-01 4.833234910298204e-01 0.000000000000000e+00 0.000000000000000e+00 0.000000000000000e+00 3.577240096959902e-01 5.420629172551976e-01 0.000000000000000e+00 2.297135376669019e-01 0.000000000000000e+00 0.000000000000000e+00 0.000000000000000e+00 0.000000000000000e+00 0.000000000000000e+00 3.089764100679170e-01 0.000000000000000e+00 4.690854871572591e-02 0.000000000000000e+00 0.000000000000000e+00 0.000000000000000e+00 0.000000000000000e+00 0.000000000000000e+00 0.000000000000000e+00 0.000000000000000e+00 0.000000000000000e+00 
9.374518935862323e-01 0.000000000000000e+00 2.677564116880998e-01 0.000000000000000e+00 0.000000000000000e+00 0.000000000000000e+00 0.000000000000000e+00 0.000000000000000e+00 0.000000000000000e+00 0.000000000000000e+00 3.280127907226568e-01 0.000000000000000e+00 0.000000000000000e+00 5.470005167153105e-01 2.914777493082948e-01 0.000000000000000e+00 0.000000000000000e+00 0.000000000000000e+00 0.000000000000000e+00 0.000000000000000e+00 0.000000000000000e+00 4.027419167144193e-01 0.000000000000000e+00 2.586380574246729e-01 0.000000000000000e+00 
4.951630624000370e-01 0.000000000000000e+00 3.205239901172782e-02 0.000000000000000e+00 5.763180219524350e-01 0.000000000000000e+00 0.000000000000000e+00 3.578575660230344e-01 0.000000000000000e+00 4.788454078752146e-01 0.000000000000000e+00 0.000000000000000e+00 0.000000000000000e+00 0.000000000000000e+00 0.000000000000000e+00 4.434165315697369e-01 0.000000000000000e+00 0.000000000000000e+00 0.000000000000000e+00 0.000000000000000e+00 0.000000000000000e+00 0.000000000000000e+00 0.000000000000000e+00 0.000000000000000e+00 0.000000000000000e+00 
0.000000000000000e+00 0.000000000000000e+00 0.000000000000000e+00 0.000000000000000e+00 0.000000000000000e+00 4.294208806430169e-01 0.000000000000000e+00 1.002643955522935e+00 0.000000000000000e+00 0.000000000000000e+00 4.124415253536953e-01 0.000000000000000e+00 0.000000000000000e+00 0.000000000000000e+00 0.000000000000000e+00 3.803622946598483e-01 0.000000000000000e+00 0.000000000000000e+00 0.000000000000000e+00 0.000000000000000e+00 0.000000000000000e+00 0.000000000000000e+00 7.427401291386945e-02 0.000000000000000e+00 0.000000000000000e+00 
0.000000000000000e+00 0.000000000000000e+00 0.000000000000000e+00 7.051824892055534e-01 0.000000000000000e+00 0.000000000000000e+00 1.195890725362416e-01 0.000000000000000e+00 0.000000000000000e+00 0.000000000000000e+00 4.865309146352471e-01 0.000000000000000e+00 0.000000000000000e+00 0.000000000000000e+00 0.000000000000000e+00 0.000000000000000e+00 7.623445842269912e-01 0.000000000000000e+00 0.000000000000000e+00 8.902179993639023e-02 0.000000000000000e+00 0.000000000000000e+00 3.526596435203001e-01 0.000000000000000e+00 0.000000000000000e+00 
0.000000000000000e+00 0.000000000000000e+00 0.000000000000000e+00 0.000000000000000e+00 1.946752038597992e-02 0.000000000000000e+00 3.394236685392429e-01 3.832972522887536e-01 0.000000000000000e+00 2.761755794445154e-01 0.000000000000000e+00 0.000000000000000e+00 0.000000000000000e+00 0.000000000000000e+00 0.000000000000000e+00 7.013008630919049e-03 3.993554129584651e-01 7.694410732216407e-02 0.000000000000000e+00 0.000000000000000e+00 0.000000000000000e+00 0.000000000000000e+00 0.000000000000000e+00 0.000000000000000e+00 0.000000000000000e+00 
0.000000000000000e+00 7.588335125173977e-01 0.000000000000000e+00 0.000000000000000e+00 0.000000000000000e+00 0.000000000000000e+00 0.000000000000000e+00 0.000000000000000e+00 0.000000000000000e+00 0.000000000000000e+00 0.000000000000000e+00 0.000000000000000e+00 0.000000000000000e+00 0.000000000000000e+00 0.000000000000000e+00 3.342811659359168e-01 0.000000000000000e+00 0.000000000000000e+00 0.000000000000000e+00 0.000000000000000e+00 1.393741294325267e-01 0.000000000000000e+00 0.000000000000000e+00 0.000000000000000e+00 0.000000000000000e+00 
0.000000000000000e+00 0.000000000000000e+00 8.518998534853085e-01 0.000000000000000e+00 0.000000000000000e+00 5.638294693481883e-01 0.000000000000000e+00 0.000000000000000e+00 0.000000000000000e+00 0.000000000000000e+00 0.000000000000000e+00 0.000000000000000e+00 1.320933557110770e-01 0.000000000000000e+00 0.000000000000000e+00 0.000000000000000e+00 0.000000000000000e+00 0.000000000000000e+00 0.000000000000000e+00 0.000000000000000e+00 0.000000000000000e+00 0.000000000000000e+00 0.000000000000000e+00 0.000000000000000e+00 0.000000000000000e+00 