# File created on Mon Apr 29 19:07:36 2024
# The following metaparameters were used for this matrix optimization : gamma0 = 0.5; alpha0 = 0; sigma0 = 0.25; l0 = 1;p = 1; R0 = 1; S0 = 0.05; NR = 25; NS = 25; matrix path = matrices/Nr25_Nc25/consumption/RandTrix_Nr25_Nc25_Nest0.45_Conn0.424.txt; convergence threshold = 1e-08
0.000000000000000e+00 0.000000000000000e+00 5.917626289104232e-01 3.049834493002363e-01 0.000000000000000e+00 0.000000000000000e+00 0.000000000000000e+00 0.000000000000000e+00 4.188424226631977e-01 0.000000000000000e+00 0.000000000000000e+00 0.000000000000000e+00 7.620023844053253e-01 4.528769703411312e-01 5.054389969137023e-01 6.692300695560768e-01 6.426643432103705e-01 7.848469740882386e-01 0.000000000000000e+00 6.426781235470130e-01 0.000000000000000e+00 2.561247726733365e-01 0.000000000000000e+00 0.000000000000000e+00 0.000000000000000e+00 
2.637108911247332e-01 4.938034601092394e-01 0.000000000000000e+00 0.000000000000000e+00 0.000000000000000e+00 7.607765679342493e-01 4.806655218820222e-01 9.988262899166219e-01 0.000000000000000e+00 0.000000000000000e+00 3.851495764826274e-01 0.000000000000000e+00 0.000000000000000e+00 0.000000000000000e+00 0.000000000000000e+00 0.000000000000000e+00 0.000000000000000e+00 1.218550168713518e+00 0.000000000000000e+00 0.000000000000000e+00 4.318683268575977e-01 0.000000000000000e+00 0.000000000000000e+00 8.443136020185815e-01 0.000000000000000e+00 
0.000000000000000e+00 8.076609387384617e-01 0.000000000000000e+00 0.000000000000000e+00 0.000000000000000e+00 4.319519018664411e-01 5.444357218899818e-01 1.976049082724499e-02 0.000000000000000e+00 0.000000000000000e+00 0.000000000000000e+00 1.573384418067638e+00 0.000000000000000e+00 0.000000000000000e+00 1.113267819434125e+00 0.000000000000000e+00 8.797710775481898e-01 0.000000000000000e+00 0.000000000000000e+00 0.000000000000000e+00 0.000000000000000e+00 8.353375101095156e-02 0.000000000000000e+00 2.451522970407665e-01 0.000000000000000e+00 
1.927953130069255e-01 1.898942575402598e-01 2.623542273962759e-01 7.317167981122043e-01 9.135101857620242e-01 0.000000000000000e+00 0.000000000000000e+00 0.000000000000000e+00 7.795217154872108e-01 0.000000000000000e+00 1.575382055292738e-02 0.000000000000000e+00 0.000000000000000e+00 0.000000000000000e+00 0.000000000000000e+00 1.349774438443348e+00 0.000000000000000e+00 0.000000000000000e+00 0.000000000000000e+00 2.170954808801413e-01 0.000000000000000e+00 0.000000000000000e+00 7.824939272834870e-02 0.000000000000000e+00 2.189199134029131e-01 
0.000000000000000e+00 6.161386434635163e-01 0.000000000000000e+00 0.000000000000000e+00 0.000000000000000e+00 0.000000000000000e+00 2.928420197525701e-01 3.700867724335058e-01 1.133744899324877e+00 0.000000000000000e+00 0.000000000000000e+00 0.000000000000000e+00 9.369633811990365e-01 0.000000000000000e+00 0.000000000000000e+00 0.000000000000000e+00 0.000000000000000e+00 5.552370830689821e-01 6.744335185979410e-01 0.000000000000000e+00 0.000000000000000e+00 3.228922326812518e-01 0.000000000000000e+00 0.000000000000000e+00 8.692003747251229e-01 
0.000000000000000e+00 1.116675467715131e+00 0.000000000000000e+00 0.000000000000000e+00 0.000000000000000e+00 0.000000000000000e+00 1.133867449857087e+00 0.000000000000000e+00 1.208828146355605e+00 0.000000000000000e+00 7.284519576622723e-01 0.000000000000000e+00 0.000000000000000e+00 0.000000000000000e+00 0.000000000000000e+00 2.944516183726542e-01 5.672189308759528e-02 8.375450948127512e-01 0.000000000000000e+00 0.000000000000000e+00 0.000000000000000e+00 0.000000000000000e+00 0.000000000000000e+00 2.484529570528082e-01 0.000000000000000e+00 
2.212305381790477e-01 0.000000000000000e+00 0.000000000000000e+00 0.000000000000000e+00 0.000000000000000e+00 0.000000000000000e+00 0.000000000000000e+00 1.445004426821664e+00 1.232158484329104e+00 4.174745912849166e-01 2.484882592178502e-01 0.000000000000000e+00 9.749891241138248e-01 0.000000000000000e+00 0.000000000000000e+00 1.933521109596309e-01 0.000000000000000e+00 2.005953473640057e-01 0.000000000000000e+00 0.000000000000000e+00 5.226493702099509e-01 0.000000000000000e+00 0.000000000000000e+00 0.000000000000000e+00 7.581040562253474e-01 
5.394707811987928e-01 0.000000000000000e+00 5.948792225470368e-01 0.000000000000000e+00 0.000000000000000e+00 0.000000000000000e+00 0.000000000000000e+00 4.763297208972756e-01 0.000000000000000e+00 0.000000000000000e+00 1.214173298915231e+00 0.000000000000000e+00 0.000000000000000e+00 1.088001709652228e+00 0.000000000000000e+00 0.000000000000000e+00 4.939727996671501e-01 0.000000000000000e+00 0.000000000000000e+00 0.000000000000000e+00 6.653652998724163e-01 0.000000000000000e+00 0.000000000000000e+00 0.000000000000000e+00 2.187328345177319e-02 
0.000000000000000e+00 1.814322929941639e-01 9.198445815370120e-01 0.000000000000000e+00 0.000000000000000e+00 2.749505521961950e-01 0.000000000000000e+00 2.793359562121583e-01 0.000000000000000e+00 1.086932891677137e+00 0.000000000000000e+00 0.000000000000000e+00 0.000000000000000e+00 0.000000000000000e+00 0.000000000000000e+00 0.000000000000000e+00 0.000000000000000e+00 0.000000000000000e+00 5.011451462000176e-01 5.576940904721305e-01 9.941515407037435e-01 2.511811109438775e-01 4.643391544234294e-01 0.000000000000000e+00 0.000000000000000e+00 
0.000000000000000e+00 0.000000000000000e+00 0.000000000000000e+00 5.082024555608436e-01 6.606416758357747e-01 0.000000000000000e+00 0.000000000000000e+00 0.000000000000000e+00 5.839051015469792e-01 0.000000000000000e+00 7.514336221390352e-01 0.000000000000000e+00 0.000000000000000e+00 0.000000000000000e+00 0.000000000000000e+00 4.178252284787491e-01 2.896997166341610e-01 3.347602308230739e-01 0.000000000000000e+00 7.198987427042346e-01 0.000000000000000e+00 0.000000000000000e+00 1.584903243459207e+00 0.000000000000000e+00 0.000000000000000e+00 
0.000000000000000e+00 1.725939601414379e+00 0.000000000000000e+00 1.304380049967389e-01 4.946509877485599e-02 0.000000000000000e+00 4.952331732202230e-01 0.000000000000000e+00 0.000000000000000e+00 0.000000000000000e+00 0.000000000000000e+00 0.000000000000000e+00 0.000000000000000e+00 0.000000000000000e+00 7.485980155054396e-01 0.000000000000000e+00 0.000000000000000e+00 0.000000000000000e+00 1.098060085624181e+00 8.219375559264470e-01 0.000000000000000e+00 0.000000000000000e+00 4.319633533043634e-01 0.000000000000000e+00 1.233836602145841e+00 
5.006126524636895e-01 7.260076421210906e-01 0.000000000000000e+00 7.245368225104090e-01 0.000000000000000e+00 0.000000000000000e+00 8.747292248684569e-01 0.000000000000000e+00 0.000000000000000e+00 0.000000000000000e+00 0.000000000000000e+00 5.864891171570941e-01 0.000000000000000e+00 3.190287557766481e-01 7.328346154125896e-01 0.000000000000000e+00 0.000000000000000e+00 0.000000000000000e+00 0.000000000000000e+00 0.000000000000000e+00 0.000000000000000e+00 3.723520134832960e-01 0.000000000000000e+00 0.000000000000000e+00 0.000000000000000e+00 
0.000000000000000e+00 0.000000000000000e+00 0.000000000000000e+00 0.000000000000000e+00 0.000000000000000e+00 0.000000000000000e+00 9.234064346343749e-01 0.000000000000000e+00 0.000000000000000e+00 9.758298022812571e-01 5.236980906910431e-01 0.000000000000000e+00 4.653126265658747e-01 0.000000000000000e+00 0.000000000000000e+00 0.000000000000000e+00 0.000000000000000e+00 0.000000000000000e+00 1.144037089579757e+00 0.000000000000000e+00 0.000000000000000e+00 0.000000000000000e+00 0.000000000000000e+00 0.000000000000000e+00 1.141984143209730e+00 
4.011451930465914e-01 1.874222371644123e-01 0.000000000000000e+00 0.000000000000000e+00 0.000000000000000e+00 2.501647003828491e-01 2.560523793854766e-01 0.000000000000000e+00 0.000000000000000e+00 0.000000000000000e+00 0.000000000000000e+00 0.000000000000000e+00 3.992707598540309e-01 0.000000000000000e+00 4.654479336617474e-01 3.792968098079514e-02 8.347337786247106e-01 5.410713189851190e-01 8.302381561693386e-01 0.000000000000000e+00 0.000000000000000e+00 0.000000000000000e+00 0.000000000000000e+00 2.319043138831425e-01 1.129818821931699e+00 
0.000000000000000e+00 5.932823401805628e-01 1.523775279569483e+00 0.000000000000000e+00 3.349667372985134e-01 0.000000000000000e+00 0.000000000000000e+00 0.000000000000000e+00 0.000000000000000e+00 6.276589633354889e-01 0.000000000000000e+00 0.000000000000000e+00 0.000000000000000e+00 1.953198954082412e-01 0.000000000000000e+00 0.000000000000000e+00 0.000000000000000e+00 2.884146153390330e-02 0.000000000000000e+00 4.608248946206502e-02 0.000000000000000e+00 0.000000000000000e+00 0.000000000000000e+00 0.000000000000000e+00 0.000000000000000e+00 
2.850366843175757e-01 0.000000000000000e+00 0.000000000000000e+00 6.594642708737542e-01 0.000000000000000e+00 5.244903444184116e-01 3.668552195684420e-01 0.000000000000000e+00 0.000000000000000e+00 1.230464419726779e+00 0.000000000000000e+00 0.000000000000000e+00 7.570128995227228e-01 0.000000000000000e+00 0.000000000000000e+00 0.000000000000000e+00 0.000000000000000e+00 0.000000000000000e+00 7.443323451758906e-01 0.000000000000000e+00 0.000000000000000e+00 0.000000000000000e+00 0.000000000000000e+00 0.000000000000000e+00 0.000000000000000e+00 
9.188421907988959e-01 0.000000000000000e+00 0.000000000000000e+00 0.000000000000000e+00 6.187992208648226e-01 0.000000000000000e+00 0.000000000000000e+00 0.000000000000000e+00 0.000000000000000e+00 0.000000000000000e+00 0.000000000000000e+00 0.000000000000000e+00 4.269444568174384e-01 0.000000000000000e+00 1.372261439772014e+00 0.000000000000000e+00 1.231534791145981e+00 0.000000000000000e+00 0.000000000000000e+00 0.000000000000000e+00 0.000000000000000e+00 0.000000000000000e+00 0.000000000000000e+00 0.000000000000000e+00 0.000000000000000e+00 
0.000000000000000e+00 2.818766638665487e-01 5.279181001418542e-01 0.000000000000000e+00 9.219060623511525e-01 0.000000000000000e+00 0.000000000000000e+00 0.000000000000000e+00 0.000000000000000e+00 0.000000000000000e+00 0.000000000000000e+00 3.443983855550496e-01 0.000000000000000e+00 0.000000000000000e+00 4.924450236198424e-01 0.000000000000000e+00 0.000000000000000e+00 0.000000000000000e+00 1.160849928537914e+00 8.261529418382553e-01 0.000000000000000e+00 0.000000000000000e+00 0.000000000000000e+00 0.000000000000000e+00 0.000000000000000e+00 
3.853852593932534e-01 0.000000000000000e+00 0.000000000000000e+00 4.545913846649869e-01 7.019692335006922e-01 0.000000000000000e+00 3.059035352301282e-01 0.000000000000000e+00 0.000000000000000e+00 0.000000000000000e+00 0.000000000000000e+00 4.103162344378209e-01 0.000000000000000e+00 0.000000000000000e+00 0.000000000000000e+00 0.000000000000000e+00 0.000000000000000e+00 1.047054573210458e-01 0.000000000000000e+00 1.234130927000241e+00 0.000000000000000e+00 0.000000000000000e+00 7.916996306782853e-01 4.850376807981711e-02 0.000000000000000e+00 
2.386493139350345e-01 8.211789264943657e-01 0.000000000000000e+00 6.472122001651966e-01 0.000000000000000e+00 0.000000000000000e+00 0.000000000000000e+00 0.000000000000000e+00 0.000000000000000e+00 1.379082546112349e-01 0.000000000000000e+00 1.439766859101125e-01 0.000000000000000e+00 0.000000000000000e+00 0.000000000000000e+00 0.000000000000000e+00 0.000000000000000e+00 0.000000000000000e+00 2.401979318133685e-01 6.578850029229293e-01 0.000000000000000e+00 0.000000000000000e+00 0.000000000000000e+00 6.778739329907743e-01 7.094833072954307e-01 
0.000000000000000e+00 0.000000000000000e+00 0.000000000000000e+00 0.000000000000000e+00 6.579726925191854e-01 4.659090824889069e-01 0.000000000000000e+00 0.000000000000000e+00 0.000000000000000e+00 7.672281349862771e-01 0.000000000000000e+00 0.000000000000000e+00 0.000000000000000e+00 0.000000000000000e+00 0.000000000000000e+00 1.246135684007765e-01 0.000000000000000e+00 6.133922381622283e-01 3.880377791459055e-01 9.415913079955301e-01 0.000000000000000e+00 8.740929831531358e-01 0.000000000000000e+00 0.000000000000000e+00 0.000000000000000e+00 
0.000000000000000e+00 0.000000000000000e+00 0.000000000000000e+00 7.038766934684421e-01 0.000000000000000e+00 1.261174700571980e+00 0.000000000000000e+00 0.000000000000000e+00 5.285512557800569e-02 0.000000000000000e+00 0.000000000000000e+00 0.000000000000000e+00 4.126853851729439e-01 0.000000000000000e+00 0.000000000000000e+00 0.000000000000000e+00 0.000000000000000e+00 0.000000000000000e+00 8.618756803133728e-01 0.000000000000000e+00 0.000000000000000e+00 3.759140586145948e-01 3.810337070140111e-01 0.000000000000000e+00 0.000000000000000e+00 
0.000000000000000e+00 4.477585841923010e-01 0.000000000000000e+00 0.000000000000000e+00 0.000000000000000e+00 0.000000000000000e+00 0.000000000000000e+00 0.000000000000000e+00 0.000000000000000e+00 0.000000000000000e+00 5.608388830654863e-01 0.000000000000000e+00 0.000000000000000e+00 0.000000000000000e+00 0.000000000000000e+00 0.000000000000000e+00 4.481785102531501e-01 8.335445084957718e-02 8.177318051320807e-01 9.780299226845663e-01 0.000000000000000e+00 0.000000000000000e+00 0.000000000000000e+00 0.000000000000000e+00 8.802607679289905e-01 
0.000000000000000e+00 0.000000000000000e+00 0.000000000000000e+00 0.000000000000000e+00 1.411052314308755e+00 0.000000000000000e+00 0.000000000000000e+00 0.000000000000000e+00 0.000000000000000e+00 0.000000000000000e+00 0.000000000000000e+00 0.000000000000000e+00 0.000000000000000e+00 0.000000000000000e+00 6.276465982133969e-02 9.401148707698992e-01 2.062303069761611e-01 0.000000000000000e+00 4.642049828027972e-01 5.095560970675552e-01 0.000000000000000e+00 0.000000000000000e+00 9.004634712925611e-01 0.000000000000000e+00 0.000000000000000e+00 
5.233409629428716e-01 0.000000000000000e+00 0.000000000000000e+00 0.000000000000000e+00 2.426226944472433e-01 0.000000000000000e+00 4.518394365654078e-01 0.000000000000000e+00 0.000000000000000e+00 0.000000000000000e+00 0.000000000000000e+00 0.000000000000000e+00 3.748190686372983e-01 0.000000000000000e+00 7.184965093105971e-01 4.215985740223779e-01 7.650816042630456e-01 0.000000000000000e+00 0.000000000000000e+00 0.000000000000000e+00 0.000000000000000e+00 0.000000000000000e+00 0.000000000000000e+00 0.000000000000000e+00 3.583031629811647e-01 