# File created on Fri May 17 15:41:58 2024
# The following metaparameters were used for this matrix optimization : gamma0 = 0.5; alpha0 = 0; sigma0 = 0.25; l0 = 1;p = 1; R0 = 1; S0 = 0.05; NR = 25; NS = 25; matrix path = matrices/Nr25_Nc25/consumption/RandTrix_Nr25_Nc25_Nest0.45_Conn0.0816.txt; convergence threshold = 1e-08
0.000000000000000e+00 0.000000000000000e+00 4.373112352266021e-03 0.000000000000000e+00 0.000000000000000e+00 0.000000000000000e+00 0.000000000000000e+00 4.301208720754156e-04 4.410349511145888e-03 2.290392668372807e-03 2.482320831695772e-03 5.282596549857738e-04 2.481698520971786e-03 0.000000000000000e+00 1.046669103747342e-03 4.647163818692351e-03 2.305403304727001e-03 0.000000000000000e+00 2.107704060122385e-03 0.000000000000000e+00 0.000000000000000e+00 4.483973511696993e-03 0.000000000000000e+00 4.917057708051928e-03 0.000000000000000e+00 
0.000000000000000e+00 3.394975396514356e-03 0.000000000000000e+00 1.409300365577337e-03 0.000000000000000e+00 3.971242675377137e-04 0.000000000000000e+00 0.000000000000000e+00 1.392715533313288e-03 1.736889005245357e-03 4.119748947196262e-03 0.000000000000000e+00 3.836413860696618e-03 1.049247246359519e-03 3.376261999722284e-03 3.573196678962747e-04 0.000000000000000e+00 1.914382018683564e-04 0.000000000000000e+00 0.000000000000000e+00 0.000000000000000e+00 4.064521574018396e-03 4.492401223440523e-03 0.000000000000000e+00 2.006949338495635e-03 
0.000000000000000e+00 3.464338877518018e-04 0.000000000000000e+00 2.166980342682906e-03 4.660987776840325e-03 2.024663116369144e-03 0.000000000000000e+00 3.567650747929242e-03 0.000000000000000e+00 3.616563646825936e-03 0.000000000000000e+00 0.000000000000000e+00 0.000000000000000e+00 0.000000000000000e+00 1.903935412865604e-03 1.508147327844767e-03 0.000000000000000e+00 0.000000000000000e+00 2.200238364895708e-03 2.245809549931223e-03 0.000000000000000e+00 3.631226256061930e-03 3.258858666135866e-03 0.000000000000000e+00 0.000000000000000e+00 
3.691459031826294e-04 2.543888423280320e-03 2.358668393942005e-03 4.311258523386654e-03 0.000000000000000e+00 0.000000000000000e+00 3.885371877684356e-03 0.000000000000000e+00 3.670372999969153e-03 2.048399472044823e-04 4.640543120291655e-03 2.657617204011260e-03 2.576531258246283e-03 0.000000000000000e+00 0.000000000000000e+00 4.846861264845312e-03 0.000000000000000e+00 4.657570332558624e-03 0.000000000000000e+00 1.090613221736773e-03 9.371830094083055e-04 0.000000000000000e+00 4.629279038722487e-03 1.880073320426344e-03 1.019635824521388e-03 
4.225294504514781e-03 0.000000000000000e+00 0.000000000000000e+00 4.895421494398546e-03 0.000000000000000e+00 0.000000000000000e+00 0.000000000000000e+00 3.566883796029651e-03 0.000000000000000e+00 0.000000000000000e+00 0.000000000000000e+00 2.761587897006895e-03 0.000000000000000e+00 0.000000000000000e+00 0.000000000000000e+00 0.000000000000000e+00 0.000000000000000e+00 4.170492962857370e-03 1.358963920480951e-03 0.000000000000000e+00 0.000000000000000e+00 2.064298786170988e-04 1.964725487506586e-03 3.883396767777253e-03 1.431319013730111e-03 
2.944373018905488e-03 7.821708940196184e-04 0.000000000000000e+00 0.000000000000000e+00 4.303164604619459e-03 0.000000000000000e+00 0.000000000000000e+00 0.000000000000000e+00 2.859355418770415e-03 0.000000000000000e+00 0.000000000000000e+00 4.108895243447543e-03 4.610506216659350e-03 4.028351766109400e-03 3.997742511102194e-03 0.000000000000000e+00 0.000000000000000e+00 2.093494753378297e-03 9.741497912305549e-04 0.000000000000000e+00 4.522276371013064e-04 0.000000000000000e+00 3.651634373456669e-03 2.698952732123702e-03 1.809205905770951e-03 
5.355093880999989e-04 3.982104721557541e-03 2.713869733644383e-03 0.000000000000000e+00 2.390471345699242e-03 0.000000000000000e+00 0.000000000000000e+00 0.000000000000000e+00 0.000000000000000e+00 0.000000000000000e+00 4.852515908372183e-03 0.000000000000000e+00 0.000000000000000e+00 4.278964703551249e-04 5.238317169550695e-04 0.000000000000000e+00 2.251675792043550e-03 0.000000000000000e+00 0.000000000000000e+00 0.000000000000000e+00 2.201918322316047e-03 2.719590785570670e-03 1.472476124811189e-03 4.466311959240287e-03 0.000000000000000e+00 
0.000000000000000e+00 1.448961415876562e-03 0.000000000000000e+00 3.566979701007419e-03 2.790453727842336e-03 9.147371968002834e-04 0.000000000000000e+00 9.002355535993746e-04 1.010490126857939e-03 2.450592019112514e-03 0.000000000000000e+00 0.000000000000000e+00 0.000000000000000e+00 3.562603874798157e-03 0.000000000000000e+00 0.000000000000000e+00 2.139333341691281e-03 2.121583167491516e-04 1.340381881452947e-04 0.000000000000000e+00 0.000000000000000e+00 1.284161526936907e-05 2.328442607503354e-03 1.664756355204156e-03 0.000000000000000e+00 
1.785860359289962e-03 3.857750924523877e-03 2.842417647082440e-03 4.273762504310149e-03 0.000000000000000e+00 3.579599857041888e-03 2.892673628703798e-03 0.000000000000000e+00 1.881607300242371e-03 0.000000000000000e+00 4.094600216152151e-03 0.000000000000000e+00 3.765872672310073e-03 0.000000000000000e+00 1.687512615521838e-03 3.978137805344907e-03 0.000000000000000e+00 0.000000000000000e+00 0.000000000000000e+00 0.000000000000000e+00 0.000000000000000e+00 0.000000000000000e+00 0.000000000000000e+00 0.000000000000000e+00 6.528538777588006e-04 
1.175085681883300e-03 4.727742610492429e-03 0.000000000000000e+00 4.489952446423690e-03 3.528804566962944e-03 0.000000000000000e+00 0.000000000000000e+00 0.000000000000000e+00 0.000000000000000e+00 4.647045680984291e-03 3.773069900766634e-03 0.000000000000000e+00 2.372394007095172e-03 1.604972754091629e-04 0.000000000000000e+00 0.000000000000000e+00 0.000000000000000e+00 2.806472679286343e-03 0.000000000000000e+00 0.000000000000000e+00 0.000000000000000e+00 0.000000000000000e+00 3.792558723090956e-03 0.000000000000000e+00 1.535685129055283e-03 
1.389573312361872e-03 0.000000000000000e+00 0.000000000000000e+00 0.000000000000000e+00 0.000000000000000e+00 0.000000000000000e+00 0.000000000000000e+00 4.792979136324045e-03 0.000000000000000e+00 0.000000000000000e+00 0.000000000000000e+00 3.452176671559326e-03 0.000000000000000e+00 0.000000000000000e+00 0.000000000000000e+00 0.000000000000000e+00 4.039321758330232e-03 0.000000000000000e+00 2.324573645033793e-03 0.000000000000000e+00 0.000000000000000e+00 4.977624659630715e-03 3.854796421929071e-03 0.000000000000000e+00 1.141016139138230e-03 
8.436771727683431e-04 0.000000000000000e+00 1.086298653762996e-03 0.000000000000000e+00 0.000000000000000e+00 0.000000000000000e+00 1.134289721243414e-03 0.000000000000000e+00 3.207928572645011e-03 0.000000000000000e+00 0.000000000000000e+00 9.480707029386329e-04 0.000000000000000e+00 0.000000000000000e+00 3.677644032881303e-03 4.556425354268483e-03 3.061146612380618e-03 0.000000000000000e+00 2.450902308483997e-04 0.000000000000000e+00 4.615067839048017e-03 3.721182591008826e-03 0.000000000000000e+00 3.010886020137277e-03 4.085851816498741e-03 
0.000000000000000e+00 0.000000000000000e+00 4.729332173262714e-03 0.000000000000000e+00 0.000000000000000e+00 0.000000000000000e+00 2.067784798122453e-03 0.000000000000000e+00 0.000000000000000e+00 3.047240371886528e-03 2.278377265742650e-03 0.000000000000000e+00 0.000000000000000e+00 4.968661232317047e-03 0.000000000000000e+00 1.453452527112140e-04 0.000000000000000e+00 4.308550158876562e-03 0.000000000000000e+00 4.848193301682929e-04 1.037879614826109e-03 1.899927718260072e-03 0.000000000000000e+00 0.000000000000000e+00 0.000000000000000e+00 
4.854152182008079e-03 0.000000000000000e+00 4.799323004537594e-05 0.000000000000000e+00 2.150865407462987e-03 2.418260927140427e-06 0.000000000000000e+00 2.092757533104711e-03 3.851034920264433e-03 0.000000000000000e+00 6.098759119425429e-04 6.270407264674700e-04 0.000000000000000e+00 0.000000000000000e+00 4.342449421055394e-03 1.698242888822888e-03 0.000000000000000e+00 5.608234760206831e-04 4.336960487924260e-03 0.000000000000000e+00 2.270619869884401e-03 0.000000000000000e+00 1.712626568500018e-03 0.000000000000000e+00 3.532239735997203e-03 
0.000000000000000e+00 3.849169141190845e-03 9.269553835484613e-05 0.000000000000000e+00 0.000000000000000e+00 0.000000000000000e+00 4.074488620761329e-03 0.000000000000000e+00 0.000000000000000e+00 0.000000000000000e+00 0.000000000000000e+00 0.000000000000000e+00 0.000000000000000e+00 0.000000000000000e+00 0.000000000000000e+00 0.000000000000000e+00 0.000000000000000e+00 0.000000000000000e+00 0.000000000000000e+00 0.000000000000000e+00 0.000000000000000e+00 0.000000000000000e+00 0.000000000000000e+00 4.961249308137495e-03 0.000000000000000e+00 
0.000000000000000e+00 1.147646784820461e-03 4.334933167840815e-03 4.637710194693997e-03 1.482719998583732e-03 0.000000000000000e+00 0.000000000000000e+00 2.809404797445986e-03 2.826365318163385e-03 0.000000000000000e+00 7.615737211325973e-05 0.000000000000000e+00 0.000000000000000e+00 0.000000000000000e+00 0.000000000000000e+00 0.000000000000000e+00 4.030159699814825e-03 0.000000000000000e+00 0.000000000000000e+00 3.508085935607699e-03 2.479237600132734e-03 3.754837910613479e-03 0.000000000000000e+00 4.205463862946842e-03 4.744500149130694e-03 
1.046281636578416e-03 2.105896655647899e-03 1.261722309781526e-03 0.000000000000000e+00 3.296617491767248e-03 3.352031187314756e-03 2.792926130225521e-03 3.174505870663307e-03 0.000000000000000e+00 2.787029436844507e-03 0.000000000000000e+00 6.818229580462876e-04 0.000000000000000e+00 8.523294239896157e-04 0.000000000000000e+00 0.000000000000000e+00 8.278287857049504e-04 0.000000000000000e+00 2.126845239361333e-03 3.692238108189787e-04 0.000000000000000e+00 1.651805294548039e-03 4.333700155446029e-03 0.000000000000000e+00 3.447282024342368e-03 
3.937953552875525e-03 1.793303109942275e-04 2.314924223831707e-03 2.279802566384895e-03 2.748975208520381e-03 3.181859867691639e-03 3.993511936923604e-03 8.298818493051561e-04 0.000000000000000e+00 2.539006389691782e-03 0.000000000000000e+00 0.000000000000000e+00 0.000000000000000e+00 9.073964116760693e-04 1.548901860262278e-03 0.000000000000000e+00 0.000000000000000e+00 0.000000000000000e+00 0.000000000000000e+00 0.000000000000000e+00 3.829424617509639e-03 4.317925321970547e-03 0.000000000000000e+00 0.000000000000000e+00 9.572574960599071e-04 
4.534013085683113e-03 1.298072286855213e-03 1.954425010474648e-03 0.000000000000000e+00 3.209692219691772e-03 0.000000000000000e+00 3.323107691706885e-03 0.000000000000000e+00 4.012636478903704e-03 2.331507941586868e-03 0.000000000000000e+00 1.766769059864467e-03 4.327392305164306e-03 3.810029006097222e-03 3.650696013940133e-03 0.000000000000000e+00 0.000000000000000e+00 2.825343090040240e-03 1.624056360057941e-03 3.842386724037210e-03 3.875046897856686e-03 4.699820719119149e-03 4.753170308820868e-03 0.000000000000000e+00 0.000000000000000e+00 
6.233569559153479e-04 6.044553135035697e-04 0.000000000000000e+00 1.733644065890620e-03 2.381728724569530e-03 1.131641153966228e-03 0.000000000000000e+00 0.000000000000000e+00 0.000000000000000e+00 0.000000000000000e+00 2.004333663971179e-03 2.142713112372744e-04 0.000000000000000e+00 0.000000000000000e+00 0.000000000000000e+00 2.309806782166583e-03 0.000000000000000e+00 0.000000000000000e+00 0.000000000000000e+00 2.841351352012553e-03 0.000000000000000e+00 3.454874482285958e-03 4.633179040048867e-03 0.000000000000000e+00 4.605071402460231e-03 
0.000000000000000e+00 2.651657278595959e-03 0.000000000000000e+00 0.000000000000000e+00 0.000000000000000e+00 4.021132205175836e-04 0.000000000000000e+00 1.002397084516538e-03 1.378787618247651e-03 0.000000000000000e+00 1.197523778095395e-04 0.000000000000000e+00 2.570750052609073e-03 1.984758216562932e-03 0.000000000000000e+00 8.204333576195310e-04 0.000000000000000e+00 2.227788777465755e-04 0.000000000000000e+00 0.000000000000000e+00 0.000000000000000e+00 0.000000000000000e+00 4.491270662130765e-03 0.000000000000000e+00 2.736868649881642e-03 
1.192424385219902e-03 0.000000000000000e+00 0.000000000000000e+00 0.000000000000000e+00 4.118340344919294e-03 1.100932800861843e-03 3.475222143339222e-03 2.761031996351977e-03 3.329569660706734e-03 0.000000000000000e+00 0.000000000000000e+00 0.000000000000000e+00 3.758825162306294e-03 0.000000000000000e+00 3.591955024262351e-03 0.000000000000000e+00 3.912990942079525e-03 4.999291735086553e-03 4.163864522784431e-03 9.629545373764449e-04 0.000000000000000e+00 0.000000000000000e+00 0.000000000000000e+00 1.508080689098684e-03 0.000000000000000e+00 
0.000000000000000e+00 1.678782081227180e-03 1.035654123398711e-03 0.000000000000000e+00 0.000000000000000e+00 0.000000000000000e+00 3.190669833478233e-03 4.602242110716897e-03 4.697184087299088e-03 0.000000000000000e+00 0.000000000000000e+00 2.539141966320222e-03 0.000000000000000e+00 2.832206053199826e-03 4.496348638744556e-03 0.000000000000000e+00 0.000000000000000e+00 0.000000000000000e+00 0.000000000000000e+00 3.047620010666586e-03 0.000000000000000e+00 0.000000000000000e+00 3.234503137129535e-03 0.000000000000000e+00 0.000000000000000e+00 
0.000000000000000e+00 2.200239614385381e-03 2.001372843969478e-03 2.312636372483318e-03 0.000000000000000e+00 0.000000000000000e+00 0.000000000000000e+00 6.627186791693284e-05 0.000000000000000e+00 0.000000000000000e+00 2.852016931273024e-03 4.615462704676293e-03 0.000000000000000e+00 2.252302354691136e-04 0.000000000000000e+00 3.599804397506757e-03 4.897944478818839e-03 0.000000000000000e+00 0.000000000000000e+00 0.000000000000000e+00 0.000000000000000e+00 0.000000000000000e+00 0.000000000000000e+00 0.000000000000000e+00 2.656326371642774e-03 
1.123072145530433e-03 4.885001502402945e-03 0.000000000000000e+00 2.020783400071069e-04 0.000000000000000e+00 3.482649878341138e-03 3.061945012829954e-03 2.838607380360040e-03 0.000000000000000e+00 0.000000000000000e+00 0.000000000000000e+00 1.914372007813875e-03 3.022662491745747e-04 2.115613480241369e-03 1.695891444796521e-03 0.000000000000000e+00 0.000000000000000e+00 3.359538277131017e-03 6.864286561986008e-04 3.475064677763722e-03 0.000000000000000e+00 0.000000000000000e+00 0.000000000000000e+00 0.000000000000000e+00 0.000000000000000e+00 