# File created on Fri May 17 15:41:54 2024
# The following metaparameters were used for this matrix optimization : gamma0 = 0.5; alpha0 = 0; sigma0 = 0.25; l0 = 1;p = 1; R0 = 1; S0 = 0.05; NR = 25; NS = 25; matrix path = matrices/Nr25_Nc25/consumption/RandTrix_Nr25_Nc25_Nest0.6_Conn0.2048.txt; convergence threshold = 1e-08
5.793574444605804e-06 3.392148601336264e-04 5.726753796714828e-04 3.162683546147767e-03 2.768918062096916e-03 2.602980657643957e-03 4.155132804333272e-03 4.194951583240731e-03 1.971130636358452e-03 0.000000000000000e+00 0.000000000000000e+00 0.000000000000000e+00 0.000000000000000e+00 1.556040087760370e-03 0.000000000000000e+00 0.000000000000000e+00 4.110152200731581e-03 1.116764614157846e-03 0.000000000000000e+00 0.000000000000000e+00 1.024737934639020e-03 5.253807198658051e-04 0.000000000000000e+00 4.667919946944465e-03 4.617699889039039e-06 
0.000000000000000e+00 2.555943198205026e-03 4.036854757014051e-03 4.381996486505835e-03 0.000000000000000e+00 0.000000000000000e+00 1.537935348829626e-03 0.000000000000000e+00 4.806859724676758e-03 2.564410139136263e-03 0.000000000000000e+00 3.802475999064504e-03 3.790738768886980e-03 2.487464237823611e-03 0.000000000000000e+00 3.343455271418262e-03 4.509829007062903e-03 0.000000000000000e+00 3.364745909826785e-03 0.000000000000000e+00 0.000000000000000e+00 1.567277957738510e-03 0.000000000000000e+00 2.882351501505270e-03 0.000000000000000e+00 
0.000000000000000e+00 0.000000000000000e+00 2.557108037345107e-03 0.000000000000000e+00 0.000000000000000e+00 4.293934430471311e-03 0.000000000000000e+00 1.277958136780656e-03 0.000000000000000e+00 0.000000000000000e+00 0.000000000000000e+00 0.000000000000000e+00 0.000000000000000e+00 2.374637133307384e-03 3.516111269041416e-04 0.000000000000000e+00 4.794448311593216e-03 0.000000000000000e+00 0.000000000000000e+00 1.806665250125942e-04 1.650143612824741e-04 0.000000000000000e+00 3.854683901154813e-03 0.000000000000000e+00 0.000000000000000e+00 
4.132195125480688e-03 4.778030060112782e-03 0.000000000000000e+00 0.000000000000000e+00 0.000000000000000e+00 1.807542152513472e-03 0.000000000000000e+00 2.301670809424190e-03 0.000000000000000e+00 1.187528390393034e-03 4.445958179290594e-03 4.190926038706351e-03 1.819278748488526e-03 1.660725488162365e-03 0.000000000000000e+00 0.000000000000000e+00 1.156563874207453e-03 2.027918561640286e-03 2.564485689183337e-03 0.000000000000000e+00 3.877905220262764e-03 4.312043033167358e-03 0.000000000000000e+00 4.292330426965919e-03 0.000000000000000e+00 
3.249758267462634e-03 0.000000000000000e+00 0.000000000000000e+00 0.000000000000000e+00 0.000000000000000e+00 0.000000000000000e+00 1.100279127705006e-04 0.000000000000000e+00 4.394335120760907e-03 0.000000000000000e+00 0.000000000000000e+00 0.000000000000000e+00 1.076676580678623e-03 0.000000000000000e+00 1.658317168755046e-04 4.999088647905201e-03 0.000000000000000e+00 2.133326124055836e-03 2.011652452290373e-03 1.963260564975253e-03 3.421651154183655e-04 0.000000000000000e+00 2.959029913388304e-03 4.324895070580140e-03 0.000000000000000e+00 
0.000000000000000e+00 1.081957518147090e-03 0.000000000000000e+00 0.000000000000000e+00 4.012120228723652e-03 1.670723684665878e-03 0.000000000000000e+00 0.000000000000000e+00 1.110933490983790e-03 3.905919835680802e-03 0.000000000000000e+00 0.000000000000000e+00 3.929013569418211e-03 0.000000000000000e+00 0.000000000000000e+00 0.000000000000000e+00 2.685422965904651e-03 0.000000000000000e+00 4.204791629253620e-03 0.000000000000000e+00 0.000000000000000e+00 2.162781552086247e-03 0.000000000000000e+00 0.000000000000000e+00 5.925026236563856e-04 
1.560718683579877e-03 0.000000000000000e+00 8.075841550308279e-04 0.000000000000000e+00 2.844044898662299e-03 0.000000000000000e+00 0.000000000000000e+00 0.000000000000000e+00 0.000000000000000e+00 1.271904864519106e-03 3.061760714701030e-03 5.827367226128353e-04 4.885588169266229e-03 0.000000000000000e+00 2.788126425927931e-03 0.000000000000000e+00 2.889488517832203e-03 0.000000000000000e+00 0.000000000000000e+00 1.520913712457613e-04 4.847859503276253e-03 2.283444804051207e-03 0.000000000000000e+00 0.000000000000000e+00 4.336159144548881e-03 
3.548001047314106e-03 4.997424431929995e-03 0.000000000000000e+00 3.525214912512126e-03 1.447311145527457e-03 0.000000000000000e+00 0.000000000000000e+00 1.016388383306502e-03 0.000000000000000e+00 0.000000000000000e+00 0.000000000000000e+00 1.285977911967211e-03 2.669879030339902e-03 0.000000000000000e+00 0.000000000000000e+00 5.488724777971940e-04 4.847102796923588e-03 4.509454023219888e-03 0.000000000000000e+00 4.213868694708426e-03 0.000000000000000e+00 0.000000000000000e+00 0.000000000000000e+00 4.400442088370885e-03 0.000000000000000e+00 
0.000000000000000e+00 5.014253470620285e-04 2.622562488764603e-03 8.730896579127917e-04 1.330525008951672e-03 4.745350536369527e-03 4.434724554202789e-03 0.000000000000000e+00 3.313055775265303e-03 7.134171011181130e-05 0.000000000000000e+00 4.347180561190099e-03 0.000000000000000e+00 4.833633582183667e-03 0.000000000000000e+00 0.000000000000000e+00 1.979793726993317e-03 0.000000000000000e+00 0.000000000000000e+00 0.000000000000000e+00 1.032923773879672e-03 3.414137239258977e-04 0.000000000000000e+00 3.079948291981852e-03 0.000000000000000e+00 
4.035529626708356e-03 0.000000000000000e+00 0.000000000000000e+00 2.924515010452442e-03 0.000000000000000e+00 0.000000000000000e+00 0.000000000000000e+00 0.000000000000000e+00 2.150267673076348e-03 4.234660965706359e-03 0.000000000000000e+00 0.000000000000000e+00 1.881396470256032e-03 9.665308073981034e-04 0.000000000000000e+00 4.347645023928882e-03 3.149091866639033e-03 4.751458230672203e-03 0.000000000000000e+00 3.108155844023048e-03 0.000000000000000e+00 1.152256055787912e-03 0.000000000000000e+00 2.773123926706550e-03 0.000000000000000e+00 
4.778510704893796e-03 2.653330639551402e-03 0.000000000000000e+00 8.851094930893601e-04 0.000000000000000e+00 2.314046782585568e-03 4.001353564184765e-03 0.000000000000000e+00 0.000000000000000e+00 2.871937318947321e-03 2.096853445434456e-03 2.404048816275197e-03 0.000000000000000e+00 4.499098638805797e-03 0.000000000000000e+00 0.000000000000000e+00 0.000000000000000e+00 3.501704959317357e-03 0.000000000000000e+00 4.939857022686822e-03 0.000000000000000e+00 3.686916930468521e-03 2.588825866899273e-03 1.874158321604117e-03 2.365289600757848e-03 
4.968449293702326e-03 0.000000000000000e+00 0.000000000000000e+00 4.573126521679115e-03 3.751326397866493e-03 4.289718287846426e-04 2.521214624940616e-04 3.499846685335208e-03 1.703113342953324e-03 3.271154403001147e-03 3.206837648120230e-03 2.133748001824327e-03 1.448667399175939e-03 0.000000000000000e+00 3.172024931887092e-03 9.560678322761076e-04 0.000000000000000e+00 1.499260766174635e-04 0.000000000000000e+00 3.532184074732025e-03 0.000000000000000e+00 0.000000000000000e+00 0.000000000000000e+00 0.000000000000000e+00 3.763141563136113e-03 
0.000000000000000e+00 0.000000000000000e+00 8.954008306082806e-04 2.862770177638674e-03 2.083512616445428e-03 0.000000000000000e+00 3.002582214152754e-04 0.000000000000000e+00 0.000000000000000e+00 4.866535481555802e-03 0.000000000000000e+00 1.020856819271985e-03 4.101577981554489e-03 1.107049268596493e-03 4.487080062688804e-03 1.984527152415369e-04 0.000000000000000e+00 8.134605457872273e-06 0.000000000000000e+00 0.000000000000000e+00 0.000000000000000e+00 0.000000000000000e+00 0.000000000000000e+00 0.000000000000000e+00 1.960229503481389e-03 
0.000000000000000e+00 0.000000000000000e+00 0.000000000000000e+00 0.000000000000000e+00 0.000000000000000e+00 2.707247909301479e-03 4.942069192170355e-03 2.217328328385239e-03 0.000000000000000e+00 0.000000000000000e+00 3.035811139637621e-03 0.000000000000000e+00 3.488048639851229e-03 3.894915289838690e-03 0.000000000000000e+00 0.000000000000000e+00 0.000000000000000e+00 3.370539400762484e-03 3.299445953046318e-03 1.609551711598571e-03 0.000000000000000e+00 1.535228636976824e-03 0.000000000000000e+00 1.407347774432365e-03 8.420925316253311e-04 
4.965800112721985e-03 0.000000000000000e+00 0.000000000000000e+00 0.000000000000000e+00 0.000000000000000e+00 7.418711965554944e-04 0.000000000000000e+00 0.000000000000000e+00 0.000000000000000e+00 0.000000000000000e+00 0.000000000000000e+00 0.000000000000000e+00 0.000000000000000e+00 0.000000000000000e+00 0.000000000000000e+00 0.000000000000000e+00 4.186725238232549e-03 4.581512635610982e-04 0.000000000000000e+00 4.207236376044570e-03 6.512821592686121e-04 4.928874924486537e-03 0.000000000000000e+00 2.380121571338272e-04 0.000000000000000e+00 
2.682539155761888e-03 0.000000000000000e+00 2.262398584647394e-03 1.022162454763819e-03 1.212220934409029e-03 4.097800999216720e-03 0.000000000000000e+00 0.000000000000000e+00 0.000000000000000e+00 5.199729017310158e-04 0.000000000000000e+00 2.344751494277381e-03 0.000000000000000e+00 1.419146057284744e-03 2.986306126646378e-04 1.465941621560541e-03 0.000000000000000e+00 4.343298271293871e-03 4.566013583038850e-03 5.302864805054663e-04 0.000000000000000e+00 1.248608600498308e-03 3.293229721933244e-03 1.448143328413488e-03 2.094866711714295e-03 
9.785601155790259e-04 0.000000000000000e+00 4.772795986689721e-05 5.368601321156206e-04 0.000000000000000e+00 0.000000000000000e+00 0.000000000000000e+00 0.000000000000000e+00 0.000000000000000e+00 2.590789365235738e-03 1.774961069056604e-03 0.000000000000000e+00 0.000000000000000e+00 0.000000000000000e+00 0.000000000000000e+00 0.000000000000000e+00 0.000000000000000e+00 3.711782687105397e-04 1.973454418502710e-03 3.277498092221290e-03 0.000000000000000e+00 2.020656470534665e-03 0.000000000000000e+00 0.000000000000000e+00 2.715586920697045e-03 
0.000000000000000e+00 0.000000000000000e+00 0.000000000000000e+00 1.881860348494189e-03 0.000000000000000e+00 0.000000000000000e+00 2.408379393579056e-03 3.352852139273817e-04 1.610256018319278e-03 1.450984519725647e-04 0.000000000000000e+00 2.638838295844442e-03 4.587752377570233e-03 0.000000000000000e+00 4.365304730702333e-03 0.000000000000000e+00 0.000000000000000e+00 0.000000000000000e+00 0.000000000000000e+00 2.457192318569424e-03 0.000000000000000e+00 4.709031791103324e-03 0.000000000000000e+00 2.867132040236840e-03 0.000000000000000e+00 
1.075987108217157e-04 0.000000000000000e+00 4.096095239281493e-03 2.936243301031033e-03 3.804169445022906e-04 3.162124627785729e-04 1.691052001518674e-03 1.342767155013293e-03 0.000000000000000e+00 0.000000000000000e+00 3.943753683861267e-03 4.862830635662813e-03 0.000000000000000e+00 1.200028363327181e-03 0.000000000000000e+00 0.000000000000000e+00 3.656931040046750e-03 4.139382877917004e-03 2.293486642067976e-03 0.000000000000000e+00 1.597214891368581e-03 0.000000000000000e+00 0.000000000000000e+00 0.000000000000000e+00 4.487867674626525e-03 
3.023028031159341e-03 0.000000000000000e+00 1.037288545931615e-03 4.602402286855900e-03 0.000000000000000e+00 1.012651509597193e-03 3.496408566463522e-03 2.872773759119187e-03 3.245410999569192e-03 3.449762802811105e-03 1.888454605161941e-03 0.000000000000000e+00 5.226646075702882e-04 1.394214263609461e-03 0.000000000000000e+00 3.524120739226139e-03 4.755884261132704e-03 3.478648319216257e-03 0.000000000000000e+00 2.997800322631305e-03 1.799090532269036e-03 2.894229584170142e-03 0.000000000000000e+00 0.000000000000000e+00 0.000000000000000e+00 
0.000000000000000e+00 0.000000000000000e+00 0.000000000000000e+00 3.547520655327863e-03 3.205743934987702e-03 0.000000000000000e+00 7.357684263251455e-04 4.412154365273402e-03 1.160831620873867e-03 0.000000000000000e+00 0.000000000000000e+00 4.530975797346180e-03 3.016643198264106e-03 1.730498829312436e-03 0.000000000000000e+00 0.000000000000000e+00 4.361235686245772e-04 0.000000000000000e+00 0.000000000000000e+00 0.000000000000000e+00 1.780188362292058e-03 0.000000000000000e+00 0.000000000000000e+00 2.142287541265845e-03 3.703092928424161e-03 
4.226936728867329e-03 0.000000000000000e+00 6.212651348087764e-04 1.892692930963209e-03 0.000000000000000e+00 1.593942950495306e-03 1.832684647311078e-03 0.000000000000000e+00 3.333856167283914e-03 1.116170053384126e-03 2.847418385636054e-03 0.000000000000000e+00 0.000000000000000e+00 4.928668296273868e-03 3.139997264513898e-03 4.138768113120675e-03 1.582699060400327e-03 0.000000000000000e+00 3.719070943396933e-04 3.926243024358791e-03 0.000000000000000e+00 1.714122081842348e-03 4.536586158877378e-03 0.000000000000000e+00 2.372992260247372e-03 
3.616539042901971e-03 0.000000000000000e+00 0.000000000000000e+00 0.000000000000000e+00 4.233578515005048e-03 4.511384450820448e-03 3.432343538805296e-03 0.000000000000000e+00 0.000000000000000e+00 0.000000000000000e+00 0.000000000000000e+00 4.051036950394776e-03 0.000000000000000e+00 4.181035442271230e-03 4.623847896812080e-04 0.000000000000000e+00 0.000000000000000e+00 0.000000000000000e+00 5.814382907450944e-04 0.000000000000000e+00 0.000000000000000e+00 0.000000000000000e+00 0.000000000000000e+00 1.857639339403956e-03 3.968437756826342e-03 
3.615802996373509e-03 2.783574104227305e-03 4.049620163528554e-03 0.000000000000000e+00 3.604415285867001e-04 0.000000000000000e+00 0.000000000000000e+00 1.993239649949775e-03 0.000000000000000e+00 0.000000000000000e+00 4.900568437708894e-03 0.000000000000000e+00 0.000000000000000e+00 1.107182698795831e-03 0.000000000000000e+00 3.034153879564102e-03 1.768090038452293e-03 3.493991671769677e-03 0.000000000000000e+00 0.000000000000000e+00 0.000000000000000e+00 1.320876368039740e-03 4.025833746535203e-03 1.008023844090069e-03 4.462737042524320e-03 
1.298842484868908e-03 0.000000000000000e+00 1.686100736970197e-03 0.000000000000000e+00 0.000000000000000e+00 1.583741496875233e-03 1.625450756444828e-03 2.672213424184174e-03 1.216388820034697e-03 0.000000000000000e+00 2.304900832011464e-03 0.000000000000000e+00 0.000000000000000e+00 3.923624034561340e-03 4.655385117094251e-03 0.000000000000000e+00 0.000000000000000e+00 0.000000000000000e+00 4.129685579247328e-03 0.000000000000000e+00 2.461277743641976e-04 4.494384107486730e-03 0.000000000000000e+00 2.567789845401255e-03 0.000000000000000e+00 