# File created on Fri May 17 15:41:53 2024
# The following metaparameters were used for this matrix optimization : gamma0 = 0.5; alpha0 = 0; sigma0 = 0.25; l0 = 1;p = 1; R0 = 1; S0 = 0.05; NR = 25; NS = 25; matrix path = matrices/Nr25_Nc25/consumption/RandTrix_Nr25_Nc25_Nest0.2_Conn0.0896.txt; convergence threshold = 1e-08
0.000000000000000e+00 4.035485384081140e-03 0.000000000000000e+00 0.000000000000000e+00 0.000000000000000e+00 9.709220628896037e-04 4.408425576872092e-03 0.000000000000000e+00 0.000000000000000e+00 0.000000000000000e+00 0.000000000000000e+00 0.000000000000000e+00 3.522466165260707e-04 0.000000000000000e+00 4.319034512846910e-03 0.000000000000000e+00 0.000000000000000e+00 3.432034748575112e-03 0.000000000000000e+00 0.000000000000000e+00 0.000000000000000e+00 0.000000000000000e+00 0.000000000000000e+00 2.531269975154146e-03 4.109947514323114e-03 
2.294177055901108e-03 1.934583590001067e-03 1.116429632958132e-04 1.943497219279847e-03 0.000000000000000e+00 3.674347765807744e-03 3.507044730389654e-03 0.000000000000000e+00 2.308065305578283e-03 2.305252952540957e-03 2.937142179403669e-03 0.000000000000000e+00 0.000000000000000e+00 2.150931613303232e-03 0.000000000000000e+00 3.100809332824887e-03 3.703459813630872e-03 0.000000000000000e+00 0.000000000000000e+00 0.000000000000000e+00 0.000000000000000e+00 0.000000000000000e+00 0.000000000000000e+00 0.000000000000000e+00 0.000000000000000e+00 
0.000000000000000e+00 2.866724025328258e-03 4.585664508546309e-03 0.000000000000000e+00 0.000000000000000e+00 3.717062208265131e-03 4.673724826236642e-03 0.000000000000000e+00 0.000000000000000e+00 3.849268070798822e-03 2.113617837398670e-03 1.199575860301665e-03 0.000000000000000e+00 0.000000000000000e+00 0.000000000000000e+00 0.000000000000000e+00 0.000000000000000e+00 0.000000000000000e+00 4.097146245109959e-03 0.000000000000000e+00 2.689463698587811e-03 0.000000000000000e+00 9.420257270932434e-04 3.076739961358500e-05 2.011494496179927e-03 
0.000000000000000e+00 4.307666217047900e-03 0.000000000000000e+00 2.899419750581886e-03 0.000000000000000e+00 0.000000000000000e+00 3.017003776946146e-03 2.285051871491473e-03 2.075749698029728e-03 0.000000000000000e+00 0.000000000000000e+00 0.000000000000000e+00 0.000000000000000e+00 0.000000000000000e+00 0.000000000000000e+00 0.000000000000000e+00 0.000000000000000e+00 3.839807763868252e-03 3.526873638984316e-03 0.000000000000000e+00 0.000000000000000e+00 2.907440302004260e-03 0.000000000000000e+00 2.052621348710091e-03 2.917217793051195e-03 
1.676393922403818e-03 0.000000000000000e+00 0.000000000000000e+00 1.951370933059355e-03 0.000000000000000e+00 0.000000000000000e+00 1.243229498530828e-03 0.000000000000000e+00 4.946957089822574e-03 0.000000000000000e+00 3.896137512390856e-03 2.631717751198563e-04 0.000000000000000e+00 2.213923517126689e-03 6.032640136366705e-04 1.972726698104575e-03 3.562449154609327e-03 0.000000000000000e+00 0.000000000000000e+00 1.499622739737286e-03 1.715394539693118e-03 2.603489923389066e-03 0.000000000000000e+00 0.000000000000000e+00 1.727004520659028e-05 
0.000000000000000e+00 0.000000000000000e+00 0.000000000000000e+00 1.910837416623090e-03 3.286953877363580e-03 4.211814109885331e-03 3.918472314936673e-03 0.000000000000000e+00 1.092622706548855e-03 0.000000000000000e+00 0.000000000000000e+00 2.388953515957894e-03 0.000000000000000e+00 0.000000000000000e+00 0.000000000000000e+00 5.498629637758451e-04 2.576027480057215e-03 1.798326616792725e-03 0.000000000000000e+00 0.000000000000000e+00 0.000000000000000e+00 4.302436133931534e-03 0.000000000000000e+00 0.000000000000000e+00 0.000000000000000e+00 
0.000000000000000e+00 0.000000000000000e+00 0.000000000000000e+00 0.000000000000000e+00 4.839173329918890e-03 0.000000000000000e+00 0.000000000000000e+00 4.010335974295849e-03 2.356301315880536e-03 7.684193950593267e-04 0.000000000000000e+00 0.000000000000000e+00 2.390259928416119e-03 4.945337665315090e-03 4.410362322255535e-03 1.957618551281142e-04 0.000000000000000e+00 4.942670694190843e-03 2.340227859825646e-03 3.763895319577887e-03 0.000000000000000e+00 1.396810719797868e-03 0.000000000000000e+00 0.000000000000000e+00 2.836143216126666e-03 
7.079053317693007e-04 3.565034857593932e-03 0.000000000000000e+00 4.679980517333092e-03 0.000000000000000e+00 1.913401167374980e-03 6.491144627972983e-04 5.537014469500107e-04 0.000000000000000e+00 2.798486500088445e-03 0.000000000000000e+00 4.654088032968303e-03 1.717549246246526e-03 4.933240540810355e-05 3.952129987939051e-03 4.270925510978822e-03 0.000000000000000e+00 1.348639846939441e-03 0.000000000000000e+00 0.000000000000000e+00 0.000000000000000e+00 6.418786432194116e-06 0.000000000000000e+00 0.000000000000000e+00 5.101507530507953e-05 
0.000000000000000e+00 0.000000000000000e+00 0.000000000000000e+00 0.000000000000000e+00 4.252104161364052e-03 0.000000000000000e+00 2.357398357366279e-03 4.757602673015092e-03 2.034945338359875e-03 4.219561932646071e-03 1.031338151910209e-03 3.744218139132022e-03 0.000000000000000e+00 2.615408719911654e-03 0.000000000000000e+00 0.000000000000000e+00 4.307932572166558e-03 2.574907488478672e-03 2.917047875653952e-03 0.000000000000000e+00 8.068206048847119e-04 0.000000000000000e+00 7.522320760123797e-04 0.000000000000000e+00 0.000000000000000e+00 
0.000000000000000e+00 0.000000000000000e+00 3.254815000524090e-03 0.000000000000000e+00 3.903095765176400e-03 4.807733508242580e-03 1.979867402613383e-03 1.946295888166576e-03 0.000000000000000e+00 8.851559491103294e-05 0.000000000000000e+00 3.914904555960708e-03 0.000000000000000e+00 0.000000000000000e+00 0.000000000000000e+00 0.000000000000000e+00 4.053983536042187e-03 0.000000000000000e+00 0.000000000000000e+00 4.044721481265257e-03 8.040202889900375e-04 2.715178987242093e-03 1.708322848029518e-03 0.000000000000000e+00 0.000000000000000e+00 
0.000000000000000e+00 0.000000000000000e+00 0.000000000000000e+00 0.000000000000000e+00 0.000000000000000e+00 0.000000000000000e+00 0.000000000000000e+00 3.331038305195750e-03 0.000000000000000e+00 3.445177133595330e-03 3.036295934938861e-03 1.314596819453803e-03 0.000000000000000e+00 2.117349197345800e-03 2.780868083468775e-03 0.000000000000000e+00 0.000000000000000e+00 0.000000000000000e+00 2.442202087762818e-03 1.309227266531708e-03 1.986519716023275e-03 0.000000000000000e+00 0.000000000000000e+00 1.382431744107696e-03 3.534242670493977e-04 
0.000000000000000e+00 0.000000000000000e+00 0.000000000000000e+00 6.587755958868998e-04 1.103488572714206e-03 0.000000000000000e+00 0.000000000000000e+00 0.000000000000000e+00 1.208321839847247e-03 2.544537371882866e-03 2.412365035231574e-03 0.000000000000000e+00 3.442574184135205e-03 0.000000000000000e+00 2.550074355196531e-03 2.355464468177822e-03 0.000000000000000e+00 0.000000000000000e+00 3.831250497113937e-04 0.000000000000000e+00 0.000000000000000e+00 0.000000000000000e+00 0.000000000000000e+00 0.000000000000000e+00 1.252048400829667e-03 
0.000000000000000e+00 2.553198707759511e-03 0.000000000000000e+00 4.988092155497940e-03 8.637318035262290e-04 0.000000000000000e+00 0.000000000000000e+00 0.000000000000000e+00 0.000000000000000e+00 1.864980910180608e-03 0.000000000000000e+00 1.651096069235770e-03 0.000000000000000e+00 5.705493193052443e-04 4.483291244860157e-03 0.000000000000000e+00 0.000000000000000e+00 8.514617407426691e-04 3.390105057838932e-03 0.000000000000000e+00 0.000000000000000e+00 3.832935552670473e-03 0.000000000000000e+00 1.119286342485475e-03 4.716646148378321e-03 
3.415938638172240e-03 2.803808538181840e-03 0.000000000000000e+00 3.667311077503480e-03 0.000000000000000e+00 2.703869025217807e-03 0.000000000000000e+00 2.159299722305559e-04 4.103877433419186e-03 3.192793434630036e-03 1.356547484523621e-03 0.000000000000000e+00 0.000000000000000e+00 0.000000000000000e+00 0.000000000000000e+00 2.313259197124811e-03 1.973444451966971e-05 4.196019309079750e-03 1.913635107802495e-03 1.146716500073980e-03 0.000000000000000e+00 8.430638698158430e-04 0.000000000000000e+00 4.873038106503071e-03 0.000000000000000e+00 
2.492230839355942e-03 1.134640569873664e-03 0.000000000000000e+00 8.455755881482880e-04 0.000000000000000e+00 0.000000000000000e+00 0.000000000000000e+00 0.000000000000000e+00 1.644298279143565e-04 0.000000000000000e+00 2.489926934881969e-03 0.000000000000000e+00 2.680023909318781e-03 1.982562172756363e-03 2.632283468724779e-03 0.000000000000000e+00 0.000000000000000e+00 4.024074872573809e-04 0.000000000000000e+00 1.741303198038238e-03 0.000000000000000e+00 4.795509357847050e-03 0.000000000000000e+00 1.504303742000263e-03 0.000000000000000e+00 
0.000000000000000e+00 0.000000000000000e+00 1.217732077567869e-03 2.465606390574157e-03 4.230344169486695e-03 0.000000000000000e+00 2.387998569156257e-03 0.000000000000000e+00 4.506574870035352e-03 2.232516791163031e-03 1.202541897987032e-03 4.168591490674529e-04 0.000000000000000e+00 0.000000000000000e+00 4.458272340426047e-03 8.175723274489731e-04 0.000000000000000e+00 0.000000000000000e+00 4.596185572054666e-03 0.000000000000000e+00 2.619363270282884e-03 1.908346544956327e-03 0.000000000000000e+00 0.000000000000000e+00 0.000000000000000e+00 
0.000000000000000e+00 0.000000000000000e+00 2.867960321519065e-03 4.129847057547569e-03 4.507451269178135e-03 3.399800435646734e-03 3.913661928284286e-03 0.000000000000000e+00 0.000000000000000e+00 0.000000000000000e+00 0.000000000000000e+00 4.291412169656006e-03 3.458921819233219e-03 6.824142066011410e-04 3.101999608263926e-04 2.301300740363950e-03 3.595265059492903e-03 0.000000000000000e+00 0.000000000000000e+00 0.000000000000000e+00 0.000000000000000e+00 2.946336297620969e-03 0.000000000000000e+00 2.105371658963812e-03 1.786509791168887e-03 
0.000000000000000e+00 1.509068436704949e-03 0.000000000000000e+00 0.000000000000000e+00 4.346643066335726e-04 4.151806524421656e-03 0.000000000000000e+00 4.593485500526713e-03 1.749820618724434e-03 6.096327294840778e-04 1.113051187192779e-03 0.000000000000000e+00 2.274515127161002e-05 8.548881461125437e-04 2.465407060454186e-04 0.000000000000000e+00 1.117512080163857e-03 0.000000000000000e+00 3.801970878948753e-03 8.028391460542616e-04 1.338275014362485e-03 4.814991829498308e-03 7.114213820662458e-04 0.000000000000000e+00 0.000000000000000e+00 
0.000000000000000e+00 0.000000000000000e+00 0.000000000000000e+00 4.569727285063491e-03 0.000000000000000e+00 0.000000000000000e+00 0.000000000000000e+00 0.000000000000000e+00 0.000000000000000e+00 0.000000000000000e+00 0.000000000000000e+00 1.139674009107544e-03 0.000000000000000e+00 0.000000000000000e+00 4.802972801005368e-03 4.574194304565558e-03 0.000000000000000e+00 0.000000000000000e+00 4.804507454932555e-03 4.254477829039864e-03 2.845679444165860e-03 2.175082663061937e-03 3.009493219969929e-03 0.000000000000000e+00 2.698571951339093e-03 
9.282435268682459e-04 0.000000000000000e+00 0.000000000000000e+00 4.163489549979156e-03 8.052977128369104e-04 1.843211366281146e-03 2.081675645515115e-03 0.000000000000000e+00 0.000000000000000e+00 0.000000000000000e+00 4.051830820864343e-03 3.912860100783731e-03 1.886416067391025e-03 0.000000000000000e+00 3.634169438024080e-03 0.000000000000000e+00 4.124727954665398e-03 2.519435659790889e-03 0.000000000000000e+00 1.180463550209373e-04 0.000000000000000e+00 0.000000000000000e+00 0.000000000000000e+00 0.000000000000000e+00 0.000000000000000e+00 
7.258665939387082e-05 0.000000000000000e+00 4.950780632848278e-04 4.995290789181022e-03 1.589631939449914e-03 0.000000000000000e+00 3.027255321602096e-03 0.000000000000000e+00 0.000000000000000e+00 1.866085848187336e-03 0.000000000000000e+00 0.000000000000000e+00 3.433220451445937e-03 2.234706651170200e-03 2.759821313477383e-03 0.000000000000000e+00 4.352322666895778e-03 3.583601963096349e-04 4.809509927768610e-03 1.012613737757753e-03 0.000000000000000e+00 0.000000000000000e+00 0.000000000000000e+00 0.000000000000000e+00 1.276423755162644e-03 
2.019858913517625e-03 0.000000000000000e+00 2.716561592535734e-03 4.770778321905104e-03 3.934467414538746e-04 0.000000000000000e+00 1.933885916058520e-03 0.000000000000000e+00 0.000000000000000e+00 0.000000000000000e+00 4.743444697008673e-03 3.999292295761733e-04 2.478431454658257e-03 4.006437631617138e-03 0.000000000000000e+00 3.963930700426891e-03 2.710112020035243e-03 4.930453217919880e-03 0.000000000000000e+00 9.959397350779260e-04 3.503003264532487e-03 0.000000000000000e+00 3.371821119729061e-03 0.000000000000000e+00 5.327873765877752e-04 
1.488209941098764e-03 2.765342988190995e-03 0.000000000000000e+00 0.000000000000000e+00 0.000000000000000e+00 9.970351368037414e-04 0.000000000000000e+00 0.000000000000000e+00 0.000000000000000e+00 0.000000000000000e+00 0.000000000000000e+00 4.544082236277308e-03 4.888674885987138e-03 0.000000000000000e+00 7.863973715102350e-04 2.515906059398255e-04 2.187415596900678e-03 0.000000000000000e+00 3.777172556636146e-03 0.000000000000000e+00 3.834661526424224e-03 0.000000000000000e+00 0.000000000000000e+00 0.000000000000000e+00 0.000000000000000e+00 
8.995379547122961e-04 0.000000000000000e+00 2.887694133075233e-03 0.000000000000000e+00 0.000000000000000e+00 0.000000000000000e+00 4.000550012930167e-03 1.639780060660742e-03 0.000000000000000e+00 3.490463732400471e-03 3.503088857269801e-03 0.000000000000000e+00 1.883024558294708e-04 1.911751484495855e-03 1.555016905008413e-04 1.132023377541347e-03 3.536326706259029e-03 4.067734185012227e-03 0.000000000000000e+00 0.000000000000000e+00 1.864996524563917e-03 0.000000000000000e+00 0.000000000000000e+00 1.392787516835184e-03 4.286475034650208e-03 
0.000000000000000e+00 3.076333760177485e-03 2.846179495532891e-03 0.000000000000000e+00 6.798685086529995e-04 0.000000000000000e+00 0.000000000000000e+00 1.118466779995602e-03 0.000000000000000e+00 0.000000000000000e+00 2.537871692307018e-03 0.000000000000000e+00 0.000000000000000e+00 4.325335494891515e-05 0.000000000000000e+00 4.775571710393392e-03 2.208756265963732e-03 0.000000000000000e+00 2.409781047940174e-05 2.906661412685017e-03 0.000000000000000e+00 0.000000000000000e+00 4.338533311201398e-03 1.720379237961270e-03 4.770381242793893e-03 