# File created on Fri May 17 15:41:59 2024
# The following metaparameters were used for this matrix optimization : gamma0 = 0.5; alpha0 = 0; sigma0 = 0.25; l0 = 1;p = 1; R0 = 1; S0 = 0.05; NR = 25; NS = 25; matrix path = matrices/Nr25_Nc25/consumption/RandTrix_Nr25_Nc25_Nest0.5_Conn0.416.txt; convergence threshold = 1e-08
0.000000000000000e+00 0.000000000000000e+00 0.000000000000000e+00 4.754176768384324e-03 0.000000000000000e+00 0.000000000000000e+00 0.000000000000000e+00 0.000000000000000e+00 2.467092630865761e-03 0.000000000000000e+00 0.000000000000000e+00 0.000000000000000e+00 1.814712766930300e-03 8.967706127464028e-04 0.000000000000000e+00 0.000000000000000e+00 0.000000000000000e+00 0.000000000000000e+00 1.736060274224294e-03 0.000000000000000e+00 0.000000000000000e+00 0.000000000000000e+00 4.984950870134100e-03 3.743009764871127e-03 0.000000000000000e+00 
4.314355661564941e-03 0.000000000000000e+00 0.000000000000000e+00 0.000000000000000e+00 2.823418899966815e-03 0.000000000000000e+00 0.000000000000000e+00 0.000000000000000e+00 4.577391153807482e-03 0.000000000000000e+00 2.464022813518381e-03 2.603266121886287e-03 0.000000000000000e+00 3.033424404743024e-03 1.321335891706170e-03 4.934708419164831e-03 3.113224146762494e-03 1.309262127993582e-03 8.221511108627983e-04 0.000000000000000e+00 4.686257843029741e-03 0.000000000000000e+00 4.268122584322155e-03 0.000000000000000e+00 0.000000000000000e+00 
4.738262689698860e-03 1.547640679030669e-04 1.121535169512700e-03 9.757331365570301e-04 5.759285581778306e-04 0.000000000000000e+00 1.248180306449135e-03 4.871436671321306e-03 0.000000000000000e+00 0.000000000000000e+00 4.104474716277991e-04 0.000000000000000e+00 3.090772014033458e-03 0.000000000000000e+00 3.459128325803542e-03 4.062659418705707e-03 0.000000000000000e+00 4.319277707761606e-03 1.920283497843907e-03 0.000000000000000e+00 7.369885665613352e-04 3.157984072463494e-03 4.418908238759525e-03 0.000000000000000e+00 0.000000000000000e+00 
1.568571832028488e-04 1.120685967534815e-04 9.747426657954475e-04 7.609351927901330e-05 4.241503660444893e-03 4.462225294298360e-03 4.776973460561782e-03 2.285831489848745e-03 4.895304675231724e-03 3.307216358957703e-03 0.000000000000000e+00 2.647313546853082e-03 3.948386195998176e-03 3.911679630187397e-03 0.000000000000000e+00 0.000000000000000e+00 3.615899840632190e-03 0.000000000000000e+00 0.000000000000000e+00 0.000000000000000e+00 1.509171484248599e-03 7.235325715269983e-04 0.000000000000000e+00 0.000000000000000e+00 3.609227247839168e-03 
0.000000000000000e+00 1.478504752414175e-03 0.000000000000000e+00 3.256726029608675e-03 0.000000000000000e+00 0.000000000000000e+00 1.492221530939300e-03 4.813661504620071e-04 0.000000000000000e+00 0.000000000000000e+00 4.492275263688299e-03 2.147732035962665e-03 0.000000000000000e+00 2.982779428348469e-03 0.000000000000000e+00 3.446419220043362e-03 0.000000000000000e+00 2.008028555234835e-03 3.726033906645992e-03 0.000000000000000e+00 1.153134997062835e-03 9.104935526478627e-04 6.041242109431069e-04 0.000000000000000e+00 0.000000000000000e+00 
9.661362702581442e-04 1.688766894740636e-03 0.000000000000000e+00 0.000000000000000e+00 0.000000000000000e+00 0.000000000000000e+00 0.000000000000000e+00 0.000000000000000e+00 2.989145139671151e-03 0.000000000000000e+00 3.555154990386805e-03 3.157197191763865e-03 8.631684444011051e-04 3.345360444922999e-03 0.000000000000000e+00 9.821194598778518e-04 0.000000000000000e+00 0.000000000000000e+00 0.000000000000000e+00 2.541415817270577e-03 2.322919408906823e-03 0.000000000000000e+00 2.897344476223438e-03 1.408786631256888e-03 3.537726379631511e-03 
5.353906738989887e-04 0.000000000000000e+00 0.000000000000000e+00 6.863394922504494e-04 2.209502812342383e-03 2.695668373548844e-03 0.000000000000000e+00 2.538475708982426e-03 0.000000000000000e+00 0.000000000000000e+00 0.000000000000000e+00 1.146297698278990e-04 0.000000000000000e+00 0.000000000000000e+00 3.955317245342244e-03 4.779512377079658e-03 1.271485556431457e-03 0.000000000000000e+00 6.610453302109366e-04 0.000000000000000e+00 4.042021298560734e-03 0.000000000000000e+00 3.066033977384059e-03 9.305593179526603e-04 2.865493906386603e-03 
0.000000000000000e+00 0.000000000000000e+00 3.794252063729486e-03 0.000000000000000e+00 2.207752822116296e-03 0.000000000000000e+00 0.000000000000000e+00 0.000000000000000e+00 1.167460280911062e-03 0.000000000000000e+00 2.752323722724673e-03 2.418764534361270e-04 2.923573933843312e-03 0.000000000000000e+00 1.744378301263953e-03 0.000000000000000e+00 0.000000000000000e+00 0.000000000000000e+00 0.000000000000000e+00 0.000000000000000e+00 4.214241642531178e-03 9.086274329037095e-05 0.000000000000000e+00 0.000000000000000e+00 1.391177605530797e-03 
0.000000000000000e+00 0.000000000000000e+00 1.189784157404894e-03 1.431351997812543e-03 0.000000000000000e+00 4.726856253607668e-03 1.940606586395586e-03 0.000000000000000e+00 0.000000000000000e+00 3.210404468243631e-03 4.774428044256445e-03 0.000000000000000e+00 0.000000000000000e+00 3.005854314658373e-03 0.000000000000000e+00 0.000000000000000e+00 0.000000000000000e+00 0.000000000000000e+00 4.582357930667917e-03 1.778079088881996e-03 0.000000000000000e+00 3.085068006848823e-03 0.000000000000000e+00 3.037438289458893e-03 0.000000000000000e+00 
2.317887450935788e-03 0.000000000000000e+00 4.174524735135640e-04 6.052057744938040e-04 3.839914354337984e-04 6.013463905451898e-04 0.000000000000000e+00 9.174151506447691e-04 0.000000000000000e+00 0.000000000000000e+00 0.000000000000000e+00 1.136318108458674e-03 5.392200737122328e-04 2.155615376431769e-03 4.247320605340625e-03 0.000000000000000e+00 0.000000000000000e+00 0.000000000000000e+00 7.473078682276661e-04 2.204361241397707e-03 0.000000000000000e+00 2.315346835878545e-03 2.152325182879914e-03 0.000000000000000e+00 0.000000000000000e+00 
3.663753136306806e-03 0.000000000000000e+00 2.115067011309714e-03 0.000000000000000e+00 0.000000000000000e+00 3.195961732535826e-03 0.000000000000000e+00 4.326319975800469e-03 3.786786166938014e-03 0.000000000000000e+00 3.803423831358101e-03 0.000000000000000e+00 1.790265981258629e-03 3.406647861647140e-03 0.000000000000000e+00 0.000000000000000e+00 1.088758784314655e-03 0.000000000000000e+00 1.401871388226809e-03 0.000000000000000e+00 2.783515771697263e-03 0.000000000000000e+00 1.110635990912480e-03 0.000000000000000e+00 9.315247904125427e-04 
0.000000000000000e+00 0.000000000000000e+00 0.000000000000000e+00 0.000000000000000e+00 0.000000000000000e+00 3.597486013092420e-03 6.550197368895558e-04 4.394889492184700e-03 0.000000000000000e+00 2.344150034494525e-03 3.762900212471693e-03 1.136824219073022e-03 0.000000000000000e+00 0.000000000000000e+00 3.807232508305416e-03 0.000000000000000e+00 3.554195278637372e-03 2.000440349062682e-03 0.000000000000000e+00 1.767184239918641e-03 0.000000000000000e+00 2.096354909554017e-03 2.295414129858565e-03 4.724951656120401e-03 2.672850276345891e-03 
4.498377232946565e-03 0.000000000000000e+00 1.307647303959338e-03 4.134855931814233e-03 1.970338467513546e-03 4.720366408365843e-03 4.277205561151657e-03 3.109288981898233e-03 2.875953069765556e-03 0.000000000000000e+00 0.000000000000000e+00 0.000000000000000e+00 4.737489304460113e-03 0.000000000000000e+00 0.000000000000000e+00 0.000000000000000e+00 0.000000000000000e+00 0.000000000000000e+00 0.000000000000000e+00 0.000000000000000e+00 0.000000000000000e+00 0.000000000000000e+00 1.927873807400538e-03 0.000000000000000e+00 2.347997598468877e-03 
0.000000000000000e+00 0.000000000000000e+00 0.000000000000000e+00 9.953307644338078e-04 0.000000000000000e+00 0.000000000000000e+00 0.000000000000000e+00 0.000000000000000e+00 0.000000000000000e+00 0.000000000000000e+00 0.000000000000000e+00 3.241691283232501e-03 1.068780058100943e-03 0.000000000000000e+00 3.072962868402770e-03 0.000000000000000e+00 0.000000000000000e+00 0.000000000000000e+00 3.550605722818380e-03 0.000000000000000e+00 0.000000000000000e+00 0.000000000000000e+00 2.491873557877957e-03 6.907766379309482e-04 0.000000000000000e+00 
3.674009044461691e-03 4.884824223098343e-03 3.686594390563705e-03 2.114347137214684e-03 3.860555775294714e-03 5.091268558760961e-04 2.300756227923854e-03 0.000000000000000e+00 3.026121503735986e-03 0.000000000000000e+00 2.961379563965779e-03 0.000000000000000e+00 0.000000000000000e+00 3.261037746740901e-03 0.000000000000000e+00 0.000000000000000e+00 0.000000000000000e+00 0.000000000000000e+00 4.784256756161580e-03 0.000000000000000e+00 2.327941616368809e-03 0.000000000000000e+00 0.000000000000000e+00 0.000000000000000e+00 0.000000000000000e+00 
0.000000000000000e+00 2.263182759998283e-03 2.372086692273617e-03 0.000000000000000e+00 3.615559220618718e-03 0.000000000000000e+00 2.943453739738559e-03 3.489525226584474e-03 4.157070325765101e-03 4.560410811008696e-03 0.000000000000000e+00 3.702809290806612e-03 1.628144669853521e-03 5.912522237938227e-04 8.106670382030484e-04 0.000000000000000e+00 8.883290995826066e-04 4.206405525967647e-05 3.904243542999536e-03 0.000000000000000e+00 4.430432135681457e-03 3.272862511477113e-04 8.721599143840580e-04 1.218160157602614e-03 3.829197641900733e-03 
0.000000000000000e+00 0.000000000000000e+00 1.178216892558068e-03 4.803593653040629e-03 0.000000000000000e+00 2.271960883078300e-03 0.000000000000000e+00 2.889766234379164e-03 1.635245010786036e-03 0.000000000000000e+00 4.737754928724925e-03 0.000000000000000e+00 1.310255013238425e-03 0.000000000000000e+00 2.798640606507272e-04 0.000000000000000e+00 4.315062084066426e-04 2.649251280214240e-03 0.000000000000000e+00 3.453067387466022e-03 3.444068446957134e-03 0.000000000000000e+00 0.000000000000000e+00 1.108287706828873e-03 2.925836702215064e-03 
3.018736771345009e-03 4.510741958848761e-03 0.000000000000000e+00 4.937959188285209e-03 1.772435339310486e-04 0.000000000000000e+00 4.357398841555633e-03 3.507526740473766e-03 0.000000000000000e+00 4.533579065401280e-03 1.272260399123895e-03 2.028216875883298e-03 5.736850446023734e-04 0.000000000000000e+00 1.031894459884956e-03 0.000000000000000e+00 0.000000000000000e+00 3.873175266408933e-03 0.000000000000000e+00 0.000000000000000e+00 2.294482190845051e-03 1.951955527613699e-03 1.122014334564204e-03 0.000000000000000e+00 4.249089280137318e-03 
0.000000000000000e+00 0.000000000000000e+00 0.000000000000000e+00 0.000000000000000e+00 4.845828497792480e-03 3.785222195653477e-03 3.019497739681636e-03 0.000000000000000e+00 0.000000000000000e+00 2.792653701569445e-03 0.000000000000000e+00 3.360973911228685e-03 0.000000000000000e+00 0.000000000000000e+00 4.398786833383247e-03 0.000000000000000e+00 4.479044684199414e-03 1.457515486368128e-03 0.000000000000000e+00 0.000000000000000e+00 3.470009589927113e-03 4.850461648948304e-03 0.000000000000000e+00 0.000000000000000e+00 0.000000000000000e+00 
0.000000000000000e+00 3.427501787317452e-03 0.000000000000000e+00 0.000000000000000e+00 4.091230455698791e-03 2.748751796795186e-03 0.000000000000000e+00 3.469777510782573e-03 0.000000000000000e+00 0.000000000000000e+00 2.288258860644349e-03 3.509573916435760e-03 0.000000000000000e+00 0.000000000000000e+00 2.726943924163757e-03 2.841761273228539e-03 3.876243597137880e-03 0.000000000000000e+00 0.000000000000000e+00 0.000000000000000e+00 0.000000000000000e+00 1.023741449644245e-03 4.588492146587517e-03 0.000000000000000e+00 0.000000000000000e+00 
0.000000000000000e+00 4.838134169385157e-03 3.847953758644843e-03 0.000000000000000e+00 0.000000000000000e+00 3.964540956097488e-04 4.870295475924899e-03 2.546653972411359e-03 4.938704065664310e-03 0.000000000000000e+00 0.000000000000000e+00 0.000000000000000e+00 0.000000000000000e+00 0.000000000000000e+00 0.000000000000000e+00 0.000000000000000e+00 0.000000000000000e+00 0.000000000000000e+00 3.632766841310264e-03 2.693111355305267e-03 3.719560721861367e-03 1.248911273548596e-03 1.597229891566587e-03 2.096431086229812e-03 4.057599670070637e-03 
0.000000000000000e+00 4.843191578300571e-03 1.879608877604290e-03 0.000000000000000e+00 0.000000000000000e+00 3.138774804963204e-03 3.965041203331465e-03 1.019724026601129e-03 3.312251057841943e-03 0.000000000000000e+00 3.705834076242171e-03 2.426684604555903e-03 0.000000000000000e+00 1.394024245804021e-03 0.000000000000000e+00 0.000000000000000e+00 4.301849658698233e-04 3.439204230118625e-03 0.000000000000000e+00 5.455125388386350e-04 4.688617566127677e-04 4.591413471839870e-03 3.706481213777793e-03 0.000000000000000e+00 0.000000000000000e+00 
4.562428394650385e-03 0.000000000000000e+00 2.986548195723313e-03 3.510022352273960e-03 1.390000299083845e-04 1.926003875361286e-03 6.191220992617014e-04 9.786299702135746e-05 0.000000000000000e+00 0.000000000000000e+00 4.844910143777262e-03 4.309402337355070e-03 2.085036109536690e-03 4.827343640110948e-03 0.000000000000000e+00 0.000000000000000e+00 1.708869076852948e-03 3.499718592019207e-03 0.000000000000000e+00 1.561543376943057e-03 0.000000000000000e+00 0.000000000000000e+00 2.138380553494557e-03 2.363793525794290e-03 3.810112379794313e-03 
1.871565851318950e-03 0.000000000000000e+00 2.169342155584909e-03 4.494468984139460e-03 1.416353478963325e-03 1.141715918857125e-03 0.000000000000000e+00 0.000000000000000e+00 0.000000000000000e+00 2.748047460529225e-03 1.211807718624299e-03 0.000000000000000e+00 3.181961695820821e-05 7.361561768433026e-04 0.000000000000000e+00 1.810778632264293e-03 0.000000000000000e+00 0.000000000000000e+00 4.588786401637170e-03 3.438214371030830e-03 0.000000000000000e+00 0.000000000000000e+00 0.000000000000000e+00 8.317601054711831e-04 0.000000000000000e+00 
4.166314234508158e-03 1.350027356539692e-03 0.000000000000000e+00 2.853976046495732e-05 1.992564490820108e-04 0.000000000000000e+00 3.014650730016730e-03 3.717898786348403e-03 2.471912181369643e-03 1.479729314974249e-03 0.000000000000000e+00 0.000000000000000e+00 4.879795243832205e-03 0.000000000000000e+00 4.209228332898570e-03 0.000000000000000e+00 3.929115733009841e-03 4.953939091554760e-03 0.000000000000000e+00 2.782937898564770e-03 0.000000000000000e+00 0.000000000000000e+00 0.000000000000000e+00 0.000000000000000e+00 0.000000000000000e+00 