# File created on Fri May 17 15:42:07 2024
# The following metaparameters were used for this matrix optimization : gamma0 = 0.5; alpha0 = 0; sigma0 = 0.25; l0 = 1;p = 1; R0 = 1; S0 = 0.05; NR = 25; NS = 25; matrix path = matrices/Nr25_Nc25/consumption/RandTrix_Nr25_Nc25_Nest0.5_Conn0.1248.txt; convergence threshold = 1e-08
4.435547471159102e-03 0.000000000000000e+00 1.307230465182296e-03 0.000000000000000e+00 1.368147468601915e-03 0.000000000000000e+00 3.212736752708241e-04 0.000000000000000e+00 4.013879459900648e-03 0.000000000000000e+00 2.046696669943271e-03 1.707593005394004e-03 2.992065829262701e-03 0.000000000000000e+00 3.806898614249713e-03 0.000000000000000e+00 2.772575653053864e-03 8.802558326304876e-04 0.000000000000000e+00 2.798211148016714e-03 0.000000000000000e+00 0.000000000000000e+00 0.000000000000000e+00 2.607233139438818e-03 0.000000000000000e+00 
3.081055221935604e-03 1.401578446748366e-03 0.000000000000000e+00 0.000000000000000e+00 2.936885819259762e-03 0.000000000000000e+00 2.701453286005790e-03 4.463200920114991e-03 0.000000000000000e+00 0.000000000000000e+00 0.000000000000000e+00 0.000000000000000e+00 0.000000000000000e+00 6.824317054562993e-04 4.403171743354991e-03 0.000000000000000e+00 6.418268317089868e-04 4.107450008026576e-03 4.489539289256045e-03 1.597661531652104e-03 2.009587223753325e-03 4.705239876703217e-03 0.000000000000000e+00 1.736637386388641e-03 3.797492378077718e-03 
4.716793290823785e-03 3.677662228226131e-03 0.000000000000000e+00 1.925184933500776e-03 0.000000000000000e+00 0.000000000000000e+00 4.737762597138321e-03 0.000000000000000e+00 3.207168800716529e-03 0.000000000000000e+00 0.000000000000000e+00 9.800738921409977e-04 1.819600402633671e-03 2.363068783107458e-03 0.000000000000000e+00 4.386460577508785e-03 5.517503822229505e-04 3.808297723307513e-03 0.000000000000000e+00 0.000000000000000e+00 0.000000000000000e+00 1.130045454492068e-03 2.820365041680429e-03 0.000000000000000e+00 0.000000000000000e+00 
2.959023932179175e-03 5.085495312621927e-04 3.207820305573912e-03 4.180236523417102e-03 2.457424475560975e-03 4.494847116072057e-03 0.000000000000000e+00 0.000000000000000e+00 3.465016820293210e-03 0.000000000000000e+00 0.000000000000000e+00 0.000000000000000e+00 0.000000000000000e+00 0.000000000000000e+00 2.704764407050309e-03 0.000000000000000e+00 0.000000000000000e+00 0.000000000000000e+00 8.354485090466388e-04 0.000000000000000e+00 4.041200973482296e-03 0.000000000000000e+00 1.085234694516010e-03 4.425206211391354e-03 2.295650982891369e-03 
6.871184250156467e-04 0.000000000000000e+00 2.703503189139554e-03 0.000000000000000e+00 3.978237558121663e-03 1.460220788320050e-03 0.000000000000000e+00 4.091398700101876e-03 0.000000000000000e+00 0.000000000000000e+00 0.000000000000000e+00 0.000000000000000e+00 4.343733149945466e-03 0.000000000000000e+00 5.422885332025546e-04 1.664504953748716e-03 3.054035706425148e-03 0.000000000000000e+00 0.000000000000000e+00 3.530624633953166e-04 0.000000000000000e+00 2.330371250736403e-03 0.000000000000000e+00 2.755158020751173e-03 1.816007861957985e-03 
0.000000000000000e+00 0.000000000000000e+00 0.000000000000000e+00 0.000000000000000e+00 1.958860987474062e-03 0.000000000000000e+00 2.001074528411617e-03 0.000000000000000e+00 4.718269382939399e-03 4.955719438390132e-03 0.000000000000000e+00 0.000000000000000e+00 0.000000000000000e+00 0.000000000000000e+00 2.562658089402592e-03 8.737729646846290e-05 0.000000000000000e+00 0.000000000000000e+00 0.000000000000000e+00 0.000000000000000e+00 0.000000000000000e+00 1.040676060985784e-03 2.943106509404095e-03 3.741129870513053e-03 4.964879611968973e-06 
0.000000000000000e+00 2.235468658176858e-03 2.522479924401891e-03 0.000000000000000e+00 2.840241477406557e-03 0.000000000000000e+00 0.000000000000000e+00 2.018933453127109e-03 0.000000000000000e+00 2.127466849884136e-03 9.932948274096122e-04 0.000000000000000e+00 2.402611913398930e-03 4.942679784018726e-03 0.000000000000000e+00 4.176091543717793e-03 2.745441226079865e-03 0.000000000000000e+00 6.025939346596080e-04 0.000000000000000e+00 4.949847347983988e-03 2.329570938208341e-03 0.000000000000000e+00 2.406063016716070e-03 0.000000000000000e+00 
2.987631493298862e-04 0.000000000000000e+00 0.000000000000000e+00 0.000000000000000e+00 0.000000000000000e+00 1.679710804211044e-03 0.000000000000000e+00 0.000000000000000e+00 3.534469432402646e-03 0.000000000000000e+00 3.353990033127662e-03 1.319067953895507e-04 0.000000000000000e+00 3.697790858112273e-03 0.000000000000000e+00 1.583604213373668e-03 2.509027187154963e-03 0.000000000000000e+00 0.000000000000000e+00 1.115323840831838e-03 0.000000000000000e+00 4.877937711774073e-03 1.382663314226816e-03 0.000000000000000e+00 0.000000000000000e+00 
2.416453451962803e-03 3.012677209396910e-03 0.000000000000000e+00 0.000000000000000e+00 0.000000000000000e+00 0.000000000000000e+00 3.727370970791889e-03 0.000000000000000e+00 0.000000000000000e+00 3.795250291139247e-03 0.000000000000000e+00 0.000000000000000e+00 4.585368026486246e-03 0.000000000000000e+00 0.000000000000000e+00 0.000000000000000e+00 2.708147921628681e-03 0.000000000000000e+00 2.512338685484833e-03 1.607532701045683e-03 2.626036465172096e-03 0.000000000000000e+00 0.000000000000000e+00 0.000000000000000e+00 9.574850155990848e-04 
0.000000000000000e+00 0.000000000000000e+00 0.000000000000000e+00 0.000000000000000e+00 1.877966816150990e-03 0.000000000000000e+00 0.000000000000000e+00 0.000000000000000e+00 4.757263344051589e-03 0.000000000000000e+00 0.000000000000000e+00 0.000000000000000e+00 0.000000000000000e+00 1.533642950136114e-03 3.016527222300010e-03 4.866049532092003e-03 3.840183508682178e-03 0.000000000000000e+00 0.000000000000000e+00 0.000000000000000e+00 4.924327352720107e-03 0.000000000000000e+00 1.759014379875891e-03 0.000000000000000e+00 4.732488898929843e-03 
1.326233138533269e-03 0.000000000000000e+00 4.164423029077634e-03 2.338414575908295e-03 0.000000000000000e+00 9.914762091927211e-04 0.000000000000000e+00 0.000000000000000e+00 6.326498249669236e-04 0.000000000000000e+00 4.830562581455342e-03 0.000000000000000e+00 1.471920902896279e-03 1.734383607592638e-03 3.925824657622991e-03 0.000000000000000e+00 8.240510273725191e-04 0.000000000000000e+00 0.000000000000000e+00 0.000000000000000e+00 0.000000000000000e+00 0.000000000000000e+00 3.849435924784874e-03 0.000000000000000e+00 0.000000000000000e+00 
1.444806545689350e-03 4.884603764841872e-03 0.000000000000000e+00 1.562218083830574e-03 1.836545739732814e-03 0.000000000000000e+00 0.000000000000000e+00 0.000000000000000e+00 0.000000000000000e+00 0.000000000000000e+00 0.000000000000000e+00 0.000000000000000e+00 2.047006460223067e-03 3.862681427333002e-03 1.949428507786376e-03 1.936516494181385e-03 0.000000000000000e+00 2.508218832530250e-03 1.931879897784711e-03 4.583568130759484e-04 2.087663669272464e-03 0.000000000000000e+00 0.000000000000000e+00 2.701442865054696e-03 0.000000000000000e+00 
0.000000000000000e+00 0.000000000000000e+00 0.000000000000000e+00 2.732637161943690e-03 0.000000000000000e+00 3.593288142840324e-03 0.000000000000000e+00 0.000000000000000e+00 0.000000000000000e+00 1.144969637793131e-03 0.000000000000000e+00 0.000000000000000e+00 0.000000000000000e+00 1.221804305564150e-03 1.880423858196856e-03 1.032114522525022e-03 0.000000000000000e+00 0.000000000000000e+00 0.000000000000000e+00 3.553802781429387e-03 0.000000000000000e+00 4.785859989854320e-04 4.487455767700393e-03 2.287524045111290e-03 0.000000000000000e+00 
0.000000000000000e+00 1.657349030822997e-03 0.000000000000000e+00 4.972363594085287e-03 4.326481363941849e-03 3.745164989551116e-03 4.776459278204946e-03 2.290142237453936e-03 0.000000000000000e+00 1.459663326339393e-03 3.932407728153877e-03 3.541140819698152e-03 3.558149519486657e-03 0.000000000000000e+00 0.000000000000000e+00 4.390727942073767e-03 0.000000000000000e+00 1.679301389296049e-03 0.000000000000000e+00 4.498403478668792e-03 3.286005050451045e-03 0.000000000000000e+00 1.607963095807497e-03 2.045128841188958e-03 1.114950241681137e-03 
0.000000000000000e+00 0.000000000000000e+00 3.404710466994008e-03 0.000000000000000e+00 0.000000000000000e+00 0.000000000000000e+00 0.000000000000000e+00 2.916419413630940e-03 3.214152169412172e-03 3.222027740665006e-03 4.363340543784114e-03 2.552090692614979e-03 4.054507423348641e-03 4.950522838536934e-03 0.000000000000000e+00 2.492697762123033e-03 1.082653975569563e-03 1.149580882709583e-03 0.000000000000000e+00 3.515774935704035e-03 0.000000000000000e+00 0.000000000000000e+00 9.241738429656147e-04 3.555395894383721e-03 0.000000000000000e+00 
0.000000000000000e+00 0.000000000000000e+00 6.061057656651023e-04 7.547111225716631e-04 2.644878241309554e-03 0.000000000000000e+00 4.285020304457283e-03 0.000000000000000e+00 1.649253194579870e-03 0.000000000000000e+00 0.000000000000000e+00 0.000000000000000e+00 0.000000000000000e+00 3.279696482383759e-03 0.000000000000000e+00 0.000000000000000e+00 2.323762007376583e-03 2.219989817287420e-03 2.205684692452010e-04 2.988792413139319e-03 0.000000000000000e+00 0.000000000000000e+00 0.000000000000000e+00 0.000000000000000e+00 3.771463278983503e-03 
0.000000000000000e+00 2.082472505676396e-03 0.000000000000000e+00 2.935618778892746e-03 0.000000000000000e+00 7.897813672976671e-05 1.504259881429377e-03 3.165916454878932e-03 4.831456537835219e-03 1.766262622931001e-04 0.000000000000000e+00 2.560120040606565e-04 0.000000000000000e+00 2.377759677746590e-03 4.350377123618990e-03 0.000000000000000e+00 3.495753215313078e-03 2.904189159647608e-03 0.000000000000000e+00 4.290906326663267e-03 0.000000000000000e+00 0.000000000000000e+00 0.000000000000000e+00 0.000000000000000e+00 1.918001722287198e-03 
2.582787168798256e-04 2.042506604223056e-03 1.924736896891592e-03 6.045748399705965e-04 4.412565030542619e-03 0.000000000000000e+00 0.000000000000000e+00 0.000000000000000e+00 0.000000000000000e+00 2.011970761948575e-03 2.004671509897688e-03 0.000000000000000e+00 4.294592077976402e-03 4.131926465582836e-03 0.000000000000000e+00 2.947339023138976e-03 0.000000000000000e+00 0.000000000000000e+00 2.621379038416563e-03 0.000000000000000e+00 0.000000000000000e+00 2.517810783987060e-03 3.024926004392282e-03 0.000000000000000e+00 0.000000000000000e+00 
1.125254065658230e-03 0.000000000000000e+00 1.944786290516836e-03 2.627825671468912e-03 1.092889535898017e-03 2.687862976611026e-03 1.565741773060506e-03 1.420584721791508e-03 2.211162625452398e-03 3.815878947648607e-03 1.492858017726816e-03 0.000000000000000e+00 0.000000000000000e+00 0.000000000000000e+00 4.768195146400180e-03 5.594037762047067e-04 3.680603619762149e-03 0.000000000000000e+00 0.000000000000000e+00 3.398547636472638e-03 2.259007109439523e-03 0.000000000000000e+00 3.447220764528785e-03 4.708228662020582e-03 0.000000000000000e+00 
0.000000000000000e+00 5.026927964541943e-04 0.000000000000000e+00 2.843059771275672e-03 0.000000000000000e+00 2.662786823362994e-04 0.000000000000000e+00 2.396520608487782e-03 0.000000000000000e+00 0.000000000000000e+00 0.000000000000000e+00 2.312489048601326e-03 1.856967556943884e-04 4.288607645625120e-04 0.000000000000000e+00 0.000000000000000e+00 0.000000000000000e+00 0.000000000000000e+00 0.000000000000000e+00 0.000000000000000e+00 1.894240492817311e-03 0.000000000000000e+00 8.340366778220298e-04 2.047192366486316e-03 4.841932910493049e-03 
0.000000000000000e+00 0.000000000000000e+00 2.350144014901467e-03 0.000000000000000e+00 0.000000000000000e+00 0.000000000000000e+00 0.000000000000000e+00 0.000000000000000e+00 0.000000000000000e+00 3.702209088144467e-04 1.250836708835527e-03 4.851978923802338e-03 9.748130231134031e-04 4.475174055332673e-03 0.000000000000000e+00 0.000000000000000e+00 7.412574631034439e-04 0.000000000000000e+00 3.506064602388040e-03 2.478849663542343e-03 1.720814364849380e-03 4.281483657948347e-03 0.000000000000000e+00 0.000000000000000e+00 0.000000000000000e+00 
0.000000000000000e+00 3.306915094128248e-03 0.000000000000000e+00 1.080084342175329e-03 2.615906521099890e-03 1.657731912451682e-03 1.891322825709547e-03 4.411800457623844e-03 0.000000000000000e+00 4.574288068338008e-04 0.000000000000000e+00 4.991816387300291e-03 0.000000000000000e+00 0.000000000000000e+00 2.495282684206209e-03 0.000000000000000e+00 0.000000000000000e+00 0.000000000000000e+00 3.387810992559944e-03 0.000000000000000e+00 1.390811983745443e-03 4.060257641895023e-03 4.245355351719724e-03 3.679768805034098e-03 0.000000000000000e+00 
4.739030275489772e-03 2.812813354481261e-03 0.000000000000000e+00 3.431411965903812e-03 2.652866155276883e-05 0.000000000000000e+00 2.437926060740804e-04 0.000000000000000e+00 4.291253658628875e-03 0.000000000000000e+00 0.000000000000000e+00 3.613087785569444e-03 0.000000000000000e+00 0.000000000000000e+00 0.000000000000000e+00 0.000000000000000e+00 0.000000000000000e+00 0.000000000000000e+00 0.000000000000000e+00 0.000000000000000e+00 1.493662461809185e-03 0.000000000000000e+00 7.109570435396148e-04 0.000000000000000e+00 2.892142856564079e-04 
6.825607576565783e-04 2.071661239270382e-03 0.000000000000000e+00 2.512585564974367e-03 4.916379075249033e-03 4.341782721997435e-03 2.485766332248030e-03 0.000000000000000e+00 4.102122854059705e-03 1.828712284430147e-03 1.210034779802111e-03 4.000132361205101e-03 1.402379487493113e-03 0.000000000000000e+00 2.885780138878364e-03 0.000000000000000e+00 3.182937469990218e-03 0.000000000000000e+00 4.676184191451404e-03 3.614315126952358e-04 0.000000000000000e+00 0.000000000000000e+00 2.680487753844063e-03 1.021061660664166e-03 0.000000000000000e+00 
3.483523124328648e-03 0.000000000000000e+00 4.973329650318921e-03 1.144075081268408e-03 0.000000000000000e+00 4.016037271754500e-03 2.520857555367733e-03 0.000000000000000e+00 0.000000000000000e+00 2.834548500781115e-03 4.264120933632407e-03 0.000000000000000e+00 1.987620801338222e-03 2.766442184678310e-03 2.481567699639694e-03 0.000000000000000e+00 1.185877011257675e-03 0.000000000000000e+00 3.694002773448013e-03 0.000000000000000e+00 0.000000000000000e+00 0.000000000000000e+00 0.000000000000000e+00 0.000000000000000e+00 0.000000000000000e+00 