# File created on Fri May 17 15:41:51 2024
# The following metaparameters were used for this matrix optimization : gamma0 = 0.5; alpha0 = 0; sigma0 = 0.25; l0 = 1;p = 1; R0 = 1; S0 = 0.05; NR = 25; NS = 25; matrix path = matrices/Nr25_Nc25/consumption/RandTrix_Nr25_Nc25_Nest0.45_Conn0.424.txt; convergence threshold = 1e-08
0.000000000000000e+00 0.000000000000000e+00 1.529400521033016e-04 5.466605422909582e-06 0.000000000000000e+00 1.609978821851338e-03 2.549901234048485e-03 1.018229024552100e-03 0.000000000000000e+00 0.000000000000000e+00 1.098454338609871e-03 4.752066943938921e-03 0.000000000000000e+00 0.000000000000000e+00 0.000000000000000e+00 0.000000000000000e+00 0.000000000000000e+00 2.824811665824226e-05 2.004566693354855e-03 2.146315097680895e-03 2.774297227357831e-03 0.000000000000000e+00 3.579722869363022e-03 0.000000000000000e+00 1.122460248818567e-03 
0.000000000000000e+00 1.660937128571917e-03 0.000000000000000e+00 0.000000000000000e+00 9.800667206790044e-04 0.000000000000000e+00 0.000000000000000e+00 0.000000000000000e+00 3.921494983521124e-03 2.008907165820673e-03 1.918575600966869e-03 3.343566927295806e-03 0.000000000000000e+00 1.861801934960592e-03 0.000000000000000e+00 0.000000000000000e+00 0.000000000000000e+00 0.000000000000000e+00 0.000000000000000e+00 0.000000000000000e+00 2.181377257455999e-03 4.323391158459568e-03 0.000000000000000e+00 0.000000000000000e+00 0.000000000000000e+00 
0.000000000000000e+00 0.000000000000000e+00 0.000000000000000e+00 4.920477555093648e-03 4.090362259008776e-03 2.868859978031340e-03 3.019327201773217e-03 1.496951328331390e-04 1.444273568271462e-04 0.000000000000000e+00 0.000000000000000e+00 1.713646931150066e-03 0.000000000000000e+00 0.000000000000000e+00 0.000000000000000e+00 0.000000000000000e+00 1.288602740982649e-03 0.000000000000000e+00 0.000000000000000e+00 5.237802964789306e-04 9.862775838878079e-04 4.128330326289986e-03 4.402165755625065e-03 3.943444862767183e-03 2.932489073437539e-03 
2.125500949896805e-03 3.310188566448618e-03 5.798171501178040e-04 3.953310812955078e-03 0.000000000000000e+00 4.526607788410681e-03 1.466152843757288e-03 0.000000000000000e+00 2.352046352109755e-03 0.000000000000000e+00 0.000000000000000e+00 0.000000000000000e+00 3.250247351495864e-03 0.000000000000000e+00 1.591175767012745e-03 2.613938327357913e-04 2.728564814947732e-03 4.718493880821099e-04 0.000000000000000e+00 1.880280469138538e-03 0.000000000000000e+00 0.000000000000000e+00 4.097395260140303e-03 2.680189889915020e-03 0.000000000000000e+00 
0.000000000000000e+00 0.000000000000000e+00 4.163212404685834e-04 0.000000000000000e+00 0.000000000000000e+00 0.000000000000000e+00 0.000000000000000e+00 3.346374521936596e-03 5.507880090113903e-04 2.648958451445602e-03 2.035166332304662e-03 0.000000000000000e+00 0.000000000000000e+00 0.000000000000000e+00 0.000000000000000e+00 0.000000000000000e+00 1.863223082687192e-03 2.872205400411761e-04 0.000000000000000e+00 0.000000000000000e+00 0.000000000000000e+00 2.063864205027567e-03 3.416239232298757e-03 0.000000000000000e+00 0.000000000000000e+00 
2.668443387593466e-03 1.527496669987385e-03 6.436923962630351e-06 1.747716869980542e-03 0.000000000000000e+00 0.000000000000000e+00 0.000000000000000e+00 2.793182586721384e-03 0.000000000000000e+00 0.000000000000000e+00 2.923138904035680e-03 0.000000000000000e+00 0.000000000000000e+00 4.347383016809990e-03 0.000000000000000e+00 1.549136351781353e-03 0.000000000000000e+00 1.776786961885838e-03 3.034884726705758e-03 3.001417965948164e-03 0.000000000000000e+00 0.000000000000000e+00 1.059156076598649e-03 2.632778626112878e-03 1.871449154210706e-03 
0.000000000000000e+00 0.000000000000000e+00 0.000000000000000e+00 1.450924633128221e-03 4.913220993128229e-03 0.000000000000000e+00 0.000000000000000e+00 3.471945956341381e-03 6.374804564048225e-04 0.000000000000000e+00 0.000000000000000e+00 7.368684868934887e-04 2.121511058810405e-03 6.604187051921119e-04 0.000000000000000e+00 0.000000000000000e+00 1.886268256223925e-03 3.473813297042443e-03 0.000000000000000e+00 1.074248725834380e-03 0.000000000000000e+00 0.000000000000000e+00 0.000000000000000e+00 4.816605025242675e-03 1.148751648507799e-04 
0.000000000000000e+00 2.900279993814217e-03 3.424086643897180e-05 0.000000000000000e+00 0.000000000000000e+00 0.000000000000000e+00 1.647246191659596e-03 4.142153014156998e-03 0.000000000000000e+00 0.000000000000000e+00 0.000000000000000e+00 0.000000000000000e+00 0.000000000000000e+00 3.384235910375201e-03 0.000000000000000e+00 4.373926473429141e-03 2.640567991100539e-03 2.529662813659153e-03 2.196987524128959e-03 1.304628651854696e-03 2.782232536607019e-03 4.416002532439752e-03 3.733956585284995e-03 2.732964520348980e-03 0.000000000000000e+00 
1.358924828967599e-03 2.694918641406203e-03 0.000000000000000e+00 1.206603540054269e-03 3.686458918901536e-03 0.000000000000000e+00 1.606217391506535e-03 1.286838568424356e-03 0.000000000000000e+00 7.578117401020228e-04 0.000000000000000e+00 0.000000000000000e+00 4.260975583426884e-03 0.000000000000000e+00 4.977824467500479e-03 0.000000000000000e+00 0.000000000000000e+00 4.973515027291362e-03 0.000000000000000e+00 2.141739294572970e-03 0.000000000000000e+00 0.000000000000000e+00 0.000000000000000e+00 0.000000000000000e+00 0.000000000000000e+00 
0.000000000000000e+00 4.441374516825338e-03 0.000000000000000e+00 0.000000000000000e+00 3.850364839486102e-03 0.000000000000000e+00 3.827604331287219e-03 0.000000000000000e+00 3.848779915302215e-03 3.041165888651432e-03 0.000000000000000e+00 2.201013997088590e-03 2.615455762866721e-03 4.210312979598087e-03 1.933314127490606e-03 3.016884838267756e-03 0.000000000000000e+00 0.000000000000000e+00 3.986607170531705e-03 0.000000000000000e+00 4.780010527394478e-03 5.953100116390111e-04 1.840719561154800e-03 0.000000000000000e+00 2.482117681879287e-03 
0.000000000000000e+00 0.000000000000000e+00 0.000000000000000e+00 4.063813735799045e-05 6.739618781338802e-04 3.672418176149300e-03 0.000000000000000e+00 2.036885756723433e-03 2.348109141961818e-03 3.017948393436707e-03 1.207940728576408e-03 0.000000000000000e+00 0.000000000000000e+00 0.000000000000000e+00 1.510279859575219e-03 0.000000000000000e+00 1.885980462632436e-03 0.000000000000000e+00 1.080212090539863e-03 1.402464361552814e-03 4.628825591479924e-03 5.242006290462244e-04 2.866383348785667e-03 5.862405884625550e-05 0.000000000000000e+00 
0.000000000000000e+00 0.000000000000000e+00 0.000000000000000e+00 4.838231545249202e-03 9.242811158521908e-04 4.929617593425106e-03 0.000000000000000e+00 6.850483801623242e-04 0.000000000000000e+00 2.519567315149926e-03 0.000000000000000e+00 0.000000000000000e+00 0.000000000000000e+00 2.728266054131121e-03 0.000000000000000e+00 0.000000000000000e+00 3.831081490097839e-03 0.000000000000000e+00 0.000000000000000e+00 0.000000000000000e+00 4.907337077298615e-03 0.000000000000000e+00 2.977213851487054e-03 2.847690731556570e-03 3.437295162948554e-04 
0.000000000000000e+00 2.120607210979315e-03 0.000000000000000e+00 4.403658035460056e-03 0.000000000000000e+00 4.189193656015247e-03 2.829459286716297e-03 3.768481777735390e-03 0.000000000000000e+00 6.664716500884770e-05 0.000000000000000e+00 0.000000000000000e+00 0.000000000000000e+00 0.000000000000000e+00 0.000000000000000e+00 3.872542771525980e-03 3.670718121861571e-03 4.769962275410911e-03 0.000000000000000e+00 0.000000000000000e+00 2.406199517154551e-03 4.388527547828823e-03 0.000000000000000e+00 4.063054089333114e-03 2.552445218350536e-03 
0.000000000000000e+00 1.996961681577308e-03 4.673785422470182e-03 0.000000000000000e+00 0.000000000000000e+00 3.035098779229797e-03 0.000000000000000e+00 0.000000000000000e+00 0.000000000000000e+00 1.082550449935897e-03 4.458434299789093e-03 4.022021960217595e-03 3.338231802270027e-03 3.272860696032478e-03 0.000000000000000e+00 0.000000000000000e+00 0.000000000000000e+00 2.051710841742417e-03 1.029727427301751e-03 3.686255285871006e-03 3.824644258552747e-03 7.876126192835946e-04 0.000000000000000e+00 5.708482280173479e-04 2.128086949166900e-03 
0.000000000000000e+00 2.212608405056113e-03 0.000000000000000e+00 3.951780391680857e-03 0.000000000000000e+00 0.000000000000000e+00 0.000000000000000e+00 4.264598137381255e-03 1.487545066307599e-03 0.000000000000000e+00 0.000000000000000e+00 0.000000000000000e+00 4.949511037462972e-03 0.000000000000000e+00 0.000000000000000e+00 0.000000000000000e+00 1.523520921639837e-03 0.000000000000000e+00 0.000000000000000e+00 0.000000000000000e+00 0.000000000000000e+00 0.000000000000000e+00 3.460119952263721e-03 0.000000000000000e+00 3.661681406414794e-03 
7.716694585421999e-04 1.982833037166297e-03 3.251591508616928e-03 3.645751408778628e-03 9.257020877585732e-04 0.000000000000000e+00 4.654719657551020e-03 0.000000000000000e+00 0.000000000000000e+00 4.056032811350407e-03 0.000000000000000e+00 0.000000000000000e+00 0.000000000000000e+00 0.000000000000000e+00 3.648405803371071e-04 1.823064064749709e-03 2.282333590802691e-03 4.998042902421884e-03 4.281965536028094e-03 3.698288049343263e-03 0.000000000000000e+00 0.000000000000000e+00 0.000000000000000e+00 0.000000000000000e+00 4.228962402740417e-03 
0.000000000000000e+00 4.705296535674948e-03 1.782698331481890e-03 4.238048173739661e-03 0.000000000000000e+00 4.544252839604736e-03 8.248158556043462e-04 0.000000000000000e+00 4.872567715196533e-03 2.310868303499844e-03 0.000000000000000e+00 2.766812741681781e-03 5.377654974486715e-04 0.000000000000000e+00 2.656935901032479e-03 4.072476894874614e-03 1.373919457769386e-03 0.000000000000000e+00 0.000000000000000e+00 2.299713721156383e-03 3.756878075729683e-03 0.000000000000000e+00 0.000000000000000e+00 3.488461224377872e-03 0.000000000000000e+00 
0.000000000000000e+00 0.000000000000000e+00 2.513687987441940e-03 2.242051911918149e-03 3.410235468960214e-03 0.000000000000000e+00 0.000000000000000e+00 3.681940839810385e-03 3.252344287813589e-03 0.000000000000000e+00 0.000000000000000e+00 3.030277888894193e-05 5.548073269437276e-04 0.000000000000000e+00 0.000000000000000e+00 0.000000000000000e+00 0.000000000000000e+00 4.086106627966371e-03 4.068227027033558e-03 1.006704682021255e-03 2.382923986489073e-03 0.000000000000000e+00 0.000000000000000e+00 0.000000000000000e+00 0.000000000000000e+00 
0.000000000000000e+00 1.368297996297910e-03 0.000000000000000e+00 0.000000000000000e+00 3.830826676235199e-03 3.907504965013277e-03 0.000000000000000e+00 0.000000000000000e+00 0.000000000000000e+00 1.609637731932548e-03 1.294325559063280e-03 0.000000000000000e+00 2.135383268299431e-03 0.000000000000000e+00 0.000000000000000e+00 0.000000000000000e+00 3.889915503759047e-03 1.388024720231924e-03 0.000000000000000e+00 0.000000000000000e+00 3.522986336163090e-03 2.425469695884040e-03 0.000000000000000e+00 0.000000000000000e+00 0.000000000000000e+00 
3.558789389999234e-03 0.000000000000000e+00 0.000000000000000e+00 1.839377242239807e-03 1.329974493961533e-03 4.606284332266298e-03 0.000000000000000e+00 4.390560246998727e-03 0.000000000000000e+00 1.232599854602724e-03 0.000000000000000e+00 0.000000000000000e+00 1.256387926444552e-03 3.232631072206571e-03 0.000000000000000e+00 0.000000000000000e+00 0.000000000000000e+00 0.000000000000000e+00 0.000000000000000e+00 4.078172855290321e-03 4.529590333092225e-03 2.226306574368027e-03 1.838579907224343e-04 0.000000000000000e+00 0.000000000000000e+00 
8.786759374280788e-05 0.000000000000000e+00 1.140843789288743e-03 0.000000000000000e+00 0.000000000000000e+00 0.000000000000000e+00 0.000000000000000e+00 0.000000000000000e+00 4.327845068020434e-04 4.018709843314530e-03 4.574499217688275e-03 3.168657875987530e-04 0.000000000000000e+00 3.950623333423012e-03 0.000000000000000e+00 1.078728282785413e-03 0.000000000000000e+00 3.822199477458208e-03 0.000000000000000e+00 7.759576952355589e-04 4.863992723341015e-03 3.709141990276381e-04 0.000000000000000e+00 4.093225806636778e-03 0.000000000000000e+00 
2.683519042831845e-03 3.506929412072592e-03 4.790377387987935e-03 0.000000000000000e+00 3.657649582711683e-03 0.000000000000000e+00 1.173108227869092e-03 0.000000000000000e+00 0.000000000000000e+00 0.000000000000000e+00 4.129594400937661e-03 0.000000000000000e+00 0.000000000000000e+00 0.000000000000000e+00 3.961091258284947e-03 0.000000000000000e+00 4.667795831047159e-03 0.000000000000000e+00 1.478397668575851e-03 0.000000000000000e+00 0.000000000000000e+00 0.000000000000000e+00 3.189909226038335e-05 3.486404311358992e-03 0.000000000000000e+00 
1.128005058004247e-03 0.000000000000000e+00 0.000000000000000e+00 2.812119713081761e-03 0.000000000000000e+00 4.676792875746822e-03 3.844826502465968e-03 1.232151500011633e-03 0.000000000000000e+00 0.000000000000000e+00 0.000000000000000e+00 0.000000000000000e+00 0.000000000000000e+00 0.000000000000000e+00 1.713578724969020e-03 2.039847182136442e-04 2.950858892795998e-03 4.432792147026859e-03 0.000000000000000e+00 0.000000000000000e+00 0.000000000000000e+00 0.000000000000000e+00 4.478597373677400e-03 0.000000000000000e+00 0.000000000000000e+00 
0.000000000000000e+00 0.000000000000000e+00 0.000000000000000e+00 0.000000000000000e+00 3.324623408105237e-04 0.000000000000000e+00 0.000000000000000e+00 0.000000000000000e+00 3.069090177965545e-03 0.000000000000000e+00 0.000000000000000e+00 4.329545990125020e-03 4.725394584624776e-03 6.416763719108540e-04 4.946398343516530e-03 3.966237934110795e-03 1.937167055957958e-03 8.837958078695774e-04 0.000000000000000e+00 0.000000000000000e+00 0.000000000000000e+00 2.437119524525031e-03 0.000000000000000e+00 0.000000000000000e+00 0.000000000000000e+00 
3.700791166728160e-03 4.076458001775265e-03 0.000000000000000e+00 4.469251341486238e-03 0.000000000000000e+00 0.000000000000000e+00 0.000000000000000e+00 0.000000000000000e+00 0.000000000000000e+00 0.000000000000000e+00 1.527453185997359e-03 0.000000000000000e+00 6.638717656992745e-05 0.000000000000000e+00 3.652741995212444e-03 8.680860978950754e-04 0.000000000000000e+00 0.000000000000000e+00 3.706949194739061e-03 0.000000000000000e+00 1.002250676171526e-03 0.000000000000000e+00 6.869796986353904e-04 4.591009367681964e-04 0.000000000000000e+00 