# File created on Wed May  1 09:27:49 2024
# The following metaparameters were used for this matrix optimization : gamma0 = 0.5; alpha0 = 0; sigma0 = 0.25; l0 = 1;p = 1; R0 = 1; S0 = 0.05; NR = 25; NS = 25; matrix path = matrices/Nr25_Nc25/consumption/RandTrix_Nr25_Nc25_Nest0.55_Conn0.3824.txt; convergence threshold = 1e-08
0.000000000000000e+00 0.000000000000000e+00 2.818799833864256e-01 6.290803919179150e-01 0.000000000000000e+00 9.928116349222534e-01 0.000000000000000e+00 1.026061537381948e+00 1.011584485016623e+00 0.000000000000000e+00 0.000000000000000e+00 0.000000000000000e+00 0.000000000000000e+00 1.051679642449853e+00 1.190782696840737e+00 0.000000000000000e+00 0.000000000000000e+00 0.000000000000000e+00 0.000000000000000e+00 0.000000000000000e+00 0.000000000000000e+00 0.000000000000000e+00 3.755260066807184e-01 5.207038156943282e-01 0.000000000000000e+00 
0.000000000000000e+00 3.839491967968286e-01 0.000000000000000e+00 0.000000000000000e+00 5.691008733765418e-01 0.000000000000000e+00 0.000000000000000e+00 0.000000000000000e+00 1.047152871594728e+00 0.000000000000000e+00 0.000000000000000e+00 0.000000000000000e+00 0.000000000000000e+00 1.262938448376603e+00 0.000000000000000e+00 1.204017478613045e+00 1.106054878593371e+00 1.191246489012820e+00 1.248831188111742e+00 0.000000000000000e+00 0.000000000000000e+00 0.000000000000000e+00 0.000000000000000e+00 0.000000000000000e+00 0.000000000000000e+00 
3.305119909489765e-01 5.356842090463351e-01 0.000000000000000e+00 0.000000000000000e+00 8.160901474241755e-01 2.563644655221909e-01 0.000000000000000e+00 0.000000000000000e+00 6.084071241994012e-01 0.000000000000000e+00 0.000000000000000e+00 1.250817782605352e+00 4.054570629303593e-01 1.111862359848656e+00 0.000000000000000e+00 0.000000000000000e+00 0.000000000000000e+00 2.292158798847608e-01 5.969957764080616e-01 0.000000000000000e+00 0.000000000000000e+00 0.000000000000000e+00 0.000000000000000e+00 4.284275649458935e-01 0.000000000000000e+00 
8.084547397691519e-02 0.000000000000000e+00 0.000000000000000e+00 1.828285697330632e+00 0.000000000000000e+00 0.000000000000000e+00 2.840902377491586e-01 6.361207332491241e-01 0.000000000000000e+00 0.000000000000000e+00 0.000000000000000e+00 0.000000000000000e+00 0.000000000000000e+00 1.292699959491256e+00 8.109451771579303e-02 0.000000000000000e+00 0.000000000000000e+00 0.000000000000000e+00 0.000000000000000e+00 0.000000000000000e+00 4.358808540143425e-01 1.657878098909691e+00 0.000000000000000e+00 0.000000000000000e+00 0.000000000000000e+00 
0.000000000000000e+00 5.828046721489968e-01 4.620869917522325e-01 0.000000000000000e+00 0.000000000000000e+00 1.834998589429203e+00 9.953497536724639e-01 0.000000000000000e+00 0.000000000000000e+00 0.000000000000000e+00 0.000000000000000e+00 9.173020020135266e-01 0.000000000000000e+00 0.000000000000000e+00 0.000000000000000e+00 0.000000000000000e+00 0.000000000000000e+00 0.000000000000000e+00 0.000000000000000e+00 0.000000000000000e+00 1.140079030904625e-01 1.003136342692017e+00 3.904212382076490e-01 0.000000000000000e+00 0.000000000000000e+00 
0.000000000000000e+00 1.092534498811620e+00 4.714240430242495e-01 5.222663783071937e-01 2.059392769573817e-01 0.000000000000000e+00 6.010457753949666e-01 0.000000000000000e+00 3.219382011655679e-01 8.249582383833331e-01 0.000000000000000e+00 0.000000000000000e+00 2.195677698950450e-01 0.000000000000000e+00 0.000000000000000e+00 0.000000000000000e+00 0.000000000000000e+00 4.574826869235425e-01 0.000000000000000e+00 0.000000000000000e+00 8.502908437882510e-01 1.675765493471594e-01 0.000000000000000e+00 0.000000000000000e+00 0.000000000000000e+00 
0.000000000000000e+00 2.306113711974183e-01 2.347985346011220e-01 0.000000000000000e+00 0.000000000000000e+00 1.872885485703240e+00 0.000000000000000e+00 1.444865764237385e+00 0.000000000000000e+00 0.000000000000000e+00 0.000000000000000e+00 0.000000000000000e+00 0.000000000000000e+00 1.123256075997565e+00 0.000000000000000e+00 3.374110675886654e-02 0.000000000000000e+00 0.000000000000000e+00 0.000000000000000e+00 0.000000000000000e+00 3.189873068801458e-01 3.082777320112134e-01 0.000000000000000e+00 0.000000000000000e+00 0.000000000000000e+00 
1.347683484878621e-01 2.794950294295735e-01 0.000000000000000e+00 0.000000000000000e+00 1.313100142854233e+00 0.000000000000000e+00 4.323091661871854e-01 1.417572313409216e-01 0.000000000000000e+00 1.370632092717280e+00 0.000000000000000e+00 0.000000000000000e+00 2.933601315631872e-01 4.024688632572301e-01 0.000000000000000e+00 3.496822528518242e-01 0.000000000000000e+00 3.131055267198782e-01 0.000000000000000e+00 8.777795494615993e-01 0.000000000000000e+00 0.000000000000000e+00 0.000000000000000e+00 4.584578576034002e-01 2.094540111715273e-01 
3.197854997752273e-01 0.000000000000000e+00 0.000000000000000e+00 0.000000000000000e+00 8.538055658854454e-01 0.000000000000000e+00 0.000000000000000e+00 4.017395732466755e-01 0.000000000000000e+00 1.685165139842129e+00 0.000000000000000e+00 0.000000000000000e+00 0.000000000000000e+00 0.000000000000000e+00 0.000000000000000e+00 0.000000000000000e+00 3.597461064386265e-01 0.000000000000000e+00 0.000000000000000e+00 0.000000000000000e+00 1.892761653261984e+00 6.843162142927135e-02 0.000000000000000e+00 6.519992551161436e-01 0.000000000000000e+00 
0.000000000000000e+00 0.000000000000000e+00 3.853054792395899e-01 0.000000000000000e+00 0.000000000000000e+00 9.259932979654687e-01 0.000000000000000e+00 1.640068921745666e+00 3.491727337180145e-01 0.000000000000000e+00 0.000000000000000e+00 0.000000000000000e+00 0.000000000000000e+00 2.155720766911031e-01 0.000000000000000e+00 0.000000000000000e+00 0.000000000000000e+00 0.000000000000000e+00 0.000000000000000e+00 0.000000000000000e+00 0.000000000000000e+00 0.000000000000000e+00 0.000000000000000e+00 0.000000000000000e+00 1.335699547403730e+00 
0.000000000000000e+00 4.122088071479193e-02 0.000000000000000e+00 0.000000000000000e+00 0.000000000000000e+00 5.989538617181219e-01 7.135746876134829e-01 1.147281804902633e+00 4.664163818914951e-01 8.581019290046908e-01 0.000000000000000e+00 3.028896693354373e-01 0.000000000000000e+00 0.000000000000000e+00 0.000000000000000e+00 0.000000000000000e+00 0.000000000000000e+00 9.985519607747939e-01 0.000000000000000e+00 0.000000000000000e+00 4.771256755785885e-01 0.000000000000000e+00 0.000000000000000e+00 0.000000000000000e+00 0.000000000000000e+00 
0.000000000000000e+00 0.000000000000000e+00 8.700708841854640e-02 7.968356760391262e-01 5.446304488556317e-01 0.000000000000000e+00 0.000000000000000e+00 0.000000000000000e+00 8.458445942343486e-01 0.000000000000000e+00 0.000000000000000e+00 0.000000000000000e+00 5.777928134832494e-01 0.000000000000000e+00 0.000000000000000e+00 0.000000000000000e+00 0.000000000000000e+00 5.092585065262818e-01 1.590165988774400e+00 0.000000000000000e+00 0.000000000000000e+00 0.000000000000000e+00 4.111017984554666e-01 0.000000000000000e+00 0.000000000000000e+00 
0.000000000000000e+00 0.000000000000000e+00 1.121475515397173e-01 0.000000000000000e+00 8.690977413586751e-01 0.000000000000000e+00 9.330124704089252e-01 0.000000000000000e+00 0.000000000000000e+00 0.000000000000000e+00 0.000000000000000e+00 0.000000000000000e+00 7.732936492599408e-01 0.000000000000000e+00 4.281975677758066e-01 6.544872021971446e-01 0.000000000000000e+00 6.623592277149799e-01 0.000000000000000e+00 0.000000000000000e+00 0.000000000000000e+00 2.709960678358832e-02 8.454626051132273e-01 0.000000000000000e+00 1.498017307493514e+00 
0.000000000000000e+00 5.580190366954226e-01 0.000000000000000e+00 0.000000000000000e+00 0.000000000000000e+00 4.519147615921211e-02 8.310543568859170e-01 0.000000000000000e+00 0.000000000000000e+00 0.000000000000000e+00 0.000000000000000e+00 0.000000000000000e+00 1.729585394178640e+00 0.000000000000000e+00 0.000000000000000e+00 3.860946920228116e-01 0.000000000000000e+00 0.000000000000000e+00 2.952623246205549e-01 0.000000000000000e+00 0.000000000000000e+00 0.000000000000000e+00 2.727459760374853e-01 0.000000000000000e+00 0.000000000000000e+00 
6.143532660685404e-01 7.615670732607828e-01 0.000000000000000e+00 6.203185137535923e-01 0.000000000000000e+00 0.000000000000000e+00 0.000000000000000e+00 2.207882149585612e-01 2.573329121353268e-01 0.000000000000000e+00 0.000000000000000e+00 0.000000000000000e+00 0.000000000000000e+00 0.000000000000000e+00 4.019841750183707e-01 0.000000000000000e+00 0.000000000000000e+00 0.000000000000000e+00 0.000000000000000e+00 5.211189174463166e-01 0.000000000000000e+00 0.000000000000000e+00 0.000000000000000e+00 0.000000000000000e+00 5.365085983584738e-01 
0.000000000000000e+00 0.000000000000000e+00 3.753064268895201e-01 0.000000000000000e+00 0.000000000000000e+00 0.000000000000000e+00 0.000000000000000e+00 9.678401598538787e-01 2.756895982122353e-01 7.368899050249108e-01 0.000000000000000e+00 5.919954561768982e-01 0.000000000000000e+00 0.000000000000000e+00 0.000000000000000e+00 0.000000000000000e+00 0.000000000000000e+00 0.000000000000000e+00 0.000000000000000e+00 0.000000000000000e+00 4.850052415115016e-01 0.000000000000000e+00 0.000000000000000e+00 0.000000000000000e+00 0.000000000000000e+00 
1.078833268093880e+00 0.000000000000000e+00 0.000000000000000e+00 3.970745479907164e-01 0.000000000000000e+00 1.721694439488231e-02 8.150574669273106e-01 3.320500350518302e-01 0.000000000000000e+00 3.999409807023696e-01 0.000000000000000e+00 1.972388195058190e-01 2.278400653112167e-01 0.000000000000000e+00 0.000000000000000e+00 0.000000000000000e+00 0.000000000000000e+00 0.000000000000000e+00 0.000000000000000e+00 0.000000000000000e+00 0.000000000000000e+00 0.000000000000000e+00 0.000000000000000e+00 0.000000000000000e+00 0.000000000000000e+00 
0.000000000000000e+00 0.000000000000000e+00 4.519003223122032e-01 8.042728425963966e-01 3.970407694813656e-01 0.000000000000000e+00 0.000000000000000e+00 2.927345424581297e-01 0.000000000000000e+00 0.000000000000000e+00 0.000000000000000e+00 0.000000000000000e+00 0.000000000000000e+00 0.000000000000000e+00 0.000000000000000e+00 0.000000000000000e+00 3.635233218075828e-01 0.000000000000000e+00 0.000000000000000e+00 9.489641091445087e-01 0.000000000000000e+00 0.000000000000000e+00 3.675822015021046e-01 0.000000000000000e+00 0.000000000000000e+00 
0.000000000000000e+00 0.000000000000000e+00 0.000000000000000e+00 4.275402208410497e-01 7.392855051101981e-01 2.655200336785798e-01 0.000000000000000e+00 2.765808376765997e-01 6.045205435592040e-01 0.000000000000000e+00 0.000000000000000e+00 0.000000000000000e+00 0.000000000000000e+00 0.000000000000000e+00 0.000000000000000e+00 0.000000000000000e+00 3.821190464629004e-01 3.094691755077870e-01 0.000000000000000e+00 0.000000000000000e+00 1.643869353597779e-01 1.243271965833407e-01 0.000000000000000e+00 0.000000000000000e+00 0.000000000000000e+00 
0.000000000000000e+00 1.770164026735287e-01 0.000000000000000e+00 0.000000000000000e+00 5.431503613561438e-01 2.783083484741843e-01 2.677193831290039e-01 0.000000000000000e+00 0.000000000000000e+00 0.000000000000000e+00 0.000000000000000e+00 0.000000000000000e+00 4.518966354049203e-01 5.248908102298437e-01 0.000000000000000e+00 0.000000000000000e+00 0.000000000000000e+00 0.000000000000000e+00 1.055445665691638e-01 0.000000000000000e+00 0.000000000000000e+00 0.000000000000000e+00 0.000000000000000e+00 1.578453300264451e+00 0.000000000000000e+00 
0.000000000000000e+00 0.000000000000000e+00 0.000000000000000e+00 2.168751697768230e-01 9.615385029102204e-01 0.000000000000000e+00 3.555840283910724e-01 0.000000000000000e+00 0.000000000000000e+00 0.000000000000000e+00 8.000777495721174e-01 0.000000000000000e+00 0.000000000000000e+00 2.331533199786769e-01 0.000000000000000e+00 0.000000000000000e+00 0.000000000000000e+00 0.000000000000000e+00 0.000000000000000e+00 0.000000000000000e+00 0.000000000000000e+00 0.000000000000000e+00 0.000000000000000e+00 2.060474077149732e-01 0.000000000000000e+00 
0.000000000000000e+00 0.000000000000000e+00 3.421023444764323e-01 2.772795774313929e-01 3.477870488908523e-01 0.000000000000000e+00 0.000000000000000e+00 0.000000000000000e+00 0.000000000000000e+00 0.000000000000000e+00 0.000000000000000e+00 1.371239622424767e-01 0.000000000000000e+00 0.000000000000000e+00 6.826589073658389e-01 0.000000000000000e+00 0.000000000000000e+00 0.000000000000000e+00 0.000000000000000e+00 1.252261448071076e+00 0.000000000000000e+00 0.000000000000000e+00 0.000000000000000e+00 0.000000000000000e+00 0.000000000000000e+00 
0.000000000000000e+00 0.000000000000000e+00 0.000000000000000e+00 0.000000000000000e+00 6.969334792224705e-01 0.000000000000000e+00 7.841360978326431e-01 0.000000000000000e+00 2.523144240769364e-01 0.000000000000000e+00 0.000000000000000e+00 0.000000000000000e+00 7.541087336469422e-01 0.000000000000000e+00 0.000000000000000e+00 0.000000000000000e+00 0.000000000000000e+00 0.000000000000000e+00 0.000000000000000e+00 1.345219228194406e-01 0.000000000000000e+00 0.000000000000000e+00 0.000000000000000e+00 0.000000000000000e+00 0.000000000000000e+00 
1.121294714681746e-01 2.255639130590623e-01 1.781040299037542e-01 0.000000000000000e+00 0.000000000000000e+00 0.000000000000000e+00 6.466170546208668e-01 1.247149194909314e-01 0.000000000000000e+00 6.625468090322484e-01 0.000000000000000e+00 0.000000000000000e+00 0.000000000000000e+00 3.679772521528411e-01 0.000000000000000e+00 0.000000000000000e+00 0.000000000000000e+00 0.000000000000000e+00 0.000000000000000e+00 0.000000000000000e+00 0.000000000000000e+00 0.000000000000000e+00 0.000000000000000e+00 2.900867509951475e-01 0.000000000000000e+00 
0.000000000000000e+00 0.000000000000000e+00 0.000000000000000e+00 0.000000000000000e+00 6.280288917854550e-01 5.667159579576772e-01 2.291461518925586e-01 0.000000000000000e+00 2.369422716648509e-01 0.000000000000000e+00 0.000000000000000e+00 0.000000000000000e+00 0.000000000000000e+00 0.000000000000000e+00 0.000000000000000e+00 0.000000000000000e+00 0.000000000000000e+00 0.000000000000000e+00 0.000000000000000e+00 0.000000000000000e+00 7.300271423406626e-02 0.000000000000000e+00 0.000000000000000e+00 0.000000000000000e+00 0.000000000000000e+00 