# File created on Tue Apr 30 10:13:13 2024
# The following metaparameters were used for this matrix optimization : gamma0 = 0.5; alpha0 = 0; sigma0 = 0.25; l0 = 1;p = 1; R0 = 1; S0 = 0.05; NR = 25; NS = 25; matrix path = matrices/Nr25_Nc25/consumption/RandTrix_Nr25_Nc25_Nest0.45_Conn0.216.txt; convergence threshold = 1e-08
1.186987928906143e+00 1.444896370561996e-01 2.102376640163467e-01 1.435919635364887e+00 3.889952666998291e-01 0.000000000000000e+00 2.264014864961821e-01 0.000000000000000e+00 1.118883377561656e+00 0.000000000000000e+00 0.000000000000000e+00 0.000000000000000e+00 0.000000000000000e+00 0.000000000000000e+00 9.001069430274938e-01 0.000000000000000e+00 0.000000000000000e+00 0.000000000000000e+00 0.000000000000000e+00 0.000000000000000e+00 0.000000000000000e+00 7.162865347063937e-01 1.673142958692995e+00 0.000000000000000e+00 0.000000000000000e+00 
1.816275600067252e-01 5.800838843859221e-01 3.034234310441447e-01 6.614775701913537e-01 5.534423110383168e-01 7.551313354806917e-01 4.372475211887943e-01 4.624473873646559e-02 4.929733253564902e-01 0.000000000000000e+00 1.961457859538783e-01 0.000000000000000e+00 1.985103241668802e-01 0.000000000000000e+00 0.000000000000000e+00 0.000000000000000e+00 3.256247444957195e-01 0.000000000000000e+00 0.000000000000000e+00 7.024015641634908e-01 0.000000000000000e+00 0.000000000000000e+00 7.488348602835964e-01 0.000000000000000e+00 0.000000000000000e+00 
0.000000000000000e+00 1.047198351469554e-01 3.083500959129987e-01 7.029152024424057e-01 5.000711175463888e-01 0.000000000000000e+00 1.897521985793008e-01 4.849025248229012e-01 2.699326879948565e-01 2.069299735204197e-01 2.624592014155986e-01 0.000000000000000e+00 0.000000000000000e+00 0.000000000000000e+00 1.257605168967283e-01 0.000000000000000e+00 7.598141266714655e-01 0.000000000000000e+00 0.000000000000000e+00 2.609098400206615e-01 0.000000000000000e+00 0.000000000000000e+00 4.325634229571401e-01 1.164835512548534e+00 0.000000000000000e+00 
0.000000000000000e+00 9.698013223422405e-01 4.599190953096928e-01 0.000000000000000e+00 1.118380780156244e-01 0.000000000000000e+00 0.000000000000000e+00 0.000000000000000e+00 0.000000000000000e+00 5.068084413556332e-01 0.000000000000000e+00 0.000000000000000e+00 0.000000000000000e+00 8.840492092999097e-01 0.000000000000000e+00 0.000000000000000e+00 0.000000000000000e+00 0.000000000000000e+00 5.114990089050797e-01 0.000000000000000e+00 0.000000000000000e+00 0.000000000000000e+00 0.000000000000000e+00 0.000000000000000e+00 0.000000000000000e+00 
0.000000000000000e+00 1.704716132980344e-01 0.000000000000000e+00 0.000000000000000e+00 3.479066023964123e-01 0.000000000000000e+00 0.000000000000000e+00 0.000000000000000e+00 0.000000000000000e+00 4.850451172412265e-01 0.000000000000000e+00 0.000000000000000e+00 2.456296391277707e-01 0.000000000000000e+00 0.000000000000000e+00 3.314078477585582e-02 6.255819278823635e-01 0.000000000000000e+00 3.541358242962361e-01 0.000000000000000e+00 0.000000000000000e+00 9.872209709620850e-01 0.000000000000000e+00 0.000000000000000e+00 8.100842714281266e-01 
4.327196728006066e-01 0.000000000000000e+00 9.007398017876135e-01 5.224178292975912e-01 0.000000000000000e+00 0.000000000000000e+00 0.000000000000000e+00 0.000000000000000e+00 0.000000000000000e+00 0.000000000000000e+00 0.000000000000000e+00 0.000000000000000e+00 0.000000000000000e+00 0.000000000000000e+00 0.000000000000000e+00 0.000000000000000e+00 0.000000000000000e+00 5.774227482633360e-02 1.935122882287881e-01 0.000000000000000e+00 0.000000000000000e+00 0.000000000000000e+00 0.000000000000000e+00 0.000000000000000e+00 1.100566554897426e+00 
4.728919081166414e-01 0.000000000000000e+00 7.498214894200438e-01 0.000000000000000e+00 0.000000000000000e+00 5.141045143615109e-01 7.154755262443371e-01 0.000000000000000e+00 0.000000000000000e+00 0.000000000000000e+00 0.000000000000000e+00 0.000000000000000e+00 0.000000000000000e+00 0.000000000000000e+00 2.771249652138126e-01 0.000000000000000e+00 0.000000000000000e+00 0.000000000000000e+00 0.000000000000000e+00 0.000000000000000e+00 0.000000000000000e+00 0.000000000000000e+00 0.000000000000000e+00 0.000000000000000e+00 0.000000000000000e+00 
5.795054308835821e-01 0.000000000000000e+00 4.641835423049469e-01 0.000000000000000e+00 0.000000000000000e+00 0.000000000000000e+00 2.521168798929336e-01 6.337009582253092e-01 6.142243423326057e-01 0.000000000000000e+00 0.000000000000000e+00 0.000000000000000e+00 0.000000000000000e+00 0.000000000000000e+00 0.000000000000000e+00 3.757038770383546e-01 0.000000000000000e+00 0.000000000000000e+00 0.000000000000000e+00 0.000000000000000e+00 0.000000000000000e+00 0.000000000000000e+00 0.000000000000000e+00 0.000000000000000e+00 0.000000000000000e+00 
4.466392272597472e-01 3.828899627608698e-01 5.464835448740682e-01 4.018604301936341e-01 0.000000000000000e+00 5.853685252426503e-01 0.000000000000000e+00 0.000000000000000e+00 0.000000000000000e+00 0.000000000000000e+00 0.000000000000000e+00 0.000000000000000e+00 0.000000000000000e+00 0.000000000000000e+00 0.000000000000000e+00 0.000000000000000e+00 2.262514975992455e-01 0.000000000000000e+00 5.258059592651528e-01 0.000000000000000e+00 0.000000000000000e+00 1.837314827704948e-01 0.000000000000000e+00 0.000000000000000e+00 0.000000000000000e+00 
0.000000000000000e+00 0.000000000000000e+00 1.024667838604803e+00 0.000000000000000e+00 0.000000000000000e+00 0.000000000000000e+00 0.000000000000000e+00 0.000000000000000e+00 0.000000000000000e+00 0.000000000000000e+00 5.949758503579759e-01 0.000000000000000e+00 0.000000000000000e+00 0.000000000000000e+00 0.000000000000000e+00 0.000000000000000e+00 0.000000000000000e+00 0.000000000000000e+00 0.000000000000000e+00 0.000000000000000e+00 0.000000000000000e+00 1.076004762583325e+00 6.034633099646886e-01 0.000000000000000e+00 1.478649207565550e+00 
3.989770718385444e-01 6.936382968769509e-01 6.211776896609633e-01 0.000000000000000e+00 0.000000000000000e+00 0.000000000000000e+00 0.000000000000000e+00 0.000000000000000e+00 0.000000000000000e+00 0.000000000000000e+00 0.000000000000000e+00 2.602296045096738e-01 0.000000000000000e+00 0.000000000000000e+00 0.000000000000000e+00 0.000000000000000e+00 0.000000000000000e+00 0.000000000000000e+00 0.000000000000000e+00 0.000000000000000e+00 0.000000000000000e+00 0.000000000000000e+00 0.000000000000000e+00 0.000000000000000e+00 0.000000000000000e+00 
8.079115701895554e-01 2.179752551042166e-01 0.000000000000000e+00 6.523298781135565e-01 2.709834499693939e-02 0.000000000000000e+00 0.000000000000000e+00 0.000000000000000e+00 0.000000000000000e+00 0.000000000000000e+00 0.000000000000000e+00 1.464772699323807e-01 0.000000000000000e+00 0.000000000000000e+00 0.000000000000000e+00 0.000000000000000e+00 0.000000000000000e+00 0.000000000000000e+00 0.000000000000000e+00 0.000000000000000e+00 0.000000000000000e+00 0.000000000000000e+00 5.397540045040896e-01 0.000000000000000e+00 0.000000000000000e+00 
0.000000000000000e+00 0.000000000000000e+00 4.730357090368968e-01 7.595347325208531e-01 0.000000000000000e+00 0.000000000000000e+00 0.000000000000000e+00 0.000000000000000e+00 0.000000000000000e+00 0.000000000000000e+00 0.000000000000000e+00 1.381827510636262e-01 4.142703607670691e-01 0.000000000000000e+00 0.000000000000000e+00 0.000000000000000e+00 0.000000000000000e+00 0.000000000000000e+00 0.000000000000000e+00 0.000000000000000e+00 0.000000000000000e+00 0.000000000000000e+00 4.763287257287167e-01 0.000000000000000e+00 0.000000000000000e+00 
0.000000000000000e+00 0.000000000000000e+00 1.909553633433038e-01 0.000000000000000e+00 0.000000000000000e+00 8.388325760685567e-01 0.000000000000000e+00 0.000000000000000e+00 0.000000000000000e+00 0.000000000000000e+00 0.000000000000000e+00 0.000000000000000e+00 0.000000000000000e+00 0.000000000000000e+00 4.218458496384017e-01 0.000000000000000e+00 0.000000000000000e+00 0.000000000000000e+00 0.000000000000000e+00 0.000000000000000e+00 7.300510145198911e-02 6.761997329032983e-01 0.000000000000000e+00 1.307286289240055e-01 0.000000000000000e+00 
0.000000000000000e+00 5.289647870134849e-01 0.000000000000000e+00 0.000000000000000e+00 5.607300799458340e-01 0.000000000000000e+00 0.000000000000000e+00 4.711057491295945e-01 0.000000000000000e+00 0.000000000000000e+00 0.000000000000000e+00 0.000000000000000e+00 0.000000000000000e+00 0.000000000000000e+00 6.529673155389427e-01 0.000000000000000e+00 0.000000000000000e+00 0.000000000000000e+00 0.000000000000000e+00 0.000000000000000e+00 0.000000000000000e+00 0.000000000000000e+00 0.000000000000000e+00 0.000000000000000e+00 0.000000000000000e+00 
0.000000000000000e+00 6.909074883934843e-01 0.000000000000000e+00 6.672390136987302e-01 1.469911178724467e-01 0.000000000000000e+00 0.000000000000000e+00 0.000000000000000e+00 0.000000000000000e+00 0.000000000000000e+00 5.172959059637375e-01 0.000000000000000e+00 0.000000000000000e+00 0.000000000000000e+00 1.804008601397086e-02 0.000000000000000e+00 0.000000000000000e+00 0.000000000000000e+00 0.000000000000000e+00 0.000000000000000e+00 0.000000000000000e+00 0.000000000000000e+00 0.000000000000000e+00 0.000000000000000e+00 0.000000000000000e+00 
0.000000000000000e+00 0.000000000000000e+00 0.000000000000000e+00 0.000000000000000e+00 0.000000000000000e+00 0.000000000000000e+00 4.821484325866924e-01 0.000000000000000e+00 4.454912617146929e-02 4.172561412979389e-01 0.000000000000000e+00 0.000000000000000e+00 0.000000000000000e+00 0.000000000000000e+00 5.087918017260477e-01 0.000000000000000e+00 0.000000000000000e+00 0.000000000000000e+00 0.000000000000000e+00 0.000000000000000e+00 0.000000000000000e+00 0.000000000000000e+00 0.000000000000000e+00 0.000000000000000e+00 2.865039362761926e-02 
4.113647702627435e-01 0.000000000000000e+00 0.000000000000000e+00 0.000000000000000e+00 0.000000000000000e+00 7.058282851660272e-02 6.105000317523259e-01 0.000000000000000e+00 0.000000000000000e+00 0.000000000000000e+00 2.277249081258635e-01 0.000000000000000e+00 1.459357339717779e-02 1.689513132837784e-01 0.000000000000000e+00 0.000000000000000e+00 0.000000000000000e+00 0.000000000000000e+00 0.000000000000000e+00 0.000000000000000e+00 0.000000000000000e+00 0.000000000000000e+00 0.000000000000000e+00 0.000000000000000e+00 0.000000000000000e+00 
6.291973288976881e-01 0.000000000000000e+00 0.000000000000000e+00 1.771456876614565e-01 0.000000000000000e+00 0.000000000000000e+00 0.000000000000000e+00 5.238408557296117e-01 0.000000000000000e+00 0.000000000000000e+00 0.000000000000000e+00 0.000000000000000e+00 0.000000000000000e+00 0.000000000000000e+00 0.000000000000000e+00 0.000000000000000e+00 0.000000000000000e+00 0.000000000000000e+00 1.960549463161944e-01 0.000000000000000e+00 1.672103849303676e-01 1.595085468852392e-01 0.000000000000000e+00 0.000000000000000e+00 3.031721116909701e-02 
4.702313276330072e-01 5.312907610952891e-01 0.000000000000000e+00 0.000000000000000e+00 0.000000000000000e+00 0.000000000000000e+00 0.000000000000000e+00 4.928839052663966e-01 3.381677099278762e-02 0.000000000000000e+00 0.000000000000000e+00 0.000000000000000e+00 0.000000000000000e+00 0.000000000000000e+00 0.000000000000000e+00 0.000000000000000e+00 0.000000000000000e+00 0.000000000000000e+00 0.000000000000000e+00 0.000000000000000e+00 0.000000000000000e+00 0.000000000000000e+00 0.000000000000000e+00 0.000000000000000e+00 0.000000000000000e+00 
0.000000000000000e+00 0.000000000000000e+00 0.000000000000000e+00 4.937866072026787e-01 0.000000000000000e+00 0.000000000000000e+00 4.533483453846061e-01 0.000000000000000e+00 0.000000000000000e+00 0.000000000000000e+00 0.000000000000000e+00 0.000000000000000e+00 0.000000000000000e+00 0.000000000000000e+00 0.000000000000000e+00 0.000000000000000e+00 0.000000000000000e+00 0.000000000000000e+00 4.619354525361967e-01 0.000000000000000e+00 0.000000000000000e+00 0.000000000000000e+00 0.000000000000000e+00 0.000000000000000e+00 0.000000000000000e+00 
0.000000000000000e+00 6.262812719721948e-01 0.000000000000000e+00 0.000000000000000e+00 0.000000000000000e+00 0.000000000000000e+00 0.000000000000000e+00 0.000000000000000e+00 0.000000000000000e+00 0.000000000000000e+00 4.285762929839239e-01 0.000000000000000e+00 0.000000000000000e+00 0.000000000000000e+00 0.000000000000000e+00 0.000000000000000e+00 0.000000000000000e+00 0.000000000000000e+00 0.000000000000000e+00 0.000000000000000e+00 0.000000000000000e+00 0.000000000000000e+00 0.000000000000000e+00 0.000000000000000e+00 0.000000000000000e+00 
3.491543098295666e-01 6.042486899409574e-02 0.000000000000000e+00 0.000000000000000e+00 0.000000000000000e+00 0.000000000000000e+00 0.000000000000000e+00 0.000000000000000e+00 0.000000000000000e+00 4.324293058069473e-01 0.000000000000000e+00 0.000000000000000e+00 0.000000000000000e+00 0.000000000000000e+00 0.000000000000000e+00 9.513707057113542e-02 0.000000000000000e+00 0.000000000000000e+00 0.000000000000000e+00 0.000000000000000e+00 0.000000000000000e+00 0.000000000000000e+00 0.000000000000000e+00 1.201166125992692e-01 0.000000000000000e+00 
0.000000000000000e+00 0.000000000000000e+00 0.000000000000000e+00 4.844665880234487e-01 0.000000000000000e+00 0.000000000000000e+00 0.000000000000000e+00 0.000000000000000e+00 0.000000000000000e+00 0.000000000000000e+00 0.000000000000000e+00 0.000000000000000e+00 0.000000000000000e+00 0.000000000000000e+00 0.000000000000000e+00 0.000000000000000e+00 0.000000000000000e+00 0.000000000000000e+00 3.296876982333105e-02 0.000000000000000e+00 0.000000000000000e+00 0.000000000000000e+00 0.000000000000000e+00 0.000000000000000e+00 3.632353093190044e-01 
0.000000000000000e+00 0.000000000000000e+00 0.000000000000000e+00 0.000000000000000e+00 0.000000000000000e+00 0.000000000000000e+00 0.000000000000000e+00 3.805766070312139e-01 0.000000000000000e+00 0.000000000000000e+00 0.000000000000000e+00 0.000000000000000e+00 0.000000000000000e+00 0.000000000000000e+00 0.000000000000000e+00 0.000000000000000e+00 0.000000000000000e+00 0.000000000000000e+00 0.000000000000000e+00 1.266133825402344e-01 0.000000000000000e+00 0.000000000000000e+00 0.000000000000000e+00 0.000000000000000e+00 0.000000000000000e+00 