# File created on Fri May 17 15:41:48 2024
# The following metaparameters were used for this matrix optimization : gamma0 = 0.5; alpha0 = 0; sigma0 = 0.25; l0 = 1;p = 1; R0 = 1; S0 = 0.05; NR = 25; NS = 25; matrix path = matrices/Nr25_Nc25/consumption/RandTrix_Nr25_Nc25_Nest0.35_Conn0.08.txt; convergence threshold = 1e-08
1.953030556104370e-03 0.000000000000000e+00 4.238338693982792e-03 6.864614449051657e-04 8.632529771301499e-04 0.000000000000000e+00 2.740782096872437e-03 1.715044031883601e-03 8.802518134064351e-04 2.428855497861199e-03 0.000000000000000e+00 0.000000000000000e+00 0.000000000000000e+00 3.527132709865586e-03 2.731398006861495e-03 0.000000000000000e+00 0.000000000000000e+00 0.000000000000000e+00 2.225809454779532e-03 0.000000000000000e+00 2.244057080067827e-03 3.892672287708949e-03 0.000000000000000e+00 0.000000000000000e+00 3.453778002812640e-03 
0.000000000000000e+00 1.559943447479235e-03 0.000000000000000e+00 4.026697934954282e-03 0.000000000000000e+00 0.000000000000000e+00 0.000000000000000e+00 0.000000000000000e+00 0.000000000000000e+00 0.000000000000000e+00 1.424396418700355e-03 1.935843010136262e-03 0.000000000000000e+00 0.000000000000000e+00 0.000000000000000e+00 0.000000000000000e+00 0.000000000000000e+00 2.740523356832821e-03 1.165405249653090e-03 0.000000000000000e+00 3.345167181327341e-03 0.000000000000000e+00 2.103869864028332e-03 4.026099387162353e-03 8.225336614372388e-04 
0.000000000000000e+00 0.000000000000000e+00 0.000000000000000e+00 0.000000000000000e+00 0.000000000000000e+00 0.000000000000000e+00 2.010500202088471e-04 0.000000000000000e+00 3.436498148629185e-03 1.468633561060945e-03 2.723767723446642e-03 4.363263238472851e-03 3.357454241862931e-03 4.508911234742545e-03 0.000000000000000e+00 0.000000000000000e+00 7.302178208307549e-04 1.735692539887761e-03 1.572960867537098e-03 0.000000000000000e+00 0.000000000000000e+00 0.000000000000000e+00 2.725923932126564e-03 0.000000000000000e+00 0.000000000000000e+00 
4.707040436975335e-03 3.808610395811437e-03 4.778136351636413e-03 0.000000000000000e+00 0.000000000000000e+00 4.137653833615824e-03 0.000000000000000e+00 2.856919462457511e-04 0.000000000000000e+00 0.000000000000000e+00 2.299930329790374e-04 4.498074882749523e-03 0.000000000000000e+00 4.865216580767619e-03 5.828846648726218e-04 0.000000000000000e+00 3.704076280669179e-03 0.000000000000000e+00 0.000000000000000e+00 0.000000000000000e+00 2.830732698097726e-03 1.769777481314689e-03 2.776148838038659e-04 0.000000000000000e+00 1.797659399351704e-03 
0.000000000000000e+00 0.000000000000000e+00 0.000000000000000e+00 3.435940382292079e-03 9.060276215148393e-04 0.000000000000000e+00 0.000000000000000e+00 7.063774676797068e-04 0.000000000000000e+00 0.000000000000000e+00 2.020276235478356e-03 4.813176538711068e-03 0.000000000000000e+00 0.000000000000000e+00 0.000000000000000e+00 2.526984714832557e-03 0.000000000000000e+00 0.000000000000000e+00 0.000000000000000e+00 1.174683526726793e-03 0.000000000000000e+00 1.476575065136647e-03 0.000000000000000e+00 0.000000000000000e+00 0.000000000000000e+00 
0.000000000000000e+00 0.000000000000000e+00 0.000000000000000e+00 4.713626600713115e-03 2.558205051617502e-03 4.992140175904754e-03 0.000000000000000e+00 0.000000000000000e+00 0.000000000000000e+00 1.540521787490707e-03 4.670178288639507e-03 2.230932310773762e-03 0.000000000000000e+00 0.000000000000000e+00 0.000000000000000e+00 0.000000000000000e+00 1.726975343979174e-03 0.000000000000000e+00 0.000000000000000e+00 0.000000000000000e+00 0.000000000000000e+00 1.873223649066798e-04 2.543861232571948e-07 2.762120536449939e-03 2.823687618633549e-03 
2.656184342337651e-03 0.000000000000000e+00 4.791277802648067e-03 4.208787758405430e-04 0.000000000000000e+00 0.000000000000000e+00 1.101407239825168e-04 0.000000000000000e+00 1.313058429780688e-03 0.000000000000000e+00 0.000000000000000e+00 3.449324000284820e-04 0.000000000000000e+00 0.000000000000000e+00 0.000000000000000e+00 1.952804293105796e-03 0.000000000000000e+00 1.040526175090031e-03 8.274570320446499e-05 0.000000000000000e+00 4.164273165165973e-03 2.808593470751850e-03 4.044577350362642e-03 0.000000000000000e+00 3.244570855536458e-03 
0.000000000000000e+00 3.219075635191564e-03 1.863718732168245e-03 0.000000000000000e+00 3.408797662424546e-03 0.000000000000000e+00 0.000000000000000e+00 0.000000000000000e+00 0.000000000000000e+00 2.776061768449715e-03 3.487367725910333e-03 0.000000000000000e+00 0.000000000000000e+00 0.000000000000000e+00 0.000000000000000e+00 0.000000000000000e+00 7.440571838311754e-04 0.000000000000000e+00 0.000000000000000e+00 0.000000000000000e+00 0.000000000000000e+00 1.903586088889618e-03 0.000000000000000e+00 0.000000000000000e+00 0.000000000000000e+00 
2.001843431696263e-03 0.000000000000000e+00 0.000000000000000e+00 0.000000000000000e+00 1.995639726634062e-03 8.845159002009462e-04 2.333731431478057e-03 2.706338230346874e-03 0.000000000000000e+00 0.000000000000000e+00 0.000000000000000e+00 4.012100463444059e-03 2.721509690040068e-03 0.000000000000000e+00 4.327512541291462e-03 0.000000000000000e+00 9.171482930603445e-04 0.000000000000000e+00 0.000000000000000e+00 3.811556509750063e-03 2.435988225064538e-03 0.000000000000000e+00 0.000000000000000e+00 1.214158303816906e-03 2.335208220864210e-03 
0.000000000000000e+00 8.242414824465903e-04 4.376940966266300e-03 4.606010728784138e-03 4.375092034977748e-03 4.573536266469029e-03 3.655627646151082e-03 4.889094699859923e-03 3.051259043534642e-03 0.000000000000000e+00 4.923534911268544e-03 2.395174621638791e-03 3.171163140302915e-03 1.533191356808244e-03 0.000000000000000e+00 1.624636016755678e-03 2.683744189313212e-03 0.000000000000000e+00 0.000000000000000e+00 0.000000000000000e+00 1.751498001294998e-03 4.872747368531382e-03 4.944327922069625e-03 2.791343880525479e-03 0.000000000000000e+00 
0.000000000000000e+00 8.635476204248196e-04 5.780109144644715e-04 1.514689631807201e-03 0.000000000000000e+00 2.668257834091524e-05 0.000000000000000e+00 1.217845571846788e-03 0.000000000000000e+00 2.655111307011847e-04 0.000000000000000e+00 0.000000000000000e+00 1.201746397177298e-03 0.000000000000000e+00 3.111762950035785e-03 0.000000000000000e+00 2.324995409850584e-03 0.000000000000000e+00 3.609867371107710e-03 3.551594815501050e-03 0.000000000000000e+00 6.993606952752078e-05 0.000000000000000e+00 0.000000000000000e+00 4.115863849096437e-03 
0.000000000000000e+00 0.000000000000000e+00 0.000000000000000e+00 3.139587147451551e-03 0.000000000000000e+00 7.195602999392105e-04 2.487198156591753e-03 4.101578402350921e-03 0.000000000000000e+00 0.000000000000000e+00 0.000000000000000e+00 8.430052257593498e-04 0.000000000000000e+00 0.000000000000000e+00 0.000000000000000e+00 0.000000000000000e+00 1.779919885076236e-03 4.899516526839083e-03 7.095455540932059e-04 4.757555617610368e-03 0.000000000000000e+00 8.624288732578303e-04 3.754721249087270e-03 0.000000000000000e+00 0.000000000000000e+00 
0.000000000000000e+00 0.000000000000000e+00 2.521414728328897e-03 2.060450830702269e-03 4.129720405729873e-03 0.000000000000000e+00 0.000000000000000e+00 0.000000000000000e+00 1.433171648452495e-03 0.000000000000000e+00 0.000000000000000e+00 0.000000000000000e+00 0.000000000000000e+00 5.022783836563495e-05 3.773959412633244e-03 0.000000000000000e+00 0.000000000000000e+00 3.381206104521992e-03 1.826767923109241e-03 0.000000000000000e+00 4.950094259241561e-03 3.747645673480967e-03 0.000000000000000e+00 1.131701464199403e-04 0.000000000000000e+00 
8.470885339068317e-04 4.648058532387423e-03 6.903644697353179e-04 4.745798759202392e-03 2.875869330193023e-03 0.000000000000000e+00 4.125833061474446e-03 3.695654394106621e-03 3.895389705358505e-03 0.000000000000000e+00 0.000000000000000e+00 0.000000000000000e+00 0.000000000000000e+00 0.000000000000000e+00 0.000000000000000e+00 2.849995114772475e-04 0.000000000000000e+00 3.818755308490203e-03 3.847874030598801e-03 3.080374566376511e-03 1.531123799478523e-03 8.924151603154828e-05 0.000000000000000e+00 2.868537349295091e-04 2.951954963420600e-03 
0.000000000000000e+00 0.000000000000000e+00 1.057868856947674e-03 0.000000000000000e+00 1.176648876134893e-03 2.773900887555148e-03 0.000000000000000e+00 0.000000000000000e+00 2.975217896077137e-04 2.839424482972774e-03 3.230313675717904e-04 6.715172405719369e-04 3.318585987137621e-03 2.511967690789636e-03 0.000000000000000e+00 3.073616058949284e-03 0.000000000000000e+00 3.696006786357159e-04 0.000000000000000e+00 0.000000000000000e+00 0.000000000000000e+00 3.225547123932436e-03 0.000000000000000e+00 1.687026763558754e-03 1.911144179276406e-03 
1.756083204764465e-03 0.000000000000000e+00 3.094418669937284e-03 0.000000000000000e+00 0.000000000000000e+00 8.644906457079566e-05 0.000000000000000e+00 0.000000000000000e+00 0.000000000000000e+00 3.712723437983184e-03 3.199695091476131e-03 3.057633465560911e-03 0.000000000000000e+00 1.470356846495932e-03 5.689986025794491e-04 2.839638916414239e-03 4.113225682027837e-03 0.000000000000000e+00 0.000000000000000e+00 0.000000000000000e+00 1.739446689990351e-04 3.592261223599457e-03 0.000000000000000e+00 4.471785944801011e-05 0.000000000000000e+00 
3.903160911005190e-03 3.165022665518372e-03 3.426978601295192e-03 3.678453440885217e-03 0.000000000000000e+00 0.000000000000000e+00 0.000000000000000e+00 1.248323755736525e-03 1.627334877602090e-03 0.000000000000000e+00 2.185253998734465e-03 0.000000000000000e+00 0.000000000000000e+00 4.340229085584684e-03 4.367023513533268e-03 2.950465469015624e-03 0.000000000000000e+00 1.364768273392931e-03 7.241862406603985e-04 0.000000000000000e+00 3.149907745688896e-03 1.087943623353243e-04 2.376419088622438e-03 0.000000000000000e+00 4.430861039834085e-03 
2.134039227831957e-03 1.252863314903789e-03 4.216737606337208e-03 0.000000000000000e+00 4.096014825036930e-03 4.994775620384410e-03 3.752705854969213e-03 0.000000000000000e+00 8.118902786370447e-04 0.000000000000000e+00 0.000000000000000e+00 0.000000000000000e+00 1.334572397397387e-03 0.000000000000000e+00 3.147024874114805e-04 0.000000000000000e+00 7.447783221050896e-04 0.000000000000000e+00 0.000000000000000e+00 0.000000000000000e+00 0.000000000000000e+00 0.000000000000000e+00 4.401718016927179e-03 0.000000000000000e+00 1.005953907782583e-03 
3.801132363996278e-03 2.564949651720367e-03 0.000000000000000e+00 1.844486030021191e-03 4.743018409683241e-03 0.000000000000000e+00 0.000000000000000e+00 1.628505369826063e-03 4.426389345339867e-03 0.000000000000000e+00 1.106561172162875e-03 0.000000000000000e+00 0.000000000000000e+00 0.000000000000000e+00 2.126074528716239e-03 0.000000000000000e+00 0.000000000000000e+00 7.220673063798998e-04 1.803174402763887e-03 2.495694740486878e-03 1.008355879715550e-03 0.000000000000000e+00 0.000000000000000e+00 3.819003409614595e-03 2.394335718751756e-03 
1.587722125794775e-04 8.736775137985840e-04 0.000000000000000e+00 0.000000000000000e+00 4.576843815129636e-03 0.000000000000000e+00 0.000000000000000e+00 3.089746740350583e-03 1.957442032538224e-03 0.000000000000000e+00 4.416383856765502e-04 4.223134092178172e-03 0.000000000000000e+00 0.000000000000000e+00 0.000000000000000e+00 1.279916302655743e-04 1.204184753868802e-03 0.000000000000000e+00 0.000000000000000e+00 0.000000000000000e+00 0.000000000000000e+00 0.000000000000000e+00 3.193991344885976e-03 0.000000000000000e+00 3.949882431212943e-04 
0.000000000000000e+00 0.000000000000000e+00 8.497876421299249e-04 0.000000000000000e+00 2.180064624317150e-03 0.000000000000000e+00 0.000000000000000e+00 1.579336267530350e-03 1.313279512437635e-04 0.000000000000000e+00 0.000000000000000e+00 0.000000000000000e+00 0.000000000000000e+00 0.000000000000000e+00 4.863667966140947e-03 0.000000000000000e+00 0.000000000000000e+00 4.272142382130836e-03 2.249362993550826e-03 0.000000000000000e+00 0.000000000000000e+00 4.975057519827479e-03 0.000000000000000e+00 2.980541576448581e-03 4.389929498006909e-03 
0.000000000000000e+00 0.000000000000000e+00 0.000000000000000e+00 0.000000000000000e+00 5.719493807811132e-04 0.000000000000000e+00 0.000000000000000e+00 9.401709439612944e-04 8.078080527085893e-04 2.264876286600536e-03 5.930148376227800e-04 0.000000000000000e+00 3.043960379732351e-03 4.409755631466213e-03 0.000000000000000e+00 1.158025125352452e-03 8.089698389005775e-04 4.428474265045607e-03 2.779840737224281e-06 1.364827058745248e-03 3.358737787004435e-03 0.000000000000000e+00 3.007482252315062e-03 3.494368131317576e-03 0.000000000000000e+00 
0.000000000000000e+00 0.000000000000000e+00 0.000000000000000e+00 0.000000000000000e+00 3.400507515843537e-03 0.000000000000000e+00 1.250704145517842e-03 0.000000000000000e+00 0.000000000000000e+00 4.577571933039562e-03 0.000000000000000e+00 3.743980164768242e-03 0.000000000000000e+00 2.022132464740735e-03 2.613880438474566e-04 4.515747509943400e-03 3.414470477240772e-03 0.000000000000000e+00 1.090564642184199e-03 0.000000000000000e+00 0.000000000000000e+00 0.000000000000000e+00 0.000000000000000e+00 0.000000000000000e+00 3.236938622495431e-03 
0.000000000000000e+00 1.683824713486589e-04 2.028295657415186e-03 3.625246795576225e-03 0.000000000000000e+00 0.000000000000000e+00 3.677454959559681e-03 3.747352021252080e-04 7.949486144501636e-04 4.805415290008498e-03 0.000000000000000e+00 0.000000000000000e+00 0.000000000000000e+00 0.000000000000000e+00 0.000000000000000e+00 8.212653983827126e-04 0.000000000000000e+00 0.000000000000000e+00 0.000000000000000e+00 4.575957245953779e-03 0.000000000000000e+00 4.415789067659779e-03 4.223086549342009e-03 3.090395624089223e-03 0.000000000000000e+00 
2.336345401701082e-03 8.784267725466646e-04 3.555533974730057e-03 0.000000000000000e+00 0.000000000000000e+00 0.000000000000000e+00 0.000000000000000e+00 0.000000000000000e+00 4.540908660630396e-03 0.000000000000000e+00 5.396813863844994e-04 0.000000000000000e+00 0.000000000000000e+00 0.000000000000000e+00 0.000000000000000e+00 0.000000000000000e+00 2.923403711215680e-03 0.000000000000000e+00 0.000000000000000e+00 2.388101224200369e-04 0.000000000000000e+00 1.605075378954106e-03 3.211800946319045e-03 1.831755615412365e-03 0.000000000000000e+00 