# File created on Mon Apr 29 20:54:09 2024
# The following metaparameters were used for this matrix optimization : gamma0 = 0.5; alpha0 = 0; sigma0 = 0.25; l0 = 1;p = 1; R0 = 1; S0 = 0.05; NR = 25; NS = 25; matrix path = matrices/Nr25_Nc25/consumption/RandTrix_Nr25_Nc25_Nest0.25_Conn0.2336.txt; convergence threshold = 1e-08
1.240493507667619e+00 6.838994613135817e-01 0.000000000000000e+00 0.000000000000000e+00 0.000000000000000e+00 0.000000000000000e+00 0.000000000000000e+00 0.000000000000000e+00 0.000000000000000e+00 0.000000000000000e+00 2.495138869684424e-01 8.354331198857795e-01 0.000000000000000e+00 5.982594993260529e-01 0.000000000000000e+00 0.000000000000000e+00 1.453427479784779e-01 0.000000000000000e+00 0.000000000000000e+00 2.573000595965593e-01 0.000000000000000e+00 0.000000000000000e+00 0.000000000000000e+00 0.000000000000000e+00 0.000000000000000e+00 
0.000000000000000e+00 0.000000000000000e+00 0.000000000000000e+00 5.155637877490052e-01 0.000000000000000e+00 7.470931156241213e-03 0.000000000000000e+00 0.000000000000000e+00 6.545098590950504e-01 0.000000000000000e+00 0.000000000000000e+00 0.000000000000000e+00 0.000000000000000e+00 1.793614619931419e-01 4.280389789835007e-01 1.551770953802603e-01 2.093237792663714e-01 5.666427019196231e-01 8.263348396218235e-01 0.000000000000000e+00 0.000000000000000e+00 0.000000000000000e+00 3.623204644737124e-01 0.000000000000000e+00 1.144247364594523e+00 
0.000000000000000e+00 0.000000000000000e+00 0.000000000000000e+00 1.782458455879660e-01 0.000000000000000e+00 0.000000000000000e+00 3.911773729644291e-01 0.000000000000000e+00 2.877142427900323e-01 1.420802214692839e-01 4.124853234615725e-01 6.737208565296132e-01 5.160889126944192e-01 0.000000000000000e+00 0.000000000000000e+00 0.000000000000000e+00 0.000000000000000e+00 5.312526280459962e-01 7.647647480891636e-01 0.000000000000000e+00 0.000000000000000e+00 0.000000000000000e+00 0.000000000000000e+00 0.000000000000000e+00 6.645260135632147e-01 
5.881427022103723e-01 3.908252938864455e-01 0.000000000000000e+00 0.000000000000000e+00 4.762206138670040e-01 3.853738400339247e-01 0.000000000000000e+00 0.000000000000000e+00 0.000000000000000e+00 0.000000000000000e+00 0.000000000000000e+00 1.184517251931761e+00 0.000000000000000e+00 0.000000000000000e+00 0.000000000000000e+00 0.000000000000000e+00 0.000000000000000e+00 0.000000000000000e+00 0.000000000000000e+00 0.000000000000000e+00 0.000000000000000e+00 0.000000000000000e+00 1.381549403217121e-01 0.000000000000000e+00 0.000000000000000e+00 
0.000000000000000e+00 2.814495255208980e-01 0.000000000000000e+00 6.571004828397788e-01 0.000000000000000e+00 0.000000000000000e+00 0.000000000000000e+00 0.000000000000000e+00 2.341242477553376e-01 0.000000000000000e+00 6.551959041274944e-01 0.000000000000000e+00 0.000000000000000e+00 0.000000000000000e+00 0.000000000000000e+00 0.000000000000000e+00 4.701298032875340e-01 1.010671861413615e+00 3.096118631909187e-01 8.468730924960345e-02 0.000000000000000e+00 0.000000000000000e+00 0.000000000000000e+00 0.000000000000000e+00 0.000000000000000e+00 
0.000000000000000e+00 0.000000000000000e+00 5.827203431428640e-01 0.000000000000000e+00 0.000000000000000e+00 4.296014779171494e-01 2.810900009026825e-01 0.000000000000000e+00 0.000000000000000e+00 3.258332178983166e-01 7.908083773151598e-01 0.000000000000000e+00 0.000000000000000e+00 0.000000000000000e+00 0.000000000000000e+00 0.000000000000000e+00 0.000000000000000e+00 1.806084021829157e-01 0.000000000000000e+00 0.000000000000000e+00 0.000000000000000e+00 0.000000000000000e+00 0.000000000000000e+00 0.000000000000000e+00 0.000000000000000e+00 
0.000000000000000e+00 0.000000000000000e+00 7.458479309005789e-01 3.971045417077339e-01 0.000000000000000e+00 0.000000000000000e+00 0.000000000000000e+00 0.000000000000000e+00 0.000000000000000e+00 0.000000000000000e+00 0.000000000000000e+00 0.000000000000000e+00 0.000000000000000e+00 0.000000000000000e+00 4.775740261501212e-01 0.000000000000000e+00 0.000000000000000e+00 0.000000000000000e+00 3.978935377804679e-01 3.967610360995039e-01 1.122890296700760e-02 0.000000000000000e+00 2.678583986722013e-01 0.000000000000000e+00 0.000000000000000e+00 
0.000000000000000e+00 0.000000000000000e+00 0.000000000000000e+00 0.000000000000000e+00 0.000000000000000e+00 0.000000000000000e+00 0.000000000000000e+00 0.000000000000000e+00 0.000000000000000e+00 8.945274428412463e-01 0.000000000000000e+00 0.000000000000000e+00 0.000000000000000e+00 4.226521115002434e-01 6.440290642357310e-01 0.000000000000000e+00 0.000000000000000e+00 4.971995631972086e-01 7.160746516957002e-01 0.000000000000000e+00 2.699010389260389e-01 0.000000000000000e+00 0.000000000000000e+00 0.000000000000000e+00 0.000000000000000e+00 
0.000000000000000e+00 7.503128485566184e-01 1.683344518891317e-01 0.000000000000000e+00 0.000000000000000e+00 0.000000000000000e+00 0.000000000000000e+00 0.000000000000000e+00 0.000000000000000e+00 0.000000000000000e+00 3.955592521389422e-01 0.000000000000000e+00 4.628072071572271e-01 3.483232827112799e-01 0.000000000000000e+00 0.000000000000000e+00 0.000000000000000e+00 0.000000000000000e+00 0.000000000000000e+00 0.000000000000000e+00 0.000000000000000e+00 0.000000000000000e+00 2.882928726948130e-01 5.201748875339411e-01 0.000000000000000e+00 
4.383709013556431e-02 2.961972187869491e-01 4.534000093191091e-01 0.000000000000000e+00 0.000000000000000e+00 3.478154885440545e-01 0.000000000000000e+00 0.000000000000000e+00 3.750376174323087e-01 4.486873066281979e-02 0.000000000000000e+00 0.000000000000000e+00 0.000000000000000e+00 0.000000000000000e+00 7.125479186001194e-01 0.000000000000000e+00 0.000000000000000e+00 0.000000000000000e+00 1.231680068107509e-01 0.000000000000000e+00 3.354319709568527e-01 0.000000000000000e+00 2.132887161168259e-01 0.000000000000000e+00 1.351124504914364e-01 
6.841007542325739e-01 0.000000000000000e+00 2.557939459216276e-01 0.000000000000000e+00 0.000000000000000e+00 8.309854310505516e-01 0.000000000000000e+00 0.000000000000000e+00 0.000000000000000e+00 0.000000000000000e+00 0.000000000000000e+00 1.412608933404786e-01 0.000000000000000e+00 0.000000000000000e+00 0.000000000000000e+00 0.000000000000000e+00 0.000000000000000e+00 0.000000000000000e+00 0.000000000000000e+00 0.000000000000000e+00 0.000000000000000e+00 0.000000000000000e+00 0.000000000000000e+00 0.000000000000000e+00 4.190378923774293e-01 
4.864443291966037e-01 0.000000000000000e+00 5.887643735089916e-01 0.000000000000000e+00 0.000000000000000e+00 0.000000000000000e+00 0.000000000000000e+00 0.000000000000000e+00 0.000000000000000e+00 0.000000000000000e+00 0.000000000000000e+00 7.124825369372706e-01 0.000000000000000e+00 0.000000000000000e+00 0.000000000000000e+00 0.000000000000000e+00 3.652515104077382e-01 0.000000000000000e+00 0.000000000000000e+00 0.000000000000000e+00 0.000000000000000e+00 0.000000000000000e+00 0.000000000000000e+00 0.000000000000000e+00 0.000000000000000e+00 
0.000000000000000e+00 0.000000000000000e+00 0.000000000000000e+00 1.273321852274037e-01 5.162780632778009e-01 0.000000000000000e+00 0.000000000000000e+00 5.683104031444563e-01 4.629405309128065e-01 0.000000000000000e+00 0.000000000000000e+00 0.000000000000000e+00 0.000000000000000e+00 0.000000000000000e+00 4.938817068816647e-01 5.978239744298915e-01 0.000000000000000e+00 3.511421368185326e-01 0.000000000000000e+00 0.000000000000000e+00 1.822604758247199e-02 0.000000000000000e+00 0.000000000000000e+00 0.000000000000000e+00 0.000000000000000e+00 
0.000000000000000e+00 6.557862870892939e-01 0.000000000000000e+00 0.000000000000000e+00 4.448197617577829e-01 0.000000000000000e+00 0.000000000000000e+00 0.000000000000000e+00 2.975709382733226e-01 0.000000000000000e+00 0.000000000000000e+00 1.885751752651710e-01 0.000000000000000e+00 0.000000000000000e+00 0.000000000000000e+00 0.000000000000000e+00 0.000000000000000e+00 0.000000000000000e+00 0.000000000000000e+00 4.693608470458359e-01 0.000000000000000e+00 3.696109798734793e-01 2.359351849841199e-01 0.000000000000000e+00 0.000000000000000e+00 
0.000000000000000e+00 0.000000000000000e+00 0.000000000000000e+00 0.000000000000000e+00 0.000000000000000e+00 0.000000000000000e+00 1.040893827853400e+00 6.298499778274412e-01 0.000000000000000e+00 3.994678523836636e-02 0.000000000000000e+00 0.000000000000000e+00 0.000000000000000e+00 0.000000000000000e+00 0.000000000000000e+00 0.000000000000000e+00 0.000000000000000e+00 3.037594691658199e-01 0.000000000000000e+00 0.000000000000000e+00 0.000000000000000e+00 4.041852876048336e-01 0.000000000000000e+00 0.000000000000000e+00 0.000000000000000e+00 
0.000000000000000e+00 0.000000000000000e+00 0.000000000000000e+00 0.000000000000000e+00 0.000000000000000e+00 1.359756155456914e-01 0.000000000000000e+00 0.000000000000000e+00 0.000000000000000e+00 7.004414157442495e-01 0.000000000000000e+00 0.000000000000000e+00 2.252759102417920e-01 2.144480794324815e-01 8.316035800147273e-01 1.826812558922641e-01 0.000000000000000e+00 0.000000000000000e+00 0.000000000000000e+00 0.000000000000000e+00 0.000000000000000e+00 0.000000000000000e+00 0.000000000000000e+00 0.000000000000000e+00 0.000000000000000e+00 
6.050871006551122e-01 5.191817348677140e-01 0.000000000000000e+00 0.000000000000000e+00 3.548588359351395e-01 0.000000000000000e+00 0.000000000000000e+00 0.000000000000000e+00 0.000000000000000e+00 0.000000000000000e+00 0.000000000000000e+00 0.000000000000000e+00 0.000000000000000e+00 0.000000000000000e+00 0.000000000000000e+00 0.000000000000000e+00 0.000000000000000e+00 0.000000000000000e+00 0.000000000000000e+00 0.000000000000000e+00 0.000000000000000e+00 3.556022433171552e-01 0.000000000000000e+00 0.000000000000000e+00 0.000000000000000e+00 
0.000000000000000e+00 0.000000000000000e+00 0.000000000000000e+00 0.000000000000000e+00 0.000000000000000e+00 0.000000000000000e+00 2.435268780241455e-01 0.000000000000000e+00 0.000000000000000e+00 4.553455436606101e-01 0.000000000000000e+00 6.417879715338266e-01 4.522037746570500e-01 0.000000000000000e+00 0.000000000000000e+00 0.000000000000000e+00 5.637734018385169e-02 0.000000000000000e+00 0.000000000000000e+00 0.000000000000000e+00 0.000000000000000e+00 0.000000000000000e+00 0.000000000000000e+00 0.000000000000000e+00 0.000000000000000e+00 
6.030937511496520e-01 0.000000000000000e+00 0.000000000000000e+00 3.168882748229147e-01 3.439011149639655e-01 0.000000000000000e+00 0.000000000000000e+00 0.000000000000000e+00 0.000000000000000e+00 0.000000000000000e+00 0.000000000000000e+00 0.000000000000000e+00 0.000000000000000e+00 0.000000000000000e+00 0.000000000000000e+00 0.000000000000000e+00 0.000000000000000e+00 0.000000000000000e+00 3.234775117195999e-01 6.370612273718544e-01 0.000000000000000e+00 0.000000000000000e+00 0.000000000000000e+00 0.000000000000000e+00 0.000000000000000e+00 
0.000000000000000e+00 0.000000000000000e+00 0.000000000000000e+00 0.000000000000000e+00 0.000000000000000e+00 0.000000000000000e+00 0.000000000000000e+00 0.000000000000000e+00 0.000000000000000e+00 0.000000000000000e+00 0.000000000000000e+00 0.000000000000000e+00 0.000000000000000e+00 7.846774994697193e-02 8.419555558471099e-01 0.000000000000000e+00 0.000000000000000e+00 0.000000000000000e+00 8.194339693540259e-01 0.000000000000000e+00 0.000000000000000e+00 0.000000000000000e+00 5.095517239248300e-01 0.000000000000000e+00 0.000000000000000e+00 
0.000000000000000e+00 8.201692944224075e-02 6.487027312058646e-01 4.544725529510038e-01 0.000000000000000e+00 0.000000000000000e+00 0.000000000000000e+00 0.000000000000000e+00 2.176578165809322e-01 0.000000000000000e+00 0.000000000000000e+00 4.874401476970019e-01 0.000000000000000e+00 0.000000000000000e+00 0.000000000000000e+00 0.000000000000000e+00 0.000000000000000e+00 0.000000000000000e+00 0.000000000000000e+00 0.000000000000000e+00 0.000000000000000e+00 0.000000000000000e+00 0.000000000000000e+00 0.000000000000000e+00 0.000000000000000e+00 
3.413419092288876e-02 1.538163048062068e-01 2.925854095660436e-01 0.000000000000000e+00 2.692109044558444e-01 0.000000000000000e+00 0.000000000000000e+00 0.000000000000000e+00 0.000000000000000e+00 4.162292424240033e-01 0.000000000000000e+00 2.172705136365902e-02 0.000000000000000e+00 5.864438493395664e-01 0.000000000000000e+00 0.000000000000000e+00 8.749568575585386e-02 0.000000000000000e+00 0.000000000000000e+00 0.000000000000000e+00 0.000000000000000e+00 0.000000000000000e+00 0.000000000000000e+00 0.000000000000000e+00 0.000000000000000e+00 
0.000000000000000e+00 0.000000000000000e+00 0.000000000000000e+00 0.000000000000000e+00 0.000000000000000e+00 0.000000000000000e+00 0.000000000000000e+00 5.702865181020892e-03 0.000000000000000e+00 0.000000000000000e+00 6.593100188039503e-01 0.000000000000000e+00 5.516039364068830e-01 5.723149868724383e-01 0.000000000000000e+00 0.000000000000000e+00 0.000000000000000e+00 0.000000000000000e+00 0.000000000000000e+00 2.134885962544882e-01 0.000000000000000e+00 0.000000000000000e+00 0.000000000000000e+00 0.000000000000000e+00 0.000000000000000e+00 
0.000000000000000e+00 0.000000000000000e+00 0.000000000000000e+00 0.000000000000000e+00 0.000000000000000e+00 1.174298643190603e-01 0.000000000000000e+00 0.000000000000000e+00 0.000000000000000e+00 0.000000000000000e+00 0.000000000000000e+00 0.000000000000000e+00 0.000000000000000e+00 0.000000000000000e+00 3.725778309436395e-01 0.000000000000000e+00 0.000000000000000e+00 0.000000000000000e+00 0.000000000000000e+00 0.000000000000000e+00 2.959337674988653e-01 0.000000000000000e+00 0.000000000000000e+00 5.406962016786600e-01 0.000000000000000e+00 
0.000000000000000e+00 0.000000000000000e+00 0.000000000000000e+00 0.000000000000000e+00 0.000000000000000e+00 0.000000000000000e+00 0.000000000000000e+00 0.000000000000000e+00 0.000000000000000e+00 0.000000000000000e+00 0.000000000000000e+00 0.000000000000000e+00 0.000000000000000e+00 0.000000000000000e+00 0.000000000000000e+00 0.000000000000000e+00 0.000000000000000e+00 0.000000000000000e+00 0.000000000000000e+00 0.000000000000000e+00 0.000000000000000e+00 4.713641194070382e-01 4.116046789306950e-01 0.000000000000000e+00 4.012857827966655e-01 