# File created on Tue Apr 30 05:17:21 2024
# The following metaparameters were used for this matrix optimization : gamma0 = 0.5; alpha0 = 0; sigma0 = 0.25; l0 = 1;p = 1; R0 = 1; S0 = 0.05; NR = 25; NS = 25; matrix path = matrices/Nr25_Nc25/consumption/RandTrix_Nr25_Nc25_Nest0.6_Conn0.3168.txt; convergence threshold = 1e-08
0.000000000000000e+00 0.000000000000000e+00 1.005396191259118e+00 0.000000000000000e+00 9.782947314402908e-01 8.666191486119243e-01 6.122659440953112e-01 0.000000000000000e+00 5.093871464568069e-01 0.000000000000000e+00 0.000000000000000e+00 0.000000000000000e+00 0.000000000000000e+00 0.000000000000000e+00 4.207874777176675e-01 1.279860727873355e+00 8.770259771591771e-01 0.000000000000000e+00 0.000000000000000e+00 0.000000000000000e+00 0.000000000000000e+00 1.392004472595078e+00 0.000000000000000e+00 0.000000000000000e+00 0.000000000000000e+00 
1.430265267731131e+00 6.578963713806714e-01 3.639591635370884e-01 2.373003878545632e-01 0.000000000000000e+00 1.787823236553698e-01 2.846394690638796e-01 0.000000000000000e+00 0.000000000000000e+00 0.000000000000000e+00 0.000000000000000e+00 4.609097022341178e-01 0.000000000000000e+00 0.000000000000000e+00 0.000000000000000e+00 0.000000000000000e+00 0.000000000000000e+00 0.000000000000000e+00 2.037472794009863e+00 0.000000000000000e+00 7.482366736510128e-01 0.000000000000000e+00 6.238589727688466e-01 4.868874664662732e-01 0.000000000000000e+00 
0.000000000000000e+00 4.268575898925766e-01 1.236595651913241e+00 0.000000000000000e+00 8.191054540094401e-01 1.044449610612782e+00 5.222959749969058e-01 0.000000000000000e+00 0.000000000000000e+00 0.000000000000000e+00 0.000000000000000e+00 5.874304626435778e-01 1.897825673685685e-01 0.000000000000000e+00 0.000000000000000e+00 0.000000000000000e+00 0.000000000000000e+00 0.000000000000000e+00 0.000000000000000e+00 0.000000000000000e+00 5.358654611659838e-01 0.000000000000000e+00 0.000000000000000e+00 0.000000000000000e+00 0.000000000000000e+00 
0.000000000000000e+00 3.591979559378152e-01 1.776479294141597e+00 0.000000000000000e+00 0.000000000000000e+00 1.310971469659352e+00 0.000000000000000e+00 0.000000000000000e+00 8.738635576144602e-01 0.000000000000000e+00 0.000000000000000e+00 0.000000000000000e+00 2.269672396031897e-03 0.000000000000000e+00 0.000000000000000e+00 0.000000000000000e+00 4.285518799729332e-01 0.000000000000000e+00 0.000000000000000e+00 0.000000000000000e+00 4.427022361952817e-01 0.000000000000000e+00 0.000000000000000e+00 0.000000000000000e+00 0.000000000000000e+00 
0.000000000000000e+00 0.000000000000000e+00 5.653809734753867e-01 0.000000000000000e+00 2.199792671539767e+00 1.091339071892004e+00 0.000000000000000e+00 2.819367931803046e-01 0.000000000000000e+00 0.000000000000000e+00 0.000000000000000e+00 0.000000000000000e+00 0.000000000000000e+00 0.000000000000000e+00 0.000000000000000e+00 5.574287866361406e-01 0.000000000000000e+00 0.000000000000000e+00 0.000000000000000e+00 0.000000000000000e+00 0.000000000000000e+00 9.648871315700213e-01 2.086965372418587e-01 0.000000000000000e+00 0.000000000000000e+00 
3.068046893764399e-01 9.719168743963202e-01 6.942696755465833e-01 4.450134640611291e-01 0.000000000000000e+00 1.896565788157416e-02 7.178956232658418e-01 7.600961416107382e-02 5.059962172696767e-01 0.000000000000000e+00 0.000000000000000e+00 0.000000000000000e+00 0.000000000000000e+00 0.000000000000000e+00 0.000000000000000e+00 4.700338478663059e-01 5.694741217275685e-01 1.051046892541406e-01 0.000000000000000e+00 0.000000000000000e+00 0.000000000000000e+00 4.102133227880086e-01 0.000000000000000e+00 0.000000000000000e+00 1.650831541736550e+00 
0.000000000000000e+00 1.260865184312247e+00 6.251141325928917e-01 6.084998233298740e-01 0.000000000000000e+00 0.000000000000000e+00 8.219181144609331e-01 0.000000000000000e+00 2.224942194144627e-01 0.000000000000000e+00 3.008813605257400e-01 0.000000000000000e+00 0.000000000000000e+00 0.000000000000000e+00 0.000000000000000e+00 4.920183278209791e-01 1.839278262756153e-01 0.000000000000000e+00 1.120038034498990e+00 6.631074775043331e-01 1.989050364551558e-01 0.000000000000000e+00 0.000000000000000e+00 0.000000000000000e+00 3.520030018665275e-01 
0.000000000000000e+00 7.797797249975403e-01 0.000000000000000e+00 1.208532553926309e+00 9.443475632821384e-01 0.000000000000000e+00 0.000000000000000e+00 0.000000000000000e+00 0.000000000000000e+00 0.000000000000000e+00 0.000000000000000e+00 0.000000000000000e+00 0.000000000000000e+00 0.000000000000000e+00 6.220575295173669e-01 0.000000000000000e+00 6.666240792623668e-02 4.292398843038409e-01 0.000000000000000e+00 0.000000000000000e+00 0.000000000000000e+00 3.717767822254015e-01 0.000000000000000e+00 0.000000000000000e+00 0.000000000000000e+00 
0.000000000000000e+00 0.000000000000000e+00 6.145066941270402e-02 2.774316147797221e-01 8.572010465800879e-01 7.539896668477655e-01 5.496069217568037e-01 5.924056181150825e-01 0.000000000000000e+00 0.000000000000000e+00 6.418312868614107e-01 0.000000000000000e+00 1.740671377539417e-01 6.880502582725226e-02 0.000000000000000e+00 6.614551698241706e-01 0.000000000000000e+00 5.304778211655790e-02 0.000000000000000e+00 0.000000000000000e+00 0.000000000000000e+00 4.673214342064317e-01 2.269541861381362e-01 0.000000000000000e+00 0.000000000000000e+00 
3.695750394568757e-01 0.000000000000000e+00 0.000000000000000e+00 1.389472820731525e+00 0.000000000000000e+00 0.000000000000000e+00 0.000000000000000e+00 0.000000000000000e+00 8.167857643493093e-01 0.000000000000000e+00 0.000000000000000e+00 1.139927383267207e+00 0.000000000000000e+00 0.000000000000000e+00 7.668759370501541e-01 0.000000000000000e+00 0.000000000000000e+00 0.000000000000000e+00 0.000000000000000e+00 0.000000000000000e+00 0.000000000000000e+00 0.000000000000000e+00 0.000000000000000e+00 5.627956308177937e-01 0.000000000000000e+00 
1.151777539203957e+00 0.000000000000000e+00 0.000000000000000e+00 6.436971926343683e-01 0.000000000000000e+00 0.000000000000000e+00 0.000000000000000e+00 0.000000000000000e+00 0.000000000000000e+00 0.000000000000000e+00 4.698460018673006e-01 0.000000000000000e+00 1.528844989532318e-01 0.000000000000000e+00 4.583078473507578e-02 0.000000000000000e+00 0.000000000000000e+00 0.000000000000000e+00 0.000000000000000e+00 2.690914232824357e-01 0.000000000000000e+00 1.439677120870595e-01 0.000000000000000e+00 0.000000000000000e+00 0.000000000000000e+00 
7.313814502680925e-01 4.683940401184212e-02 0.000000000000000e+00 0.000000000000000e+00 0.000000000000000e+00 8.399756641280007e-01 6.144319807885668e-01 0.000000000000000e+00 7.597615356810355e-01 0.000000000000000e+00 0.000000000000000e+00 0.000000000000000e+00 0.000000000000000e+00 0.000000000000000e+00 0.000000000000000e+00 0.000000000000000e+00 0.000000000000000e+00 0.000000000000000e+00 9.065954313896825e-01 8.227261254018750e-02 1.042543148510941e+00 0.000000000000000e+00 0.000000000000000e+00 0.000000000000000e+00 0.000000000000000e+00 
0.000000000000000e+00 0.000000000000000e+00 0.000000000000000e+00 5.489731346838677e-01 9.980398366742746e-01 1.038728225833522e-01 0.000000000000000e+00 0.000000000000000e+00 0.000000000000000e+00 0.000000000000000e+00 0.000000000000000e+00 7.302296849740829e-01 3.148843259383738e-01 0.000000000000000e+00 0.000000000000000e+00 0.000000000000000e+00 0.000000000000000e+00 0.000000000000000e+00 0.000000000000000e+00 0.000000000000000e+00 0.000000000000000e+00 9.212790978800633e-01 0.000000000000000e+00 0.000000000000000e+00 0.000000000000000e+00 
0.000000000000000e+00 6.577525582157249e-01 0.000000000000000e+00 0.000000000000000e+00 0.000000000000000e+00 8.055427468824742e-01 4.324169234744471e-01 6.039434933890716e-01 3.089650564528375e-01 0.000000000000000e+00 0.000000000000000e+00 0.000000000000000e+00 0.000000000000000e+00 0.000000000000000e+00 0.000000000000000e+00 0.000000000000000e+00 0.000000000000000e+00 0.000000000000000e+00 3.875571341373062e-01 0.000000000000000e+00 0.000000000000000e+00 0.000000000000000e+00 0.000000000000000e+00 1.563114396523857e+00 0.000000000000000e+00 
0.000000000000000e+00 5.726433857475061e-01 0.000000000000000e+00 0.000000000000000e+00 3.989141977718531e-01 0.000000000000000e+00 0.000000000000000e+00 5.910684247721528e-01 0.000000000000000e+00 0.000000000000000e+00 0.000000000000000e+00 0.000000000000000e+00 0.000000000000000e+00 1.952895306690619e-01 0.000000000000000e+00 4.435138259081570e-01 0.000000000000000e+00 0.000000000000000e+00 0.000000000000000e+00 7.041984233861351e-01 5.377721707818355e-01 0.000000000000000e+00 0.000000000000000e+00 0.000000000000000e+00 2.063500282409472e+00 
0.000000000000000e+00 0.000000000000000e+00 1.165836353673993e+00 0.000000000000000e+00 0.000000000000000e+00 0.000000000000000e+00 0.000000000000000e+00 0.000000000000000e+00 0.000000000000000e+00 0.000000000000000e+00 0.000000000000000e+00 4.244251720774747e-01 0.000000000000000e+00 0.000000000000000e+00 5.835452772506793e-01 0.000000000000000e+00 0.000000000000000e+00 0.000000000000000e+00 0.000000000000000e+00 0.000000000000000e+00 0.000000000000000e+00 0.000000000000000e+00 8.487036049046559e-01 0.000000000000000e+00 0.000000000000000e+00 
2.889739158668603e-01 0.000000000000000e+00 0.000000000000000e+00 6.836407853387434e-01 0.000000000000000e+00 0.000000000000000e+00 0.000000000000000e+00 0.000000000000000e+00 3.262914406564531e-01 0.000000000000000e+00 0.000000000000000e+00 0.000000000000000e+00 9.808186035892990e-02 0.000000000000000e+00 2.101411122637555e-01 0.000000000000000e+00 0.000000000000000e+00 0.000000000000000e+00 0.000000000000000e+00 0.000000000000000e+00 0.000000000000000e+00 0.000000000000000e+00 1.702275881695212e-01 0.000000000000000e+00 3.757076177914686e-01 
0.000000000000000e+00 4.324434573621160e-01 0.000000000000000e+00 0.000000000000000e+00 0.000000000000000e+00 3.408319517439151e-01 3.738222656629448e-01 0.000000000000000e+00 0.000000000000000e+00 8.347764267343276e-02 0.000000000000000e+00 0.000000000000000e+00 1.455105909404913e-01 4.559210573458630e-02 0.000000000000000e+00 1.000812336786175e+00 0.000000000000000e+00 0.000000000000000e+00 6.501544585993523e-01 3.437010109403119e-01 0.000000000000000e+00 0.000000000000000e+00 0.000000000000000e+00 0.000000000000000e+00 0.000000000000000e+00 
5.631979667008636e-01 3.098114981865535e-01 0.000000000000000e+00 4.423904163795730e-01 0.000000000000000e+00 0.000000000000000e+00 6.112900891226686e-01 0.000000000000000e+00 4.769773543074713e-01 0.000000000000000e+00 0.000000000000000e+00 0.000000000000000e+00 0.000000000000000e+00 0.000000000000000e+00 8.211026242248062e-01 0.000000000000000e+00 0.000000000000000e+00 0.000000000000000e+00 0.000000000000000e+00 0.000000000000000e+00 1.468748514341876e-01 0.000000000000000e+00 3.827346963057649e-01 0.000000000000000e+00 0.000000000000000e+00 
3.408952186047804e-01 0.000000000000000e+00 0.000000000000000e+00 0.000000000000000e+00 4.160473223381451e-01 0.000000000000000e+00 5.723566490876529e-01 0.000000000000000e+00 0.000000000000000e+00 0.000000000000000e+00 6.517547645439882e-01 0.000000000000000e+00 0.000000000000000e+00 0.000000000000000e+00 0.000000000000000e+00 0.000000000000000e+00 0.000000000000000e+00 0.000000000000000e+00 2.640807377008728e-02 0.000000000000000e+00 0.000000000000000e+00 0.000000000000000e+00 0.000000000000000e+00 0.000000000000000e+00 0.000000000000000e+00 
0.000000000000000e+00 7.160874931913037e-01 0.000000000000000e+00 0.000000000000000e+00 0.000000000000000e+00 0.000000000000000e+00 0.000000000000000e+00 6.959261805377688e-01 0.000000000000000e+00 0.000000000000000e+00 0.000000000000000e+00 2.321570596697943e-01 0.000000000000000e+00 0.000000000000000e+00 0.000000000000000e+00 0.000000000000000e+00 0.000000000000000e+00 0.000000000000000e+00 0.000000000000000e+00 0.000000000000000e+00 0.000000000000000e+00 1.732102552208106e-02 0.000000000000000e+00 0.000000000000000e+00 0.000000000000000e+00 
5.466285094669949e-01 9.747647530477144e-02 0.000000000000000e+00 0.000000000000000e+00 5.980867587009438e-01 0.000000000000000e+00 0.000000000000000e+00 0.000000000000000e+00 0.000000000000000e+00 0.000000000000000e+00 0.000000000000000e+00 0.000000000000000e+00 0.000000000000000e+00 0.000000000000000e+00 0.000000000000000e+00 2.005569448706612e-01 1.010398314204923e-01 0.000000000000000e+00 0.000000000000000e+00 0.000000000000000e+00 0.000000000000000e+00 1.025906965109651e+00 0.000000000000000e+00 0.000000000000000e+00 0.000000000000000e+00 
7.394632687108511e-01 1.292922889951561e-01 0.000000000000000e+00 0.000000000000000e+00 0.000000000000000e+00 0.000000000000000e+00 0.000000000000000e+00 0.000000000000000e+00 6.425773900787544e-01 0.000000000000000e+00 0.000000000000000e+00 0.000000000000000e+00 0.000000000000000e+00 0.000000000000000e+00 0.000000000000000e+00 0.000000000000000e+00 0.000000000000000e+00 0.000000000000000e+00 0.000000000000000e+00 0.000000000000000e+00 0.000000000000000e+00 0.000000000000000e+00 0.000000000000000e+00 0.000000000000000e+00 1.531793275346649e-01 
7.691583140870070e-03 4.224817967476384e-01 0.000000000000000e+00 0.000000000000000e+00 0.000000000000000e+00 0.000000000000000e+00 0.000000000000000e+00 0.000000000000000e+00 0.000000000000000e+00 0.000000000000000e+00 3.084214952148200e-01 0.000000000000000e+00 0.000000000000000e+00 0.000000000000000e+00 0.000000000000000e+00 0.000000000000000e+00 3.951517359637341e-02 0.000000000000000e+00 0.000000000000000e+00 0.000000000000000e+00 0.000000000000000e+00 0.000000000000000e+00 0.000000000000000e+00 0.000000000000000e+00 0.000000000000000e+00 
0.000000000000000e+00 0.000000000000000e+00 0.000000000000000e+00 0.000000000000000e+00 0.000000000000000e+00 0.000000000000000e+00 0.000000000000000e+00 0.000000000000000e+00 0.000000000000000e+00 4.915204738761992e-01 1.777549418587082e-01 0.000000000000000e+00 0.000000000000000e+00 0.000000000000000e+00 0.000000000000000e+00 0.000000000000000e+00 0.000000000000000e+00 3.417776384103320e-01 0.000000000000000e+00 0.000000000000000e+00 0.000000000000000e+00 0.000000000000000e+00 0.000000000000000e+00 3.881645250071506e-02 0.000000000000000e+00 