# File created on Fri May 17 15:41:52 2024
# The following metaparameters were used for this matrix optimization : gamma0 = 0.5; alpha0 = 0; sigma0 = 0.25; l0 = 1;p = 1; R0 = 1; S0 = 0.05; NR = 25; NS = 25; matrix path = matrices/Nr25_Nc25/consumption/RandTrix_Nr25_Nc25_Nest0.6_Conn0.16.txt; convergence threshold = 1e-08
6.669707906951441e-04 0.000000000000000e+00 2.772659393038093e-03 0.000000000000000e+00 0.000000000000000e+00 3.539175738110007e-03 0.000000000000000e+00 0.000000000000000e+00 0.000000000000000e+00 0.000000000000000e+00 0.000000000000000e+00 3.315542536789735e-03 0.000000000000000e+00 0.000000000000000e+00 0.000000000000000e+00 4.340102924315897e-03 6.272038788022371e-04 3.417702963056020e-03 7.705230969326400e-04 4.238003158822153e-03 0.000000000000000e+00 3.359995462864930e-03 0.000000000000000e+00 0.000000000000000e+00 0.000000000000000e+00 
0.000000000000000e+00 0.000000000000000e+00 0.000000000000000e+00 3.652082830819326e-03 2.200064933441964e-03 0.000000000000000e+00 4.213931728154883e-03 1.659808432257129e-03 1.950184259505693e-03 0.000000000000000e+00 0.000000000000000e+00 0.000000000000000e+00 0.000000000000000e+00 0.000000000000000e+00 0.000000000000000e+00 0.000000000000000e+00 0.000000000000000e+00 0.000000000000000e+00 0.000000000000000e+00 0.000000000000000e+00 3.191753464192088e-03 1.834432442901987e-03 4.114492801156829e-04 1.681019497992059e-03 0.000000000000000e+00 
0.000000000000000e+00 0.000000000000000e+00 1.160126587987214e-03 1.272495706301893e-05 3.698594250574100e-03 1.456652126163391e-03 4.109485464571263e-03 1.890753096654822e-04 0.000000000000000e+00 0.000000000000000e+00 1.153028374779652e-03 3.152118774608818e-03 0.000000000000000e+00 0.000000000000000e+00 0.000000000000000e+00 0.000000000000000e+00 0.000000000000000e+00 0.000000000000000e+00 0.000000000000000e+00 0.000000000000000e+00 0.000000000000000e+00 0.000000000000000e+00 3.314964821894856e-04 0.000000000000000e+00 0.000000000000000e+00 
0.000000000000000e+00 0.000000000000000e+00 0.000000000000000e+00 0.000000000000000e+00 0.000000000000000e+00 0.000000000000000e+00 0.000000000000000e+00 4.627207123274172e-03 0.000000000000000e+00 0.000000000000000e+00 4.104286689236681e-03 0.000000000000000e+00 1.803341427221560e-03 1.953488260519892e-03 7.452055260679161e-04 2.762017050859264e-03 0.000000000000000e+00 0.000000000000000e+00 1.108491066719125e-03 1.508355692932717e-03 4.406933939551181e-03 0.000000000000000e+00 2.653319164062070e-03 0.000000000000000e+00 1.277070015587420e-03 
0.000000000000000e+00 0.000000000000000e+00 5.657225250819123e-04 3.138109648169128e-03 0.000000000000000e+00 2.987124976941758e-03 4.122884111809148e-03 0.000000000000000e+00 3.300387815645355e-03 0.000000000000000e+00 0.000000000000000e+00 0.000000000000000e+00 0.000000000000000e+00 2.808002263396196e-04 4.618520440110504e-03 0.000000000000000e+00 0.000000000000000e+00 2.150444138978654e-03 1.571981549977077e-03 3.198840525759352e-03 0.000000000000000e+00 0.000000000000000e+00 3.308193191331273e-03 0.000000000000000e+00 4.292925576667574e-03 
5.734240144539178e-04 3.663078221417306e-03 0.000000000000000e+00 0.000000000000000e+00 0.000000000000000e+00 0.000000000000000e+00 3.308504470677515e-04 0.000000000000000e+00 0.000000000000000e+00 6.078647683989480e-04 0.000000000000000e+00 1.918923944026323e-03 4.820789560202238e-04 0.000000000000000e+00 3.902848744994285e-03 3.130101350300552e-03 0.000000000000000e+00 0.000000000000000e+00 2.244419900937927e-03 0.000000000000000e+00 0.000000000000000e+00 5.011922352506851e-04 0.000000000000000e+00 8.778913851514031e-04 0.000000000000000e+00 
0.000000000000000e+00 1.907276244548391e-03 0.000000000000000e+00 6.716140006146177e-04 0.000000000000000e+00 9.972641296265649e-04 0.000000000000000e+00 0.000000000000000e+00 2.411023456919096e-03 0.000000000000000e+00 3.608412756106460e-04 2.580764714992837e-03 3.082772481025987e-03 0.000000000000000e+00 0.000000000000000e+00 1.217410054832290e-03 0.000000000000000e+00 0.000000000000000e+00 0.000000000000000e+00 1.968316324618879e-03 4.077412838223514e-03 1.163904315231973e-04 0.000000000000000e+00 0.000000000000000e+00 0.000000000000000e+00 
2.474224070959257e-03 0.000000000000000e+00 0.000000000000000e+00 4.074237803412872e-03 3.959729644373547e-03 0.000000000000000e+00 1.651279655017967e-03 0.000000000000000e+00 2.860100622178605e-03 4.006870961984478e-03 3.863829165056620e-04 0.000000000000000e+00 4.500704593227896e-04 2.249269865197110e-03 0.000000000000000e+00 0.000000000000000e+00 0.000000000000000e+00 0.000000000000000e+00 0.000000000000000e+00 1.491334229056651e-03 3.477682195722638e-03 0.000000000000000e+00 0.000000000000000e+00 0.000000000000000e+00 0.000000000000000e+00 
0.000000000000000e+00 4.525755334752248e-03 1.743656689694814e-03 0.000000000000000e+00 2.328867373071198e-04 0.000000000000000e+00 2.846653086517063e-03 0.000000000000000e+00 4.842647708415827e-03 6.599738360455464e-04 0.000000000000000e+00 1.064631076511688e-03 0.000000000000000e+00 0.000000000000000e+00 0.000000000000000e+00 0.000000000000000e+00 0.000000000000000e+00 9.365126075075846e-04 1.554059418471128e-03 1.749248301880732e-03 2.896503476199490e-03 1.972567407780088e-03 1.839007404436625e-03 4.771256653965111e-03 0.000000000000000e+00 
0.000000000000000e+00 0.000000000000000e+00 0.000000000000000e+00 4.590756198630144e-03 3.036787466415697e-03 0.000000000000000e+00 0.000000000000000e+00 0.000000000000000e+00 0.000000000000000e+00 0.000000000000000e+00 1.760141061630747e-03 5.935857598923685e-04 1.579683900161591e-03 0.000000000000000e+00 0.000000000000000e+00 0.000000000000000e+00 1.002867878051941e-03 0.000000000000000e+00 3.503184961234857e-03 2.146847935285019e-03 0.000000000000000e+00 4.156461374167263e-03 2.725215153605277e-03 3.932891712860517e-03 3.769277811000097e-03 
4.757982964483549e-03 0.000000000000000e+00 0.000000000000000e+00 1.631814039260039e-03 0.000000000000000e+00 0.000000000000000e+00 0.000000000000000e+00 0.000000000000000e+00 4.862739798028296e-03 8.242391934504440e-05 0.000000000000000e+00 0.000000000000000e+00 6.003906260429356e-04 0.000000000000000e+00 0.000000000000000e+00 4.509128601669426e-03 0.000000000000000e+00 0.000000000000000e+00 0.000000000000000e+00 0.000000000000000e+00 0.000000000000000e+00 0.000000000000000e+00 0.000000000000000e+00 0.000000000000000e+00 0.000000000000000e+00 
0.000000000000000e+00 0.000000000000000e+00 3.059767569464052e-03 2.919722691610392e-03 1.842331457208628e-03 2.971088949297818e-03 0.000000000000000e+00 0.000000000000000e+00 0.000000000000000e+00 2.473637757610882e-03 3.686250606256228e-04 0.000000000000000e+00 4.468328703696348e-03 1.678459681206729e-03 4.904823668565310e-03 2.850110944052870e-03 2.128843759702353e-03 7.269315721385732e-04 0.000000000000000e+00 1.958445470612387e-03 0.000000000000000e+00 5.615144879987347e-04 0.000000000000000e+00 0.000000000000000e+00 9.062446232902428e-04 
0.000000000000000e+00 0.000000000000000e+00 0.000000000000000e+00 1.628364355525041e-03 0.000000000000000e+00 0.000000000000000e+00 0.000000000000000e+00 0.000000000000000e+00 0.000000000000000e+00 1.162892424193111e-03 0.000000000000000e+00 0.000000000000000e+00 0.000000000000000e+00 2.272578863754596e-03 4.335736978951227e-04 0.000000000000000e+00 0.000000000000000e+00 5.937317471138409e-04 2.052365145740241e-03 3.652789547558384e-03 0.000000000000000e+00 4.547576835995310e-03 0.000000000000000e+00 3.302097649048203e-03 1.978065022969831e-03 
2.033860047576390e-03 0.000000000000000e+00 7.415639185688380e-04 0.000000000000000e+00 0.000000000000000e+00 0.000000000000000e+00 8.075500449418582e-05 0.000000000000000e+00 3.671335712340342e-03 0.000000000000000e+00 0.000000000000000e+00 0.000000000000000e+00 3.461666480479985e-03 0.000000000000000e+00 0.000000000000000e+00 0.000000000000000e+00 3.843811769988159e-03 2.723582538949960e-03 0.000000000000000e+00 0.000000000000000e+00 1.137085678607836e-03 3.757521524817394e-03 0.000000000000000e+00 0.000000000000000e+00 3.703440089663702e-03 
0.000000000000000e+00 3.645136896182584e-03 1.378517039734800e-03 3.976768401345140e-05 0.000000000000000e+00 0.000000000000000e+00 0.000000000000000e+00 0.000000000000000e+00 0.000000000000000e+00 2.814412626479447e-03 4.355945238767059e-03 0.000000000000000e+00 2.765573561257810e-04 6.387619328703939e-04 4.424321337731869e-03 2.708472967451453e-03 5.668072963012960e-04 0.000000000000000e+00 0.000000000000000e+00 0.000000000000000e+00 3.156164438021970e-03 4.969763716054640e-03 9.405041801731200e-04 0.000000000000000e+00 0.000000000000000e+00 
1.896602714683925e-03 6.891586231045435e-04 0.000000000000000e+00 0.000000000000000e+00 2.131160885265348e-04 5.541715470946137e-04 0.000000000000000e+00 0.000000000000000e+00 1.817399031929617e-03 2.045124116306053e-03 0.000000000000000e+00 0.000000000000000e+00 3.503114041569530e-03 9.180414441556654e-04 0.000000000000000e+00 0.000000000000000e+00 0.000000000000000e+00 3.745545306098362e-03 1.037609023073952e-03 1.006353514118231e-03 9.523977243794630e-04 0.000000000000000e+00 4.091164322912561e-03 0.000000000000000e+00 7.477975008662325e-04 
2.610815174467096e-03 1.710687645121495e-03 3.934377401153773e-03 4.759899017448671e-03 0.000000000000000e+00 0.000000000000000e+00 0.000000000000000e+00 5.737195333309948e-04 3.385319057167068e-04 4.240989174138022e-03 0.000000000000000e+00 0.000000000000000e+00 0.000000000000000e+00 0.000000000000000e+00 0.000000000000000e+00 0.000000000000000e+00 2.836574448498600e-03 0.000000000000000e+00 0.000000000000000e+00 4.530933594880816e-03 2.113948570697347e-03 1.117193841528956e-03 2.007894719866576e-03 4.319155516500498e-04 0.000000000000000e+00 
0.000000000000000e+00 0.000000000000000e+00 0.000000000000000e+00 5.987103292338067e-04 0.000000000000000e+00 0.000000000000000e+00 4.723484411030386e-03 0.000000000000000e+00 4.084605896189947e-04 2.857377615592255e-03 0.000000000000000e+00 3.770213339451853e-03 0.000000000000000e+00 2.414608376586277e-03 0.000000000000000e+00 1.123545268620113e-03 3.347095206130370e-03 2.964677505724213e-03 9.640115262620316e-04 3.501340781156081e-04 0.000000000000000e+00 0.000000000000000e+00 8.541935858021262e-04 0.000000000000000e+00 4.244402198003261e-03 
3.441171103223711e-03 0.000000000000000e+00 1.336285256119538e-03 2.955837492016170e-03 2.721087265591121e-03 0.000000000000000e+00 1.158333807201662e-03 3.521570239819304e-03 4.041300121623663e-03 4.708237045382453e-03 2.334869390852679e-04 3.768138454066609e-03 0.000000000000000e+00 0.000000000000000e+00 9.670666134082880e-04 0.000000000000000e+00 1.351437384985995e-03 1.199651808880798e-03 0.000000000000000e+00 0.000000000000000e+00 4.562578338892909e-03 0.000000000000000e+00 0.000000000000000e+00 2.125766405477846e-03 0.000000000000000e+00 
4.963233084527675e-03 3.849889605681907e-03 4.413881755057383e-03 0.000000000000000e+00 4.835850222266443e-03 1.616674203698568e-03 3.509988555438712e-03 2.717682132076546e-03 7.973968559197053e-04 9.571683985352886e-04 0.000000000000000e+00 0.000000000000000e+00 9.353755432757588e-04 0.000000000000000e+00 0.000000000000000e+00 1.592925088658877e-03 3.103437696681995e-03 0.000000000000000e+00 0.000000000000000e+00 0.000000000000000e+00 1.959986646171402e-03 2.745429730106190e-03 0.000000000000000e+00 0.000000000000000e+00 0.000000000000000e+00 
0.000000000000000e+00 0.000000000000000e+00 0.000000000000000e+00 0.000000000000000e+00 3.663481242243112e-03 0.000000000000000e+00 0.000000000000000e+00 0.000000000000000e+00 0.000000000000000e+00 0.000000000000000e+00 4.357448703821930e-03 0.000000000000000e+00 0.000000000000000e+00 0.000000000000000e+00 0.000000000000000e+00 3.065108817990168e-03 4.173214480529107e-03 0.000000000000000e+00 4.334305663556712e-03 1.358293848385582e-03 1.066137727579848e-03 2.246848012069865e-04 0.000000000000000e+00 0.000000000000000e+00 4.553374982708506e-03 
0.000000000000000e+00 3.135542602495386e-03 0.000000000000000e+00 3.573713373067903e-03 4.569343626799196e-03 4.287247134055019e-03 3.514977539749852e-03 0.000000000000000e+00 4.120541547084600e-03 4.407039282282520e-03 0.000000000000000e+00 1.304633446484550e-03 1.802909503455856e-03 0.000000000000000e+00 0.000000000000000e+00 0.000000000000000e+00 0.000000000000000e+00 0.000000000000000e+00 2.471629753024004e-03 0.000000000000000e+00 0.000000000000000e+00 0.000000000000000e+00 1.387753077139764e-04 0.000000000000000e+00 2.851910789365969e-03 
3.152724040593381e-03 2.232226830671549e-03 4.606587316219269e-03 0.000000000000000e+00 0.000000000000000e+00 0.000000000000000e+00 0.000000000000000e+00 0.000000000000000e+00 2.345221441442809e-03 1.244217494634731e-03 0.000000000000000e+00 3.118946884045803e-03 0.000000000000000e+00 0.000000000000000e+00 3.471361029217271e-03 2.080327147811292e-03 1.098951633052169e-03 0.000000000000000e+00 1.290712764869972e-03 2.286266231468185e-03 0.000000000000000e+00 2.736975338943857e-03 0.000000000000000e+00 4.593015644702136e-03 2.934391232877214e-03 
0.000000000000000e+00 2.639105112675766e-03 1.210253255135801e-04 0.000000000000000e+00 0.000000000000000e+00 3.032600741193174e-03 4.227107714087203e-03 1.677638756059940e-04 0.000000000000000e+00 0.000000000000000e+00 0.000000000000000e+00 3.022028823367351e-03 0.000000000000000e+00 2.973626675565532e-03 0.000000000000000e+00 5.113743174979416e-04 0.000000000000000e+00 0.000000000000000e+00 1.243090109729018e-03 1.068528560360394e-04 0.000000000000000e+00 3.238587969711825e-03 4.889037510580326e-03 3.940254346553961e-03 0.000000000000000e+00 
1.196442692423209e-03 1.659499296219951e-03 0.000000000000000e+00 2.761456721955122e-03 4.788397315123941e-03 2.341707872424141e-03 3.998788734834342e-03 3.881993385168224e-03 1.375128533189569e-03 4.806289677200133e-03 0.000000000000000e+00 3.503847686590128e-03 0.000000000000000e+00 0.000000000000000e+00 0.000000000000000e+00 1.537765941802831e-03 0.000000000000000e+00 1.260896120357027e-03 3.444119983794166e-03 1.652333888769821e-03 3.213553750711224e-03 2.762942109694045e-03 9.566267369768332e-04 3.046851799355424e-03 0.000000000000000e+00 