# File created on Tue Apr 30 03:48:51 2024
# The following metaparameters were used for this matrix optimization : gamma0 = 0.5; alpha0 = 0; sigma0 = 0.25; l0 = 1;p = 1; R0 = 1; S0 = 0.05; NR = 25; NS = 25; matrix path = matrices/Nr25_Nc25/consumption/RandTrix_Nr25_Nc25_Nest0.55_Conn0.3344.txt; convergence threshold = 1e-08
1.242877500130093e+00 0.000000000000000e+00 2.561529202769934e-01 1.667495495561873e+00 4.277423328072579e-01 8.470929547742088e-01 0.000000000000000e+00 0.000000000000000e+00 0.000000000000000e+00 3.836616618891999e-01 0.000000000000000e+00 0.000000000000000e+00 0.000000000000000e+00 3.862179641585048e-02 0.000000000000000e+00 8.037476228725031e-02 2.138006068636396e-01 0.000000000000000e+00 1.010094022807890e+00 0.000000000000000e+00 0.000000000000000e+00 0.000000000000000e+00 0.000000000000000e+00 0.000000000000000e+00 0.000000000000000e+00 
5.680499694131864e-01 1.849207227241900e+00 0.000000000000000e+00 1.092287618450330e-01 5.224075041138539e-01 0.000000000000000e+00 0.000000000000000e+00 0.000000000000000e+00 1.047478905842055e+00 0.000000000000000e+00 0.000000000000000e+00 0.000000000000000e+00 0.000000000000000e+00 1.219873846039521e-01 0.000000000000000e+00 0.000000000000000e+00 1.168967065419402e+00 0.000000000000000e+00 0.000000000000000e+00 4.969532104408020e-01 0.000000000000000e+00 7.821981528874331e-01 0.000000000000000e+00 0.000000000000000e+00 2.865472225984824e+00 
7.326378347186529e-01 9.823054911301028e-01 0.000000000000000e+00 1.359471736468229e-01 0.000000000000000e+00 6.077646337013804e-01 0.000000000000000e+00 6.241436972838634e-01 1.315044580735253e+00 0.000000000000000e+00 0.000000000000000e+00 0.000000000000000e+00 9.074259452832496e-01 2.703981561497070e-01 0.000000000000000e+00 0.000000000000000e+00 7.670851591238757e-01 0.000000000000000e+00 3.055694492036088e-01 1.247735813260146e+00 0.000000000000000e+00 0.000000000000000e+00 0.000000000000000e+00 0.000000000000000e+00 0.000000000000000e+00 
0.000000000000000e+00 0.000000000000000e+00 0.000000000000000e+00 0.000000000000000e+00 1.555680656329695e+00 9.045502270500923e-01 1.304940121428803e+00 0.000000000000000e+00 2.496954709847799e-02 1.465414142509820e+00 0.000000000000000e+00 0.000000000000000e+00 0.000000000000000e+00 0.000000000000000e+00 0.000000000000000e+00 0.000000000000000e+00 0.000000000000000e+00 1.835808999710728e-01 0.000000000000000e+00 3.850448851209236e-01 0.000000000000000e+00 0.000000000000000e+00 0.000000000000000e+00 0.000000000000000e+00 0.000000000000000e+00 
0.000000000000000e+00 0.000000000000000e+00 8.522422053384515e-01 8.830445130728826e-01 1.982015418614932e-01 1.496112545794810e+00 0.000000000000000e+00 0.000000000000000e+00 0.000000000000000e+00 0.000000000000000e+00 9.588445750613912e-01 1.190625385500073e-02 0.000000000000000e+00 0.000000000000000e+00 5.069408831955675e-01 1.781966213542676e-01 0.000000000000000e+00 0.000000000000000e+00 0.000000000000000e+00 0.000000000000000e+00 0.000000000000000e+00 0.000000000000000e+00 1.171661050481347e+00 0.000000000000000e+00 0.000000000000000e+00 
1.592040460902386e+00 1.256994861928524e+00 0.000000000000000e+00 0.000000000000000e+00 0.000000000000000e+00 0.000000000000000e+00 6.897304890680856e-01 0.000000000000000e+00 7.701399132660711e-01 0.000000000000000e+00 0.000000000000000e+00 0.000000000000000e+00 0.000000000000000e+00 4.967925581032053e-01 0.000000000000000e+00 0.000000000000000e+00 0.000000000000000e+00 0.000000000000000e+00 0.000000000000000e+00 0.000000000000000e+00 0.000000000000000e+00 4.179491377229941e-01 0.000000000000000e+00 0.000000000000000e+00 3.663252045908584e-01 
7.907236901117944e-01 4.637440142575930e-01 3.762212436274599e-01 1.019088528779418e+00 7.618286082072409e-01 1.042610942822252e+00 2.677151016440435e-01 0.000000000000000e+00 0.000000000000000e+00 0.000000000000000e+00 0.000000000000000e+00 0.000000000000000e+00 0.000000000000000e+00 0.000000000000000e+00 0.000000000000000e+00 0.000000000000000e+00 0.000000000000000e+00 0.000000000000000e+00 0.000000000000000e+00 0.000000000000000e+00 0.000000000000000e+00 0.000000000000000e+00 0.000000000000000e+00 0.000000000000000e+00 0.000000000000000e+00 
0.000000000000000e+00 4.233912841947250e-01 0.000000000000000e+00 2.390187206779250e-01 3.939124225869711e-01 7.784288255514540e-01 9.717788802591334e-01 0.000000000000000e+00 0.000000000000000e+00 0.000000000000000e+00 0.000000000000000e+00 0.000000000000000e+00 0.000000000000000e+00 1.592922705752159e+00 0.000000000000000e+00 0.000000000000000e+00 0.000000000000000e+00 0.000000000000000e+00 0.000000000000000e+00 0.000000000000000e+00 0.000000000000000e+00 0.000000000000000e+00 0.000000000000000e+00 0.000000000000000e+00 0.000000000000000e+00 
2.675551073946043e-01 8.403553642814159e-01 0.000000000000000e+00 0.000000000000000e+00 0.000000000000000e+00 7.998971678281127e-01 4.806401710772529e-01 0.000000000000000e+00 0.000000000000000e+00 0.000000000000000e+00 3.785555594664919e-01 0.000000000000000e+00 0.000000000000000e+00 5.515854107535828e-01 0.000000000000000e+00 3.349332638813142e-01 0.000000000000000e+00 0.000000000000000e+00 0.000000000000000e+00 3.796045633122000e-01 0.000000000000000e+00 0.000000000000000e+00 8.046286466949514e-01 0.000000000000000e+00 0.000000000000000e+00 
0.000000000000000e+00 7.052043217748065e-01 0.000000000000000e+00 0.000000000000000e+00 0.000000000000000e+00 0.000000000000000e+00 9.263090863657312e-01 4.500307609232468e-01 0.000000000000000e+00 0.000000000000000e+00 5.358803550429345e-01 0.000000000000000e+00 0.000000000000000e+00 0.000000000000000e+00 0.000000000000000e+00 0.000000000000000e+00 0.000000000000000e+00 0.000000000000000e+00 5.687313991853397e-01 0.000000000000000e+00 0.000000000000000e+00 0.000000000000000e+00 5.164801409288400e-02 0.000000000000000e+00 6.748993929610646e-01 
0.000000000000000e+00 1.091086804494798e+00 3.745495157094208e-01 0.000000000000000e+00 0.000000000000000e+00 0.000000000000000e+00 5.092643113434604e-01 0.000000000000000e+00 0.000000000000000e+00 0.000000000000000e+00 0.000000000000000e+00 8.510221532204321e-01 0.000000000000000e+00 3.616211456990667e-01 1.455887977226585e-01 0.000000000000000e+00 4.276461862745104e-01 0.000000000000000e+00 0.000000000000000e+00 0.000000000000000e+00 0.000000000000000e+00 0.000000000000000e+00 0.000000000000000e+00 0.000000000000000e+00 0.000000000000000e+00 
4.864395687659596e-01 1.154348909457534e+00 5.403911944930860e-01 0.000000000000000e+00 0.000000000000000e+00 0.000000000000000e+00 0.000000000000000e+00 2.697915386263935e-01 5.110732055321322e-01 0.000000000000000e+00 0.000000000000000e+00 0.000000000000000e+00 0.000000000000000e+00 0.000000000000000e+00 0.000000000000000e+00 0.000000000000000e+00 4.416555249939257e-01 0.000000000000000e+00 0.000000000000000e+00 2.010692902116682e-01 0.000000000000000e+00 0.000000000000000e+00 0.000000000000000e+00 0.000000000000000e+00 0.000000000000000e+00 
0.000000000000000e+00 0.000000000000000e+00 0.000000000000000e+00 0.000000000000000e+00 1.093271291923820e+00 0.000000000000000e+00 0.000000000000000e+00 0.000000000000000e+00 0.000000000000000e+00 5.759606827976573e-01 5.666023507846527e-02 0.000000000000000e+00 1.399457983425604e+00 0.000000000000000e+00 0.000000000000000e+00 0.000000000000000e+00 0.000000000000000e+00 0.000000000000000e+00 0.000000000000000e+00 5.647659379878681e-01 0.000000000000000e+00 8.106913382089609e-01 0.000000000000000e+00 0.000000000000000e+00 8.233485398831129e-03 
2.786255127960573e-01 1.081949373414578e+00 0.000000000000000e+00 0.000000000000000e+00 0.000000000000000e+00 0.000000000000000e+00 3.296073562331714e-01 0.000000000000000e+00 0.000000000000000e+00 0.000000000000000e+00 0.000000000000000e+00 0.000000000000000e+00 7.299162761849805e-01 4.317129627899644e-01 0.000000000000000e+00 0.000000000000000e+00 0.000000000000000e+00 0.000000000000000e+00 0.000000000000000e+00 3.752418449796760e-01 2.407514138351940e-01 0.000000000000000e+00 1.499819863303194e-01 0.000000000000000e+00 0.000000000000000e+00 
9.846810301072728e-01 2.915490963288473e-01 4.771162244925898e-01 0.000000000000000e+00 0.000000000000000e+00 0.000000000000000e+00 0.000000000000000e+00 0.000000000000000e+00 0.000000000000000e+00 8.752819888788625e-01 0.000000000000000e+00 0.000000000000000e+00 0.000000000000000e+00 0.000000000000000e+00 2.989887208579964e-01 0.000000000000000e+00 0.000000000000000e+00 5.143287084134499e-01 0.000000000000000e+00 0.000000000000000e+00 0.000000000000000e+00 0.000000000000000e+00 0.000000000000000e+00 0.000000000000000e+00 0.000000000000000e+00 
0.000000000000000e+00 0.000000000000000e+00 0.000000000000000e+00 0.000000000000000e+00 5.679678364357200e-01 0.000000000000000e+00 0.000000000000000e+00 0.000000000000000e+00 0.000000000000000e+00 4.266090346599586e-01 0.000000000000000e+00 0.000000000000000e+00 0.000000000000000e+00 0.000000000000000e+00 0.000000000000000e+00 0.000000000000000e+00 8.069092846220659e-01 0.000000000000000e+00 6.926921868466720e-01 0.000000000000000e+00 0.000000000000000e+00 1.349838947739677e+00 0.000000000000000e+00 0.000000000000000e+00 0.000000000000000e+00 
0.000000000000000e+00 4.969657018340052e-02 6.152822046279113e-01 0.000000000000000e+00 0.000000000000000e+00 6.070774802626527e-01 3.521485089768246e-01 0.000000000000000e+00 0.000000000000000e+00 0.000000000000000e+00 0.000000000000000e+00 3.141633054894289e-01 0.000000000000000e+00 0.000000000000000e+00 0.000000000000000e+00 0.000000000000000e+00 4.352222608870730e-01 1.418726333153081e-01 0.000000000000000e+00 0.000000000000000e+00 0.000000000000000e+00 0.000000000000000e+00 0.000000000000000e+00 1.482316587204186e-01 0.000000000000000e+00 
0.000000000000000e+00 0.000000000000000e+00 0.000000000000000e+00 5.696608471629719e-01 0.000000000000000e+00 0.000000000000000e+00 0.000000000000000e+00 0.000000000000000e+00 4.976870649813389e-01 0.000000000000000e+00 0.000000000000000e+00 0.000000000000000e+00 0.000000000000000e+00 0.000000000000000e+00 5.797229432534947e-01 2.255238662461021e-01 0.000000000000000e+00 0.000000000000000e+00 0.000000000000000e+00 0.000000000000000e+00 0.000000000000000e+00 0.000000000000000e+00 9.591709596743687e-01 0.000000000000000e+00 6.267941625006387e-01 
6.338532329012684e-01 4.638129834526823e-01 0.000000000000000e+00 0.000000000000000e+00 0.000000000000000e+00 0.000000000000000e+00 3.038793445182564e-01 2.892447504741537e-01 0.000000000000000e+00 0.000000000000000e+00 0.000000000000000e+00 0.000000000000000e+00 0.000000000000000e+00 0.000000000000000e+00 0.000000000000000e+00 0.000000000000000e+00 0.000000000000000e+00 0.000000000000000e+00 0.000000000000000e+00 1.581349426274169e-01 0.000000000000000e+00 0.000000000000000e+00 0.000000000000000e+00 0.000000000000000e+00 0.000000000000000e+00 
0.000000000000000e+00 0.000000000000000e+00 3.764442644157899e-01 0.000000000000000e+00 0.000000000000000e+00 0.000000000000000e+00 5.314431949257144e-01 0.000000000000000e+00 7.699835975164584e-01 0.000000000000000e+00 0.000000000000000e+00 0.000000000000000e+00 0.000000000000000e+00 0.000000000000000e+00 0.000000000000000e+00 2.943359945195801e-02 0.000000000000000e+00 0.000000000000000e+00 0.000000000000000e+00 0.000000000000000e+00 0.000000000000000e+00 0.000000000000000e+00 0.000000000000000e+00 0.000000000000000e+00 0.000000000000000e+00 
0.000000000000000e+00 0.000000000000000e+00 0.000000000000000e+00 0.000000000000000e+00 0.000000000000000e+00 2.177893715890043e-01 0.000000000000000e+00 1.202818925039128e+00 0.000000000000000e+00 0.000000000000000e+00 0.000000000000000e+00 0.000000000000000e+00 0.000000000000000e+00 0.000000000000000e+00 0.000000000000000e+00 2.425931131724409e-01 9.856715090293159e-02 2.626056284415397e-01 5.337287215289858e-01 0.000000000000000e+00 0.000000000000000e+00 0.000000000000000e+00 0.000000000000000e+00 0.000000000000000e+00 0.000000000000000e+00 
0.000000000000000e+00 0.000000000000000e+00 0.000000000000000e+00 9.999731330763971e-01 6.206272814859027e-01 0.000000000000000e+00 0.000000000000000e+00 2.115634937619195e-01 0.000000000000000e+00 0.000000000000000e+00 1.896792391261876e-01 0.000000000000000e+00 0.000000000000000e+00 0.000000000000000e+00 0.000000000000000e+00 0.000000000000000e+00 9.873601986043904e-03 2.013227244709249e-02 1.392625707436686e-02 0.000000000000000e+00 5.126590365233001e-02 0.000000000000000e+00 0.000000000000000e+00 2.352606500009903e-01 0.000000000000000e+00 
0.000000000000000e+00 0.000000000000000e+00 0.000000000000000e+00 0.000000000000000e+00 0.000000000000000e+00 0.000000000000000e+00 0.000000000000000e+00 0.000000000000000e+00 0.000000000000000e+00 0.000000000000000e+00 0.000000000000000e+00 4.827624544418090e-01 0.000000000000000e+00 0.000000000000000e+00 0.000000000000000e+00 0.000000000000000e+00 0.000000000000000e+00 0.000000000000000e+00 0.000000000000000e+00 5.971354007656064e-01 3.851473450540489e-01 0.000000000000000e+00 0.000000000000000e+00 0.000000000000000e+00 0.000000000000000e+00 
0.000000000000000e+00 5.861426909315129e-01 4.637921101686198e-01 0.000000000000000e+00 3.615113974701713e-02 0.000000000000000e+00 0.000000000000000e+00 4.226423156972845e-01 0.000000000000000e+00 0.000000000000000e+00 0.000000000000000e+00 0.000000000000000e+00 0.000000000000000e+00 0.000000000000000e+00 0.000000000000000e+00 0.000000000000000e+00 0.000000000000000e+00 0.000000000000000e+00 0.000000000000000e+00 0.000000000000000e+00 0.000000000000000e+00 0.000000000000000e+00 0.000000000000000e+00 0.000000000000000e+00 0.000000000000000e+00 
0.000000000000000e+00 0.000000000000000e+00 6.272491551506286e-01 0.000000000000000e+00 3.195284376781883e-01 0.000000000000000e+00 0.000000000000000e+00 0.000000000000000e+00 0.000000000000000e+00 0.000000000000000e+00 2.734033466056630e-02 0.000000000000000e+00 0.000000000000000e+00 0.000000000000000e+00 0.000000000000000e+00 0.000000000000000e+00 0.000000000000000e+00 0.000000000000000e+00 0.000000000000000e+00 0.000000000000000e+00 0.000000000000000e+00 0.000000000000000e+00 0.000000000000000e+00 0.000000000000000e+00 0.000000000000000e+00 