# File created on Fri May 17 15:42:04 2024
# The following metaparameters were used for this matrix optimization : gamma0 = 0.5; alpha0 = 0; sigma0 = 0.25; l0 = 1;p = 1; R0 = 1; S0 = 0.05; NR = 25; NS = 25; matrix path = matrices/Nr25_Nc25/consumption/RandTrix_Nr25_Nc25_Nest0.55_Conn0.184.txt; convergence threshold = 1e-08
3.342527406843038e-03 0.000000000000000e+00 0.000000000000000e+00 0.000000000000000e+00 0.000000000000000e+00 0.000000000000000e+00 0.000000000000000e+00 8.852166196015464e-04 0.000000000000000e+00 4.333425656516589e-03 0.000000000000000e+00 5.890926244604760e-04 0.000000000000000e+00 2.582819230183032e-04 3.231643003878630e-04 3.406363144686473e-03 0.000000000000000e+00 0.000000000000000e+00 2.317709188207996e-03 3.773536279447445e-03 0.000000000000000e+00 3.717235407332453e-03 0.000000000000000e+00 0.000000000000000e+00 0.000000000000000e+00 
0.000000000000000e+00 1.987863310792517e-03 0.000000000000000e+00 3.744720704278081e-04 0.000000000000000e+00 0.000000000000000e+00 1.938146084866061e-03 3.681992207520485e-03 1.217024004209709e-03 0.000000000000000e+00 4.582473065003262e-03 0.000000000000000e+00 2.588910563068282e-03 2.174677841048033e-03 0.000000000000000e+00 0.000000000000000e+00 2.966865227453528e-03 1.506844395144583e-03 0.000000000000000e+00 0.000000000000000e+00 3.616919695042674e-03 6.697857547218328e-04 0.000000000000000e+00 2.792004256438394e-03 1.157147743747919e-03 
2.222367408190399e-03 2.329966086478577e-03 1.341559953666354e-03 2.129517234837042e-03 4.729320495700034e-03 3.191428150954176e-03 0.000000000000000e+00 1.310621774814512e-03 0.000000000000000e+00 0.000000000000000e+00 1.936894049430450e-03 4.010420189658755e-03 0.000000000000000e+00 0.000000000000000e+00 0.000000000000000e+00 0.000000000000000e+00 8.063685480049037e-04 3.198658167969406e-03 1.517226612892874e-03 0.000000000000000e+00 0.000000000000000e+00 3.639950066126703e-03 1.413705009419339e-03 4.634302178976044e-03 2.531565624527004e-03 
2.811767619121952e-03 3.937077988689358e-03 3.783961359928800e-03 0.000000000000000e+00 2.944401323568631e-03 4.339820098142865e-03 3.844610268905368e-03 0.000000000000000e+00 7.195831815513689e-04 1.816982620260464e-03 2.521281880313359e-03 0.000000000000000e+00 0.000000000000000e+00 1.275846034011329e-03 0.000000000000000e+00 0.000000000000000e+00 0.000000000000000e+00 1.895501520763373e-03 0.000000000000000e+00 0.000000000000000e+00 2.512795733447391e-03 2.016087812301089e-03 0.000000000000000e+00 1.335503003944725e-03 0.000000000000000e+00 
0.000000000000000e+00 0.000000000000000e+00 0.000000000000000e+00 0.000000000000000e+00 0.000000000000000e+00 0.000000000000000e+00 0.000000000000000e+00 0.000000000000000e+00 0.000000000000000e+00 1.416181958908381e-03 0.000000000000000e+00 7.308386806918234e-05 8.000114371407012e-04 4.456179981535055e-03 0.000000000000000e+00 0.000000000000000e+00 0.000000000000000e+00 4.111132765423530e-03 0.000000000000000e+00 0.000000000000000e+00 0.000000000000000e+00 1.824565744932151e-03 4.214143669205867e-03 0.000000000000000e+00 0.000000000000000e+00 
0.000000000000000e+00 4.908063907553810e-03 0.000000000000000e+00 8.272380881291375e-04 0.000000000000000e+00 0.000000000000000e+00 3.463846191533960e-03 0.000000000000000e+00 0.000000000000000e+00 0.000000000000000e+00 1.833434735709375e-03 4.065316747036891e-04 0.000000000000000e+00 4.870763904194663e-03 2.409602561641098e-03 0.000000000000000e+00 4.209067366093789e-03 0.000000000000000e+00 0.000000000000000e+00 4.502024861388658e-03 2.549723354261429e-03 0.000000000000000e+00 0.000000000000000e+00 2.992294296126586e-03 2.064016400403608e-03 
2.127217330033819e-03 0.000000000000000e+00 1.034065479152110e-03 3.500411689912951e-03 4.146278643338753e-03 2.624023188617577e-03 2.734162208167566e-03 0.000000000000000e+00 0.000000000000000e+00 4.564034779643592e-03 3.551667197093691e-03 3.882676062207027e-03 3.130887783114026e-03 1.960899012309550e-03 0.000000000000000e+00 0.000000000000000e+00 4.248487433737617e-03 0.000000000000000e+00 4.307163126037801e-03 3.860164613181518e-03 4.861964460179219e-03 0.000000000000000e+00 4.373211857979742e-03 1.911576698063080e-03 0.000000000000000e+00 
0.000000000000000e+00 9.030087403672333e-04 7.483738817000537e-04 0.000000000000000e+00 4.966220601644798e-03 0.000000000000000e+00 2.359337740192185e-03 0.000000000000000e+00 2.285854126036394e-03 1.494389252086892e-03 2.079832570663385e-03 5.108586401683270e-04 0.000000000000000e+00 3.993278195622721e-03 0.000000000000000e+00 1.492697326133894e-03 2.690993023360180e-03 1.700635204615574e-03 2.973805047323754e-03 0.000000000000000e+00 0.000000000000000e+00 0.000000000000000e+00 0.000000000000000e+00 3.985488348660978e-03 8.000301894950316e-04 
0.000000000000000e+00 0.000000000000000e+00 0.000000000000000e+00 0.000000000000000e+00 0.000000000000000e+00 0.000000000000000e+00 0.000000000000000e+00 0.000000000000000e+00 0.000000000000000e+00 0.000000000000000e+00 0.000000000000000e+00 0.000000000000000e+00 0.000000000000000e+00 0.000000000000000e+00 0.000000000000000e+00 0.000000000000000e+00 0.000000000000000e+00 1.270567488054983e-03 1.396082721992801e-03 4.195831235733126e-03 1.295427116406394e-04 7.388652952380338e-04 1.079700859445646e-04 0.000000000000000e+00 0.000000000000000e+00 
0.000000000000000e+00 0.000000000000000e+00 0.000000000000000e+00 6.843675501840272e-04 4.301378788851368e-03 0.000000000000000e+00 1.283795514086169e-03 2.490601424915810e-03 2.571773505107372e-03 3.712263611551036e-03 0.000000000000000e+00 0.000000000000000e+00 1.552312452569440e-03 3.226924088430086e-03 0.000000000000000e+00 1.492982661333393e-04 0.000000000000000e+00 0.000000000000000e+00 0.000000000000000e+00 0.000000000000000e+00 0.000000000000000e+00 1.623265390199957e-03 1.724019903267581e-03 3.400407615131446e-03 4.685778600406937e-03 
0.000000000000000e+00 0.000000000000000e+00 2.332413896053598e-03 0.000000000000000e+00 1.100376920546572e-04 0.000000000000000e+00 0.000000000000000e+00 0.000000000000000e+00 5.825562594629505e-04 4.478837100364428e-03 7.301668531952973e-04 8.398969024890248e-04 0.000000000000000e+00 0.000000000000000e+00 0.000000000000000e+00 3.628615175327598e-03 0.000000000000000e+00 1.768762830882229e-03 0.000000000000000e+00 0.000000000000000e+00 0.000000000000000e+00 1.526748966472112e-03 0.000000000000000e+00 1.390757428784128e-03 0.000000000000000e+00 
2.889040737866656e-03 0.000000000000000e+00 0.000000000000000e+00 0.000000000000000e+00 1.403040727453420e-03 2.744909933133663e-03 1.498885846379883e-03 0.000000000000000e+00 0.000000000000000e+00 3.843950347271578e-03 0.000000000000000e+00 0.000000000000000e+00 0.000000000000000e+00 0.000000000000000e+00 3.910028339170265e-03 4.151900799353056e-03 4.284294132639235e-03 0.000000000000000e+00 4.475514841794542e-03 3.449450002292411e-03 0.000000000000000e+00 4.556882814195514e-04 3.773102429250065e-03 8.704794123721296e-04 1.464395677871662e-03 
4.262659531291635e-03 0.000000000000000e+00 3.684240673314970e-03 1.288749812366185e-03 4.084229300844790e-03 2.691161131055914e-03 0.000000000000000e+00 1.580275176666064e-03 4.490508619956494e-03 0.000000000000000e+00 5.843382405910716e-04 4.881318042306321e-03 4.518859514616956e-03 4.380459522316001e-03 0.000000000000000e+00 0.000000000000000e+00 1.109436369687167e-03 0.000000000000000e+00 0.000000000000000e+00 4.936449258322393e-03 0.000000000000000e+00 0.000000000000000e+00 1.759538917290065e-03 0.000000000000000e+00 4.247705240984299e-03 
0.000000000000000e+00 3.623895766403342e-03 0.000000000000000e+00 1.531847258419123e-04 0.000000000000000e+00 3.551189047480985e-03 0.000000000000000e+00 4.154382933288840e-03 0.000000000000000e+00 0.000000000000000e+00 0.000000000000000e+00 0.000000000000000e+00 0.000000000000000e+00 0.000000000000000e+00 0.000000000000000e+00 0.000000000000000e+00 2.770555499735121e-03 0.000000000000000e+00 3.458173065506221e-04 2.262623278070458e-03 3.209322570881522e-03 3.609406308167947e-03 0.000000000000000e+00 8.894562429851154e-04 3.295751262060344e-03 
0.000000000000000e+00 3.124311069273837e-03 0.000000000000000e+00 0.000000000000000e+00 0.000000000000000e+00 3.304734922805450e-03 4.404217932071151e-03 1.258123747359632e-03 0.000000000000000e+00 2.108991174053871e-04 2.334104874999578e-03 0.000000000000000e+00 2.570651119247744e-03 0.000000000000000e+00 0.000000000000000e+00 2.293485928617098e-03 0.000000000000000e+00 1.532243016983193e-03 1.634135809578103e-03 2.623338994040351e-03 0.000000000000000e+00 0.000000000000000e+00 0.000000000000000e+00 0.000000000000000e+00 0.000000000000000e+00 
0.000000000000000e+00 0.000000000000000e+00 0.000000000000000e+00 0.000000000000000e+00 3.214845543505809e-03 4.782482494710713e-03 0.000000000000000e+00 0.000000000000000e+00 2.850534323823740e-03 3.401411870606470e-04 0.000000000000000e+00 9.131350727492716e-04 8.438179710770199e-04 0.000000000000000e+00 0.000000000000000e+00 0.000000000000000e+00 0.000000000000000e+00 4.141691692644452e-03 2.314139887656340e-03 0.000000000000000e+00 0.000000000000000e+00 1.265521920897905e-03 0.000000000000000e+00 3.356734957698538e-03 1.307363527020352e-03 
7.904719280209602e-04 0.000000000000000e+00 1.471285663329695e-03 4.255149411813560e-03 2.377266436709606e-03 0.000000000000000e+00 2.802575311875494e-03 4.782996705664910e-03 0.000000000000000e+00 0.000000000000000e+00 0.000000000000000e+00 2.092646279596232e-03 2.938400684081400e-03 4.181782702547238e-03 0.000000000000000e+00 0.000000000000000e+00 0.000000000000000e+00 3.445089120300168e-03 0.000000000000000e+00 1.476169177257887e-04 2.564744326738459e-03 0.000000000000000e+00 3.554285345355164e-03 3.657149355903772e-03 2.377209086111339e-03 
0.000000000000000e+00 3.617122229097806e-03 0.000000000000000e+00 3.828462947769025e-03 0.000000000000000e+00 3.121738823743368e-03 0.000000000000000e+00 1.778038333781649e-03 0.000000000000000e+00 1.028392440650547e-04 0.000000000000000e+00 2.015493108280376e-03 3.954398885684875e-03 3.415494505658123e-03 0.000000000000000e+00 0.000000000000000e+00 0.000000000000000e+00 0.000000000000000e+00 3.912399649476766e-03 4.430934259924480e-04 0.000000000000000e+00 4.683809948913563e-03 0.000000000000000e+00 3.570281672202570e-03 1.532394776461035e-03 
0.000000000000000e+00 0.000000000000000e+00 0.000000000000000e+00 4.608370266736079e-03 0.000000000000000e+00 2.982009806420132e-03 0.000000000000000e+00 0.000000000000000e+00 0.000000000000000e+00 2.540515513989438e-04 0.000000000000000e+00 0.000000000000000e+00 4.639048716524950e-03 4.396419685344369e-03 2.764589007267739e-03 4.329775208917814e-03 0.000000000000000e+00 1.704089945704761e-03 0.000000000000000e+00 3.937989471773734e-03 4.887687277151961e-03 0.000000000000000e+00 3.757739776047914e-03 1.308050956106124e-03 7.038935144883609e-06 
4.599402092834826e-03 3.670745725811082e-03 3.597472973807722e-03 0.000000000000000e+00 0.000000000000000e+00 0.000000000000000e+00 7.915238584090486e-04 2.097864283607816e-03 0.000000000000000e+00 3.433049195906464e-03 4.737665656588455e-03 2.422348887100816e-03 0.000000000000000e+00 4.165858664321987e-03 3.690447280401219e-03 7.921835269099829e-04 0.000000000000000e+00 0.000000000000000e+00 0.000000000000000e+00 0.000000000000000e+00 0.000000000000000e+00 2.239887224995279e-03 2.691527181553829e-03 4.118564001337191e-03 0.000000000000000e+00 
0.000000000000000e+00 2.951597087756851e-03 0.000000000000000e+00 0.000000000000000e+00 3.351263835385255e-03 0.000000000000000e+00 4.080866028484771e-03 8.377710002623406e-04 3.916800823985790e-03 3.061324388797217e-03 0.000000000000000e+00 0.000000000000000e+00 2.083638259881444e-03 0.000000000000000e+00 4.447292474711593e-03 0.000000000000000e+00 0.000000000000000e+00 1.041551114897242e-03 1.787370816651896e-03 0.000000000000000e+00 9.904878203843716e-04 0.000000000000000e+00 4.303622255097790e-03 0.000000000000000e+00 3.625110386399374e-03 
0.000000000000000e+00 3.973303911109962e-03 0.000000000000000e+00 3.106207508143822e-03 9.334757894358093e-04 0.000000000000000e+00 0.000000000000000e+00 2.283321123275721e-06 1.628328037157114e-03 4.555905631225623e-03 3.694161979323238e-03 0.000000000000000e+00 1.872982962700400e-05 3.249569380678905e-03 8.616700027372719e-04 1.135033899521548e-03 0.000000000000000e+00 1.998654148874701e-03 8.387220715641023e-04 4.952832970276016e-03 0.000000000000000e+00 0.000000000000000e+00 1.580928882002884e-03 1.050321676260054e-03 4.052984629315561e-03 
2.859504260384311e-03 1.336046037418840e-03 5.948724638681937e-04 3.958645463198996e-03 0.000000000000000e+00 0.000000000000000e+00 0.000000000000000e+00 0.000000000000000e+00 1.947223039129393e-03 2.010123898242301e-04 1.076716692634131e-03 4.768450794549879e-03 0.000000000000000e+00 0.000000000000000e+00 9.090722773387292e-05 7.490197044293383e-04 0.000000000000000e+00 0.000000000000000e+00 0.000000000000000e+00 9.335287715514553e-04 2.726441357449913e-03 0.000000000000000e+00 3.109847215642023e-03 3.108190595494599e-03 0.000000000000000e+00 
0.000000000000000e+00 0.000000000000000e+00 0.000000000000000e+00 0.000000000000000e+00 0.000000000000000e+00 4.348032257206460e-03 0.000000000000000e+00 0.000000000000000e+00 0.000000000000000e+00 0.000000000000000e+00 9.714962428883399e-05 4.126557740772687e-03 1.469125234551479e-03 4.685838232848062e-03 2.996064030516211e-03 0.000000000000000e+00 2.173667615021760e-03 2.934968281065524e-03 0.000000000000000e+00 2.009775503502429e-04 0.000000000000000e+00 0.000000000000000e+00 7.902079761109227e-04 3.746207412698047e-05 0.000000000000000e+00 
3.402434019287132e-03 3.864719628378483e-03 0.000000000000000e+00 1.949745256684340e-03 0.000000000000000e+00 4.022901279227824e-03 0.000000000000000e+00 0.000000000000000e+00 1.002797732111114e-03 6.340050095948065e-04 5.941561175553450e-04 0.000000000000000e+00 2.678886083908600e-03 0.000000000000000e+00 1.594264558433073e-03 2.485384243403310e-03 6.346377186565876e-04 0.000000000000000e+00 4.616482826881066e-03 1.209138934656262e-03 0.000000000000000e+00 4.694834497806790e-03 4.201406729381873e-03 2.395463181531509e-03 1.490196676949829e-03 