# File created on Tue Apr 30 03:35:18 2024
# The following metaparameters were used for this matrix optimization : gamma0 = 0.5; alpha0 = 0; sigma0 = 0.25; l0 = 1;p = 1; R0 = 1; S0 = 0.05; NR = 25; NS = 25; matrix path = matrices/Nr25_Nc25/consumption/RandTrix_Nr25_Nc25_Nest0.6_Conn0.3712.txt; convergence threshold = 1e-08
1.666722746513720e+00 0.000000000000000e+00 0.000000000000000e+00 0.000000000000000e+00 0.000000000000000e+00 0.000000000000000e+00 1.139184616107357e+00 0.000000000000000e+00 0.000000000000000e+00 1.623700034024301e+00 1.575660864260837e-01 0.000000000000000e+00 0.000000000000000e+00 0.000000000000000e+00 1.303497478328900e+00 0.000000000000000e+00 0.000000000000000e+00 3.799464914041808e-01 0.000000000000000e+00 0.000000000000000e+00 0.000000000000000e+00 0.000000000000000e+00 8.923273704942509e-01 1.214866853977014e+00 2.170004407845843e+00 
0.000000000000000e+00 1.681231697108868e+00 7.738447760166818e-01 0.000000000000000e+00 0.000000000000000e+00 1.746298119796734e+00 0.000000000000000e+00 6.550059647591939e-01 2.664766625440718e-01 0.000000000000000e+00 8.190429697367259e-01 0.000000000000000e+00 2.873054287815211e-01 0.000000000000000e+00 0.000000000000000e+00 0.000000000000000e+00 0.000000000000000e+00 0.000000000000000e+00 0.000000000000000e+00 0.000000000000000e+00 0.000000000000000e+00 0.000000000000000e+00 1.369881615302898e-01 0.000000000000000e+00 0.000000000000000e+00 
1.776167940531681e-02 0.000000000000000e+00 0.000000000000000e+00 7.957615904274663e-01 9.346861453670039e-01 4.870372693212620e-01 0.000000000000000e+00 0.000000000000000e+00 6.722270859346979e-01 9.835817313294613e-01 0.000000000000000e+00 0.000000000000000e+00 0.000000000000000e+00 0.000000000000000e+00 0.000000000000000e+00 0.000000000000000e+00 4.512898822804426e-02 0.000000000000000e+00 1.629435554542518e+00 0.000000000000000e+00 0.000000000000000e+00 1.346266106347716e+00 0.000000000000000e+00 2.070181098502927e+00 0.000000000000000e+00 
7.258123093377557e-01 8.327200641368856e-01 7.480686476943579e-01 0.000000000000000e+00 0.000000000000000e+00 6.342180093862775e-01 1.193178941108357e-01 4.274766526696097e-01 1.863341814374265e-01 0.000000000000000e+00 8.094379096630778e-01 0.000000000000000e+00 0.000000000000000e+00 4.089331098668801e-01 0.000000000000000e+00 0.000000000000000e+00 4.208606391306548e-02 0.000000000000000e+00 0.000000000000000e+00 0.000000000000000e+00 5.769099222845467e-01 4.598062955321733e-01 0.000000000000000e+00 0.000000000000000e+00 0.000000000000000e+00 
0.000000000000000e+00 1.144421787271075e+00 1.401986469770271e+00 3.621042771475207e-01 0.000000000000000e+00 1.652783040122811e+00 0.000000000000000e+00 0.000000000000000e+00 0.000000000000000e+00 0.000000000000000e+00 0.000000000000000e+00 0.000000000000000e+00 1.854166025122370e-03 0.000000000000000e+00 0.000000000000000e+00 0.000000000000000e+00 0.000000000000000e+00 1.015184145906204e-01 1.186401328330525e+00 0.000000000000000e+00 0.000000000000000e+00 6.512916602979776e-01 0.000000000000000e+00 0.000000000000000e+00 0.000000000000000e+00 
9.946031977723022e-01 0.000000000000000e+00 5.415843970473466e-01 0.000000000000000e+00 0.000000000000000e+00 3.990049600016438e-01 0.000000000000000e+00 0.000000000000000e+00 1.087377730260909e+00 4.975735949343934e-01 0.000000000000000e+00 0.000000000000000e+00 0.000000000000000e+00 0.000000000000000e+00 0.000000000000000e+00 1.321805548800509e+00 0.000000000000000e+00 0.000000000000000e+00 0.000000000000000e+00 0.000000000000000e+00 1.178536052159736e+00 0.000000000000000e+00 1.055969402289130e+00 1.393564371720169e+00 0.000000000000000e+00 
0.000000000000000e+00 1.258167694924086e+00 6.068523938360612e-02 0.000000000000000e+00 8.784305596113641e-02 4.829722272383595e-01 0.000000000000000e+00 1.066980515089521e+00 0.000000000000000e+00 1.706635385467587e-01 8.554353694458138e-01 0.000000000000000e+00 0.000000000000000e+00 1.139533347154733e+00 0.000000000000000e+00 0.000000000000000e+00 0.000000000000000e+00 0.000000000000000e+00 0.000000000000000e+00 0.000000000000000e+00 0.000000000000000e+00 0.000000000000000e+00 0.000000000000000e+00 0.000000000000000e+00 1.044750212202772e+00 
7.747121385235322e-01 2.492642972886473e-01 2.277854895640629e-01 8.797979599602988e-01 2.004126262410706e-01 0.000000000000000e+00 1.169085864746807e-01 8.871476843806177e-01 0.000000000000000e+00 6.524046118435205e-01 2.043806742965153e-01 0.000000000000000e+00 0.000000000000000e+00 0.000000000000000e+00 0.000000000000000e+00 0.000000000000000e+00 0.000000000000000e+00 0.000000000000000e+00 6.176909411532957e-01 0.000000000000000e+00 2.008830642407523e+00 0.000000000000000e+00 0.000000000000000e+00 0.000000000000000e+00 0.000000000000000e+00 
3.324562567092712e-01 1.000421894656673e-01 0.000000000000000e+00 1.034100943380718e+00 0.000000000000000e+00 1.186042893416890e+00 0.000000000000000e+00 5.545518196993490e-01 4.698811857359813e-01 0.000000000000000e+00 0.000000000000000e+00 0.000000000000000e+00 0.000000000000000e+00 0.000000000000000e+00 0.000000000000000e+00 3.825060019385417e-01 0.000000000000000e+00 0.000000000000000e+00 0.000000000000000e+00 0.000000000000000e+00 0.000000000000000e+00 0.000000000000000e+00 1.182763531169994e+00 0.000000000000000e+00 5.553474266883845e-01 
1.202425913635032e+00 0.000000000000000e+00 0.000000000000000e+00 0.000000000000000e+00 0.000000000000000e+00 6.875515363235374e-01 0.000000000000000e+00 0.000000000000000e+00 0.000000000000000e+00 6.297288552385664e-01 0.000000000000000e+00 5.566160886615269e-01 0.000000000000000e+00 9.259170863951487e-01 0.000000000000000e+00 0.000000000000000e+00 0.000000000000000e+00 0.000000000000000e+00 0.000000000000000e+00 2.382614381184053e-01 0.000000000000000e+00 0.000000000000000e+00 0.000000000000000e+00 0.000000000000000e+00 1.522249793340327e+00 
0.000000000000000e+00 0.000000000000000e+00 0.000000000000000e+00 1.898533672654286e+00 0.000000000000000e+00 0.000000000000000e+00 0.000000000000000e+00 1.189317268193399e+00 0.000000000000000e+00 0.000000000000000e+00 0.000000000000000e+00 0.000000000000000e+00 0.000000000000000e+00 0.000000000000000e+00 0.000000000000000e+00 4.567394571504243e-01 0.000000000000000e+00 0.000000000000000e+00 0.000000000000000e+00 1.163103433138810e+00 0.000000000000000e+00 0.000000000000000e+00 0.000000000000000e+00 6.274272514722628e-01 1.010915937160206e+00 
0.000000000000000e+00 6.558537682505028e-02 0.000000000000000e+00 1.298528233593430e+00 8.901705173107269e-01 0.000000000000000e+00 0.000000000000000e+00 0.000000000000000e+00 0.000000000000000e+00 0.000000000000000e+00 0.000000000000000e+00 0.000000000000000e+00 0.000000000000000e+00 3.368928160256773e-01 1.458999083786353e-01 0.000000000000000e+00 0.000000000000000e+00 0.000000000000000e+00 1.016085673206069e+00 0.000000000000000e+00 0.000000000000000e+00 0.000000000000000e+00 0.000000000000000e+00 3.984187511755106e-01 0.000000000000000e+00 
0.000000000000000e+00 0.000000000000000e+00 0.000000000000000e+00 0.000000000000000e+00 0.000000000000000e+00 0.000000000000000e+00 0.000000000000000e+00 5.308812224900543e-01 0.000000000000000e+00 0.000000000000000e+00 0.000000000000000e+00 6.639567597335595e-01 1.404986495710067e+00 0.000000000000000e+00 0.000000000000000e+00 0.000000000000000e+00 0.000000000000000e+00 0.000000000000000e+00 9.001223095120402e-01 0.000000000000000e+00 0.000000000000000e+00 0.000000000000000e+00 0.000000000000000e+00 8.192068185494693e-02 0.000000000000000e+00 
0.000000000000000e+00 0.000000000000000e+00 0.000000000000000e+00 5.498262355897824e-01 0.000000000000000e+00 2.988155991596075e-01 0.000000000000000e+00 6.852896506162790e-01 0.000000000000000e+00 0.000000000000000e+00 0.000000000000000e+00 7.679160696056293e-01 0.000000000000000e+00 0.000000000000000e+00 0.000000000000000e+00 2.813386659489973e-01 4.565772877937540e-01 4.901452515786681e-01 0.000000000000000e+00 5.961147627034058e-01 0.000000000000000e+00 0.000000000000000e+00 0.000000000000000e+00 0.000000000000000e+00 3.588976228454358e-01 
0.000000000000000e+00 6.491001001823089e-01 0.000000000000000e+00 0.000000000000000e+00 0.000000000000000e+00 1.620833931060354e+00 0.000000000000000e+00 0.000000000000000e+00 1.591495401061386e-01 0.000000000000000e+00 0.000000000000000e+00 9.495631200902710e-01 0.000000000000000e+00 0.000000000000000e+00 0.000000000000000e+00 0.000000000000000e+00 0.000000000000000e+00 6.341852050580041e-01 0.000000000000000e+00 0.000000000000000e+00 3.183026933008118e-01 0.000000000000000e+00 4.519112429724176e-03 0.000000000000000e+00 0.000000000000000e+00 
5.432214877089043e-01 1.771206240861521e-01 0.000000000000000e+00 1.053195310391513e+00 0.000000000000000e+00 0.000000000000000e+00 0.000000000000000e+00 2.855200952118047e-02 3.449483492143374e-01 5.048249748756005e-01 0.000000000000000e+00 2.915850628782686e-01 0.000000000000000e+00 0.000000000000000e+00 0.000000000000000e+00 4.603455239790926e-02 0.000000000000000e+00 0.000000000000000e+00 0.000000000000000e+00 2.851138066311205e-01 4.785713823500730e-01 2.704425187284076e-02 9.628575975178584e-02 0.000000000000000e+00 0.000000000000000e+00 
1.097615273127402e+00 0.000000000000000e+00 0.000000000000000e+00 1.520996896929518e-01 0.000000000000000e+00 0.000000000000000e+00 2.880921049139737e-01 0.000000000000000e+00 2.923521012544508e-01 1.765889883932606e+00 0.000000000000000e+00 1.235641923738773e-01 0.000000000000000e+00 0.000000000000000e+00 0.000000000000000e+00 0.000000000000000e+00 0.000000000000000e+00 0.000000000000000e+00 0.000000000000000e+00 0.000000000000000e+00 0.000000000000000e+00 0.000000000000000e+00 0.000000000000000e+00 7.262689343186175e-01 0.000000000000000e+00 
0.000000000000000e+00 0.000000000000000e+00 0.000000000000000e+00 9.594013097151108e-01 0.000000000000000e+00 0.000000000000000e+00 0.000000000000000e+00 6.526039724957340e-01 0.000000000000000e+00 2.910978417296188e-01 0.000000000000000e+00 0.000000000000000e+00 0.000000000000000e+00 3.996844442093671e-01 0.000000000000000e+00 0.000000000000000e+00 0.000000000000000e+00 1.573790790981760e-01 0.000000000000000e+00 0.000000000000000e+00 0.000000000000000e+00 2.747072867608859e-01 0.000000000000000e+00 0.000000000000000e+00 5.854789972289811e-01 
1.215706495486357e+00 3.536042725066266e-02 0.000000000000000e+00 2.511680464487579e-01 0.000000000000000e+00 0.000000000000000e+00 0.000000000000000e+00 0.000000000000000e+00 0.000000000000000e+00 0.000000000000000e+00 0.000000000000000e+00 0.000000000000000e+00 1.216848432884166e-02 1.910300747588983e-01 0.000000000000000e+00 0.000000000000000e+00 1.386024171252836e-01 0.000000000000000e+00 0.000000000000000e+00 7.397220027399267e-01 0.000000000000000e+00 0.000000000000000e+00 0.000000000000000e+00 6.979819151000816e-01 7.151507049280844e-01 
0.000000000000000e+00 0.000000000000000e+00 5.096692153153461e-01 0.000000000000000e+00 0.000000000000000e+00 1.057125421796319e+00 0.000000000000000e+00 8.429927870598398e-02 0.000000000000000e+00 0.000000000000000e+00 2.407284273729446e-01 0.000000000000000e+00 0.000000000000000e+00 0.000000000000000e+00 0.000000000000000e+00 0.000000000000000e+00 0.000000000000000e+00 0.000000000000000e+00 0.000000000000000e+00 0.000000000000000e+00 0.000000000000000e+00 0.000000000000000e+00 0.000000000000000e+00 3.712292151306680e-02 0.000000000000000e+00 
0.000000000000000e+00 0.000000000000000e+00 4.642585625040272e-01 0.000000000000000e+00 0.000000000000000e+00 0.000000000000000e+00 3.959282823417061e-04 0.000000000000000e+00 0.000000000000000e+00 0.000000000000000e+00 4.768591122445544e-02 0.000000000000000e+00 0.000000000000000e+00 1.265031775788999e+00 0.000000000000000e+00 0.000000000000000e+00 8.886269826904459e-01 0.000000000000000e+00 0.000000000000000e+00 0.000000000000000e+00 0.000000000000000e+00 0.000000000000000e+00 0.000000000000000e+00 0.000000000000000e+00 0.000000000000000e+00 
3.812689522344939e-01 5.081836442954391e-01 0.000000000000000e+00 0.000000000000000e+00 0.000000000000000e+00 0.000000000000000e+00 0.000000000000000e+00 0.000000000000000e+00 5.190133457070566e-01 0.000000000000000e+00 6.529245391256654e-01 0.000000000000000e+00 0.000000000000000e+00 0.000000000000000e+00 0.000000000000000e+00 0.000000000000000e+00 0.000000000000000e+00 0.000000000000000e+00 0.000000000000000e+00 0.000000000000000e+00 0.000000000000000e+00 0.000000000000000e+00 0.000000000000000e+00 0.000000000000000e+00 0.000000000000000e+00 
0.000000000000000e+00 5.609072626798580e-01 0.000000000000000e+00 0.000000000000000e+00 0.000000000000000e+00 0.000000000000000e+00 5.596965819806086e-01 0.000000000000000e+00 0.000000000000000e+00 0.000000000000000e+00 0.000000000000000e+00 0.000000000000000e+00 0.000000000000000e+00 0.000000000000000e+00 0.000000000000000e+00 0.000000000000000e+00 0.000000000000000e+00 0.000000000000000e+00 1.227223113592077e+00 0.000000000000000e+00 0.000000000000000e+00 0.000000000000000e+00 0.000000000000000e+00 3.804618031759589e-01 7.064094218825141e-02 
0.000000000000000e+00 0.000000000000000e+00 0.000000000000000e+00 0.000000000000000e+00 2.743599833083970e-01 0.000000000000000e+00 0.000000000000000e+00 6.916860172120486e-01 5.916745596539246e-01 0.000000000000000e+00 0.000000000000000e+00 0.000000000000000e+00 0.000000000000000e+00 0.000000000000000e+00 0.000000000000000e+00 0.000000000000000e+00 0.000000000000000e+00 0.000000000000000e+00 0.000000000000000e+00 0.000000000000000e+00 0.000000000000000e+00 0.000000000000000e+00 0.000000000000000e+00 0.000000000000000e+00 0.000000000000000e+00 
5.293913184358320e-01 0.000000000000000e+00 0.000000000000000e+00 0.000000000000000e+00 0.000000000000000e+00 0.000000000000000e+00 4.499382650051180e-01 0.000000000000000e+00 0.000000000000000e+00 0.000000000000000e+00 0.000000000000000e+00 0.000000000000000e+00 0.000000000000000e+00 0.000000000000000e+00 0.000000000000000e+00 0.000000000000000e+00 0.000000000000000e+00 0.000000000000000e+00 0.000000000000000e+00 4.764565897087903e-02 0.000000000000000e+00 0.000000000000000e+00 0.000000000000000e+00 0.000000000000000e+00 0.000000000000000e+00 