# File created on Fri May 17 15:41:50 2024
# The following metaparameters were used for this matrix optimization : gamma0 = 0.5; alpha0 = 0; sigma0 = 0.25; l0 = 1;p = 1; R0 = 1; S0 = 0.05; NR = 25; NS = 25; matrix path = matrices/Nr25_Nc25/consumption/RandTrix_Nr25_Nc25_Nest0.3_Conn0.2272.txt; convergence threshold = 1e-08
0.000000000000000e+00 6.359671142404383e-04 0.000000000000000e+00 0.000000000000000e+00 0.000000000000000e+00 0.000000000000000e+00 1.979046911822869e-03 4.082046581087197e-03 0.000000000000000e+00 0.000000000000000e+00 0.000000000000000e+00 3.796601238886886e-03 3.380623852008470e-03 0.000000000000000e+00 0.000000000000000e+00 3.867648117996006e-03 0.000000000000000e+00 0.000000000000000e+00 3.965272594571604e-03 3.360799807997638e-04 4.529246938217158e-03 1.944958080408896e-04 4.687118426595721e-03 0.000000000000000e+00 0.000000000000000e+00 
0.000000000000000e+00 2.779399055563667e-04 2.891621884024575e-03 3.051167164898889e-04 0.000000000000000e+00 0.000000000000000e+00 0.000000000000000e+00 3.882446192349350e-03 0.000000000000000e+00 3.352348121661128e-03 1.544843136280286e-03 4.245250127418653e-03 0.000000000000000e+00 0.000000000000000e+00 1.080867288906096e-03 0.000000000000000e+00 4.475302046084653e-03 0.000000000000000e+00 3.623801562485941e-03 0.000000000000000e+00 2.589312957304473e-03 4.609469725367957e-03 3.645150669128333e-03 0.000000000000000e+00 0.000000000000000e+00 
0.000000000000000e+00 1.761271104274530e-03 0.000000000000000e+00 0.000000000000000e+00 3.156345194282586e-03 1.744991798433631e-03 3.984185464233164e-03 0.000000000000000e+00 4.437936283124190e-03 2.662841960318980e-03 4.647708178067303e-03 0.000000000000000e+00 0.000000000000000e+00 0.000000000000000e+00 7.975305630621741e-04 4.863963707011898e-03 8.471741113963711e-04 0.000000000000000e+00 0.000000000000000e+00 2.173708182718053e-03 4.193459710029064e-04 0.000000000000000e+00 0.000000000000000e+00 2.962932498222211e-03 0.000000000000000e+00 
2.302812718626898e-03 0.000000000000000e+00 0.000000000000000e+00 0.000000000000000e+00 0.000000000000000e+00 2.634654592087755e-03 0.000000000000000e+00 0.000000000000000e+00 0.000000000000000e+00 0.000000000000000e+00 3.686347004206938e-03 3.724644240436735e-03 1.570830726437632e-03 0.000000000000000e+00 0.000000000000000e+00 2.589401985158972e-03 6.775004940631092e-04 0.000000000000000e+00 0.000000000000000e+00 0.000000000000000e+00 2.810603613821648e-03 4.633892130376900e-03 4.206351449066899e-03 0.000000000000000e+00 0.000000000000000e+00 
0.000000000000000e+00 0.000000000000000e+00 3.849173906300646e-03 0.000000000000000e+00 0.000000000000000e+00 3.924925219754296e-03 0.000000000000000e+00 0.000000000000000e+00 0.000000000000000e+00 2.464088159538971e-03 0.000000000000000e+00 0.000000000000000e+00 2.120949947054878e-03 0.000000000000000e+00 0.000000000000000e+00 0.000000000000000e+00 0.000000000000000e+00 0.000000000000000e+00 1.870222261987781e-04 4.128210616278047e-04 0.000000000000000e+00 1.904516075093539e-04 0.000000000000000e+00 0.000000000000000e+00 1.721622538657369e-03 
0.000000000000000e+00 0.000000000000000e+00 2.186600432353411e-03 1.019961595972408e-03 0.000000000000000e+00 2.982110358809120e-03 0.000000000000000e+00 1.244460625985150e-03 1.753856489330118e-03 0.000000000000000e+00 4.310949110346080e-03 0.000000000000000e+00 6.540929209317594e-04 2.177102777015438e-03 3.108486379188070e-03 1.081634746918528e-03 3.018055437487534e-03 0.000000000000000e+00 0.000000000000000e+00 2.036471797973885e-03 0.000000000000000e+00 0.000000000000000e+00 1.212123176791318e-03 0.000000000000000e+00 3.205299132536515e-03 
0.000000000000000e+00 0.000000000000000e+00 4.912263588730743e-03 0.000000000000000e+00 0.000000000000000e+00 4.892174404861476e-03 4.941272372254992e-03 0.000000000000000e+00 0.000000000000000e+00 0.000000000000000e+00 3.447476315317694e-03 0.000000000000000e+00 0.000000000000000e+00 1.327656513400864e-03 2.080288558049046e-03 0.000000000000000e+00 0.000000000000000e+00 0.000000000000000e+00 3.181587078452712e-05 0.000000000000000e+00 4.979067329919407e-03 0.000000000000000e+00 0.000000000000000e+00 4.181175966361987e-03 4.359841511666797e-03 
4.465834795175324e-03 0.000000000000000e+00 5.241793235076980e-04 5.248718878784136e-04 1.425447295942626e-03 0.000000000000000e+00 0.000000000000000e+00 0.000000000000000e+00 4.593086181143941e-03 6.885150243641716e-04 0.000000000000000e+00 3.042926029671014e-03 0.000000000000000e+00 0.000000000000000e+00 2.594193190602752e-03 0.000000000000000e+00 1.292018530759226e-03 3.958177775138009e-04 3.877433373746247e-04 1.084791961525422e-03 0.000000000000000e+00 1.393245717864090e-03 4.807395668564703e-03 4.547413291421537e-03 0.000000000000000e+00 
0.000000000000000e+00 3.233467677790662e-03 3.027945111563753e-04 1.729505540635834e-03 3.643285820450824e-03 0.000000000000000e+00 2.101089266424066e-03 1.881963218725382e-03 1.372436855165966e-03 3.721234896528544e-03 4.751027600167758e-03 0.000000000000000e+00 0.000000000000000e+00 0.000000000000000e+00 3.455685158755820e-03 0.000000000000000e+00 5.743828273926172e-04 1.459355231593778e-03 0.000000000000000e+00 1.969474131276699e-03 1.571623245567746e-03 4.576169317707948e-03 0.000000000000000e+00 0.000000000000000e+00 6.067673125451826e-04 
4.789611889564765e-03 3.731961357401471e-03 4.706690999226422e-03 0.000000000000000e+00 4.133168218622373e-03 0.000000000000000e+00 0.000000000000000e+00 4.243595529527196e-04 3.757024300143930e-03 1.826998599271865e-03 0.000000000000000e+00 3.069188359656603e-03 2.075321812029673e-03 0.000000000000000e+00 2.232260467073307e-03 0.000000000000000e+00 3.505618146938914e-03 0.000000000000000e+00 2.588819952021891e-03 3.502748359375936e-03 0.000000000000000e+00 0.000000000000000e+00 4.803886700931535e-03 0.000000000000000e+00 0.000000000000000e+00 
1.594888416720815e-03 3.597804442714555e-03 0.000000000000000e+00 0.000000000000000e+00 2.519070899472539e-03 1.219498249735270e-03 0.000000000000000e+00 0.000000000000000e+00 0.000000000000000e+00 0.000000000000000e+00 0.000000000000000e+00 2.904350784406224e-03 2.486363008025134e-03 0.000000000000000e+00 0.000000000000000e+00 0.000000000000000e+00 2.329057433568689e-03 0.000000000000000e+00 0.000000000000000e+00 0.000000000000000e+00 1.206752827263582e-03 0.000000000000000e+00 0.000000000000000e+00 1.753748918386494e-03 0.000000000000000e+00 
1.524432848002882e-03 9.071666373386104e-04 0.000000000000000e+00 0.000000000000000e+00 4.281922414900157e-03 4.437141365429533e-03 0.000000000000000e+00 0.000000000000000e+00 1.389778603174700e-03 1.687506115716377e-03 0.000000000000000e+00 0.000000000000000e+00 4.923932139180542e-03 0.000000000000000e+00 3.152973103162715e-03 0.000000000000000e+00 0.000000000000000e+00 0.000000000000000e+00 0.000000000000000e+00 3.784789938794370e-03 0.000000000000000e+00 3.985703173855125e-03 0.000000000000000e+00 3.906164761797973e-03 1.807952929048562e-03 
3.277779292561216e-03 3.700933340671004e-03 0.000000000000000e+00 0.000000000000000e+00 4.360927613033219e-03 2.898329183035462e-03 4.909537281327966e-03 0.000000000000000e+00 0.000000000000000e+00 0.000000000000000e+00 0.000000000000000e+00 0.000000000000000e+00 1.906351673732812e-03 0.000000000000000e+00 2.411663017904843e-03 0.000000000000000e+00 4.218029988636146e-03 1.971383959896256e-03 1.931550274799613e-03 0.000000000000000e+00 9.238823052966091e-04 4.943576115156894e-03 2.903655251167013e-03 0.000000000000000e+00 1.485018437971739e-03 
0.000000000000000e+00 0.000000000000000e+00 4.283781991521085e-03 2.130820813179269e-03 0.000000000000000e+00 0.000000000000000e+00 0.000000000000000e+00 0.000000000000000e+00 0.000000000000000e+00 0.000000000000000e+00 0.000000000000000e+00 1.081440339742216e-03 0.000000000000000e+00 1.950443390368294e-03 7.042702247388232e-04 7.333317041150330e-04 0.000000000000000e+00 0.000000000000000e+00 2.231119865125626e-04 0.000000000000000e+00 0.000000000000000e+00 0.000000000000000e+00 2.108775147024041e-03 2.482038977936071e-03 0.000000000000000e+00 
0.000000000000000e+00 4.452290967328257e-04 1.630280640491443e-03 2.937426520924897e-03 4.469329313363560e-03 1.634877779344335e-03 0.000000000000000e+00 7.828468181083339e-04 4.253939780009732e-04 1.451134338245968e-03 6.142754848112438e-04 3.280440259426169e-03 6.728993659732682e-04 3.211396634619723e-03 0.000000000000000e+00 0.000000000000000e+00 0.000000000000000e+00 0.000000000000000e+00 0.000000000000000e+00 3.151023778518520e-03 3.655617256697535e-03 1.224167667767474e-03 3.303547742898597e-03 0.000000000000000e+00 0.000000000000000e+00 
3.867731321912006e-03 7.017956972051179e-04 0.000000000000000e+00 6.910827043754382e-04 0.000000000000000e+00 0.000000000000000e+00 4.497997672341834e-03 0.000000000000000e+00 3.608120449788708e-03 0.000000000000000e+00 0.000000000000000e+00 1.025355027415273e-03 0.000000000000000e+00 2.229099154254870e-03 0.000000000000000e+00 6.237261494065649e-04 4.947520964023258e-03 0.000000000000000e+00 0.000000000000000e+00 3.986940799041253e-03 2.643025280157723e-03 2.818263556493060e-03 2.017651082920235e-03 1.210398433709119e-03 3.842145836441864e-04 
0.000000000000000e+00 0.000000000000000e+00 0.000000000000000e+00 0.000000000000000e+00 4.250364517683225e-03 4.264345580283519e-03 3.584810761682845e-03 0.000000000000000e+00 3.893577582398506e-03 0.000000000000000e+00 7.179480766821942e-04 0.000000000000000e+00 0.000000000000000e+00 0.000000000000000e+00 0.000000000000000e+00 0.000000000000000e+00 3.405862312080392e-03 2.451077695175444e-03 0.000000000000000e+00 0.000000000000000e+00 4.422804422749464e-03 0.000000000000000e+00 0.000000000000000e+00 0.000000000000000e+00 0.000000000000000e+00 
1.613606594074241e-03 0.000000000000000e+00 0.000000000000000e+00 0.000000000000000e+00 3.684617776254925e-03 4.443550847050463e-03 2.576903417462952e-03 7.901491591285652e-04 0.000000000000000e+00 0.000000000000000e+00 0.000000000000000e+00 4.673346950578431e-03 4.259442924917120e-03 0.000000000000000e+00 3.101963034602333e-03 1.475062364880313e-03 1.861334707708131e-03 4.739279324327195e-03 0.000000000000000e+00 2.007258487066546e-03 1.315941753207177e-03 1.882196541220148e-04 7.993881985039257e-04 1.980020386860340e-03 2.408688724300299e-03 
3.047361600369435e-03 8.857712660624584e-04 2.308898327921289e-03 2.909287227591328e-03 1.590745504782044e-03 2.346857626195678e-03 1.365155163729612e-03 0.000000000000000e+00 1.006584149139502e-03 0.000000000000000e+00 2.323591713049343e-03 0.000000000000000e+00 0.000000000000000e+00 0.000000000000000e+00 0.000000000000000e+00 0.000000000000000e+00 1.337006573283854e-03 3.367679107229571e-03 1.814424861750567e-03 4.262415593153202e-03 0.000000000000000e+00 0.000000000000000e+00 0.000000000000000e+00 3.224050250171424e-03 0.000000000000000e+00 
0.000000000000000e+00 0.000000000000000e+00 0.000000000000000e+00 1.209511130390086e-04 0.000000000000000e+00 0.000000000000000e+00 0.000000000000000e+00 0.000000000000000e+00 2.383745310919650e-03 0.000000000000000e+00 3.212882962367085e-03 0.000000000000000e+00 0.000000000000000e+00 0.000000000000000e+00 4.096331601739799e-03 0.000000000000000e+00 1.619554304033129e-03 0.000000000000000e+00 0.000000000000000e+00 3.491153931594782e-03 0.000000000000000e+00 1.594820390495899e-03 0.000000000000000e+00 3.733175830690784e-03 0.000000000000000e+00 
1.364047981920358e-03 3.375935173548776e-03 1.998710467844470e-04 7.946335627129007e-04 0.000000000000000e+00 0.000000000000000e+00 0.000000000000000e+00 1.768599839807876e-03 3.055049340921111e-03 2.944270801957442e-03 0.000000000000000e+00 3.830879057077175e-03 4.983701289027983e-04 0.000000000000000e+00 0.000000000000000e+00 0.000000000000000e+00 2.691111556692244e-03 0.000000000000000e+00 3.517682821098546e-03 0.000000000000000e+00 0.000000000000000e+00 4.523898686012198e-03 1.526228927711760e-03 0.000000000000000e+00 0.000000000000000e+00 
2.961864401523172e-04 0.000000000000000e+00 3.934342352024328e-03 4.230881006413158e-03 0.000000000000000e+00 0.000000000000000e+00 2.006971625397441e-03 0.000000000000000e+00 2.012354838049841e-03 0.000000000000000e+00 0.000000000000000e+00 0.000000000000000e+00 1.618720080101639e-03 2.464715892255378e-05 0.000000000000000e+00 0.000000000000000e+00 1.532594177731734e-03 3.086417563903577e-04 4.989137139271914e-03 0.000000000000000e+00 0.000000000000000e+00 4.142317537307472e-03 3.562515584823950e-03 0.000000000000000e+00 2.644417595714275e-03 
0.000000000000000e+00 1.112550091992996e-03 0.000000000000000e+00 0.000000000000000e+00 0.000000000000000e+00 0.000000000000000e+00 0.000000000000000e+00 0.000000000000000e+00 4.902124354267680e-03 2.152339734397248e-03 8.888670496479317e-04 0.000000000000000e+00 1.244470812305594e-03 1.813584913996039e-03 0.000000000000000e+00 2.142818880995388e-04 0.000000000000000e+00 0.000000000000000e+00 2.590030187396964e-03 8.075402068489423e-04 0.000000000000000e+00 6.561845238447889e-04 2.063485387101420e-03 0.000000000000000e+00 3.910509747023747e-03 
1.733549772949052e-04 0.000000000000000e+00 2.263236856425624e-03 3.148731541663307e-04 2.722515903846794e-03 0.000000000000000e+00 0.000000000000000e+00 1.176083133775037e-03 6.984008849781420e-04 4.865583421650524e-04 4.909466090351499e-03 2.044281648529401e-04 2.210760774560877e-04 0.000000000000000e+00 4.319059312488612e-03 2.093348369002103e-03 1.208780658307458e-03 2.845548531511011e-03 0.000000000000000e+00 5.583823613402338e-04 9.764001655686196e-04 0.000000000000000e+00 1.267201660466655e-03 0.000000000000000e+00 2.321298055270642e-03 
4.802103107845435e-03 2.986403144349511e-03 0.000000000000000e+00 0.000000000000000e+00 0.000000000000000e+00 1.222173123027601e-03 0.000000000000000e+00 4.607765908009585e-03 2.644697038579436e-03 0.000000000000000e+00 0.000000000000000e+00 2.673851377983092e-03 2.991715385052211e-03 0.000000000000000e+00 0.000000000000000e+00 0.000000000000000e+00 0.000000000000000e+00 0.000000000000000e+00 3.008023016079243e-03 2.681055902275615e-03 2.309038159962624e-03 6.433290534834794e-04 3.526739771124431e-03 1.050692401575302e-03 0.000000000000000e+00 