# File created on Fri May 17 15:41:47 2024
# The following metaparameters were used for this matrix optimization : gamma0 = 0.5; alpha0 = 0; sigma0 = 0.25; l0 = 1;p = 1; R0 = 1; S0 = 0.05; NR = 25; NS = 25; matrix path = matrices/Nr25_Nc25/consumption/RandTrix_Nr25_Nc25_Nest0.1_Conn0.1296.txt; convergence threshold = 1e-08
3.465345068493147e-03 4.415914055989925e-03 0.000000000000000e+00 2.806860559293766e-03 0.000000000000000e+00 1.884491949812615e-03 1.228379730591503e-03 4.506552710744433e-03 0.000000000000000e+00 0.000000000000000e+00 0.000000000000000e+00 0.000000000000000e+00 9.723089252711893e-04 0.000000000000000e+00 0.000000000000000e+00 1.538814907463163e-03 0.000000000000000e+00 4.523233679653845e-03 0.000000000000000e+00 1.052426280351506e-03 2.132563531475899e-03 1.591268011965485e-03 0.000000000000000e+00 7.808974048906728e-04 0.000000000000000e+00 
0.000000000000000e+00 0.000000000000000e+00 0.000000000000000e+00 2.587860890087598e-04 0.000000000000000e+00 0.000000000000000e+00 3.172092885012575e-03 0.000000000000000e+00 1.975799494230510e-03 1.727440143484026e-03 1.555547632024812e-03 0.000000000000000e+00 2.590861566665482e-03 0.000000000000000e+00 0.000000000000000e+00 0.000000000000000e+00 0.000000000000000e+00 0.000000000000000e+00 0.000000000000000e+00 0.000000000000000e+00 3.540226672044248e-03 0.000000000000000e+00 4.170977176301220e-03 3.456568324411148e-03 0.000000000000000e+00 
0.000000000000000e+00 0.000000000000000e+00 0.000000000000000e+00 3.742346949036555e-03 9.265800304868333e-05 3.977752595901406e-03 0.000000000000000e+00 0.000000000000000e+00 1.839833263185230e-03 1.081529177639604e-03 4.996353729747894e-03 0.000000000000000e+00 2.227048098273274e-03 2.818748844084424e-03 4.529826784799462e-03 0.000000000000000e+00 2.784310128384576e-03 0.000000000000000e+00 3.093149404396988e-03 0.000000000000000e+00 4.216928095678165e-03 4.891604069078783e-03 0.000000000000000e+00 0.000000000000000e+00 7.420717975800815e-04 
0.000000000000000e+00 0.000000000000000e+00 1.082006314883253e-04 0.000000000000000e+00 0.000000000000000e+00 1.924463793746196e-03 0.000000000000000e+00 0.000000000000000e+00 0.000000000000000e+00 0.000000000000000e+00 0.000000000000000e+00 4.872085493913054e-03 4.152178273710799e-03 0.000000000000000e+00 1.000168842786266e-03 5.932991941993101e-04 1.014772027097238e-03 4.023287264267414e-04 0.000000000000000e+00 0.000000000000000e+00 0.000000000000000e+00 0.000000000000000e+00 0.000000000000000e+00 0.000000000000000e+00 1.077132717648313e-03 
1.256162868281006e-03 4.030608374531531e-03 0.000000000000000e+00 1.582988939226191e-03 0.000000000000000e+00 2.709678241479749e-03 1.938903486620311e-03 0.000000000000000e+00 0.000000000000000e+00 0.000000000000000e+00 1.909959209718493e-05 3.754074714502381e-03 2.693460655712195e-03 0.000000000000000e+00 3.811147592902518e-03 4.035345274991497e-03 0.000000000000000e+00 4.126622572011555e-03 0.000000000000000e+00 0.000000000000000e+00 2.702622886575194e-03 0.000000000000000e+00 0.000000000000000e+00 0.000000000000000e+00 0.000000000000000e+00 
0.000000000000000e+00 0.000000000000000e+00 3.809662739202321e-03 0.000000000000000e+00 4.045485610474673e-03 1.912049768603046e-03 0.000000000000000e+00 0.000000000000000e+00 0.000000000000000e+00 4.685196906668471e-03 0.000000000000000e+00 2.545666126098302e-03 6.309511700930938e-04 3.879957482160323e-03 0.000000000000000e+00 0.000000000000000e+00 3.166628781838771e-03 0.000000000000000e+00 0.000000000000000e+00 0.000000000000000e+00 5.428541809569328e-04 1.012267517680621e-03 4.375252715703170e-03 0.000000000000000e+00 0.000000000000000e+00 
7.630984306210831e-04 0.000000000000000e+00 0.000000000000000e+00 3.189154036485148e-03 0.000000000000000e+00 4.686731439594673e-03 4.968314943514009e-03 0.000000000000000e+00 4.157533445153409e-03 0.000000000000000e+00 0.000000000000000e+00 2.676663512575364e-03 0.000000000000000e+00 3.487736006628295e-03 2.582471944024969e-03 3.523500112783124e-03 0.000000000000000e+00 0.000000000000000e+00 4.236148332963762e-04 0.000000000000000e+00 3.581458735876264e-03 3.416368248735768e-03 1.941641633888565e-03 0.000000000000000e+00 0.000000000000000e+00 
0.000000000000000e+00 4.714961096113163e-03 2.309578122084886e-03 1.210495112415112e-03 4.866612656938412e-03 0.000000000000000e+00 0.000000000000000e+00 1.760440882234464e-04 0.000000000000000e+00 0.000000000000000e+00 0.000000000000000e+00 4.182190101322999e-03 0.000000000000000e+00 1.005886555684598e-05 0.000000000000000e+00 2.805994951063691e-03 2.313709162384191e-03 0.000000000000000e+00 4.438375916554250e-03 4.686371163478860e-03 3.158531668259606e-03 0.000000000000000e+00 0.000000000000000e+00 0.000000000000000e+00 0.000000000000000e+00 
0.000000000000000e+00 0.000000000000000e+00 9.556373893950869e-05 0.000000000000000e+00 4.460309284751633e-03 4.051941105995427e-03 0.000000000000000e+00 0.000000000000000e+00 0.000000000000000e+00 0.000000000000000e+00 3.765778387261149e-03 0.000000000000000e+00 2.352168758867357e-03 0.000000000000000e+00 1.647037736585723e-03 1.545628509015981e-03 0.000000000000000e+00 3.306404159385291e-03 0.000000000000000e+00 0.000000000000000e+00 0.000000000000000e+00 0.000000000000000e+00 1.066902680566336e-03 4.377829680631906e-03 0.000000000000000e+00 
2.868610171935372e-03 1.436873681981059e-03 0.000000000000000e+00 1.814791327936131e-03 0.000000000000000e+00 1.159777747613286e-03 4.500099259447458e-03 0.000000000000000e+00 3.490355219040224e-03 0.000000000000000e+00 1.277477968292943e-03 0.000000000000000e+00 2.223984216406119e-03 2.266491663134382e-03 2.901467666790503e-03 2.863717721401534e-03 3.960032573738801e-03 2.810074439023949e-03 2.688001676088117e-03 3.206728328794241e-03 0.000000000000000e+00 0.000000000000000e+00 4.797345897577347e-03 0.000000000000000e+00 0.000000000000000e+00 
0.000000000000000e+00 3.286756895416234e-03 3.752717978581397e-03 0.000000000000000e+00 0.000000000000000e+00 4.530420119973137e-03 4.833853427928037e-03 2.102219633893459e-03 0.000000000000000e+00 2.566086507257920e-03 0.000000000000000e+00 1.546950995165194e-03 0.000000000000000e+00 0.000000000000000e+00 0.000000000000000e+00 0.000000000000000e+00 1.805392100207617e-03 0.000000000000000e+00 0.000000000000000e+00 2.722618246762326e-03 0.000000000000000e+00 4.892157564935143e-03 6.948012648033755e-04 0.000000000000000e+00 1.321300546488333e-03 
0.000000000000000e+00 3.228541599632929e-03 2.553147241454442e-03 3.640135982171096e-06 0.000000000000000e+00 1.562413459140682e-03 0.000000000000000e+00 4.554924793375149e-03 0.000000000000000e+00 5.679906734127368e-04 0.000000000000000e+00 0.000000000000000e+00 0.000000000000000e+00 0.000000000000000e+00 0.000000000000000e+00 2.449081947012260e-03 4.617973577424279e-03 0.000000000000000e+00 9.346993717708540e-04 1.714272629688216e-03 0.000000000000000e+00 0.000000000000000e+00 0.000000000000000e+00 0.000000000000000e+00 1.960923080317576e-03 
0.000000000000000e+00 0.000000000000000e+00 4.466855036865312e-04 0.000000000000000e+00 0.000000000000000e+00 0.000000000000000e+00 2.337286609891021e-03 0.000000000000000e+00 1.741753546571321e-03 4.275947243923131e-03 0.000000000000000e+00 0.000000000000000e+00 3.249162818055029e-03 1.868373507215815e-03 0.000000000000000e+00 0.000000000000000e+00 1.570619824826934e-03 0.000000000000000e+00 3.187545989892993e-03 0.000000000000000e+00 3.118083106817947e-03 0.000000000000000e+00 0.000000000000000e+00 1.980579609164831e-03 9.941355054170156e-04 
1.339017976114634e-03 0.000000000000000e+00 2.842466645693811e-03 0.000000000000000e+00 0.000000000000000e+00 0.000000000000000e+00 1.116395163052726e-03 8.030244284576823e-05 0.000000000000000e+00 0.000000000000000e+00 3.669686928113919e-03 0.000000000000000e+00 0.000000000000000e+00 2.355817595865340e-03 0.000000000000000e+00 6.252940377451702e-04 2.539240247752037e-03 2.162552209968473e-03 0.000000000000000e+00 1.595454039539865e-03 4.528106300588644e-03 0.000000000000000e+00 3.359852483389676e-03 4.046296447779923e-03 3.848489574244969e-03 
2.147266825404108e-03 3.784593225082011e-03 9.727661169245444e-04 1.977455941933232e-03 3.715106089783783e-03 0.000000000000000e+00 4.027762718550565e-03 1.383390930376898e-03 1.536475718392055e-03 0.000000000000000e+00 0.000000000000000e+00 0.000000000000000e+00 0.000000000000000e+00 1.621501693874018e-03 0.000000000000000e+00 0.000000000000000e+00 8.195599410844078e-04 3.201783738460783e-05 0.000000000000000e+00 4.192211669165898e-03 0.000000000000000e+00 0.000000000000000e+00 3.372126046703040e-03 0.000000000000000e+00 2.097147508815223e-03 
0.000000000000000e+00 3.551475298684494e-03 0.000000000000000e+00 0.000000000000000e+00 2.283708735377434e-03 2.995192051613922e-03 3.880763827431645e-03 0.000000000000000e+00 8.768669410724060e-04 0.000000000000000e+00 4.509988920583796e-03 1.872198622656839e-03 0.000000000000000e+00 2.994081820970821e-03 0.000000000000000e+00 1.456221604889499e-03 1.280805100423657e-03 4.792011212442289e-05 3.923130287694651e-03 0.000000000000000e+00 4.522376147874009e-03 0.000000000000000e+00 0.000000000000000e+00 0.000000000000000e+00 1.890406240289425e-03 
0.000000000000000e+00 0.000000000000000e+00 0.000000000000000e+00 0.000000000000000e+00 0.000000000000000e+00 1.498544656762671e-03 3.630878649419381e-03 1.299490809705361e-03 3.987757532946988e-03 0.000000000000000e+00 0.000000000000000e+00 0.000000000000000e+00 0.000000000000000e+00 3.040949932777244e-04 3.012428761673293e-04 0.000000000000000e+00 4.705189099778337e-03 0.000000000000000e+00 0.000000000000000e+00 0.000000000000000e+00 0.000000000000000e+00 0.000000000000000e+00 4.728054697260155e-03 0.000000000000000e+00 0.000000000000000e+00 
4.407717452309729e-03 0.000000000000000e+00 0.000000000000000e+00 3.512221089564411e-03 2.050455733710789e-04 0.000000000000000e+00 0.000000000000000e+00 1.977092008394026e-03 3.622680591738540e-03 0.000000000000000e+00 1.538882361532208e-03 0.000000000000000e+00 4.099955325501033e-03 0.000000000000000e+00 0.000000000000000e+00 0.000000000000000e+00 0.000000000000000e+00 0.000000000000000e+00 2.847871832396156e-03 0.000000000000000e+00 1.329606259428195e-03 4.369000473272744e-03 0.000000000000000e+00 0.000000000000000e+00 0.000000000000000e+00 
4.157523162795527e-03 4.597209606910182e-03 1.445771867543340e-03 0.000000000000000e+00 4.152094270328654e-03 1.383329608582229e-03 4.519125730276378e-03 1.304583758795389e-03 4.650046899040745e-03 0.000000000000000e+00 0.000000000000000e+00 4.303184654965983e-03 0.000000000000000e+00 0.000000000000000e+00 0.000000000000000e+00 4.219471489105677e-03 0.000000000000000e+00 3.486911154604828e-03 0.000000000000000e+00 9.302728251519171e-04 0.000000000000000e+00 1.189961146532705e-03 0.000000000000000e+00 0.000000000000000e+00 0.000000000000000e+00 
0.000000000000000e+00 0.000000000000000e+00 0.000000000000000e+00 1.338886303584105e-03 0.000000000000000e+00 6.203329235920169e-04 0.000000000000000e+00 0.000000000000000e+00 0.000000000000000e+00 0.000000000000000e+00 1.542483343318692e-03 1.816518674515394e-03 0.000000000000000e+00 1.088067043575966e-03 0.000000000000000e+00 7.256031605790795e-04 4.526540214770769e-03 0.000000000000000e+00 0.000000000000000e+00 0.000000000000000e+00 0.000000000000000e+00 2.255487230002728e-03 0.000000000000000e+00 3.857427598945714e-03 0.000000000000000e+00 
9.300948870047211e-04 0.000000000000000e+00 0.000000000000000e+00 7.284075682798904e-04 0.000000000000000e+00 2.883297078784649e-03 3.277186699484322e-03 0.000000000000000e+00 0.000000000000000e+00 3.808914603653689e-03 0.000000000000000e+00 0.000000000000000e+00 3.978459443819206e-03 7.304874582907467e-04 0.000000000000000e+00 8.447339477859461e-04 7.821847286573514e-04 0.000000000000000e+00 0.000000000000000e+00 0.000000000000000e+00 0.000000000000000e+00 5.616532383349460e-04 4.366234596573006e-03 0.000000000000000e+00 0.000000000000000e+00 
5.496260352705268e-04 4.825365476539753e-03 0.000000000000000e+00 0.000000000000000e+00 4.339709360325258e-04 4.780454051329271e-03 2.792712183530101e-03 0.000000000000000e+00 0.000000000000000e+00 0.000000000000000e+00 0.000000000000000e+00 3.492293406140556e-03 0.000000000000000e+00 3.507180582071706e-03 0.000000000000000e+00 3.363244677928625e-03 0.000000000000000e+00 2.919813666890466e-03 0.000000000000000e+00 0.000000000000000e+00 0.000000000000000e+00 4.656526842672869e-04 0.000000000000000e+00 2.757191261487556e-03 0.000000000000000e+00 
1.555111475425075e-03 0.000000000000000e+00 2.475383434292536e-03 0.000000000000000e+00 4.254611652341268e-03 5.605691396471321e-04 2.846317039525224e-03 2.140300418061634e-03 1.408430224432646e-03 1.884701756139969e-03 3.817856896203910e-03 0.000000000000000e+00 4.900990949386268e-04 1.406033264883884e-03 1.684500287848179e-03 0.000000000000000e+00 0.000000000000000e+00 1.784561496968231e-03 0.000000000000000e+00 4.026735664820604e-03 1.664476737804790e-03 1.648607900922742e-03 0.000000000000000e+00 1.539569610536093e-03 1.347601279457964e-03 
0.000000000000000e+00 8.260452032959681e-04 3.489091162245176e-03 0.000000000000000e+00 0.000000000000000e+00 1.770976259320570e-03 0.000000000000000e+00 1.117972573906850e-03 0.000000000000000e+00 0.000000000000000e+00 1.745400166564797e-03 0.000000000000000e+00 0.000000000000000e+00 0.000000000000000e+00 0.000000000000000e+00 0.000000000000000e+00 1.977686104228283e-03 0.000000000000000e+00 0.000000000000000e+00 0.000000000000000e+00 0.000000000000000e+00 0.000000000000000e+00 0.000000000000000e+00 3.448315477078964e-03 0.000000000000000e+00 
2.967323650075235e-03 0.000000000000000e+00 0.000000000000000e+00 4.616499919419581e-03 2.698314309636223e-04 0.000000000000000e+00 4.836109560313123e-03 1.143227740190498e-03 0.000000000000000e+00 2.388948135179550e-03 4.759292352361035e-03 0.000000000000000e+00 5.450817386154077e-04 3.538516154626593e-04 4.508091982218547e-03 0.000000000000000e+00 0.000000000000000e+00 0.000000000000000e+00 0.000000000000000e+00 0.000000000000000e+00 3.203072117808821e-04 0.000000000000000e+00 0.000000000000000e+00 2.724683626586445e-03 2.416095901588496e-03 