# File created on Mon Apr 29 08:49:10 2024
# The following metaparameters were used for this matrix optimization : gamma0 = 0.5; alpha0 = 0; sigma0 = 0.25; l0 = 1;p = 1; R0 = 1; S0 = 0.05; NR = 25; NS = 25; matrix path = matrices/Nr25_Nc25/consumption/RandTrix_Nr25_Nc25_Nest0.6_Conn0.44.txt; convergence threshold = 1e-08
0.000000000000000e+00 1.217712655299979e+00 5.226806465184210e-01 1.445819330699371e+00 1.026681980952823e+00 6.848073032006258e-01 0.000000000000000e+00 3.564481591688107e-01 9.814282847478762e-01 0.000000000000000e+00 0.000000000000000e+00 0.000000000000000e+00 0.000000000000000e+00 0.000000000000000e+00 0.000000000000000e+00 4.281754914784204e-01 6.477474934116541e-01 0.000000000000000e+00 0.000000000000000e+00 0.000000000000000e+00 0.000000000000000e+00 0.000000000000000e+00 0.000000000000000e+00 3.594620419717336e-01 0.000000000000000e+00 
1.154757936027467e+00 0.000000000000000e+00 0.000000000000000e+00 1.445753738345524e+00 1.652658158465598e+00 0.000000000000000e+00 0.000000000000000e+00 7.948196305249086e-01 0.000000000000000e+00 0.000000000000000e+00 3.264718002823253e-01 0.000000000000000e+00 2.120758702623710e-01 0.000000000000000e+00 7.288725149172595e-01 6.548182948102059e-01 0.000000000000000e+00 0.000000000000000e+00 9.677580320759906e-02 0.000000000000000e+00 0.000000000000000e+00 2.331647701829631e-01 0.000000000000000e+00 0.000000000000000e+00 0.000000000000000e+00 
0.000000000000000e+00 0.000000000000000e+00 1.869805365660391e+00 0.000000000000000e+00 8.868293368413373e-01 1.739200671391364e+00 0.000000000000000e+00 0.000000000000000e+00 6.748723843854203e-01 0.000000000000000e+00 0.000000000000000e+00 3.775235688794785e-01 0.000000000000000e+00 0.000000000000000e+00 0.000000000000000e+00 1.007310638060996e-01 0.000000000000000e+00 6.323844113060292e-01 0.000000000000000e+00 0.000000000000000e+00 0.000000000000000e+00 0.000000000000000e+00 6.040220188929752e-01 0.000000000000000e+00 6.344526345716405e-01 
0.000000000000000e+00 1.345898328821787e+00 0.000000000000000e+00 5.537255702906653e-01 1.745627307460341e+00 0.000000000000000e+00 0.000000000000000e+00 0.000000000000000e+00 1.401846762463183e+00 0.000000000000000e+00 0.000000000000000e+00 0.000000000000000e+00 0.000000000000000e+00 0.000000000000000e+00 0.000000000000000e+00 1.187665405946946e+00 0.000000000000000e+00 0.000000000000000e+00 0.000000000000000e+00 0.000000000000000e+00 0.000000000000000e+00 0.000000000000000e+00 0.000000000000000e+00 2.152999544806299e-01 0.000000000000000e+00 
3.285130215528513e-01 0.000000000000000e+00 1.200262648903973e+00 0.000000000000000e+00 0.000000000000000e+00 0.000000000000000e+00 0.000000000000000e+00 4.761166591340174e-01 6.120623155983131e-01 2.038504177940013e+00 8.632984136910126e-01 0.000000000000000e+00 9.141545718091364e-01 0.000000000000000e+00 4.788186612006788e-01 0.000000000000000e+00 3.551492020853198e-01 0.000000000000000e+00 0.000000000000000e+00 0.000000000000000e+00 0.000000000000000e+00 0.000000000000000e+00 0.000000000000000e+00 0.000000000000000e+00 3.869864960764639e-01 
8.440484129419356e-01 0.000000000000000e+00 0.000000000000000e+00 5.023049124203735e-01 1.311175303987087e+00 4.784179504305224e-01 3.858945165436809e-01 7.800671420351441e-02 0.000000000000000e+00 3.503564443146554e-02 5.863992893680764e-01 0.000000000000000e+00 0.000000000000000e+00 4.819577682196587e-01 0.000000000000000e+00 4.150992515355229e-01 1.763311326848807e-01 0.000000000000000e+00 0.000000000000000e+00 0.000000000000000e+00 0.000000000000000e+00 2.491984032842688e-01 0.000000000000000e+00 0.000000000000000e+00 1.118570269392687e+00 
2.261734463106377e+00 0.000000000000000e+00 0.000000000000000e+00 3.389211812792133e-02 1.230027355344978e+00 0.000000000000000e+00 0.000000000000000e+00 0.000000000000000e+00 0.000000000000000e+00 0.000000000000000e+00 0.000000000000000e+00 0.000000000000000e+00 2.148962689144708e-01 0.000000000000000e+00 0.000000000000000e+00 0.000000000000000e+00 0.000000000000000e+00 0.000000000000000e+00 1.627895341280375e-01 6.414156081017692e-01 0.000000000000000e+00 9.632076679916638e-01 0.000000000000000e+00 0.000000000000000e+00 0.000000000000000e+00 
0.000000000000000e+00 1.604891983364924e+00 3.585381606757420e-01 4.960832578016323e-01 0.000000000000000e+00 1.165031747240887e-01 0.000000000000000e+00 9.650141313033866e-03 2.362773012155862e+00 0.000000000000000e+00 0.000000000000000e+00 0.000000000000000e+00 0.000000000000000e+00 0.000000000000000e+00 0.000000000000000e+00 0.000000000000000e+00 2.795462208907765e-02 0.000000000000000e+00 3.221079661088025e-01 0.000000000000000e+00 3.876310638613896e-03 0.000000000000000e+00 0.000000000000000e+00 1.026209463900436e+00 0.000000000000000e+00 
7.277676037232092e-01 1.551768361548624e+00 0.000000000000000e+00 3.237802978482884e-01 2.920517145147751e-01 0.000000000000000e+00 0.000000000000000e+00 0.000000000000000e+00 0.000000000000000e+00 0.000000000000000e+00 4.048361068799976e-01 0.000000000000000e+00 0.000000000000000e+00 5.896487629027242e-02 0.000000000000000e+00 5.380688988172838e-01 0.000000000000000e+00 0.000000000000000e+00 0.000000000000000e+00 0.000000000000000e+00 0.000000000000000e+00 0.000000000000000e+00 1.229001273624825e+00 3.685055382377431e-01 0.000000000000000e+00 
4.038798747341893e-01 6.122476858972927e-01 9.675040955628956e-01 0.000000000000000e+00 8.795348867847632e-01 0.000000000000000e+00 0.000000000000000e+00 0.000000000000000e+00 0.000000000000000e+00 0.000000000000000e+00 5.453454141855911e-01 0.000000000000000e+00 1.786399417225772e-01 0.000000000000000e+00 0.000000000000000e+00 0.000000000000000e+00 0.000000000000000e+00 0.000000000000000e+00 0.000000000000000e+00 0.000000000000000e+00 0.000000000000000e+00 0.000000000000000e+00 0.000000000000000e+00 0.000000000000000e+00 0.000000000000000e+00 
0.000000000000000e+00 0.000000000000000e+00 8.629308897064184e-01 1.273401100894118e-01 0.000000000000000e+00 0.000000000000000e+00 1.605900673734443e+00 0.000000000000000e+00 2.234707542874874e-01 0.000000000000000e+00 0.000000000000000e+00 9.015592906083317e-01 0.000000000000000e+00 7.096083122714542e-01 3.796432338927546e-01 0.000000000000000e+00 0.000000000000000e+00 4.480718323096481e-01 3.935660676112652e-01 0.000000000000000e+00 0.000000000000000e+00 0.000000000000000e+00 0.000000000000000e+00 0.000000000000000e+00 0.000000000000000e+00 
0.000000000000000e+00 0.000000000000000e+00 5.509343461738627e-02 1.353513600098647e+00 0.000000000000000e+00 1.025029664253641e+00 0.000000000000000e+00 0.000000000000000e+00 0.000000000000000e+00 0.000000000000000e+00 0.000000000000000e+00 0.000000000000000e+00 1.139959371289707e-01 0.000000000000000e+00 0.000000000000000e+00 0.000000000000000e+00 0.000000000000000e+00 8.494093932492288e-01 1.708533596422751e+00 0.000000000000000e+00 0.000000000000000e+00 0.000000000000000e+00 0.000000000000000e+00 3.576561562791676e-01 2.329115298972690e-01 
0.000000000000000e+00 0.000000000000000e+00 8.828424412573945e-01 0.000000000000000e+00 0.000000000000000e+00 0.000000000000000e+00 0.000000000000000e+00 3.407348651051122e-01 1.016680759422522e+00 1.429518548412120e+00 0.000000000000000e+00 0.000000000000000e+00 0.000000000000000e+00 5.980708075516719e-01 5.029855271568232e-01 0.000000000000000e+00 0.000000000000000e+00 7.617712645883619e-02 0.000000000000000e+00 1.419925871272631e-01 0.000000000000000e+00 0.000000000000000e+00 5.082595631696806e-01 0.000000000000000e+00 0.000000000000000e+00 
0.000000000000000e+00 2.516892477258657e-01 0.000000000000000e+00 1.174175150626640e+00 0.000000000000000e+00 0.000000000000000e+00 0.000000000000000e+00 4.083231429462875e-01 5.845282970196203e-01 0.000000000000000e+00 0.000000000000000e+00 0.000000000000000e+00 2.838416253315062e-01 0.000000000000000e+00 0.000000000000000e+00 0.000000000000000e+00 0.000000000000000e+00 2.436418191203768e-01 9.694853234770313e-01 0.000000000000000e+00 0.000000000000000e+00 1.139808681531719e+00 0.000000000000000e+00 2.814471358480061e-01 0.000000000000000e+00 
0.000000000000000e+00 0.000000000000000e+00 1.420876073176506e-01 1.110289268611678e+00 0.000000000000000e+00 2.488208750856517e-01 5.258312853755032e-01 6.945929541708962e-01 6.556864663862553e-03 0.000000000000000e+00 0.000000000000000e+00 0.000000000000000e+00 5.456404477214046e-01 0.000000000000000e+00 0.000000000000000e+00 0.000000000000000e+00 0.000000000000000e+00 1.230594040547780e+00 0.000000000000000e+00 0.000000000000000e+00 0.000000000000000e+00 1.315241400877218e-01 0.000000000000000e+00 0.000000000000000e+00 7.570657846609516e-01 
0.000000000000000e+00 6.480167567193432e-01 0.000000000000000e+00 2.562403401386583e-01 0.000000000000000e+00 0.000000000000000e+00 0.000000000000000e+00 6.324996354974037e-01 0.000000000000000e+00 0.000000000000000e+00 5.572833165992659e-01 0.000000000000000e+00 0.000000000000000e+00 0.000000000000000e+00 1.331525429827935e+00 0.000000000000000e+00 0.000000000000000e+00 1.827275928519592e-01 0.000000000000000e+00 4.467567577376804e-01 0.000000000000000e+00 0.000000000000000e+00 0.000000000000000e+00 0.000000000000000e+00 1.204986006967157e+00 
8.168745920389604e-01 0.000000000000000e+00 6.334988119401787e-01 7.825326142696059e-01 5.661833947398116e-01 8.972713330350118e-01 0.000000000000000e+00 0.000000000000000e+00 0.000000000000000e+00 0.000000000000000e+00 0.000000000000000e+00 0.000000000000000e+00 0.000000000000000e+00 0.000000000000000e+00 0.000000000000000e+00 0.000000000000000e+00 0.000000000000000e+00 0.000000000000000e+00 6.418690090147586e-01 0.000000000000000e+00 0.000000000000000e+00 0.000000000000000e+00 0.000000000000000e+00 2.577758626466588e-01 0.000000000000000e+00 
0.000000000000000e+00 0.000000000000000e+00 0.000000000000000e+00 0.000000000000000e+00 0.000000000000000e+00 0.000000000000000e+00 0.000000000000000e+00 0.000000000000000e+00 1.487158639601765e+00 1.075349349181225e+00 0.000000000000000e+00 2.553039974998852e-01 0.000000000000000e+00 0.000000000000000e+00 6.203117605354241e-01 0.000000000000000e+00 0.000000000000000e+00 0.000000000000000e+00 0.000000000000000e+00 0.000000000000000e+00 7.940873028004163e-01 0.000000000000000e+00 0.000000000000000e+00 0.000000000000000e+00 0.000000000000000e+00 
8.550954345633668e-01 0.000000000000000e+00 5.740375802937063e-01 7.867775182931916e-01 0.000000000000000e+00 0.000000000000000e+00 0.000000000000000e+00 0.000000000000000e+00 0.000000000000000e+00 9.731092839926901e-01 0.000000000000000e+00 0.000000000000000e+00 2.637526797613605e-02 0.000000000000000e+00 0.000000000000000e+00 0.000000000000000e+00 0.000000000000000e+00 0.000000000000000e+00 0.000000000000000e+00 0.000000000000000e+00 0.000000000000000e+00 0.000000000000000e+00 0.000000000000000e+00 0.000000000000000e+00 1.733118417288969e-01 
9.352494820345466e-01 0.000000000000000e+00 0.000000000000000e+00 0.000000000000000e+00 0.000000000000000e+00 0.000000000000000e+00 0.000000000000000e+00 0.000000000000000e+00 0.000000000000000e+00 1.384728470869096e+00 0.000000000000000e+00 0.000000000000000e+00 5.183808436291198e-01 0.000000000000000e+00 0.000000000000000e+00 0.000000000000000e+00 0.000000000000000e+00 0.000000000000000e+00 7.398030597500296e-01 0.000000000000000e+00 1.096154334359936e+00 0.000000000000000e+00 0.000000000000000e+00 0.000000000000000e+00 0.000000000000000e+00 
1.037930490492915e+00 0.000000000000000e+00 0.000000000000000e+00 5.106485288478779e-01 0.000000000000000e+00 4.799240125420499e-01 0.000000000000000e+00 0.000000000000000e+00 0.000000000000000e+00 0.000000000000000e+00 0.000000000000000e+00 7.972447798324222e-01 0.000000000000000e+00 0.000000000000000e+00 6.274207916749273e-01 0.000000000000000e+00 0.000000000000000e+00 0.000000000000000e+00 0.000000000000000e+00 0.000000000000000e+00 0.000000000000000e+00 0.000000000000000e+00 0.000000000000000e+00 0.000000000000000e+00 0.000000000000000e+00 
0.000000000000000e+00 0.000000000000000e+00 0.000000000000000e+00 0.000000000000000e+00 6.186432842431116e-01 0.000000000000000e+00 0.000000000000000e+00 1.251896676363945e-01 0.000000000000000e+00 0.000000000000000e+00 0.000000000000000e+00 0.000000000000000e+00 9.883508821198833e-01 0.000000000000000e+00 0.000000000000000e+00 0.000000000000000e+00 0.000000000000000e+00 0.000000000000000e+00 5.506301843296227e-01 6.439112318712034e-01 0.000000000000000e+00 0.000000000000000e+00 0.000000000000000e+00 0.000000000000000e+00 1.393213123922414e+00 
6.100877085006762e-01 0.000000000000000e+00 2.143808054998698e-01 0.000000000000000e+00 0.000000000000000e+00 6.508096719516071e-01 0.000000000000000e+00 6.053270322067183e-01 0.000000000000000e+00 0.000000000000000e+00 4.000610136890147e-01 0.000000000000000e+00 0.000000000000000e+00 0.000000000000000e+00 6.241941819923637e-01 0.000000000000000e+00 0.000000000000000e+00 0.000000000000000e+00 4.193159294704469e-01 0.000000000000000e+00 0.000000000000000e+00 0.000000000000000e+00 0.000000000000000e+00 0.000000000000000e+00 0.000000000000000e+00 
0.000000000000000e+00 0.000000000000000e+00 4.726661642705764e-01 0.000000000000000e+00 6.584736303216772e-01 0.000000000000000e+00 0.000000000000000e+00 0.000000000000000e+00 0.000000000000000e+00 0.000000000000000e+00 7.779980987495725e-01 0.000000000000000e+00 0.000000000000000e+00 2.890287330276070e-01 0.000000000000000e+00 0.000000000000000e+00 0.000000000000000e+00 0.000000000000000e+00 0.000000000000000e+00 0.000000000000000e+00 0.000000000000000e+00 0.000000000000000e+00 0.000000000000000e+00 0.000000000000000e+00 4.104601623491869e-01 
5.312770492597145e-01 0.000000000000000e+00 0.000000000000000e+00 0.000000000000000e+00 0.000000000000000e+00 2.676596637593103e-01 6.977103830517751e-01 0.000000000000000e+00 0.000000000000000e+00 0.000000000000000e+00 0.000000000000000e+00 0.000000000000000e+00 8.811932275834658e-02 0.000000000000000e+00 2.036048350406663e-01 0.000000000000000e+00 1.311251496887743e-01 0.000000000000000e+00 0.000000000000000e+00 2.414516447282767e-01 0.000000000000000e+00 1.159286789054705e-01 1.902795566444636e-02 0.000000000000000e+00 0.000000000000000e+00 