# File created on Tue Apr 30 02:20:16 2024
# The following metaparameters were used for this matrix optimization : gamma0 = 0.5; alpha0 = 0; sigma0 = 0.25; l0 = 1;p = 1; R0 = 1; S0 = 0.05; NR = 25; NS = 25; matrix path = matrices/Nr25_Nc25/consumption/RandTrix_Nr25_Nc25_Nest0.55_Conn0.2304.txt; convergence threshold = 1e-08
4.492271291741208e-01 0.000000000000000e+00 6.320725735577971e-01 1.075795823891083e+00 6.017980636718668e-01 7.148692215292726e-01 2.207717477373617e-01 7.623248614898159e-01 0.000000000000000e+00 0.000000000000000e+00 1.706780217696858e+00 0.000000000000000e+00 0.000000000000000e+00 9.684085366293357e-01 0.000000000000000e+00 0.000000000000000e+00 0.000000000000000e+00 0.000000000000000e+00 6.507088526818963e-01 3.981769600996073e-01 0.000000000000000e+00 0.000000000000000e+00 0.000000000000000e+00 0.000000000000000e+00 1.178898111181526e+00 
8.723048946416748e-01 3.999763135863562e-01 2.400520844728620e-01 4.322678563642658e-01 7.029490798257465e-01 0.000000000000000e+00 6.769602165576795e-01 0.000000000000000e+00 9.788397590831762e-02 0.000000000000000e+00 7.964693253063626e-01 0.000000000000000e+00 0.000000000000000e+00 6.819191450161346e-01 4.703266879519905e-01 0.000000000000000e+00 5.753401778150260e-02 3.136206513011370e-01 0.000000000000000e+00 1.449580412210474e-01 0.000000000000000e+00 1.833121921480939e+00 0.000000000000000e+00 1.035698300963582e+00 0.000000000000000e+00 
0.000000000000000e+00 0.000000000000000e+00 7.820493314159503e-01 1.756173986919769e+00 5.671441782448233e-01 0.000000000000000e+00 0.000000000000000e+00 1.123720502264261e+00 2.568679456409470e-01 3.738969528947109e-01 0.000000000000000e+00 0.000000000000000e+00 0.000000000000000e+00 0.000000000000000e+00 0.000000000000000e+00 0.000000000000000e+00 0.000000000000000e+00 0.000000000000000e+00 1.266780497655108e+00 0.000000000000000e+00 0.000000000000000e+00 0.000000000000000e+00 0.000000000000000e+00 6.022945778694097e-01 0.000000000000000e+00 
8.969981785007530e-01 3.893987948933662e-01 0.000000000000000e+00 0.000000000000000e+00 0.000000000000000e+00 0.000000000000000e+00 0.000000000000000e+00 0.000000000000000e+00 0.000000000000000e+00 1.502678657334016e-01 0.000000000000000e+00 0.000000000000000e+00 0.000000000000000e+00 1.189162407757167e+00 0.000000000000000e+00 9.487348846638160e-01 0.000000000000000e+00 0.000000000000000e+00 0.000000000000000e+00 0.000000000000000e+00 0.000000000000000e+00 0.000000000000000e+00 9.865221481772159e-01 0.000000000000000e+00 0.000000000000000e+00 
3.937460671327543e-01 4.453527409926250e-01 7.847003736657996e-01 1.323615562801411e-01 4.793598276868811e-01 2.594208690090830e-01 0.000000000000000e+00 3.355199388418632e-01 0.000000000000000e+00 0.000000000000000e+00 0.000000000000000e+00 0.000000000000000e+00 0.000000000000000e+00 0.000000000000000e+00 0.000000000000000e+00 0.000000000000000e+00 0.000000000000000e+00 0.000000000000000e+00 0.000000000000000e+00 0.000000000000000e+00 0.000000000000000e+00 0.000000000000000e+00 0.000000000000000e+00 0.000000000000000e+00 0.000000000000000e+00 
0.000000000000000e+00 3.747295879187167e-01 0.000000000000000e+00 0.000000000000000e+00 4.532490372782669e-01 0.000000000000000e+00 7.190535368695226e-01 0.000000000000000e+00 0.000000000000000e+00 0.000000000000000e+00 0.000000000000000e+00 1.522261303355863e-02 0.000000000000000e+00 0.000000000000000e+00 8.225851730486632e-01 5.233009820877095e-01 0.000000000000000e+00 0.000000000000000e+00 0.000000000000000e+00 0.000000000000000e+00 0.000000000000000e+00 0.000000000000000e+00 0.000000000000000e+00 0.000000000000000e+00 3.740343754069550e-01 
0.000000000000000e+00 4.822497204817223e-01 0.000000000000000e+00 3.471464029501677e-01 0.000000000000000e+00 8.410677066990980e-01 3.879762936818570e-01 1.784767289917201e-01 0.000000000000000e+00 0.000000000000000e+00 1.080047230173256e-01 2.050555610723158e-01 2.398069733673843e-01 0.000000000000000e+00 0.000000000000000e+00 4.634605338597784e-01 0.000000000000000e+00 0.000000000000000e+00 0.000000000000000e+00 0.000000000000000e+00 0.000000000000000e+00 0.000000000000000e+00 0.000000000000000e+00 0.000000000000000e+00 0.000000000000000e+00 
0.000000000000000e+00 3.778683037149407e-01 5.344765575420329e-01 0.000000000000000e+00 4.685012656330297e-01 0.000000000000000e+00 0.000000000000000e+00 0.000000000000000e+00 0.000000000000000e+00 5.669954923428619e-01 8.407157977658522e-01 0.000000000000000e+00 4.998429873726393e-02 0.000000000000000e+00 3.467166954399508e-01 0.000000000000000e+00 0.000000000000000e+00 0.000000000000000e+00 0.000000000000000e+00 0.000000000000000e+00 0.000000000000000e+00 0.000000000000000e+00 0.000000000000000e+00 2.668940415361330e-01 0.000000000000000e+00 
4.138179310837503e-01 5.843344013870473e-01 0.000000000000000e+00 0.000000000000000e+00 0.000000000000000e+00 0.000000000000000e+00 5.529194726776281e-01 0.000000000000000e+00 0.000000000000000e+00 0.000000000000000e+00 0.000000000000000e+00 0.000000000000000e+00 0.000000000000000e+00 0.000000000000000e+00 0.000000000000000e+00 0.000000000000000e+00 0.000000000000000e+00 5.138580242710020e-01 0.000000000000000e+00 2.934400328941272e-01 3.249693915604296e-01 6.256280852951202e-01 0.000000000000000e+00 0.000000000000000e+00 0.000000000000000e+00 
4.077368100438778e-01 0.000000000000000e+00 8.869966119067596e-02 6.295052037897201e-01 0.000000000000000e+00 4.598841174541344e-01 3.868762342596271e-01 0.000000000000000e+00 0.000000000000000e+00 0.000000000000000e+00 0.000000000000000e+00 0.000000000000000e+00 0.000000000000000e+00 0.000000000000000e+00 0.000000000000000e+00 0.000000000000000e+00 0.000000000000000e+00 0.000000000000000e+00 0.000000000000000e+00 3.983286471633489e-01 0.000000000000000e+00 0.000000000000000e+00 0.000000000000000e+00 2.312054374336050e-01 0.000000000000000e+00 
4.424069319850014e-01 4.160126341226024e-01 4.869323299544722e-01 0.000000000000000e+00 0.000000000000000e+00 0.000000000000000e+00 0.000000000000000e+00 0.000000000000000e+00 4.432659675222804e-01 0.000000000000000e+00 0.000000000000000e+00 1.061965437521404e-01 0.000000000000000e+00 5.210846811770399e-01 0.000000000000000e+00 1.330209911612472e-01 0.000000000000000e+00 0.000000000000000e+00 0.000000000000000e+00 0.000000000000000e+00 0.000000000000000e+00 0.000000000000000e+00 1.038449011269237e-01 0.000000000000000e+00 0.000000000000000e+00 
5.823247606911233e-01 2.538904464379954e-01 5.722705492557442e-01 5.185990965502390e-01 0.000000000000000e+00 0.000000000000000e+00 3.902713017695269e-01 0.000000000000000e+00 0.000000000000000e+00 0.000000000000000e+00 2.712018811365782e-01 0.000000000000000e+00 0.000000000000000e+00 0.000000000000000e+00 0.000000000000000e+00 0.000000000000000e+00 0.000000000000000e+00 0.000000000000000e+00 0.000000000000000e+00 0.000000000000000e+00 0.000000000000000e+00 0.000000000000000e+00 0.000000000000000e+00 0.000000000000000e+00 0.000000000000000e+00 
2.228142388721138e-01 0.000000000000000e+00 3.377433564949874e-01 6.320312448055953e-01 0.000000000000000e+00 0.000000000000000e+00 0.000000000000000e+00 0.000000000000000e+00 2.993609131814207e-01 0.000000000000000e+00 0.000000000000000e+00 0.000000000000000e+00 0.000000000000000e+00 0.000000000000000e+00 0.000000000000000e+00 0.000000000000000e+00 0.000000000000000e+00 0.000000000000000e+00 2.542165152198151e-01 0.000000000000000e+00 0.000000000000000e+00 0.000000000000000e+00 0.000000000000000e+00 0.000000000000000e+00 5.780946038131439e-01 
3.771664703989543e-01 0.000000000000000e+00 9.326672281647766e-02 0.000000000000000e+00 0.000000000000000e+00 0.000000000000000e+00 0.000000000000000e+00 0.000000000000000e+00 0.000000000000000e+00 0.000000000000000e+00 0.000000000000000e+00 0.000000000000000e+00 0.000000000000000e+00 0.000000000000000e+00 0.000000000000000e+00 0.000000000000000e+00 5.282317409526899e-01 0.000000000000000e+00 0.000000000000000e+00 0.000000000000000e+00 3.868691433211145e-01 0.000000000000000e+00 0.000000000000000e+00 0.000000000000000e+00 0.000000000000000e+00 
0.000000000000000e+00 0.000000000000000e+00 0.000000000000000e+00 0.000000000000000e+00 4.531149725108851e-01 0.000000000000000e+00 0.000000000000000e+00 0.000000000000000e+00 0.000000000000000e+00 0.000000000000000e+00 0.000000000000000e+00 0.000000000000000e+00 6.188340289124733e-01 5.066716413987885e-01 0.000000000000000e+00 0.000000000000000e+00 0.000000000000000e+00 0.000000000000000e+00 0.000000000000000e+00 0.000000000000000e+00 0.000000000000000e+00 0.000000000000000e+00 0.000000000000000e+00 0.000000000000000e+00 0.000000000000000e+00 
3.025071343856711e-01 0.000000000000000e+00 1.438138748045464e-01 0.000000000000000e+00 4.346154897062607e-01 0.000000000000000e+00 0.000000000000000e+00 0.000000000000000e+00 5.406415077407190e-01 0.000000000000000e+00 0.000000000000000e+00 0.000000000000000e+00 0.000000000000000e+00 0.000000000000000e+00 1.090214884249491e-01 0.000000000000000e+00 0.000000000000000e+00 0.000000000000000e+00 0.000000000000000e+00 0.000000000000000e+00 0.000000000000000e+00 0.000000000000000e+00 1.819528817500259e-01 0.000000000000000e+00 0.000000000000000e+00 
0.000000000000000e+00 4.684337558497454e-01 0.000000000000000e+00 0.000000000000000e+00 0.000000000000000e+00 4.446831046409422e-01 0.000000000000000e+00 3.647247170642546e-01 0.000000000000000e+00 0.000000000000000e+00 0.000000000000000e+00 1.291785876162106e-01 0.000000000000000e+00 0.000000000000000e+00 0.000000000000000e+00 0.000000000000000e+00 0.000000000000000e+00 0.000000000000000e+00 0.000000000000000e+00 0.000000000000000e+00 0.000000000000000e+00 0.000000000000000e+00 1.908846582068751e-02 2.043040761941709e-01 0.000000000000000e+00 
5.523092623042166e-01 2.578438793557384e-01 1.881517420468515e-01 0.000000000000000e+00 0.000000000000000e+00 0.000000000000000e+00 0.000000000000000e+00 0.000000000000000e+00 0.000000000000000e+00 0.000000000000000e+00 0.000000000000000e+00 0.000000000000000e+00 0.000000000000000e+00 0.000000000000000e+00 0.000000000000000e+00 0.000000000000000e+00 0.000000000000000e+00 0.000000000000000e+00 0.000000000000000e+00 0.000000000000000e+00 0.000000000000000e+00 0.000000000000000e+00 0.000000000000000e+00 3.956428531625708e-01 0.000000000000000e+00 
4.409800174487568e-01 0.000000000000000e+00 0.000000000000000e+00 0.000000000000000e+00 0.000000000000000e+00 0.000000000000000e+00 0.000000000000000e+00 4.239403056210292e-01 0.000000000000000e+00 0.000000000000000e+00 0.000000000000000e+00 0.000000000000000e+00 0.000000000000000e+00 0.000000000000000e+00 0.000000000000000e+00 0.000000000000000e+00 1.438501227691399e-01 0.000000000000000e+00 0.000000000000000e+00 0.000000000000000e+00 0.000000000000000e+00 2.696854637150861e-01 0.000000000000000e+00 0.000000000000000e+00 0.000000000000000e+00 
0.000000000000000e+00 0.000000000000000e+00 0.000000000000000e+00 0.000000000000000e+00 6.677469228199687e-01 0.000000000000000e+00 0.000000000000000e+00 0.000000000000000e+00 0.000000000000000e+00 5.265794694170594e-01 0.000000000000000e+00 0.000000000000000e+00 0.000000000000000e+00 0.000000000000000e+00 0.000000000000000e+00 0.000000000000000e+00 0.000000000000000e+00 0.000000000000000e+00 0.000000000000000e+00 0.000000000000000e+00 0.000000000000000e+00 0.000000000000000e+00 0.000000000000000e+00 0.000000000000000e+00 0.000000000000000e+00 
0.000000000000000e+00 0.000000000000000e+00 0.000000000000000e+00 3.108642051691075e-01 0.000000000000000e+00 0.000000000000000e+00 1.470146311519845e-01 0.000000000000000e+00 2.599325781986634e-01 0.000000000000000e+00 1.364937897365500e-01 0.000000000000000e+00 0.000000000000000e+00 0.000000000000000e+00 0.000000000000000e+00 0.000000000000000e+00 0.000000000000000e+00 0.000000000000000e+00 0.000000000000000e+00 0.000000000000000e+00 0.000000000000000e+00 0.000000000000000e+00 0.000000000000000e+00 0.000000000000000e+00 0.000000000000000e+00 
4.481600987653264e-01 0.000000000000000e+00 1.960574706654311e-01 0.000000000000000e+00 0.000000000000000e+00 0.000000000000000e+00 0.000000000000000e+00 0.000000000000000e+00 0.000000000000000e+00 0.000000000000000e+00 0.000000000000000e+00 0.000000000000000e+00 0.000000000000000e+00 0.000000000000000e+00 0.000000000000000e+00 0.000000000000000e+00 0.000000000000000e+00 2.295137783770242e-01 1.468250679383070e-02 2.401333261278074e-01 2.426224974270854e-01 0.000000000000000e+00 0.000000000000000e+00 0.000000000000000e+00 0.000000000000000e+00 
0.000000000000000e+00 2.045868167248686e-01 2.566488512042163e-01 0.000000000000000e+00 0.000000000000000e+00 0.000000000000000e+00 0.000000000000000e+00 0.000000000000000e+00 0.000000000000000e+00 1.689716866586815e-01 0.000000000000000e+00 0.000000000000000e+00 2.844690758925308e-02 0.000000000000000e+00 0.000000000000000e+00 2.549292686257635e-01 0.000000000000000e+00 0.000000000000000e+00 0.000000000000000e+00 0.000000000000000e+00 0.000000000000000e+00 0.000000000000000e+00 0.000000000000000e+00 0.000000000000000e+00 0.000000000000000e+00 
5.232872195851023e-01 0.000000000000000e+00 0.000000000000000e+00 0.000000000000000e+00 0.000000000000000e+00 0.000000000000000e+00 0.000000000000000e+00 0.000000000000000e+00 0.000000000000000e+00 0.000000000000000e+00 0.000000000000000e+00 0.000000000000000e+00 0.000000000000000e+00 0.000000000000000e+00 0.000000000000000e+00 0.000000000000000e+00 0.000000000000000e+00 0.000000000000000e+00 0.000000000000000e+00 0.000000000000000e+00 0.000000000000000e+00 0.000000000000000e+00 0.000000000000000e+00 0.000000000000000e+00 0.000000000000000e+00 
0.000000000000000e+00 0.000000000000000e+00 0.000000000000000e+00 0.000000000000000e+00 0.000000000000000e+00 4.558221504179985e-01 0.000000000000000e+00 0.000000000000000e+00 0.000000000000000e+00 0.000000000000000e+00 0.000000000000000e+00 0.000000000000000e+00 0.000000000000000e+00 0.000000000000000e+00 0.000000000000000e+00 0.000000000000000e+00 0.000000000000000e+00 0.000000000000000e+00 0.000000000000000e+00 0.000000000000000e+00 0.000000000000000e+00 0.000000000000000e+00 0.000000000000000e+00 0.000000000000000e+00 6.582687798991530e-02 