# File created on Fri May 17 15:41:49 2024
# The following metaparameters were used for this matrix optimization : gamma0 = 0.5; alpha0 = 0; sigma0 = 0.25; l0 = 1;p = 1; R0 = 1; S0 = 0.05; NR = 25; NS = 25; matrix path = matrices/Nr25_Nc25/consumption/RandTrix_Nr25_Nc25_Nest0.35_Conn0.2208.txt; convergence threshold = 1e-08
3.593597290053120e-03 4.268269980836802e-03 2.142995045230598e-03 4.274992810224327e-03 0.000000000000000e+00 0.000000000000000e+00 0.000000000000000e+00 3.431815331435007e-04 4.081642855927846e-03 3.822428223519822e-03 3.497943739923872e-03 4.317631156079292e-03 3.291387985752092e-03 0.000000000000000e+00 0.000000000000000e+00 3.488051580168492e-03 2.613060885428421e-03 0.000000000000000e+00 2.643138532892819e-03 2.737631376850735e-03 0.000000000000000e+00 0.000000000000000e+00 3.230246819227283e-03 0.000000000000000e+00 0.000000000000000e+00 
3.479626369232192e-03 3.631336180120848e-03 0.000000000000000e+00 1.892180949789517e-04 0.000000000000000e+00 0.000000000000000e+00 0.000000000000000e+00 0.000000000000000e+00 0.000000000000000e+00 0.000000000000000e+00 0.000000000000000e+00 4.177686139691569e-04 2.465454209220270e-03 1.004606009652064e-03 5.024472546295334e-04 0.000000000000000e+00 4.353976916897997e-03 4.346490450041162e-03 4.989060925612258e-04 1.249918732989909e-03 3.869090317765719e-03 0.000000000000000e+00 8.381591822760186e-04 0.000000000000000e+00 2.583363532502091e-03 
3.956206981109941e-03 7.988812342439818e-04 0.000000000000000e+00 0.000000000000000e+00 1.274508374501527e-03 4.222171190951382e-03 9.149033097474334e-04 4.850385081635803e-03 4.514861536704471e-03 0.000000000000000e+00 0.000000000000000e+00 0.000000000000000e+00 0.000000000000000e+00 0.000000000000000e+00 1.661334874867026e-03 3.753686023208732e-03 0.000000000000000e+00 4.809289107115208e-03 4.781862496809762e-03 2.348040600944972e-03 0.000000000000000e+00 0.000000000000000e+00 0.000000000000000e+00 3.575471425163941e-03 3.097348510469967e-03 
0.000000000000000e+00 0.000000000000000e+00 0.000000000000000e+00 1.858653727107585e-03 0.000000000000000e+00 0.000000000000000e+00 0.000000000000000e+00 3.834081904228384e-03 5.514977500237091e-04 0.000000000000000e+00 0.000000000000000e+00 3.345269683435536e-03 1.264840391766761e-03 1.813836579863644e-03 0.000000000000000e+00 0.000000000000000e+00 0.000000000000000e+00 0.000000000000000e+00 2.335644733270821e-03 2.637440797170013e-03 2.350716218726668e-03 0.000000000000000e+00 8.754722550889315e-05 0.000000000000000e+00 0.000000000000000e+00 
0.000000000000000e+00 0.000000000000000e+00 0.000000000000000e+00 0.000000000000000e+00 0.000000000000000e+00 0.000000000000000e+00 0.000000000000000e+00 3.704642952570405e-03 0.000000000000000e+00 0.000000000000000e+00 0.000000000000000e+00 3.997320368503649e-03 0.000000000000000e+00 4.441605477511525e-03 2.493919965017693e-03 4.825419984570330e-03 4.514427492704331e-03 0.000000000000000e+00 0.000000000000000e+00 0.000000000000000e+00 0.000000000000000e+00 4.561935968663288e-03 3.704586677453739e-03 1.926910662924049e-05 0.000000000000000e+00 
0.000000000000000e+00 2.197472701158270e-03 0.000000000000000e+00 0.000000000000000e+00 3.907170690662233e-03 2.816287235510122e-03 2.758984173336743e-03 0.000000000000000e+00 0.000000000000000e+00 6.493252700196983e-04 0.000000000000000e+00 0.000000000000000e+00 0.000000000000000e+00 1.557264104551315e-04 0.000000000000000e+00 0.000000000000000e+00 1.034990537397772e-03 2.972825214618047e-03 0.000000000000000e+00 0.000000000000000e+00 0.000000000000000e+00 1.003798037864962e-03 3.145169649546653e-03 4.699410454508414e-03 5.226854292974776e-05 
0.000000000000000e+00 2.507484866520872e-03 3.139378424189445e-03 0.000000000000000e+00 1.028874079099828e-03 3.509260479778452e-03 3.503148237686618e-03 3.167376307721510e-03 0.000000000000000e+00 2.500445251850766e-03 2.613462015750340e-04 3.793773728712637e-03 0.000000000000000e+00 0.000000000000000e+00 0.000000000000000e+00 3.152824884810835e-04 0.000000000000000e+00 0.000000000000000e+00 0.000000000000000e+00 0.000000000000000e+00 3.584883200796555e-03 3.007745488336015e-03 0.000000000000000e+00 0.000000000000000e+00 0.000000000000000e+00 
3.345406447989087e-03 0.000000000000000e+00 0.000000000000000e+00 2.855530528245578e-03 0.000000000000000e+00 2.393975580510465e-03 0.000000000000000e+00 0.000000000000000e+00 0.000000000000000e+00 3.017366013215366e-03 2.871232121576202e-03 4.652572245173866e-04 9.813498356780097e-04 2.409968367992304e-03 0.000000000000000e+00 1.524310618510121e-03 3.367624144545124e-03 2.798579923660099e-03 0.000000000000000e+00 6.078217345655329e-04 0.000000000000000e+00 3.228275660484551e-03 0.000000000000000e+00 1.819554539100472e-03 0.000000000000000e+00 
0.000000000000000e+00 8.192454313506591e-04 4.763119382731298e-03 0.000000000000000e+00 3.898458451074167e-03 2.237156652738929e-03 1.069374875174550e-03 6.432790946731178e-04 0.000000000000000e+00 0.000000000000000e+00 0.000000000000000e+00 0.000000000000000e+00 2.836010306986685e-03 0.000000000000000e+00 0.000000000000000e+00 7.078860468729756e-05 0.000000000000000e+00 0.000000000000000e+00 2.711527936439655e-03 1.701238697443452e-03 2.083089575270210e-03 4.547421567036976e-04 1.965748382765629e-03 2.661470758416147e-03 4.020320446746015e-03 
0.000000000000000e+00 4.259141369938028e-03 3.788140446123935e-03 2.141909314703878e-03 0.000000000000000e+00 0.000000000000000e+00 2.601462951169567e-03 1.528937508107152e-03 1.523153228201470e-03 0.000000000000000e+00 0.000000000000000e+00 0.000000000000000e+00 0.000000000000000e+00 0.000000000000000e+00 3.434191991391374e-03 0.000000000000000e+00 1.251549526081417e-03 0.000000000000000e+00 0.000000000000000e+00 0.000000000000000e+00 4.654410965311358e-04 2.370105017350261e-03 1.884458869973494e-03 1.413717596170153e-03 0.000000000000000e+00 
4.649254651136282e-03 1.957514427695630e-03 1.832142769613572e-03 2.953094845670141e-03 0.000000000000000e+00 4.900197473989488e-03 0.000000000000000e+00 3.593680425222395e-03 0.000000000000000e+00 0.000000000000000e+00 6.357378647270493e-04 0.000000000000000e+00 1.528430087880788e-03 0.000000000000000e+00 2.109499673493564e-03 0.000000000000000e+00 0.000000000000000e+00 0.000000000000000e+00 1.612393668152402e-03 4.561381470471825e-04 0.000000000000000e+00 3.160137353294228e-03 1.645793784160499e-03 0.000000000000000e+00 1.538158446252022e-03 
0.000000000000000e+00 1.990898880325095e-03 2.851262913989933e-03 0.000000000000000e+00 0.000000000000000e+00 5.919431753159511e-04 0.000000000000000e+00 0.000000000000000e+00 4.859626619888021e-03 0.000000000000000e+00 0.000000000000000e+00 0.000000000000000e+00 1.691605085441123e-03 0.000000000000000e+00 3.065155627725261e-04 0.000000000000000e+00 0.000000000000000e+00 0.000000000000000e+00 0.000000000000000e+00 0.000000000000000e+00 0.000000000000000e+00 0.000000000000000e+00 1.109161393623343e-03 1.412965645902194e-03 1.839150201321026e-03 
4.373847126339342e-03 0.000000000000000e+00 2.500394206846580e-03 3.638575408785317e-03 3.834327130564121e-03 1.758435773766357e-03 2.120800552836804e-03 0.000000000000000e+00 2.998844615452846e-03 9.762760278831908e-04 8.344841539949719e-04 1.621046187456318e-03 6.729260050980074e-04 2.656597337904607e-03 4.044895920517691e-03 4.083610418255250e-03 0.000000000000000e+00 0.000000000000000e+00 0.000000000000000e+00 3.865218567639107e-03 1.388327088670793e-03 0.000000000000000e+00 0.000000000000000e+00 0.000000000000000e+00 2.978997902225082e-04 
7.770772723564365e-05 2.941589653955122e-03 2.610575251247706e-03 1.001435237083690e-03 0.000000000000000e+00 0.000000000000000e+00 2.307814485964584e-03 6.869417181427009e-04 9.147496155914957e-04 4.458077624104950e-03 2.426432399802826e-03 3.757667196728655e-03 4.122133130944684e-03 2.980462580958683e-03 4.985548298993429e-03 4.247986489068435e-03 0.000000000000000e+00 0.000000000000000e+00 2.515791456639660e-03 0.000000000000000e+00 2.437346097136322e-04 1.538221309793966e-03 3.173145473972839e-04 0.000000000000000e+00 7.761996239441239e-04 
0.000000000000000e+00 0.000000000000000e+00 0.000000000000000e+00 2.017480597677587e-03 0.000000000000000e+00 1.216830756699363e-03 2.957418847700160e-03 3.383781262314617e-03 1.503158125860227e-03 9.616753839029664e-04 0.000000000000000e+00 4.513645993856066e-03 0.000000000000000e+00 1.030830891358267e-03 1.981375513164905e-03 3.235580115063024e-03 0.000000000000000e+00 0.000000000000000e+00 1.839150142825926e-03 0.000000000000000e+00 0.000000000000000e+00 3.284781239219999e-03 2.749461752702092e-03 0.000000000000000e+00 4.491143719319990e-03 
0.000000000000000e+00 0.000000000000000e+00 8.325145978737001e-04 4.730277424055480e-03 0.000000000000000e+00 0.000000000000000e+00 0.000000000000000e+00 0.000000000000000e+00 0.000000000000000e+00 1.641220293236765e-03 2.767462094117807e-04 2.277161278551780e-03 4.223340755008303e-03 1.946581471917805e-04 4.387501001823843e-03 5.591332864260649e-04 0.000000000000000e+00 2.713963578243915e-03 0.000000000000000e+00 0.000000000000000e+00 0.000000000000000e+00 3.797610331042622e-03 0.000000000000000e+00 0.000000000000000e+00 0.000000000000000e+00 
0.000000000000000e+00 4.754269411442327e-03 3.843673557412454e-04 0.000000000000000e+00 0.000000000000000e+00 0.000000000000000e+00 1.085703899356191e-03 0.000000000000000e+00 3.745600946510774e-03 0.000000000000000e+00 1.443557274795084e-03 3.398134262581144e-03 1.815552452709108e-03 2.185915720281886e-03 0.000000000000000e+00 1.859235169453599e-03 1.861849831347349e-03 0.000000000000000e+00 0.000000000000000e+00 0.000000000000000e+00 1.683052103235638e-03 0.000000000000000e+00 0.000000000000000e+00 0.000000000000000e+00 9.547202238353900e-04 
1.492056249142222e-03 2.342226855551844e-03 4.737611252157519e-03 0.000000000000000e+00 2.566327896278441e-03 0.000000000000000e+00 0.000000000000000e+00 3.036305446962354e-04 3.946257415649719e-03 0.000000000000000e+00 0.000000000000000e+00 1.759469048151971e-04 1.724062513100250e-03 2.417131567853905e-03 0.000000000000000e+00 0.000000000000000e+00 3.757662566498025e-03 2.966065513711951e-03 0.000000000000000e+00 2.721620146145189e-03 3.983410848834697e-03 0.000000000000000e+00 0.000000000000000e+00 2.688725920726293e-03 0.000000000000000e+00 
0.000000000000000e+00 1.098161731215741e-03 0.000000000000000e+00 3.045334345445662e-03 0.000000000000000e+00 2.459089033944308e-04 0.000000000000000e+00 0.000000000000000e+00 2.781933115819652e-03 0.000000000000000e+00 5.643594134196081e-04 1.253124128342706e-03 0.000000000000000e+00 0.000000000000000e+00 1.370714018112171e-03 0.000000000000000e+00 0.000000000000000e+00 4.810952094371948e-03 4.168857636894642e-03 0.000000000000000e+00 3.147785155872092e-04 0.000000000000000e+00 0.000000000000000e+00 0.000000000000000e+00 2.050206759403000e-03 
1.406093664341835e-03 0.000000000000000e+00 5.638532196661405e-04 0.000000000000000e+00 1.718409041290502e-03 0.000000000000000e+00 0.000000000000000e+00 3.666800548799091e-03 0.000000000000000e+00 6.783729555927648e-04 0.000000000000000e+00 0.000000000000000e+00 6.678647454935381e-04 0.000000000000000e+00 7.266671697874960e-04 3.360034985998025e-03 2.219522339043626e-03 0.000000000000000e+00 1.763850497826536e-03 9.800895946606342e-04 4.354550279765050e-03 2.290364744682050e-03 3.070975820747848e-03 0.000000000000000e+00 1.457024472367665e-03 
0.000000000000000e+00 0.000000000000000e+00 4.959628220164287e-03 0.000000000000000e+00 0.000000000000000e+00 5.165547585835292e-04 0.000000000000000e+00 0.000000000000000e+00 0.000000000000000e+00 4.335992756126290e-03 0.000000000000000e+00 0.000000000000000e+00 4.392005170008524e-03 0.000000000000000e+00 4.887592585181296e-03 3.232852373779409e-03 2.015488448658027e-03 0.000000000000000e+00 4.849781123614931e-03 0.000000000000000e+00 1.746167925422334e-03 0.000000000000000e+00 2.193503733334944e-03 0.000000000000000e+00 0.000000000000000e+00 
0.000000000000000e+00 0.000000000000000e+00 2.609544284368835e-03 3.789604679918503e-03 0.000000000000000e+00 1.486874260404156e-04 0.000000000000000e+00 0.000000000000000e+00 0.000000000000000e+00 0.000000000000000e+00 0.000000000000000e+00 3.445814598994351e-03 0.000000000000000e+00 3.603749966211793e-03 4.187251923545586e-03 0.000000000000000e+00 4.957275674467935e-03 0.000000000000000e+00 2.866618796711070e-03 1.987549266004076e-04 2.720832572940489e-03 0.000000000000000e+00 3.325853492610097e-03 4.850283454619250e-03 0.000000000000000e+00 
0.000000000000000e+00 0.000000000000000e+00 4.093949572689276e-03 2.904225086650982e-04 3.792782385098701e-03 0.000000000000000e+00 0.000000000000000e+00 3.616099286728823e-03 3.757600806170438e-03 0.000000000000000e+00 2.862164085064422e-03 1.606486349342053e-03 4.595522888538762e-03 1.575183391317651e-04 1.997938961709264e-03 0.000000000000000e+00 2.487838643137824e-03 0.000000000000000e+00 2.936275359421016e-03 4.767821744521150e-03 4.927935711696226e-03 0.000000000000000e+00 4.293919958372009e-03 6.457096424393280e-05 6.740380891048025e-04 
0.000000000000000e+00 1.267254639035323e-04 0.000000000000000e+00 2.254207058416215e-04 0.000000000000000e+00 2.195005441425110e-03 0.000000000000000e+00 1.718197371134892e-03 1.490505014372430e-03 0.000000000000000e+00 1.472836168076081e-03 3.749602851751336e-03 0.000000000000000e+00 0.000000000000000e+00 0.000000000000000e+00 1.147141137219881e-03 2.620197214500094e-04 3.191792804970687e-03 0.000000000000000e+00 2.852097082289485e-03 0.000000000000000e+00 0.000000000000000e+00 0.000000000000000e+00 0.000000000000000e+00 0.000000000000000e+00 
0.000000000000000e+00 2.796690530588307e-03 0.000000000000000e+00 0.000000000000000e+00 0.000000000000000e+00 1.628034074353695e-03 0.000000000000000e+00 0.000000000000000e+00 0.000000000000000e+00 0.000000000000000e+00 0.000000000000000e+00 3.834365703332876e-03 0.000000000000000e+00 0.000000000000000e+00 0.000000000000000e+00 0.000000000000000e+00 0.000000000000000e+00 0.000000000000000e+00 3.671416152838308e-03 0.000000000000000e+00 0.000000000000000e+00 1.043164779126912e-03 0.000000000000000e+00 0.000000000000000e+00 1.260112044782767e-03 