# File created on Sun Apr 28 23:38:46 2024
# The following metaparameters were used for this matrix optimization : gamma0 = 0.5; alpha0 = 0; sigma0 = 0.25; l0 = 1;p = 1; R0 = 1; S0 = 0.05; NR = 25; NS = 25; matrix path = matrices/Nr25_Nc25/consumption/RandTrix_Nr25_Nc25_Nest0.3_Conn0.2272.txt; convergence threshold = 1e-08
6.567233241422459e-02 0.000000000000000e+00 0.000000000000000e+00 0.000000000000000e+00 0.000000000000000e+00 0.000000000000000e+00 0.000000000000000e+00 2.199942961097429e+00 0.000000000000000e+00 0.000000000000000e+00 0.000000000000000e+00 0.000000000000000e+00 0.000000000000000e+00 8.993465223339075e-01 4.894872240803524e-01 6.341620699111091e-01 0.000000000000000e+00 0.000000000000000e+00 0.000000000000000e+00 0.000000000000000e+00 0.000000000000000e+00 0.000000000000000e+00 3.455450917271900e-01 1.187292051451470e+00 0.000000000000000e+00 
0.000000000000000e+00 0.000000000000000e+00 0.000000000000000e+00 0.000000000000000e+00 9.707059206915901e-01 0.000000000000000e+00 0.000000000000000e+00 0.000000000000000e+00 0.000000000000000e+00 6.544433437983870e-01 3.832169326229577e-01 0.000000000000000e+00 0.000000000000000e+00 3.723391428835914e-01 5.381570399711559e-01 1.364458542750803e-01 0.000000000000000e+00 0.000000000000000e+00 0.000000000000000e+00 0.000000000000000e+00 0.000000000000000e+00 4.170144378708432e-01 0.000000000000000e+00 0.000000000000000e+00 0.000000000000000e+00 
0.000000000000000e+00 0.000000000000000e+00 4.674212174839005e-01 0.000000000000000e+00 0.000000000000000e+00 1.127498802515828e+00 0.000000000000000e+00 0.000000000000000e+00 0.000000000000000e+00 0.000000000000000e+00 0.000000000000000e+00 4.810904891819698e-01 0.000000000000000e+00 0.000000000000000e+00 3.727060639310228e-01 5.012290536050142e-01 0.000000000000000e+00 0.000000000000000e+00 0.000000000000000e+00 5.559329981825408e-01 0.000000000000000e+00 0.000000000000000e+00 0.000000000000000e+00 0.000000000000000e+00 0.000000000000000e+00 
0.000000000000000e+00 0.000000000000000e+00 0.000000000000000e+00 4.570958352409835e-01 0.000000000000000e+00 0.000000000000000e+00 7.151367373606713e-01 0.000000000000000e+00 0.000000000000000e+00 0.000000000000000e+00 0.000000000000000e+00 0.000000000000000e+00 0.000000000000000e+00 0.000000000000000e+00 3.477212150386838e-01 4.471802954665020e-01 1.134165118619555e+00 0.000000000000000e+00 0.000000000000000e+00 0.000000000000000e+00 0.000000000000000e+00 0.000000000000000e+00 0.000000000000000e+00 4.155556691460408e-01 0.000000000000000e+00 
5.299954089293750e-01 0.000000000000000e+00 0.000000000000000e+00 5.093518474099108e-01 0.000000000000000e+00 0.000000000000000e+00 0.000000000000000e+00 5.777228695256397e-01 0.000000000000000e+00 9.324148058794583e-01 1.372074007319871e-01 0.000000000000000e+00 0.000000000000000e+00 0.000000000000000e+00 0.000000000000000e+00 0.000000000000000e+00 3.979398463506907e-01 0.000000000000000e+00 0.000000000000000e+00 0.000000000000000e+00 0.000000000000000e+00 0.000000000000000e+00 6.441968721685936e-01 0.000000000000000e+00 0.000000000000000e+00 
4.537065125204358e-01 3.444196873258370e-01 7.709546981392279e-01 5.132565696912242e-02 0.000000000000000e+00 0.000000000000000e+00 0.000000000000000e+00 1.180649742213428e+00 0.000000000000000e+00 0.000000000000000e+00 0.000000000000000e+00 0.000000000000000e+00 0.000000000000000e+00 1.819272253911547e-01 0.000000000000000e+00 0.000000000000000e+00 0.000000000000000e+00 0.000000000000000e+00 0.000000000000000e+00 0.000000000000000e+00 3.656232236852841e-01 0.000000000000000e+00 9.342882066417381e-01 0.000000000000000e+00 0.000000000000000e+00 
0.000000000000000e+00 5.820480888339404e-01 0.000000000000000e+00 0.000000000000000e+00 3.580299379414912e-01 9.463599159784056e-02 0.000000000000000e+00 3.550264062543972e-01 3.865509833665399e-01 9.490634459507344e-01 7.495846088106754e-01 0.000000000000000e+00 1.216029829085380e-01 0.000000000000000e+00 0.000000000000000e+00 0.000000000000000e+00 0.000000000000000e+00 0.000000000000000e+00 0.000000000000000e+00 0.000000000000000e+00 0.000000000000000e+00 0.000000000000000e+00 0.000000000000000e+00 0.000000000000000e+00 2.830787546365606e-01 
0.000000000000000e+00 2.930552335171514e-02 9.099796262094867e-01 0.000000000000000e+00 0.000000000000000e+00 0.000000000000000e+00 0.000000000000000e+00 1.637881893773242e-01 0.000000000000000e+00 0.000000000000000e+00 0.000000000000000e+00 0.000000000000000e+00 7.811241612047623e-01 0.000000000000000e+00 0.000000000000000e+00 0.000000000000000e+00 0.000000000000000e+00 0.000000000000000e+00 0.000000000000000e+00 0.000000000000000e+00 0.000000000000000e+00 5.031956660727095e-01 0.000000000000000e+00 1.225798936762875e+00 0.000000000000000e+00 
0.000000000000000e+00 0.000000000000000e+00 1.097778592049014e-01 0.000000000000000e+00 0.000000000000000e+00 0.000000000000000e+00 0.000000000000000e+00 8.240032449149838e-01 0.000000000000000e+00 0.000000000000000e+00 1.194920657061666e+00 0.000000000000000e+00 0.000000000000000e+00 0.000000000000000e+00 8.178209427644114e-01 0.000000000000000e+00 0.000000000000000e+00 0.000000000000000e+00 0.000000000000000e+00 0.000000000000000e+00 0.000000000000000e+00 0.000000000000000e+00 0.000000000000000e+00 2.253013815431635e-01 0.000000000000000e+00 
5.778356612073053e-01 0.000000000000000e+00 0.000000000000000e+00 0.000000000000000e+00 0.000000000000000e+00 0.000000000000000e+00 4.654093185785698e-01 0.000000000000000e+00 0.000000000000000e+00 0.000000000000000e+00 0.000000000000000e+00 0.000000000000000e+00 2.731396564632160e-01 0.000000000000000e+00 0.000000000000000e+00 5.963593415884481e-01 4.092099680870480e-01 0.000000000000000e+00 0.000000000000000e+00 2.838338433578303e-01 0.000000000000000e+00 0.000000000000000e+00 0.000000000000000e+00 0.000000000000000e+00 1.835770294485998e-02 
5.740330044871989e-01 0.000000000000000e+00 3.740160338865687e-01 3.155043824145366e-01 6.128321196227969e-01 4.174825712763887e-01 0.000000000000000e+00 0.000000000000000e+00 0.000000000000000e+00 0.000000000000000e+00 0.000000000000000e+00 0.000000000000000e+00 0.000000000000000e+00 1.798282440865449e-01 2.208746399770254e-01 0.000000000000000e+00 1.288753018573143e-01 0.000000000000000e+00 5.360398163200270e-02 0.000000000000000e+00 2.013379789455107e-01 0.000000000000000e+00 0.000000000000000e+00 0.000000000000000e+00 0.000000000000000e+00 
2.231267499299181e-01 7.807043934606943e-01 0.000000000000000e+00 1.268826495417427e-01 0.000000000000000e+00 0.000000000000000e+00 3.293477102530088e-01 0.000000000000000e+00 0.000000000000000e+00 0.000000000000000e+00 1.500912016437056e-01 0.000000000000000e+00 0.000000000000000e+00 4.677194800475167e-01 0.000000000000000e+00 0.000000000000000e+00 0.000000000000000e+00 0.000000000000000e+00 0.000000000000000e+00 2.951249220215708e-01 5.773248886450404e-01 2.463263440243450e-01 3.541634180339077e-01 0.000000000000000e+00 0.000000000000000e+00 
5.375111351729702e-01 5.914685940107989e-01 0.000000000000000e+00 3.049966819616209e-01 0.000000000000000e+00 0.000000000000000e+00 0.000000000000000e+00 0.000000000000000e+00 0.000000000000000e+00 0.000000000000000e+00 0.000000000000000e+00 1.585665406762767e-04 0.000000000000000e+00 0.000000000000000e+00 3.995219753917766e-01 3.423090316539322e-01 0.000000000000000e+00 0.000000000000000e+00 0.000000000000000e+00 0.000000000000000e+00 0.000000000000000e+00 0.000000000000000e+00 0.000000000000000e+00 0.000000000000000e+00 0.000000000000000e+00 
0.000000000000000e+00 0.000000000000000e+00 0.000000000000000e+00 4.369270429009551e-01 8.107959890801833e-02 3.313509317518989e-01 3.911503619780980e-01 0.000000000000000e+00 0.000000000000000e+00 0.000000000000000e+00 0.000000000000000e+00 0.000000000000000e+00 0.000000000000000e+00 0.000000000000000e+00 0.000000000000000e+00 6.724488400710609e-01 2.078435867899103e-02 3.410548664204028e-01 0.000000000000000e+00 0.000000000000000e+00 0.000000000000000e+00 0.000000000000000e+00 0.000000000000000e+00 0.000000000000000e+00 0.000000000000000e+00 
0.000000000000000e+00 0.000000000000000e+00 7.265308485822003e-02 0.000000000000000e+00 0.000000000000000e+00 3.715789180786438e-01 0.000000000000000e+00 0.000000000000000e+00 4.696061016502087e-01 0.000000000000000e+00 0.000000000000000e+00 3.666991215327679e-01 0.000000000000000e+00 8.647214870634211e-02 4.880229386156618e-01 0.000000000000000e+00 3.863967845217135e-01 2.457765409066287e-01 0.000000000000000e+00 0.000000000000000e+00 0.000000000000000e+00 0.000000000000000e+00 1.316118289559558e-02 2.853663252600175e-01 0.000000000000000e+00 
0.000000000000000e+00 0.000000000000000e+00 2.517856435614644e-01 4.003112353753774e-01 0.000000000000000e+00 8.950807112189615e-01 0.000000000000000e+00 0.000000000000000e+00 0.000000000000000e+00 0.000000000000000e+00 0.000000000000000e+00 0.000000000000000e+00 0.000000000000000e+00 0.000000000000000e+00 0.000000000000000e+00 0.000000000000000e+00 0.000000000000000e+00 0.000000000000000e+00 6.876634373356871e-02 0.000000000000000e+00 7.559850465080335e-01 0.000000000000000e+00 3.606542252333023e-01 0.000000000000000e+00 0.000000000000000e+00 
0.000000000000000e+00 0.000000000000000e+00 5.663942567918184e-01 0.000000000000000e+00 3.630025583967232e-02 0.000000000000000e+00 0.000000000000000e+00 0.000000000000000e+00 7.331002951797454e-01 0.000000000000000e+00 0.000000000000000e+00 0.000000000000000e+00 0.000000000000000e+00 0.000000000000000e+00 1.491594159831562e-01 0.000000000000000e+00 0.000000000000000e+00 0.000000000000000e+00 0.000000000000000e+00 0.000000000000000e+00 0.000000000000000e+00 0.000000000000000e+00 0.000000000000000e+00 0.000000000000000e+00 0.000000000000000e+00 
0.000000000000000e+00 0.000000000000000e+00 7.240006604060465e-01 0.000000000000000e+00 3.113784794406733e-01 0.000000000000000e+00 0.000000000000000e+00 7.769140097342728e-01 0.000000000000000e+00 0.000000000000000e+00 0.000000000000000e+00 2.251789914366295e-01 0.000000000000000e+00 0.000000000000000e+00 0.000000000000000e+00 0.000000000000000e+00 0.000000000000000e+00 0.000000000000000e+00 0.000000000000000e+00 0.000000000000000e+00 0.000000000000000e+00 0.000000000000000e+00 3.625862130642446e-02 0.000000000000000e+00 0.000000000000000e+00 
0.000000000000000e+00 3.608353438198653e-01 0.000000000000000e+00 0.000000000000000e+00 0.000000000000000e+00 0.000000000000000e+00 0.000000000000000e+00 6.658761387916260e-01 0.000000000000000e+00 0.000000000000000e+00 0.000000000000000e+00 0.000000000000000e+00 0.000000000000000e+00 0.000000000000000e+00 0.000000000000000e+00 0.000000000000000e+00 0.000000000000000e+00 0.000000000000000e+00 7.047378093589682e-01 3.350822718849655e-01 0.000000000000000e+00 0.000000000000000e+00 0.000000000000000e+00 0.000000000000000e+00 0.000000000000000e+00 
0.000000000000000e+00 4.906659608628969e-01 0.000000000000000e+00 0.000000000000000e+00 0.000000000000000e+00 0.000000000000000e+00 0.000000000000000e+00 0.000000000000000e+00 0.000000000000000e+00 0.000000000000000e+00 4.038555601838160e-01 0.000000000000000e+00 0.000000000000000e+00 0.000000000000000e+00 0.000000000000000e+00 0.000000000000000e+00 0.000000000000000e+00 4.965114300860699e-01 0.000000000000000e+00 0.000000000000000e+00 0.000000000000000e+00 0.000000000000000e+00 0.000000000000000e+00 0.000000000000000e+00 0.000000000000000e+00 
0.000000000000000e+00 0.000000000000000e+00 4.670772019082796e-01 0.000000000000000e+00 0.000000000000000e+00 4.083242554332523e-01 8.196201476935684e-03 0.000000000000000e+00 0.000000000000000e+00 5.536256619023239e-01 0.000000000000000e+00 0.000000000000000e+00 0.000000000000000e+00 0.000000000000000e+00 0.000000000000000e+00 0.000000000000000e+00 0.000000000000000e+00 0.000000000000000e+00 5.170290898545524e-02 0.000000000000000e+00 0.000000000000000e+00 0.000000000000000e+00 0.000000000000000e+00 0.000000000000000e+00 0.000000000000000e+00 
5.010658924431761e-01 0.000000000000000e+00 0.000000000000000e+00 0.000000000000000e+00 0.000000000000000e+00 0.000000000000000e+00 5.890557502172138e-01 0.000000000000000e+00 0.000000000000000e+00 0.000000000000000e+00 0.000000000000000e+00 0.000000000000000e+00 0.000000000000000e+00 0.000000000000000e+00 0.000000000000000e+00 0.000000000000000e+00 0.000000000000000e+00 0.000000000000000e+00 0.000000000000000e+00 0.000000000000000e+00 3.613699333084489e-01 0.000000000000000e+00 0.000000000000000e+00 0.000000000000000e+00 0.000000000000000e+00 
0.000000000000000e+00 4.047615864454277e-01 0.000000000000000e+00 0.000000000000000e+00 2.619977775879516e-02 0.000000000000000e+00 0.000000000000000e+00 0.000000000000000e+00 0.000000000000000e+00 0.000000000000000e+00 0.000000000000000e+00 0.000000000000000e+00 0.000000000000000e+00 0.000000000000000e+00 0.000000000000000e+00 4.908283694741712e-01 0.000000000000000e+00 0.000000000000000e+00 0.000000000000000e+00 0.000000000000000e+00 0.000000000000000e+00 0.000000000000000e+00 0.000000000000000e+00 0.000000000000000e+00 1.885182344737198e-02 
0.000000000000000e+00 0.000000000000000e+00 0.000000000000000e+00 0.000000000000000e+00 0.000000000000000e+00 0.000000000000000e+00 0.000000000000000e+00 0.000000000000000e+00 0.000000000000000e+00 0.000000000000000e+00 0.000000000000000e+00 0.000000000000000e+00 3.617755603777063e-01 0.000000000000000e+00 0.000000000000000e+00 0.000000000000000e+00 0.000000000000000e+00 0.000000000000000e+00 0.000000000000000e+00 0.000000000000000e+00 0.000000000000000e+00 0.000000000000000e+00 0.000000000000000e+00 0.000000000000000e+00 0.000000000000000e+00 
5.154271591341726e-01 0.000000000000000e+00 0.000000000000000e+00 0.000000000000000e+00 0.000000000000000e+00 0.000000000000000e+00 0.000000000000000e+00 0.000000000000000e+00 0.000000000000000e+00 0.000000000000000e+00 0.000000000000000e+00 0.000000000000000e+00 0.000000000000000e+00 0.000000000000000e+00 0.000000000000000e+00 0.000000000000000e+00 0.000000000000000e+00 0.000000000000000e+00 0.000000000000000e+00 0.000000000000000e+00 0.000000000000000e+00 0.000000000000000e+00 0.000000000000000e+00 0.000000000000000e+00 0.000000000000000e+00 