# File created on Fri May 17 15:41:49 2024
# The following metaparameters were used for this matrix optimization : gamma0 = 0.5; alpha0 = 0; sigma0 = 0.25; l0 = 1;p = 1; R0 = 1; S0 = 0.05; NR = 25; NS = 25; matrix path = matrices/Nr25_Nc25/consumption/RandTrix_Nr25_Nc25_Nest0.3_Conn0.0816.txt; convergence threshold = 1e-08
0.000000000000000e+00 1.214487242092610e-03 2.397461362791920e-03 4.943275949205909e-03 2.129664916093834e-03 0.000000000000000e+00 4.344390163861698e-03 0.000000000000000e+00 0.000000000000000e+00 1.018086471564564e-03 3.511737107456297e-03 1.115775271107008e-03 0.000000000000000e+00 2.220376731197938e-03 0.000000000000000e+00 0.000000000000000e+00 4.171176902084828e-03 0.000000000000000e+00 0.000000000000000e+00 2.769995475159816e-03 0.000000000000000e+00 0.000000000000000e+00 1.668430386870086e-03 0.000000000000000e+00 0.000000000000000e+00 
5.694571054307035e-04 4.520930225477370e-03 0.000000000000000e+00 0.000000000000000e+00 0.000000000000000e+00 0.000000000000000e+00 0.000000000000000e+00 0.000000000000000e+00 3.265826713410730e-03 0.000000000000000e+00 4.018778664324754e-04 6.840883658879008e-04 0.000000000000000e+00 0.000000000000000e+00 3.369176932366805e-03 4.784320628335850e-03 0.000000000000000e+00 0.000000000000000e+00 0.000000000000000e+00 6.856974517044968e-04 3.786934128050055e-03 4.240881145312831e-03 4.990040172929692e-03 1.875347383822080e-03 2.159728881680122e-03 
0.000000000000000e+00 4.408864801450366e-03 4.670927763472399e-03 0.000000000000000e+00 4.706024168323920e-03 4.119101344576867e-03 3.313543066121931e-03 0.000000000000000e+00 0.000000000000000e+00 0.000000000000000e+00 2.364428610694379e-04 0.000000000000000e+00 1.861295034242623e-03 0.000000000000000e+00 4.081067159470356e-03 0.000000000000000e+00 0.000000000000000e+00 0.000000000000000e+00 0.000000000000000e+00 0.000000000000000e+00 0.000000000000000e+00 1.997250186910317e-03 0.000000000000000e+00 9.832195497938491e-04 0.000000000000000e+00 
0.000000000000000e+00 0.000000000000000e+00 1.488225284923145e-03 1.709089497573445e-03 0.000000000000000e+00 0.000000000000000e+00 0.000000000000000e+00 4.592966516750344e-04 0.000000000000000e+00 2.624035750441671e-03 4.043432677101302e-03 1.464215278782977e-03 1.876424279593307e-03 0.000000000000000e+00 0.000000000000000e+00 0.000000000000000e+00 4.591282538461877e-03 0.000000000000000e+00 1.585089311698564e-03 3.193291456539370e-04 0.000000000000000e+00 3.591675579240072e-03 0.000000000000000e+00 0.000000000000000e+00 0.000000000000000e+00 
3.460562732150188e-03 4.435226859459116e-04 0.000000000000000e+00 0.000000000000000e+00 5.649747023299472e-05 0.000000000000000e+00 0.000000000000000e+00 0.000000000000000e+00 0.000000000000000e+00 8.431467875972030e-04 4.725444599555386e-03 0.000000000000000e+00 2.012365355698518e-03 1.361618343059124e-03 4.938241047844155e-03 1.724019116491005e-03 0.000000000000000e+00 0.000000000000000e+00 0.000000000000000e+00 2.786923659943066e-03 1.299492361913636e-03 0.000000000000000e+00 0.000000000000000e+00 4.790240347096657e-03 1.073609232181478e-04 
3.226709189532430e-03 3.362689581644861e-03 0.000000000000000e+00 8.940344659868041e-04 9.924723604788034e-05 4.610246588900416e-03 4.284196855083146e-03 1.101332954128131e-04 7.125135893489797e-04 0.000000000000000e+00 4.461102336502979e-03 4.899068506100682e-03 0.000000000000000e+00 3.855568159856309e-03 1.232915304458636e-04 3.630206579955223e-03 3.295561670890212e-03 0.000000000000000e+00 2.993342511203846e-03 0.000000000000000e+00 0.000000000000000e+00 3.891443734711722e-03 3.908143795093181e-03 4.759106531823968e-03 0.000000000000000e+00 
1.277046016099090e-03 0.000000000000000e+00 0.000000000000000e+00 3.564786179176715e-03 1.310538254548937e-03 0.000000000000000e+00 1.992722010611858e-03 0.000000000000000e+00 0.000000000000000e+00 1.534596755199302e-03 2.241000777874842e-04 3.338153006464019e-03 4.354507595268603e-03 4.497833390733643e-04 0.000000000000000e+00 3.432209879547657e-03 0.000000000000000e+00 4.205297118858392e-03 3.869868352019874e-04 8.028965740015166e-04 0.000000000000000e+00 0.000000000000000e+00 1.911807215248504e-03 1.476158256907412e-03 0.000000000000000e+00 
0.000000000000000e+00 4.396172047550468e-04 0.000000000000000e+00 3.305434647617353e-03 4.260688123004498e-03 3.514798768832986e-03 2.128140842153273e-03 0.000000000000000e+00 4.020747974987087e-04 3.632142599787214e-03 0.000000000000000e+00 0.000000000000000e+00 3.109842708651434e-03 1.467043897268523e-03 1.711934325251649e-03 0.000000000000000e+00 1.713145375221610e-03 0.000000000000000e+00 3.775481274173335e-03 2.399441664990544e-03 1.624256951794068e-03 0.000000000000000e+00 0.000000000000000e+00 0.000000000000000e+00 0.000000000000000e+00 
0.000000000000000e+00 3.075846290082527e-03 7.205396587975814e-04 0.000000000000000e+00 0.000000000000000e+00 0.000000000000000e+00 1.313644484224586e-03 0.000000000000000e+00 1.711599823687805e-03 3.386570280295461e-03 0.000000000000000e+00 0.000000000000000e+00 0.000000000000000e+00 3.861573178545270e-03 2.888706728927222e-04 1.669655953540076e-03 4.792608299027277e-03 0.000000000000000e+00 0.000000000000000e+00 0.000000000000000e+00 4.592177148519475e-03 0.000000000000000e+00 0.000000000000000e+00 2.600743959777723e-03 0.000000000000000e+00 
4.906188888812020e-03 0.000000000000000e+00 1.442940791883037e-03 2.096832297740424e-03 8.654091289610188e-05 0.000000000000000e+00 3.629109044133856e-03 2.980886808056743e-03 2.820964011486354e-03 3.456363953482454e-03 0.000000000000000e+00 5.899859041495621e-04 0.000000000000000e+00 0.000000000000000e+00 0.000000000000000e+00 4.026979318579243e-03 1.848458980132406e-03 3.280622611777899e-03 0.000000000000000e+00 2.903188872807409e-03 0.000000000000000e+00 0.000000000000000e+00 4.388288672661898e-03 6.357340341393288e-04 2.077290439318181e-03 
0.000000000000000e+00 0.000000000000000e+00 0.000000000000000e+00 4.907925455573870e-04 6.709381798821787e-04 0.000000000000000e+00 4.241863079068960e-03 2.971691752616631e-03 0.000000000000000e+00 3.060924516208661e-03 0.000000000000000e+00 4.602174161068508e-03 4.536992950587665e-03 3.687984440525305e-05 3.866779244969090e-03 0.000000000000000e+00 2.594679259562819e-03 0.000000000000000e+00 1.517603046405452e-04 0.000000000000000e+00 0.000000000000000e+00 2.163787822217283e-03 4.375397172447882e-03 0.000000000000000e+00 0.000000000000000e+00 
0.000000000000000e+00 0.000000000000000e+00 4.464451318130234e-03 4.440716640997977e-03 1.776773612564856e-03 0.000000000000000e+00 2.631574428450558e-03 0.000000000000000e+00 4.489443350435441e-03 4.974327545294231e-03 0.000000000000000e+00 0.000000000000000e+00 0.000000000000000e+00 0.000000000000000e+00 2.605185592067863e-03 2.263700843819764e-03 0.000000000000000e+00 3.163041636962706e-03 0.000000000000000e+00 2.211832212917347e-03 4.305699695300947e-03 0.000000000000000e+00 4.378498658832292e-03 0.000000000000000e+00 0.000000000000000e+00 
0.000000000000000e+00 0.000000000000000e+00 2.063048278103530e-03 2.021545129256479e-03 3.034943577613989e-03 0.000000000000000e+00 9.739651941714795e-04 1.300032920443592e-03 3.955046326348695e-03 0.000000000000000e+00 3.885577168471835e-03 4.857667865085005e-03 1.929739330425311e-03 0.000000000000000e+00 0.000000000000000e+00 0.000000000000000e+00 0.000000000000000e+00 3.550479126235581e-04 0.000000000000000e+00 4.026446037679795e-03 0.000000000000000e+00 3.597302169758147e-03 5.414282236926097e-04 0.000000000000000e+00 0.000000000000000e+00 
0.000000000000000e+00 0.000000000000000e+00 0.000000000000000e+00 3.538600700204229e-03 1.798352040645836e-03 0.000000000000000e+00 0.000000000000000e+00 0.000000000000000e+00 0.000000000000000e+00 1.430672670289523e-03 0.000000000000000e+00 0.000000000000000e+00 0.000000000000000e+00 0.000000000000000e+00 0.000000000000000e+00 3.889509710508783e-03 3.640304226992520e-03 4.469652743282920e-04 0.000000000000000e+00 0.000000000000000e+00 0.000000000000000e+00 6.212361820647881e-05 0.000000000000000e+00 3.725952997650757e-03 0.000000000000000e+00 
0.000000000000000e+00 1.568585388866273e-04 1.974389810630420e-03 2.729403682324444e-04 5.961274172622809e-04 4.756543436640470e-04 4.138325141316188e-03 1.620974913197050e-03 0.000000000000000e+00 1.249574677514824e-03 4.353631402793839e-03 1.118947101118548e-03 0.000000000000000e+00 0.000000000000000e+00 4.794529381220101e-03 0.000000000000000e+00 0.000000000000000e+00 0.000000000000000e+00 0.000000000000000e+00 0.000000000000000e+00 1.870235173818023e-03 0.000000000000000e+00 4.755507809117514e-03 3.042097821586653e-03 4.057429198672070e-03 
2.679270213336437e-03 0.000000000000000e+00 0.000000000000000e+00 1.541988275927537e-03 0.000000000000000e+00 0.000000000000000e+00 0.000000000000000e+00 0.000000000000000e+00 0.000000000000000e+00 0.000000000000000e+00 4.424205560981595e-03 4.202621452211420e-03 4.583462999226756e-03 2.649793818510975e-04 1.626147303117024e-03 0.000000000000000e+00 0.000000000000000e+00 0.000000000000000e+00 0.000000000000000e+00 1.455607411382200e-03 1.727940855757417e-03 0.000000000000000e+00 0.000000000000000e+00 0.000000000000000e+00 0.000000000000000e+00 
1.998918763687981e-03 0.000000000000000e+00 4.231455448120702e-03 2.039179778907189e-03 4.061095852747927e-03 3.143254668041453e-04 0.000000000000000e+00 4.755404333207358e-03 3.074184984189088e-03 2.737549137937742e-03 4.811659711191457e-03 0.000000000000000e+00 0.000000000000000e+00 1.204455401497793e-03 0.000000000000000e+00 3.016701547104654e-03 4.938025207074728e-03 0.000000000000000e+00 0.000000000000000e+00 2.994626986186890e-03 0.000000000000000e+00 0.000000000000000e+00 0.000000000000000e+00 7.889257738976065e-04 0.000000000000000e+00 
0.000000000000000e+00 0.000000000000000e+00 0.000000000000000e+00 0.000000000000000e+00 4.742289520067114e-03 5.789772169965016e-04 0.000000000000000e+00 0.000000000000000e+00 0.000000000000000e+00 0.000000000000000e+00 0.000000000000000e+00 2.916870729834895e-03 0.000000000000000e+00 0.000000000000000e+00 3.311968076930965e-03 0.000000000000000e+00 4.209095186366663e-03 1.659467297155841e-03 0.000000000000000e+00 1.369030030862970e-03 3.095916563694680e-03 1.392997930089422e-03 3.108503837198629e-03 0.000000000000000e+00 1.525711950488864e-03 
1.453558883762675e-03 1.881931794911887e-03 0.000000000000000e+00 1.344159165848731e-06 4.952074340849101e-03 1.323044731880824e-03 8.569408900673804e-04 1.851877968213607e-03 0.000000000000000e+00 0.000000000000000e+00 1.692824540492994e-03 0.000000000000000e+00 0.000000000000000e+00 2.805535831310228e-03 0.000000000000000e+00 0.000000000000000e+00 0.000000000000000e+00 0.000000000000000e+00 0.000000000000000e+00 3.083457748363278e-04 0.000000000000000e+00 0.000000000000000e+00 0.000000000000000e+00 2.393000550435745e-03 0.000000000000000e+00 
0.000000000000000e+00 0.000000000000000e+00 0.000000000000000e+00 0.000000000000000e+00 0.000000000000000e+00 1.860839886367219e-03 0.000000000000000e+00 8.828932331368972e-04 0.000000000000000e+00 0.000000000000000e+00 0.000000000000000e+00 6.146344686030361e-04 3.636618187629843e-04 0.000000000000000e+00 0.000000000000000e+00 0.000000000000000e+00 0.000000000000000e+00 0.000000000000000e+00 0.000000000000000e+00 0.000000000000000e+00 4.130114266760929e-03 4.837534322815163e-04 3.813828614164038e-04 0.000000000000000e+00 2.206661227541013e-03 
1.445989311931598e-04 3.140879976044988e-03 0.000000000000000e+00 3.942097605694866e-03 3.166487838500836e-03 1.929976951294089e-03 0.000000000000000e+00 1.027351723224400e-03 0.000000000000000e+00 0.000000000000000e+00 0.000000000000000e+00 0.000000000000000e+00 1.117201474326884e-04 2.592646066904159e-03 3.117918648634134e-03 4.220824766724402e-03 1.339215050812656e-03 2.259819785991653e-03 6.163768156974128e-04 0.000000000000000e+00 0.000000000000000e+00 0.000000000000000e+00 7.746212403366754e-04 0.000000000000000e+00 0.000000000000000e+00 
0.000000000000000e+00 3.245544022845603e-03 0.000000000000000e+00 0.000000000000000e+00 4.385552108886395e-03 0.000000000000000e+00 0.000000000000000e+00 0.000000000000000e+00 9.757912478297358e-04 0.000000000000000e+00 1.260306521991702e-03 1.061102755322100e-03 1.319306764493012e-03 0.000000000000000e+00 2.524756095869481e-03 4.292274975156002e-03 1.114266539667092e-03 4.834850140577805e-03 0.000000000000000e+00 3.783488979036720e-03 0.000000000000000e+00 0.000000000000000e+00 0.000000000000000e+00 0.000000000000000e+00 0.000000000000000e+00 
0.000000000000000e+00 3.175271124668320e-03 3.582148839589763e-03 6.499870748938584e-05 0.000000000000000e+00 4.717420853772139e-03 4.416939623515731e-03 0.000000000000000e+00 0.000000000000000e+00 0.000000000000000e+00 0.000000000000000e+00 0.000000000000000e+00 0.000000000000000e+00 3.584789699910896e-03 0.000000000000000e+00 2.974976040100484e-03 3.910956668247520e-03 2.022286903008034e-04 0.000000000000000e+00 2.622551160812575e-03 0.000000000000000e+00 2.985868978474920e-03 4.610894304662521e-03 4.983336658629567e-03 0.000000000000000e+00 
2.934141246929988e-03 1.028677563386049e-03 0.000000000000000e+00 1.277421423909104e-03 1.207250831966751e-03 1.551216347585223e-03 0.000000000000000e+00 2.188601206532046e-03 0.000000000000000e+00 4.486671111136934e-03 0.000000000000000e+00 2.115644866544061e-03 0.000000000000000e+00 0.000000000000000e+00 5.853277471872963e-04 1.651470771106337e-03 0.000000000000000e+00 0.000000000000000e+00 0.000000000000000e+00 1.580436210482976e-03 0.000000000000000e+00 0.000000000000000e+00 5.519466266401079e-04 0.000000000000000e+00 3.903520789321790e-03 
2.634006351645829e-03 4.655670409480579e-03 3.219474817637081e-03 2.931744573826693e-03 2.185410965477829e-03 4.859911336329341e-03 0.000000000000000e+00 0.000000000000000e+00 0.000000000000000e+00 0.000000000000000e+00 0.000000000000000e+00 0.000000000000000e+00 3.650721054271907e-03 2.490986247135414e-04 0.000000000000000e+00 2.351261779855157e-03 3.870059123200654e-03 0.000000000000000e+00 0.000000000000000e+00 0.000000000000000e+00 0.000000000000000e+00 0.000000000000000e+00 4.604338541268906e-03 0.000000000000000e+00 0.000000000000000e+00 