# File created on Fri May 17 15:41:51 2024
# The following metaparameters were used for this matrix optimization : gamma0 = 0.5; alpha0 = 0; sigma0 = 0.25; l0 = 1;p = 1; R0 = 1; S0 = 0.05; NR = 25; NS = 25; matrix path = matrices/Nr25_Nc25/consumption/RandTrix_Nr25_Nc25_Nest0.4_Conn0.1232.txt; convergence threshold = 1e-08
4.499863420514386e-04 4.014354396739341e-04 0.000000000000000e+00 0.000000000000000e+00 2.492534368801630e-03 0.000000000000000e+00 0.000000000000000e+00 0.000000000000000e+00 0.000000000000000e+00 0.000000000000000e+00 0.000000000000000e+00 0.000000000000000e+00 1.694248888782516e-03 0.000000000000000e+00 1.393043206759539e-03 2.129613717208188e-03 1.378089186077745e-03 2.014113819403162e-03 0.000000000000000e+00 0.000000000000000e+00 0.000000000000000e+00 4.248305481423675e-03 0.000000000000000e+00 0.000000000000000e+00 2.773251587938448e-03 
2.408859695736853e-03 4.969531652500085e-03 0.000000000000000e+00 3.218241591059279e-04 3.104631298437176e-03 3.316424056412313e-03 2.247797989829728e-04 1.562877069451288e-03 0.000000000000000e+00 0.000000000000000e+00 0.000000000000000e+00 4.638962262315964e-03 4.423637691239971e-03 3.973730275196687e-03 0.000000000000000e+00 0.000000000000000e+00 1.205075194762503e-03 2.549761915282093e-03 2.779552615391003e-03 0.000000000000000e+00 2.875827587604586e-03 0.000000000000000e+00 1.077797987466734e-03 3.091805870052238e-03 0.000000000000000e+00 
0.000000000000000e+00 4.080309192831852e-03 4.915226516967221e-03 4.037247615223907e-05 0.000000000000000e+00 0.000000000000000e+00 4.652082750553194e-03 0.000000000000000e+00 3.086915103900549e-03 1.146519687651248e-03 0.000000000000000e+00 0.000000000000000e+00 3.332160954643276e-03 0.000000000000000e+00 2.404453594317389e-03 4.917833910098056e-03 0.000000000000000e+00 4.937668138990408e-04 9.853053047414787e-04 3.968657693785836e-03 5.228053163387798e-04 1.937227323512304e-03 0.000000000000000e+00 1.158781998102209e-03 0.000000000000000e+00 
1.009619758334666e-03 0.000000000000000e+00 3.571921066919350e-03 0.000000000000000e+00 0.000000000000000e+00 0.000000000000000e+00 1.908660772454453e-03 0.000000000000000e+00 0.000000000000000e+00 2.424578453301888e-03 2.550310341604255e-03 4.262289153030992e-03 2.798547211191715e-03 0.000000000000000e+00 0.000000000000000e+00 0.000000000000000e+00 0.000000000000000e+00 4.600153543039882e-03 1.569608401640664e-03 4.188970475055367e-03 3.199675049386694e-03 2.420366023649396e-03 0.000000000000000e+00 0.000000000000000e+00 2.714476328187819e-04 
1.339262650252338e-03 0.000000000000000e+00 0.000000000000000e+00 1.851943347277012e-03 0.000000000000000e+00 0.000000000000000e+00 2.390403207137725e-03 3.217371538078071e-03 0.000000000000000e+00 0.000000000000000e+00 0.000000000000000e+00 1.286602761748554e-03 2.221921870541634e-03 0.000000000000000e+00 0.000000000000000e+00 4.190868472561130e-04 8.432648413894264e-04 0.000000000000000e+00 0.000000000000000e+00 3.843782487507535e-03 9.525084176348927e-04 0.000000000000000e+00 0.000000000000000e+00 1.236733386512748e-03 0.000000000000000e+00 
2.457549099327684e-03 2.468008776271678e-03 0.000000000000000e+00 0.000000000000000e+00 0.000000000000000e+00 1.145945829622235e-03 0.000000000000000e+00 4.639976083621132e-03 0.000000000000000e+00 1.790414771512425e-03 0.000000000000000e+00 0.000000000000000e+00 2.105831711766373e-03 0.000000000000000e+00 1.155861068800260e-04 0.000000000000000e+00 0.000000000000000e+00 0.000000000000000e+00 0.000000000000000e+00 1.869030182059022e-04 4.495830242511998e-03 0.000000000000000e+00 4.670643700498962e-03 4.299530658708289e-03 0.000000000000000e+00 
0.000000000000000e+00 2.882170214725967e-03 4.750921587617054e-04 0.000000000000000e+00 0.000000000000000e+00 0.000000000000000e+00 2.584391965934076e-03 0.000000000000000e+00 0.000000000000000e+00 5.992145932161445e-04 0.000000000000000e+00 0.000000000000000e+00 0.000000000000000e+00 7.491289978950558e-04 2.180251322711816e-03 0.000000000000000e+00 2.975838544053363e-03 1.185865455856612e-03 0.000000000000000e+00 8.522860040184904e-04 0.000000000000000e+00 2.234855720482584e-03 4.936709426245074e-03 4.387139921549377e-03 0.000000000000000e+00 
0.000000000000000e+00 3.882906781315250e-03 0.000000000000000e+00 0.000000000000000e+00 2.318143252123085e-03 2.862599019489839e-03 0.000000000000000e+00 0.000000000000000e+00 1.234497958741105e-03 0.000000000000000e+00 0.000000000000000e+00 0.000000000000000e+00 6.673062865586403e-05 2.714166199565019e-03 0.000000000000000e+00 3.580504398193885e-03 2.396290177110701e-03 1.441546283244399e-03 4.740483311702198e-03 0.000000000000000e+00 0.000000000000000e+00 0.000000000000000e+00 1.787194665860677e-03 1.120213693799231e-03 4.332574949634955e-04 
0.000000000000000e+00 0.000000000000000e+00 1.621409713988964e-03 2.875187381985860e-03 0.000000000000000e+00 9.850539244038086e-04 0.000000000000000e+00 0.000000000000000e+00 2.169646758928829e-03 0.000000000000000e+00 0.000000000000000e+00 0.000000000000000e+00 0.000000000000000e+00 3.792075031529296e-03 8.972291448878777e-04 1.680970637774887e-03 0.000000000000000e+00 0.000000000000000e+00 2.424204001792090e-03 0.000000000000000e+00 0.000000000000000e+00 0.000000000000000e+00 1.450331159727305e-03 1.904953150689318e-03 4.649549343292003e-03 
0.000000000000000e+00 0.000000000000000e+00 1.135309360155342e-03 1.380990102942893e-03 0.000000000000000e+00 0.000000000000000e+00 0.000000000000000e+00 3.748150391780007e-03 1.867687747381143e-03 1.631321992292589e-03 3.004404489236896e-03 4.277042449392768e-03 0.000000000000000e+00 5.413377430101596e-04 0.000000000000000e+00 1.950226935699533e-03 3.463051082882075e-03 0.000000000000000e+00 0.000000000000000e+00 1.242567716091958e-03 3.024959323753732e-03 2.085760239195123e-03 0.000000000000000e+00 4.513031567445909e-03 2.743141002290760e-03 
0.000000000000000e+00 0.000000000000000e+00 0.000000000000000e+00 0.000000000000000e+00 2.660698397520882e-03 3.288472903589893e-04 0.000000000000000e+00 3.742649016327799e-03 9.263925626534122e-04 4.668350888479052e-03 3.403727206482634e-04 0.000000000000000e+00 4.973119187249015e-03 4.382155266583963e-03 2.413106342227509e-03 4.661892464684399e-03 0.000000000000000e+00 0.000000000000000e+00 4.936762591811241e-04 2.505149312725708e-03 0.000000000000000e+00 0.000000000000000e+00 2.243843754309701e-03 0.000000000000000e+00 0.000000000000000e+00 
0.000000000000000e+00 0.000000000000000e+00 0.000000000000000e+00 0.000000000000000e+00 4.427638687607130e-03 0.000000000000000e+00 1.418720526198280e-03 0.000000000000000e+00 0.000000000000000e+00 0.000000000000000e+00 0.000000000000000e+00 0.000000000000000e+00 0.000000000000000e+00 1.430509016363160e-03 4.815030030875100e-03 0.000000000000000e+00 4.010802032281337e-03 0.000000000000000e+00 3.980582431623767e-03 0.000000000000000e+00 0.000000000000000e+00 0.000000000000000e+00 4.213376744802188e-04 1.735448001850965e-03 0.000000000000000e+00 
4.497476142643045e-04 0.000000000000000e+00 0.000000000000000e+00 0.000000000000000e+00 0.000000000000000e+00 0.000000000000000e+00 0.000000000000000e+00 0.000000000000000e+00 0.000000000000000e+00 0.000000000000000e+00 0.000000000000000e+00 0.000000000000000e+00 0.000000000000000e+00 1.137025441308616e-03 0.000000000000000e+00 0.000000000000000e+00 0.000000000000000e+00 3.163445753164693e-03 0.000000000000000e+00 2.189542546464521e-03 0.000000000000000e+00 0.000000000000000e+00 9.143234652348952e-04 7.258275273105049e-05 0.000000000000000e+00 
1.309447510701846e-03 0.000000000000000e+00 0.000000000000000e+00 1.438071528210728e-03 0.000000000000000e+00 0.000000000000000e+00 0.000000000000000e+00 0.000000000000000e+00 0.000000000000000e+00 1.767511113640659e-03 3.738870031780016e-03 0.000000000000000e+00 0.000000000000000e+00 0.000000000000000e+00 0.000000000000000e+00 1.596184063401006e-03 1.274336867519973e-03 2.419046911319485e-04 0.000000000000000e+00 2.873366956551140e-03 1.286291840128210e-03 0.000000000000000e+00 0.000000000000000e+00 1.810774523004787e-03 1.850371687650829e-03 
0.000000000000000e+00 0.000000000000000e+00 0.000000000000000e+00 0.000000000000000e+00 0.000000000000000e+00 4.407564457472447e-03 0.000000000000000e+00 4.400869867851851e-03 0.000000000000000e+00 0.000000000000000e+00 2.963423584414461e-03 1.774376601103369e-04 2.060684519123236e-03 4.905721365657141e-03 0.000000000000000e+00 0.000000000000000e+00 3.107224421641622e-03 0.000000000000000e+00 0.000000000000000e+00 4.851461793323519e-04 0.000000000000000e+00 0.000000000000000e+00 3.879147795649200e-03 2.295262798375436e-03 0.000000000000000e+00 
0.000000000000000e+00 5.726910891576872e-04 0.000000000000000e+00 0.000000000000000e+00 3.055046845795269e-03 3.918271959248912e-03 7.190599535284001e-04 0.000000000000000e+00 0.000000000000000e+00 4.465213852276826e-03 2.467985966903858e-03 0.000000000000000e+00 0.000000000000000e+00 0.000000000000000e+00 0.000000000000000e+00 3.029981156119285e-03 0.000000000000000e+00 0.000000000000000e+00 0.000000000000000e+00 0.000000000000000e+00 2.467730740897746e-03 0.000000000000000e+00 4.194277962915081e-03 1.111131549895337e-03 2.931174608243261e-03 
0.000000000000000e+00 0.000000000000000e+00 2.130157369358375e-06 0.000000000000000e+00 3.542147024125264e-03 5.042127022231312e-04 0.000000000000000e+00 2.698926570237042e-03 0.000000000000000e+00 3.373631089560027e-04 1.684523313625530e-03 3.367067173572479e-03 4.749415356739306e-03 6.789340055375807e-05 0.000000000000000e+00 3.659527019313994e-03 0.000000000000000e+00 0.000000000000000e+00 6.679483517463088e-04 1.768042173483577e-03 2.381565524290828e-03 2.061054920073324e-03 2.127366844140946e-03 3.123526004405629e-03 1.103372254475112e-03 
0.000000000000000e+00 2.418286019706567e-03 4.461370253403807e-03 1.173737543332587e-03 8.314636576144951e-04 2.081954492778398e-03 0.000000000000000e+00 0.000000000000000e+00 0.000000000000000e+00 1.679732637973360e-03 0.000000000000000e+00 2.829835468770732e-03 1.252084718969223e-03 0.000000000000000e+00 2.183801151795812e-03 3.845379123792187e-03 0.000000000000000e+00 0.000000000000000e+00 7.348023766206505e-04 6.439167817086873e-04 9.520000743068445e-04 0.000000000000000e+00 0.000000000000000e+00 0.000000000000000e+00 2.376583235647873e-03 
0.000000000000000e+00 3.973164872276736e-03 3.364891370721307e-03 0.000000000000000e+00 0.000000000000000e+00 8.179616251968364e-06 0.000000000000000e+00 0.000000000000000e+00 0.000000000000000e+00 4.375479119424937e-03 1.088025587743321e-03 0.000000000000000e+00 1.004030056342051e-03 3.079154509196133e-03 2.337470888753967e-03 1.251050917657493e-03 2.252551506319206e-03 2.030782118215624e-03 2.965879885246121e-03 0.000000000000000e+00 2.505698726946946e-03 3.947276292119344e-03 0.000000000000000e+00 0.000000000000000e+00 0.000000000000000e+00 
0.000000000000000e+00 1.899825889341367e-03 0.000000000000000e+00 2.383814206174847e-03 4.270124668475401e-03 5.094546642900036e-04 0.000000000000000e+00 0.000000000000000e+00 3.474266536959047e-03 0.000000000000000e+00 0.000000000000000e+00 4.937806125959543e-03 0.000000000000000e+00 0.000000000000000e+00 3.693567227782729e-03 0.000000000000000e+00 2.999573275487968e-03 4.968990076775782e-03 3.761850329168517e-03 3.721338152153556e-03 0.000000000000000e+00 0.000000000000000e+00 1.896910789932274e-04 0.000000000000000e+00 0.000000000000000e+00 
1.230378073627094e-03 0.000000000000000e+00 4.693075962442303e-04 1.301165517249176e-04 0.000000000000000e+00 0.000000000000000e+00 0.000000000000000e+00 0.000000000000000e+00 0.000000000000000e+00 2.089409766018236e-03 0.000000000000000e+00 3.236485983220697e-03 0.000000000000000e+00 2.217314323638913e-03 0.000000000000000e+00 0.000000000000000e+00 2.451444078044592e-03 0.000000000000000e+00 0.000000000000000e+00 0.000000000000000e+00 3.827278506092338e-03 0.000000000000000e+00 4.940059221258727e-03 3.259925131858100e-03 1.919156852583156e-03 
0.000000000000000e+00 0.000000000000000e+00 0.000000000000000e+00 0.000000000000000e+00 0.000000000000000e+00 3.218013616224936e-03 3.549838912274024e-03 0.000000000000000e+00 0.000000000000000e+00 0.000000000000000e+00 0.000000000000000e+00 1.083213741023082e-03 4.396666199866709e-03 8.990578266724012e-04 4.425237770918317e-03 4.863069147547064e-04 1.165091723950303e-03 0.000000000000000e+00 0.000000000000000e+00 3.449686242725385e-03 0.000000000000000e+00 3.726859652842398e-03 4.565600187702430e-03 1.686155034567224e-03 3.404639808786509e-03 
2.045136442256004e-03 6.345863731799751e-04 2.247159064280775e-03 0.000000000000000e+00 0.000000000000000e+00 4.985919799638238e-04 0.000000000000000e+00 0.000000000000000e+00 0.000000000000000e+00 6.674625189575936e-04 0.000000000000000e+00 1.465961795320988e-03 2.563528915661713e-03 0.000000000000000e+00 2.140267498175127e-03 0.000000000000000e+00 3.525686621369094e-03 0.000000000000000e+00 0.000000000000000e+00 3.828615437557582e-03 1.431859103101394e-03 0.000000000000000e+00 4.147782729153007e-03 0.000000000000000e+00 2.143260952903307e-03 
3.359811286262720e-03 3.837496576890409e-03 2.953972045591643e-03 1.406675600607213e-03 1.540643852211985e-03 0.000000000000000e+00 2.004471350661577e-03 3.951868630632064e-03 0.000000000000000e+00 1.935657185893719e-03 0.000000000000000e+00 1.272247677073418e-03 0.000000000000000e+00 1.563298246619178e-03 3.488152126709154e-03 6.885313904728024e-04 3.397989060164182e-03 0.000000000000000e+00 0.000000000000000e+00 2.274787045857708e-03 0.000000000000000e+00 0.000000000000000e+00 1.154649372453506e-03 0.000000000000000e+00 3.590489101988984e-03 
4.266799165730338e-04 1.479434047943712e-03 0.000000000000000e+00 0.000000000000000e+00 0.000000000000000e+00 0.000000000000000e+00 0.000000000000000e+00 0.000000000000000e+00 3.615082005228547e-03 5.333590810866537e-04 1.144203533715537e-03 4.055202007333356e-03 2.195720536846250e-03 4.696631279933203e-03 0.000000000000000e+00 0.000000000000000e+00 3.122100583962275e-03 1.454782522943552e-03 4.902234422061988e-03 4.833624107570716e-03 0.000000000000000e+00 2.956563474589592e-03 6.685837685160105e-05 0.000000000000000e+00 0.000000000000000e+00 