# File created on Tue Apr 30 12:07:31 2024
# The following metaparameters were used for this matrix optimization : gamma0 = 0.5; alpha0 = 0; sigma0 = 0.25; l0 = 1;p = 1; R0 = 1; S0 = 0.05; NR = 25; NS = 25; matrix path = matrices/Nr25_Nc25/consumption/RandTrix_Nr25_Nc25_Nest0.55_Conn0.3344.txt; convergence threshold = 1e-08
9.329171864415080e-01 0.000000000000000e+00 0.000000000000000e+00 0.000000000000000e+00 0.000000000000000e+00 0.000000000000000e+00 0.000000000000000e+00 6.652790413795911e-01 0.000000000000000e+00 0.000000000000000e+00 0.000000000000000e+00 1.456218226379681e+00 1.736366527370704e+00 7.631575335842398e-01 1.063614154043512e+00 7.967877198495379e-01 0.000000000000000e+00 0.000000000000000e+00 0.000000000000000e+00 0.000000000000000e+00 1.684066617547349e-01 0.000000000000000e+00 0.000000000000000e+00 0.000000000000000e+00 0.000000000000000e+00 
9.944864764848370e-01 0.000000000000000e+00 0.000000000000000e+00 2.101608028072388e+00 0.000000000000000e+00 0.000000000000000e+00 0.000000000000000e+00 4.046023979232220e-01 0.000000000000000e+00 0.000000000000000e+00 0.000000000000000e+00 0.000000000000000e+00 0.000000000000000e+00 0.000000000000000e+00 0.000000000000000e+00 0.000000000000000e+00 5.176932089487060e-01 0.000000000000000e+00 0.000000000000000e+00 0.000000000000000e+00 5.311442626395906e-01 4.459240290143432e-01 0.000000000000000e+00 0.000000000000000e+00 2.849935909707979e+00 
1.600756285289440e+00 0.000000000000000e+00 0.000000000000000e+00 1.287709639283596e+00 2.943678546900945e-01 0.000000000000000e+00 0.000000000000000e+00 0.000000000000000e+00 0.000000000000000e+00 5.297723568903721e-01 2.825470804682752e-02 0.000000000000000e+00 0.000000000000000e+00 6.941002045846516e-01 0.000000000000000e+00 0.000000000000000e+00 5.693765634599619e-01 0.000000000000000e+00 9.208395248728552e-01 3.001604177007500e-01 0.000000000000000e+00 4.365609716328014e-02 0.000000000000000e+00 8.899047549224251e-02 0.000000000000000e+00 
6.154799379277285e-01 0.000000000000000e+00 1.730701891084278e-01 6.962164796426030e-01 0.000000000000000e+00 5.850297247871003e-02 0.000000000000000e+00 5.721897924710153e-01 0.000000000000000e+00 8.139308864803744e-01 6.738164778121234e-01 0.000000000000000e+00 1.649562457956119e-01 0.000000000000000e+00 0.000000000000000e+00 1.651404275416228e+00 0.000000000000000e+00 0.000000000000000e+00 0.000000000000000e+00 6.849513289936927e-02 9.503929667443955e-01 0.000000000000000e+00 9.428733710255340e-01 0.000000000000000e+00 0.000000000000000e+00 
0.000000000000000e+00 0.000000000000000e+00 0.000000000000000e+00 0.000000000000000e+00 9.555197423958692e-01 1.386239218014065e+00 0.000000000000000e+00 0.000000000000000e+00 0.000000000000000e+00 8.872173930598238e-01 0.000000000000000e+00 0.000000000000000e+00 0.000000000000000e+00 1.232896916202885e+00 0.000000000000000e+00 0.000000000000000e+00 0.000000000000000e+00 0.000000000000000e+00 0.000000000000000e+00 0.000000000000000e+00 1.346861014909243e-01 0.000000000000000e+00 0.000000000000000e+00 0.000000000000000e+00 0.000000000000000e+00 
0.000000000000000e+00 7.951909343051493e-01 0.000000000000000e+00 0.000000000000000e+00 5.351615215244004e-01 7.622127863256658e-01 0.000000000000000e+00 1.022286736919253e+00 0.000000000000000e+00 1.807708399028372e+00 0.000000000000000e+00 0.000000000000000e+00 4.636621292301440e-01 0.000000000000000e+00 1.549690057896439e+00 0.000000000000000e+00 3.922912162858205e-01 0.000000000000000e+00 1.567608452819451e-03 0.000000000000000e+00 0.000000000000000e+00 0.000000000000000e+00 0.000000000000000e+00 0.000000000000000e+00 5.301573171090554e-01 
0.000000000000000e+00 3.488502001005040e-01 0.000000000000000e+00 0.000000000000000e+00 0.000000000000000e+00 0.000000000000000e+00 0.000000000000000e+00 1.006189325400458e+00 0.000000000000000e+00 0.000000000000000e+00 0.000000000000000e+00 0.000000000000000e+00 0.000000000000000e+00 0.000000000000000e+00 5.684530054466441e-01 6.329689047012598e-01 1.302994567928606e+00 3.040432552155601e-01 1.666448496106576e+00 0.000000000000000e+00 7.858288436142774e-01 9.463263142014899e-02 2.735525103982629e-01 0.000000000000000e+00 7.465558102127503e-01 
0.000000000000000e+00 0.000000000000000e+00 5.362696816411070e-01 7.800241268031778e-01 0.000000000000000e+00 3.920858603962828e-02 6.421899764160126e-01 0.000000000000000e+00 0.000000000000000e+00 0.000000000000000e+00 0.000000000000000e+00 0.000000000000000e+00 0.000000000000000e+00 0.000000000000000e+00 3.304382447840856e-01 1.565046790053164e+00 0.000000000000000e+00 9.469657172523932e-01 0.000000000000000e+00 0.000000000000000e+00 0.000000000000000e+00 7.321838893974432e-01 0.000000000000000e+00 0.000000000000000e+00 0.000000000000000e+00 
8.750210266143386e-01 0.000000000000000e+00 3.099249609783517e-01 1.433961204534315e+00 1.337794982316088e-01 4.022602742336726e-01 0.000000000000000e+00 0.000000000000000e+00 0.000000000000000e+00 0.000000000000000e+00 0.000000000000000e+00 2.154449455914490e-02 0.000000000000000e+00 1.058067293611157e-01 0.000000000000000e+00 0.000000000000000e+00 0.000000000000000e+00 0.000000000000000e+00 0.000000000000000e+00 0.000000000000000e+00 0.000000000000000e+00 0.000000000000000e+00 0.000000000000000e+00 0.000000000000000e+00 0.000000000000000e+00 
1.362534505280758e+00 0.000000000000000e+00 0.000000000000000e+00 8.179274799420341e-01 0.000000000000000e+00 0.000000000000000e+00 3.835119415437546e-01 0.000000000000000e+00 0.000000000000000e+00 0.000000000000000e+00 0.000000000000000e+00 0.000000000000000e+00 0.000000000000000e+00 1.235286772179915e-01 0.000000000000000e+00 0.000000000000000e+00 0.000000000000000e+00 0.000000000000000e+00 4.191930351267406e-01 0.000000000000000e+00 1.153796443450104e-01 0.000000000000000e+00 0.000000000000000e+00 0.000000000000000e+00 0.000000000000000e+00 
0.000000000000000e+00 3.514027385339935e-01 0.000000000000000e+00 0.000000000000000e+00 0.000000000000000e+00 0.000000000000000e+00 9.624136523892196e-01 0.000000000000000e+00 0.000000000000000e+00 0.000000000000000e+00 8.823368965539346e-01 0.000000000000000e+00 0.000000000000000e+00 4.847220249256677e-01 0.000000000000000e+00 0.000000000000000e+00 0.000000000000000e+00 0.000000000000000e+00 0.000000000000000e+00 0.000000000000000e+00 0.000000000000000e+00 0.000000000000000e+00 0.000000000000000e+00 1.808134023722680e+00 0.000000000000000e+00 
0.000000000000000e+00 8.959970981076592e-01 0.000000000000000e+00 0.000000000000000e+00 0.000000000000000e+00 0.000000000000000e+00 0.000000000000000e+00 1.741443721089973e-01 0.000000000000000e+00 4.511311038440868e-01 1.455113633100149e+00 0.000000000000000e+00 0.000000000000000e+00 0.000000000000000e+00 0.000000000000000e+00 3.127655983998375e-01 0.000000000000000e+00 0.000000000000000e+00 3.809961862904356e-01 7.041733328241833e-01 0.000000000000000e+00 6.995924548806780e-01 0.000000000000000e+00 3.187356527662692e-01 8.398250783995506e-01 
0.000000000000000e+00 0.000000000000000e+00 0.000000000000000e+00 1.729718849933490e-01 0.000000000000000e+00 0.000000000000000e+00 0.000000000000000e+00 0.000000000000000e+00 0.000000000000000e+00 0.000000000000000e+00 1.572657407041552e+00 0.000000000000000e+00 9.912115517983143e-01 4.217498853922141e-01 0.000000000000000e+00 0.000000000000000e+00 0.000000000000000e+00 0.000000000000000e+00 0.000000000000000e+00 0.000000000000000e+00 0.000000000000000e+00 7.705497073193481e-02 0.000000000000000e+00 3.643156280670017e-02 1.758030166979310e-01 
0.000000000000000e+00 1.095512395600252e+00 0.000000000000000e+00 0.000000000000000e+00 0.000000000000000e+00 5.236406192056155e-01 7.841997188382120e-02 2.779353833455477e-01 0.000000000000000e+00 0.000000000000000e+00 0.000000000000000e+00 0.000000000000000e+00 0.000000000000000e+00 9.015892698179969e-01 0.000000000000000e+00 0.000000000000000e+00 0.000000000000000e+00 0.000000000000000e+00 3.074227930826954e-01 0.000000000000000e+00 0.000000000000000e+00 0.000000000000000e+00 6.984315066713568e-01 0.000000000000000e+00 0.000000000000000e+00 
0.000000000000000e+00 0.000000000000000e+00 0.000000000000000e+00 0.000000000000000e+00 0.000000000000000e+00 0.000000000000000e+00 0.000000000000000e+00 0.000000000000000e+00 1.845090265856393e-01 1.195120361129855e+00 0.000000000000000e+00 0.000000000000000e+00 0.000000000000000e+00 7.873874251199727e-01 0.000000000000000e+00 0.000000000000000e+00 0.000000000000000e+00 4.166363160217920e-01 0.000000000000000e+00 0.000000000000000e+00 0.000000000000000e+00 1.234767278015435e+00 0.000000000000000e+00 1.878990747482941e+00 0.000000000000000e+00 
2.674135084554610e-01 0.000000000000000e+00 0.000000000000000e+00 0.000000000000000e+00 0.000000000000000e+00 0.000000000000000e+00 0.000000000000000e+00 0.000000000000000e+00 0.000000000000000e+00 0.000000000000000e+00 1.048783712017865e+00 0.000000000000000e+00 0.000000000000000e+00 1.586755997021408e-03 0.000000000000000e+00 0.000000000000000e+00 4.254958540342135e-01 0.000000000000000e+00 0.000000000000000e+00 0.000000000000000e+00 0.000000000000000e+00 0.000000000000000e+00 6.690499857610679e-01 0.000000000000000e+00 1.419162282544453e+00 
0.000000000000000e+00 0.000000000000000e+00 0.000000000000000e+00 0.000000000000000e+00 0.000000000000000e+00 9.284878973761386e-02 0.000000000000000e+00 2.594803232279880e-02 5.724511168742868e-01 0.000000000000000e+00 0.000000000000000e+00 2.204330411856652e-01 0.000000000000000e+00 0.000000000000000e+00 0.000000000000000e+00 0.000000000000000e+00 1.639721347996669e+00 0.000000000000000e+00 0.000000000000000e+00 0.000000000000000e+00 0.000000000000000e+00 0.000000000000000e+00 0.000000000000000e+00 8.768288330561140e-01 4.713198202085048e-01 
6.659370817814892e-01 0.000000000000000e+00 0.000000000000000e+00 0.000000000000000e+00 0.000000000000000e+00 0.000000000000000e+00 0.000000000000000e+00 0.000000000000000e+00 0.000000000000000e+00 4.506579147067633e-01 0.000000000000000e+00 0.000000000000000e+00 0.000000000000000e+00 0.000000000000000e+00 0.000000000000000e+00 8.884295832512772e-02 0.000000000000000e+00 0.000000000000000e+00 3.508570368515200e-01 0.000000000000000e+00 8.579261085512159e-01 0.000000000000000e+00 0.000000000000000e+00 0.000000000000000e+00 0.000000000000000e+00 
0.000000000000000e+00 0.000000000000000e+00 0.000000000000000e+00 0.000000000000000e+00 1.061694690929996e+00 0.000000000000000e+00 0.000000000000000e+00 1.643248946625357e-01 0.000000000000000e+00 0.000000000000000e+00 0.000000000000000e+00 0.000000000000000e+00 0.000000000000000e+00 0.000000000000000e+00 0.000000000000000e+00 0.000000000000000e+00 0.000000000000000e+00 0.000000000000000e+00 0.000000000000000e+00 0.000000000000000e+00 0.000000000000000e+00 1.424256546606975e+00 0.000000000000000e+00 0.000000000000000e+00 0.000000000000000e+00 
0.000000000000000e+00 0.000000000000000e+00 4.490554055087582e-01 0.000000000000000e+00 0.000000000000000e+00 0.000000000000000e+00 0.000000000000000e+00 0.000000000000000e+00 0.000000000000000e+00 8.289471426795214e-01 0.000000000000000e+00 0.000000000000000e+00 0.000000000000000e+00 0.000000000000000e+00 0.000000000000000e+00 6.414365742494549e-03 0.000000000000000e+00 0.000000000000000e+00 3.146755701489782e-01 0.000000000000000e+00 1.416672722380879e+00 0.000000000000000e+00 0.000000000000000e+00 0.000000000000000e+00 0.000000000000000e+00 
0.000000000000000e+00 0.000000000000000e+00 0.000000000000000e+00 0.000000000000000e+00 0.000000000000000e+00 0.000000000000000e+00 0.000000000000000e+00 0.000000000000000e+00 6.774495237720062e-01 0.000000000000000e+00 0.000000000000000e+00 0.000000000000000e+00 0.000000000000000e+00 0.000000000000000e+00 0.000000000000000e+00 0.000000000000000e+00 8.201232112849014e-01 0.000000000000000e+00 0.000000000000000e+00 0.000000000000000e+00 0.000000000000000e+00 0.000000000000000e+00 0.000000000000000e+00 0.000000000000000e+00 0.000000000000000e+00 
0.000000000000000e+00 9.773871316755332e-01 0.000000000000000e+00 1.591807279257076e-01 0.000000000000000e+00 0.000000000000000e+00 0.000000000000000e+00 0.000000000000000e+00 0.000000000000000e+00 0.000000000000000e+00 0.000000000000000e+00 0.000000000000000e+00 0.000000000000000e+00 0.000000000000000e+00 0.000000000000000e+00 0.000000000000000e+00 1.409242966997166e-02 0.000000000000000e+00 0.000000000000000e+00 0.000000000000000e+00 7.595650841326977e-01 0.000000000000000e+00 2.837873162319547e-01 0.000000000000000e+00 7.309355175740326e-01 
0.000000000000000e+00 0.000000000000000e+00 4.356982293335633e-01 0.000000000000000e+00 2.160577218520923e-01 0.000000000000000e+00 0.000000000000000e+00 0.000000000000000e+00 0.000000000000000e+00 0.000000000000000e+00 0.000000000000000e+00 0.000000000000000e+00 0.000000000000000e+00 0.000000000000000e+00 0.000000000000000e+00 0.000000000000000e+00 0.000000000000000e+00 0.000000000000000e+00 0.000000000000000e+00 0.000000000000000e+00 0.000000000000000e+00 0.000000000000000e+00 0.000000000000000e+00 0.000000000000000e+00 0.000000000000000e+00 
0.000000000000000e+00 0.000000000000000e+00 0.000000000000000e+00 0.000000000000000e+00 0.000000000000000e+00 1.142731442903987e+00 0.000000000000000e+00 0.000000000000000e+00 0.000000000000000e+00 0.000000000000000e+00 0.000000000000000e+00 0.000000000000000e+00 0.000000000000000e+00 0.000000000000000e+00 0.000000000000000e+00 0.000000000000000e+00 0.000000000000000e+00 0.000000000000000e+00 0.000000000000000e+00 0.000000000000000e+00 0.000000000000000e+00 0.000000000000000e+00 0.000000000000000e+00 0.000000000000000e+00 0.000000000000000e+00 
0.000000000000000e+00 0.000000000000000e+00 0.000000000000000e+00 0.000000000000000e+00 0.000000000000000e+00 0.000000000000000e+00 1.963027244000251e-01 0.000000000000000e+00 1.270482170240260e-01 0.000000000000000e+00 0.000000000000000e+00 0.000000000000000e+00 0.000000000000000e+00 3.215902703117908e-01 0.000000000000000e+00 0.000000000000000e+00 0.000000000000000e+00 0.000000000000000e+00 0.000000000000000e+00 0.000000000000000e+00 0.000000000000000e+00 0.000000000000000e+00 0.000000000000000e+00 0.000000000000000e+00 0.000000000000000e+00 