# File created on Mon Apr 29 07:31:23 2024
# The following metaparameters were used for this matrix optimization : gamma0 = 0.5; alpha0 = 0; sigma0 = 0.25; l0 = 1;p = 1; R0 = 1; S0 = 0.05; NR = 25; NS = 25; matrix path = matrices/Nr25_Nc25/consumption/RandTrix_Nr25_Nc25_Nest0.4_Conn0.272.txt; convergence threshold = 1e-08
0.000000000000000e+00 0.000000000000000e+00 7.044486327880543e-01 1.096555178781516e+00 0.000000000000000e+00 0.000000000000000e+00 1.813510664166489e+00 0.000000000000000e+00 0.000000000000000e+00 0.000000000000000e+00 5.298677215906483e-01 0.000000000000000e+00 0.000000000000000e+00 0.000000000000000e+00 0.000000000000000e+00 2.926920434255987e-01 1.441035679009187e-01 0.000000000000000e+00 1.054745535996611e+00 5.906851774367181e-01 0.000000000000000e+00 0.000000000000000e+00 0.000000000000000e+00 0.000000000000000e+00 0.000000000000000e+00 
8.770067445125783e-01 8.682118697000526e-01 0.000000000000000e+00 0.000000000000000e+00 0.000000000000000e+00 7.078260715743713e-01 4.016535192767654e-01 0.000000000000000e+00 0.000000000000000e+00 5.311682912132660e-01 2.856304954567913e-01 0.000000000000000e+00 0.000000000000000e+00 0.000000000000000e+00 0.000000000000000e+00 6.664891892302837e-01 0.000000000000000e+00 0.000000000000000e+00 0.000000000000000e+00 0.000000000000000e+00 0.000000000000000e+00 0.000000000000000e+00 0.000000000000000e+00 0.000000000000000e+00 0.000000000000000e+00 
1.355891718767484e+00 0.000000000000000e+00 0.000000000000000e+00 0.000000000000000e+00 3.839114995727588e-01 0.000000000000000e+00 0.000000000000000e+00 0.000000000000000e+00 0.000000000000000e+00 0.000000000000000e+00 0.000000000000000e+00 0.000000000000000e+00 0.000000000000000e+00 0.000000000000000e+00 1.170820857429380e+00 6.582320505148007e-01 5.758785968887433e-01 0.000000000000000e+00 3.160569137711363e-01 0.000000000000000e+00 0.000000000000000e+00 0.000000000000000e+00 0.000000000000000e+00 0.000000000000000e+00 0.000000000000000e+00 
0.000000000000000e+00 3.295368587229705e-01 1.185292835503145e+00 0.000000000000000e+00 0.000000000000000e+00 5.805478021883888e-01 0.000000000000000e+00 0.000000000000000e+00 0.000000000000000e+00 0.000000000000000e+00 0.000000000000000e+00 2.353836387564809e-01 0.000000000000000e+00 3.810540711203486e-01 0.000000000000000e+00 0.000000000000000e+00 0.000000000000000e+00 4.702577749669367e-01 7.653119080334010e-01 0.000000000000000e+00 0.000000000000000e+00 0.000000000000000e+00 0.000000000000000e+00 1.924241487530120e-01 0.000000000000000e+00 
6.053535194163373e-01 5.627633520206374e-01 0.000000000000000e+00 0.000000000000000e+00 0.000000000000000e+00 0.000000000000000e+00 0.000000000000000e+00 1.151180867358778e+00 0.000000000000000e+00 0.000000000000000e+00 0.000000000000000e+00 5.452796705081751e-01 0.000000000000000e+00 5.848972772759327e-01 0.000000000000000e+00 0.000000000000000e+00 0.000000000000000e+00 0.000000000000000e+00 0.000000000000000e+00 0.000000000000000e+00 1.061094225125640e+00 0.000000000000000e+00 0.000000000000000e+00 0.000000000000000e+00 2.325630159311540e+00 
0.000000000000000e+00 0.000000000000000e+00 0.000000000000000e+00 1.341208476621318e+00 2.728662436858787e-01 0.000000000000000e+00 5.293491870007546e-01 0.000000000000000e+00 6.623430842331739e-02 0.000000000000000e+00 2.104252370710562e-01 0.000000000000000e+00 4.799513080055423e-01 0.000000000000000e+00 0.000000000000000e+00 0.000000000000000e+00 5.543857718544243e-01 0.000000000000000e+00 2.736010417891180e-01 0.000000000000000e+00 8.769097527576310e-02 0.000000000000000e+00 7.650725139536073e-01 8.038175005186765e-01 0.000000000000000e+00 
0.000000000000000e+00 0.000000000000000e+00 0.000000000000000e+00 4.355797018331065e-01 8.081074264582338e-01 3.555285856900162e-01 0.000000000000000e+00 0.000000000000000e+00 0.000000000000000e+00 0.000000000000000e+00 6.348135958981112e-01 2.456673213568603e-01 4.211830675816435e-01 0.000000000000000e+00 0.000000000000000e+00 0.000000000000000e+00 0.000000000000000e+00 5.700870644476042e-02 7.291014117812128e-02 5.244731897967958e-01 0.000000000000000e+00 0.000000000000000e+00 0.000000000000000e+00 0.000000000000000e+00 0.000000000000000e+00 
0.000000000000000e+00 0.000000000000000e+00 7.860283858358045e-01 0.000000000000000e+00 8.148771853974567e-01 0.000000000000000e+00 0.000000000000000e+00 0.000000000000000e+00 2.130185570742420e-02 2.790736255143822e-01 5.747103397143046e-01 0.000000000000000e+00 0.000000000000000e+00 0.000000000000000e+00 0.000000000000000e+00 0.000000000000000e+00 6.717012843852814e-01 4.122792136427861e-01 0.000000000000000e+00 0.000000000000000e+00 0.000000000000000e+00 0.000000000000000e+00 0.000000000000000e+00 0.000000000000000e+00 7.440595157858927e-01 
7.587495248973571e-02 2.253839718067266e-01 0.000000000000000e+00 5.323602528058277e-01 0.000000000000000e+00 0.000000000000000e+00 0.000000000000000e+00 0.000000000000000e+00 0.000000000000000e+00 5.416220213140598e-01 0.000000000000000e+00 2.108417314944399e-01 8.212498503759388e-01 5.175925299439930e-01 0.000000000000000e+00 0.000000000000000e+00 2.408049019390911e-01 0.000000000000000e+00 0.000000000000000e+00 0.000000000000000e+00 0.000000000000000e+00 0.000000000000000e+00 0.000000000000000e+00 3.563850290162138e-01 1.428273761456587e+00 
9.504985378250156e-01 0.000000000000000e+00 4.604910257589687e-01 0.000000000000000e+00 0.000000000000000e+00 0.000000000000000e+00 0.000000000000000e+00 0.000000000000000e+00 7.706810228801405e-01 0.000000000000000e+00 0.000000000000000e+00 0.000000000000000e+00 0.000000000000000e+00 0.000000000000000e+00 0.000000000000000e+00 0.000000000000000e+00 0.000000000000000e+00 0.000000000000000e+00 1.540508734261054e+00 0.000000000000000e+00 2.880913299825048e-01 0.000000000000000e+00 0.000000000000000e+00 0.000000000000000e+00 9.412021180927318e-01 
0.000000000000000e+00 0.000000000000000e+00 0.000000000000000e+00 0.000000000000000e+00 4.162952999345670e-01 0.000000000000000e+00 0.000000000000000e+00 4.881303284863840e-01 0.000000000000000e+00 0.000000000000000e+00 0.000000000000000e+00 4.432357107095608e-01 5.442218233275952e-01 1.218798176180073e-01 0.000000000000000e+00 0.000000000000000e+00 0.000000000000000e+00 0.000000000000000e+00 0.000000000000000e+00 2.070191773391156e-01 0.000000000000000e+00 7.158320122046421e-01 0.000000000000000e+00 0.000000000000000e+00 1.620229337159647e-01 
0.000000000000000e+00 3.500526644703174e-01 0.000000000000000e+00 0.000000000000000e+00 0.000000000000000e+00 9.869625666591271e-01 0.000000000000000e+00 0.000000000000000e+00 6.250325511230003e-01 4.662413867905025e-01 0.000000000000000e+00 0.000000000000000e+00 0.000000000000000e+00 0.000000000000000e+00 0.000000000000000e+00 0.000000000000000e+00 0.000000000000000e+00 6.297273846673243e-01 0.000000000000000e+00 0.000000000000000e+00 0.000000000000000e+00 0.000000000000000e+00 0.000000000000000e+00 0.000000000000000e+00 0.000000000000000e+00 
1.245158746145545e-01 0.000000000000000e+00 4.264279645556538e-01 0.000000000000000e+00 0.000000000000000e+00 6.945358991591095e-01 0.000000000000000e+00 0.000000000000000e+00 0.000000000000000e+00 0.000000000000000e+00 0.000000000000000e+00 0.000000000000000e+00 0.000000000000000e+00 6.699326546320158e-02 0.000000000000000e+00 0.000000000000000e+00 0.000000000000000e+00 1.801809449594414e+00 0.000000000000000e+00 0.000000000000000e+00 0.000000000000000e+00 0.000000000000000e+00 0.000000000000000e+00 0.000000000000000e+00 8.459509647273974e-01 
0.000000000000000e+00 0.000000000000000e+00 0.000000000000000e+00 0.000000000000000e+00 0.000000000000000e+00 6.821228819816905e-01 0.000000000000000e+00 0.000000000000000e+00 4.235841570817450e-01 0.000000000000000e+00 0.000000000000000e+00 5.134939942742747e-01 0.000000000000000e+00 0.000000000000000e+00 0.000000000000000e+00 0.000000000000000e+00 0.000000000000000e+00 0.000000000000000e+00 0.000000000000000e+00 6.563513921010534e-01 0.000000000000000e+00 0.000000000000000e+00 3.722124583911183e-01 3.266838783150909e-01 0.000000000000000e+00 
0.000000000000000e+00 3.835175605383053e-01 5.508253278208604e-01 2.467238263811780e-01 6.349832981147268e-01 0.000000000000000e+00 0.000000000000000e+00 0.000000000000000e+00 3.941454993489800e-01 0.000000000000000e+00 0.000000000000000e+00 6.113442584091163e-02 0.000000000000000e+00 0.000000000000000e+00 0.000000000000000e+00 2.660569412076635e-02 0.000000000000000e+00 0.000000000000000e+00 0.000000000000000e+00 0.000000000000000e+00 0.000000000000000e+00 0.000000000000000e+00 0.000000000000000e+00 0.000000000000000e+00 5.452083176327429e-01 
0.000000000000000e+00 0.000000000000000e+00 0.000000000000000e+00 0.000000000000000e+00 0.000000000000000e+00 0.000000000000000e+00 0.000000000000000e+00 0.000000000000000e+00 0.000000000000000e+00 0.000000000000000e+00 8.210137814770386e-01 9.595774075951609e-01 0.000000000000000e+00 7.573312613525717e-02 0.000000000000000e+00 0.000000000000000e+00 0.000000000000000e+00 0.000000000000000e+00 7.334788309078479e-01 0.000000000000000e+00 0.000000000000000e+00 0.000000000000000e+00 0.000000000000000e+00 4.745286650291594e-01 0.000000000000000e+00 
0.000000000000000e+00 6.582040849135856e-01 0.000000000000000e+00 3.216603977505449e-01 5.346812169573606e-01 0.000000000000000e+00 0.000000000000000e+00 0.000000000000000e+00 0.000000000000000e+00 0.000000000000000e+00 1.446198286749744e-01 0.000000000000000e+00 0.000000000000000e+00 0.000000000000000e+00 0.000000000000000e+00 0.000000000000000e+00 0.000000000000000e+00 0.000000000000000e+00 2.463300515999255e-01 0.000000000000000e+00 0.000000000000000e+00 0.000000000000000e+00 0.000000000000000e+00 0.000000000000000e+00 0.000000000000000e+00 
0.000000000000000e+00 5.776663645328517e-01 0.000000000000000e+00 0.000000000000000e+00 0.000000000000000e+00 0.000000000000000e+00 0.000000000000000e+00 0.000000000000000e+00 6.380658686612244e-01 0.000000000000000e+00 0.000000000000000e+00 0.000000000000000e+00 0.000000000000000e+00 0.000000000000000e+00 0.000000000000000e+00 3.415762523910738e-01 0.000000000000000e+00 0.000000000000000e+00 4.315956338783621e-02 0.000000000000000e+00 1.023810247160839e-02 0.000000000000000e+00 0.000000000000000e+00 0.000000000000000e+00 1.392162067356635e+00 
5.831916819152142e-01 0.000000000000000e+00 0.000000000000000e+00 3.677427585050564e-01 0.000000000000000e+00 0.000000000000000e+00 0.000000000000000e+00 0.000000000000000e+00 0.000000000000000e+00 0.000000000000000e+00 0.000000000000000e+00 0.000000000000000e+00 0.000000000000000e+00 0.000000000000000e+00 0.000000000000000e+00 0.000000000000000e+00 0.000000000000000e+00 8.748414288460835e-01 0.000000000000000e+00 0.000000000000000e+00 0.000000000000000e+00 0.000000000000000e+00 1.205893265595320e-01 0.000000000000000e+00 0.000000000000000e+00 
0.000000000000000e+00 3.149910612541447e-01 0.000000000000000e+00 0.000000000000000e+00 6.211291440956627e-01 0.000000000000000e+00 0.000000000000000e+00 0.000000000000000e+00 0.000000000000000e+00 0.000000000000000e+00 3.433989912876867e-01 0.000000000000000e+00 0.000000000000000e+00 0.000000000000000e+00 0.000000000000000e+00 0.000000000000000e+00 0.000000000000000e+00 0.000000000000000e+00 3.508928841585826e-01 0.000000000000000e+00 0.000000000000000e+00 0.000000000000000e+00 0.000000000000000e+00 2.006784052145180e-01 0.000000000000000e+00 
0.000000000000000e+00 0.000000000000000e+00 0.000000000000000e+00 0.000000000000000e+00 0.000000000000000e+00 0.000000000000000e+00 0.000000000000000e+00 3.358937665339195e-01 0.000000000000000e+00 3.655339471453207e-01 0.000000000000000e+00 0.000000000000000e+00 2.030000614058936e-01 0.000000000000000e+00 0.000000000000000e+00 0.000000000000000e+00 0.000000000000000e+00 0.000000000000000e+00 4.359614751692422e-01 0.000000000000000e+00 0.000000000000000e+00 6.701376528447757e-01 0.000000000000000e+00 0.000000000000000e+00 0.000000000000000e+00 
0.000000000000000e+00 2.913786884354297e-01 0.000000000000000e+00 0.000000000000000e+00 0.000000000000000e+00 3.537471606927292e-01 0.000000000000000e+00 0.000000000000000e+00 0.000000000000000e+00 0.000000000000000e+00 3.370117205968268e-01 0.000000000000000e+00 0.000000000000000e+00 0.000000000000000e+00 7.067487406718986e-01 0.000000000000000e+00 0.000000000000000e+00 3.870459854093420e-02 0.000000000000000e+00 3.032280172965846e-01 1.810627782529561e-02 0.000000000000000e+00 0.000000000000000e+00 0.000000000000000e+00 0.000000000000000e+00 
0.000000000000000e+00 0.000000000000000e+00 5.384766095016919e-01 4.355657795863414e-01 0.000000000000000e+00 0.000000000000000e+00 0.000000000000000e+00 0.000000000000000e+00 0.000000000000000e+00 0.000000000000000e+00 0.000000000000000e+00 0.000000000000000e+00 0.000000000000000e+00 0.000000000000000e+00 3.569130383250989e-01 0.000000000000000e+00 0.000000000000000e+00 0.000000000000000e+00 7.174287327313891e-01 0.000000000000000e+00 0.000000000000000e+00 0.000000000000000e+00 0.000000000000000e+00 0.000000000000000e+00 0.000000000000000e+00 
0.000000000000000e+00 3.832874095741588e-01 0.000000000000000e+00 0.000000000000000e+00 0.000000000000000e+00 0.000000000000000e+00 0.000000000000000e+00 0.000000000000000e+00 0.000000000000000e+00 0.000000000000000e+00 0.000000000000000e+00 0.000000000000000e+00 0.000000000000000e+00 0.000000000000000e+00 4.896746571015509e-01 0.000000000000000e+00 0.000000000000000e+00 0.000000000000000e+00 0.000000000000000e+00 0.000000000000000e+00 0.000000000000000e+00 0.000000000000000e+00 6.656093710878538e-01 0.000000000000000e+00 0.000000000000000e+00 
0.000000000000000e+00 3.851159592144156e-01 0.000000000000000e+00 0.000000000000000e+00 0.000000000000000e+00 0.000000000000000e+00 0.000000000000000e+00 0.000000000000000e+00 0.000000000000000e+00 0.000000000000000e+00 0.000000000000000e+00 0.000000000000000e+00 0.000000000000000e+00 0.000000000000000e+00 0.000000000000000e+00 0.000000000000000e+00 0.000000000000000e+00 0.000000000000000e+00 0.000000000000000e+00 1.276170311796033e-01 0.000000000000000e+00 0.000000000000000e+00 0.000000000000000e+00 0.000000000000000e+00 0.000000000000000e+00 