# File created on Tue Apr 30 08:17:12 2024
# The following metaparameters were used for this matrix optimization : gamma0 = 0.5; alpha0 = 0; sigma0 = 0.25; l0 = 1;p = 1; R0 = 1; S0 = 0.05; NR = 25; NS = 25; matrix path = matrices/Nr25_Nc25/consumption/RandTrix_Nr25_Nc25_Nest0.35_Conn0.3216.txt; convergence threshold = 1e-08
1.368137082845839e-01 0.000000000000000e+00 0.000000000000000e+00 0.000000000000000e+00 4.704459374677525e-01 0.000000000000000e+00 6.032750992985516e-01 6.901609014766905e-01 0.000000000000000e+00 5.600257718588551e-01 0.000000000000000e+00 0.000000000000000e+00 8.055444167963852e-01 5.901786488271929e-01 0.000000000000000e+00 0.000000000000000e+00 0.000000000000000e+00 0.000000000000000e+00 0.000000000000000e+00 0.000000000000000e+00 8.383775547115758e-01 8.256366141679672e-01 0.000000000000000e+00 0.000000000000000e+00 0.000000000000000e+00 
1.426266075357839e+00 0.000000000000000e+00 5.350182992347231e-01 0.000000000000000e+00 0.000000000000000e+00 0.000000000000000e+00 0.000000000000000e+00 0.000000000000000e+00 0.000000000000000e+00 0.000000000000000e+00 1.431670034138126e+00 0.000000000000000e+00 0.000000000000000e+00 0.000000000000000e+00 0.000000000000000e+00 0.000000000000000e+00 0.000000000000000e+00 6.233928189962060e-01 0.000000000000000e+00 0.000000000000000e+00 0.000000000000000e+00 0.000000000000000e+00 0.000000000000000e+00 8.935464966116588e-02 0.000000000000000e+00 
0.000000000000000e+00 0.000000000000000e+00 0.000000000000000e+00 0.000000000000000e+00 0.000000000000000e+00 0.000000000000000e+00 1.000683256667637e+00 0.000000000000000e+00 0.000000000000000e+00 8.980315050306765e-01 7.182805885159109e-01 0.000000000000000e+00 0.000000000000000e+00 9.899949465606169e-01 5.585002796247999e-01 0.000000000000000e+00 5.343413918004588e-01 0.000000000000000e+00 0.000000000000000e+00 0.000000000000000e+00 0.000000000000000e+00 0.000000000000000e+00 0.000000000000000e+00 0.000000000000000e+00 0.000000000000000e+00 
9.168483633265926e-01 0.000000000000000e+00 7.303421758500088e-01 0.000000000000000e+00 0.000000000000000e+00 6.406114992591119e-01 0.000000000000000e+00 9.667611761134280e-01 0.000000000000000e+00 0.000000000000000e+00 1.190759449777491e-01 3.373314410287374e-01 0.000000000000000e+00 0.000000000000000e+00 0.000000000000000e+00 0.000000000000000e+00 4.942539518975270e-01 0.000000000000000e+00 0.000000000000000e+00 0.000000000000000e+00 0.000000000000000e+00 0.000000000000000e+00 1.123723876070663e-01 0.000000000000000e+00 0.000000000000000e+00 
7.166864257185235e-03 0.000000000000000e+00 1.015083709365722e+00 1.983061192272578e-01 0.000000000000000e+00 0.000000000000000e+00 0.000000000000000e+00 0.000000000000000e+00 2.966708833904122e-01 6.637247518491553e-01 0.000000000000000e+00 2.127732480167246e-01 5.858682639900392e-01 0.000000000000000e+00 0.000000000000000e+00 9.033099052230721e-01 6.416134263646038e-02 7.651387218618014e-01 0.000000000000000e+00 0.000000000000000e+00 0.000000000000000e+00 0.000000000000000e+00 0.000000000000000e+00 0.000000000000000e+00 0.000000000000000e+00 
0.000000000000000e+00 5.507344811307927e-01 8.999159342017247e-02 0.000000000000000e+00 5.594511820409906e-02 0.000000000000000e+00 2.587458546605234e-01 0.000000000000000e+00 0.000000000000000e+00 1.174756733748667e+00 0.000000000000000e+00 0.000000000000000e+00 2.461072317328090e-01 5.755777861086573e-01 8.026632083847121e-01 1.668105836477875e-01 0.000000000000000e+00 0.000000000000000e+00 9.168396201470276e-01 0.000000000000000e+00 1.296336091037986e-01 0.000000000000000e+00 0.000000000000000e+00 0.000000000000000e+00 0.000000000000000e+00 
7.914364307737934e-01 0.000000000000000e+00 2.907535258671440e-01 0.000000000000000e+00 4.475331822854369e-01 0.000000000000000e+00 8.844354337700512e-02 0.000000000000000e+00 0.000000000000000e+00 0.000000000000000e+00 0.000000000000000e+00 0.000000000000000e+00 0.000000000000000e+00 0.000000000000000e+00 9.120936527136312e-01 0.000000000000000e+00 5.430300515575568e-01 0.000000000000000e+00 1.309083737047211e-01 4.940556672530192e-02 0.000000000000000e+00 5.567380995084258e-01 0.000000000000000e+00 5.035769523474451e-01 0.000000000000000e+00 
1.358165073565465e+00 0.000000000000000e+00 0.000000000000000e+00 0.000000000000000e+00 0.000000000000000e+00 0.000000000000000e+00 0.000000000000000e+00 8.769292391372159e-01 5.361894608639564e-01 0.000000000000000e+00 0.000000000000000e+00 0.000000000000000e+00 0.000000000000000e+00 0.000000000000000e+00 0.000000000000000e+00 0.000000000000000e+00 0.000000000000000e+00 0.000000000000000e+00 0.000000000000000e+00 0.000000000000000e+00 1.564965201058705e-01 0.000000000000000e+00 0.000000000000000e+00 0.000000000000000e+00 5.651357606092649e-01 
0.000000000000000e+00 0.000000000000000e+00 5.838210628108862e-01 0.000000000000000e+00 0.000000000000000e+00 0.000000000000000e+00 0.000000000000000e+00 0.000000000000000e+00 0.000000000000000e+00 2.020173842652415e-01 8.373881439617042e-01 6.662384193620176e-01 4.337006364052038e-02 0.000000000000000e+00 0.000000000000000e+00 6.025473327868066e-01 0.000000000000000e+00 6.652627966172786e-01 0.000000000000000e+00 6.545724539316771e-02 4.231381849834882e-01 0.000000000000000e+00 0.000000000000000e+00 0.000000000000000e+00 0.000000000000000e+00 
0.000000000000000e+00 0.000000000000000e+00 0.000000000000000e+00 1.115832453254373e-01 3.451245832597392e-01 6.190481282941411e-01 0.000000000000000e+00 0.000000000000000e+00 0.000000000000000e+00 0.000000000000000e+00 1.138406015747030e+00 0.000000000000000e+00 0.000000000000000e+00 0.000000000000000e+00 5.371342446117467e-01 0.000000000000000e+00 0.000000000000000e+00 0.000000000000000e+00 9.740268407332656e-02 0.000000000000000e+00 0.000000000000000e+00 6.253611118488742e-01 0.000000000000000e+00 4.495561808988651e-01 2.997311723159165e-01 
0.000000000000000e+00 0.000000000000000e+00 1.125629639520225e+00 2.226722232613671e-01 0.000000000000000e+00 0.000000000000000e+00 4.647730995764019e-01 0.000000000000000e+00 1.231362529259277e-01 0.000000000000000e+00 0.000000000000000e+00 0.000000000000000e+00 1.634253518883671e-01 1.762687318032171e-01 0.000000000000000e+00 7.909123839329574e-01 0.000000000000000e+00 2.272874569377341e-01 0.000000000000000e+00 0.000000000000000e+00 0.000000000000000e+00 0.000000000000000e+00 1.096611259388093e+00 0.000000000000000e+00 0.000000000000000e+00 
2.846853409917195e-01 4.821706375241275e-01 2.989136980112533e-01 0.000000000000000e+00 4.294578794489979e-01 0.000000000000000e+00 3.196071760677991e-01 0.000000000000000e+00 2.854388835980962e-01 0.000000000000000e+00 3.194395914008894e-01 0.000000000000000e+00 0.000000000000000e+00 5.026474119038131e-01 0.000000000000000e+00 0.000000000000000e+00 3.304194834925918e-01 0.000000000000000e+00 0.000000000000000e+00 1.621582521101004e-01 0.000000000000000e+00 0.000000000000000e+00 0.000000000000000e+00 0.000000000000000e+00 0.000000000000000e+00 
0.000000000000000e+00 1.061859760371431e+00 0.000000000000000e+00 0.000000000000000e+00 0.000000000000000e+00 0.000000000000000e+00 0.000000000000000e+00 0.000000000000000e+00 0.000000000000000e+00 2.835654543823734e-01 0.000000000000000e+00 0.000000000000000e+00 0.000000000000000e+00 6.193353426261134e-01 0.000000000000000e+00 0.000000000000000e+00 0.000000000000000e+00 7.967216744367606e-01 0.000000000000000e+00 6.609053957827475e-01 0.000000000000000e+00 0.000000000000000e+00 0.000000000000000e+00 0.000000000000000e+00 0.000000000000000e+00 
3.359141310416109e-01 0.000000000000000e+00 0.000000000000000e+00 0.000000000000000e+00 0.000000000000000e+00 6.488580853570255e-01 5.542044783775471e-01 3.637075483785442e-01 0.000000000000000e+00 0.000000000000000e+00 0.000000000000000e+00 0.000000000000000e+00 0.000000000000000e+00 0.000000000000000e+00 0.000000000000000e+00 0.000000000000000e+00 0.000000000000000e+00 0.000000000000000e+00 0.000000000000000e+00 0.000000000000000e+00 1.073250857095912e+00 0.000000000000000e+00 0.000000000000000e+00 0.000000000000000e+00 9.055751969425613e-01 
0.000000000000000e+00 5.565216359393408e-01 0.000000000000000e+00 0.000000000000000e+00 0.000000000000000e+00 3.568051088726446e-02 0.000000000000000e+00 0.000000000000000e+00 5.571957352004901e-01 4.560415566162154e-01 0.000000000000000e+00 0.000000000000000e+00 0.000000000000000e+00 5.195203854869264e-01 0.000000000000000e+00 0.000000000000000e+00 0.000000000000000e+00 2.842597721728348e-01 0.000000000000000e+00 0.000000000000000e+00 0.000000000000000e+00 0.000000000000000e+00 0.000000000000000e+00 0.000000000000000e+00 0.000000000000000e+00 
0.000000000000000e+00 0.000000000000000e+00 0.000000000000000e+00 2.758115526341593e-01 3.113206353864344e-01 1.874425199046429e-01 5.659900861567056e-01 0.000000000000000e+00 5.155234856464010e-01 0.000000000000000e+00 8.352018537290738e-01 0.000000000000000e+00 0.000000000000000e+00 3.902819647931649e-01 0.000000000000000e+00 0.000000000000000e+00 0.000000000000000e+00 0.000000000000000e+00 0.000000000000000e+00 0.000000000000000e+00 0.000000000000000e+00 0.000000000000000e+00 3.052912402340870e-01 0.000000000000000e+00 0.000000000000000e+00 
0.000000000000000e+00 0.000000000000000e+00 4.613704701305537e-01 1.052547282890288e-01 0.000000000000000e+00 3.817365649075805e-01 1.091417880028443e-01 4.524567627305189e-01 4.315641315169206e-01 0.000000000000000e+00 0.000000000000000e+00 2.467903761053714e-01 0.000000000000000e+00 0.000000000000000e+00 0.000000000000000e+00 1.623342430963462e-01 0.000000000000000e+00 0.000000000000000e+00 0.000000000000000e+00 8.299052043749205e-01 0.000000000000000e+00 0.000000000000000e+00 0.000000000000000e+00 0.000000000000000e+00 0.000000000000000e+00 
0.000000000000000e+00 0.000000000000000e+00 0.000000000000000e+00 7.078088658514512e-01 0.000000000000000e+00 0.000000000000000e+00 0.000000000000000e+00 0.000000000000000e+00 9.225227397413017e-01 0.000000000000000e+00 0.000000000000000e+00 0.000000000000000e+00 0.000000000000000e+00 0.000000000000000e+00 0.000000000000000e+00 2.190782681785440e-01 0.000000000000000e+00 0.000000000000000e+00 8.288666011464246e-01 1.729863580819469e-01 0.000000000000000e+00 3.519030366867394e-01 1.484608305936718e-01 0.000000000000000e+00 0.000000000000000e+00 
0.000000000000000e+00 0.000000000000000e+00 0.000000000000000e+00 0.000000000000000e+00 0.000000000000000e+00 0.000000000000000e+00 4.634778931527686e-01 0.000000000000000e+00 0.000000000000000e+00 7.670275627770394e-01 0.000000000000000e+00 5.628788119229497e-01 0.000000000000000e+00 9.252069769292000e-02 4.498056415447745e-01 0.000000000000000e+00 0.000000000000000e+00 0.000000000000000e+00 0.000000000000000e+00 0.000000000000000e+00 0.000000000000000e+00 0.000000000000000e+00 0.000000000000000e+00 0.000000000000000e+00 0.000000000000000e+00 
0.000000000000000e+00 3.457204094548410e-02 0.000000000000000e+00 0.000000000000000e+00 0.000000000000000e+00 6.064933545819025e-01 6.048364230957787e-01 0.000000000000000e+00 0.000000000000000e+00 3.239473327360074e-01 0.000000000000000e+00 4.022340392275195e-01 7.487490274506865e-01 0.000000000000000e+00 0.000000000000000e+00 0.000000000000000e+00 0.000000000000000e+00 8.922921925308343e-02 0.000000000000000e+00 0.000000000000000e+00 0.000000000000000e+00 0.000000000000000e+00 0.000000000000000e+00 0.000000000000000e+00 0.000000000000000e+00 
0.000000000000000e+00 0.000000000000000e+00 0.000000000000000e+00 1.415297025008450e-01 0.000000000000000e+00 0.000000000000000e+00 0.000000000000000e+00 0.000000000000000e+00 0.000000000000000e+00 0.000000000000000e+00 5.426085841399102e-01 0.000000000000000e+00 4.012305822694487e-01 0.000000000000000e+00 8.548488541901691e-01 0.000000000000000e+00 0.000000000000000e+00 6.515449923063805e-01 0.000000000000000e+00 0.000000000000000e+00 6.907364943954323e-01 0.000000000000000e+00 0.000000000000000e+00 9.723134924280798e-01 0.000000000000000e+00 
0.000000000000000e+00 0.000000000000000e+00 0.000000000000000e+00 0.000000000000000e+00 0.000000000000000e+00 0.000000000000000e+00 0.000000000000000e+00 3.502362764183893e-01 0.000000000000000e+00 5.690477569389324e-01 5.564795429903117e-01 0.000000000000000e+00 0.000000000000000e+00 0.000000000000000e+00 4.622499999692176e-01 0.000000000000000e+00 4.891692295780354e-02 4.502100295795060e-02 0.000000000000000e+00 2.244620284889406e-01 0.000000000000000e+00 3.212005221566938e-01 0.000000000000000e+00 0.000000000000000e+00 7.413132974410102e-02 
0.000000000000000e+00 0.000000000000000e+00 0.000000000000000e+00 0.000000000000000e+00 0.000000000000000e+00 0.000000000000000e+00 0.000000000000000e+00 0.000000000000000e+00 8.024363699568274e-01 0.000000000000000e+00 0.000000000000000e+00 0.000000000000000e+00 0.000000000000000e+00 0.000000000000000e+00 8.236202451176739e-01 0.000000000000000e+00 0.000000000000000e+00 0.000000000000000e+00 0.000000000000000e+00 0.000000000000000e+00 0.000000000000000e+00 0.000000000000000e+00 4.180162225698567e-01 0.000000000000000e+00 0.000000000000000e+00 
0.000000000000000e+00 0.000000000000000e+00 0.000000000000000e+00 2.389463243283448e-01 0.000000000000000e+00 0.000000000000000e+00 0.000000000000000e+00 0.000000000000000e+00 0.000000000000000e+00 0.000000000000000e+00 1.642289028968351e-01 5.350347160858479e-01 5.888945952800743e-01 0.000000000000000e+00 0.000000000000000e+00 0.000000000000000e+00 0.000000000000000e+00 0.000000000000000e+00 0.000000000000000e+00 0.000000000000000e+00 0.000000000000000e+00 0.000000000000000e+00 0.000000000000000e+00 4.901723049600331e-01 0.000000000000000e+00 
0.000000000000000e+00 0.000000000000000e+00 0.000000000000000e+00 0.000000000000000e+00 0.000000000000000e+00 0.000000000000000e+00 0.000000000000000e+00 0.000000000000000e+00 0.000000000000000e+00 0.000000000000000e+00 0.000000000000000e+00 6.615367475597619e-01 0.000000000000000e+00 0.000000000000000e+00 0.000000000000000e+00 0.000000000000000e+00 0.000000000000000e+00 0.000000000000000e+00 0.000000000000000e+00 3.070712872540031e-01 0.000000000000000e+00 4.730654342748139e-01 0.000000000000000e+00 0.000000000000000e+00 0.000000000000000e+00 