# File created on Mon Apr 29 18:23:59 2024
# The following metaparameters were used for this matrix optimization : gamma0 = 0.5; alpha0 = 0; sigma0 = 0.25; l0 = 1;p = 1; R0 = 1; S0 = 0.05; NR = 25; NS = 25; matrix path = matrices/Nr25_Nc25/consumption/RandTrix_Nr25_Nc25_Nest0.35_Conn0.3216.txt; convergence threshold = 1e-08
0.000000000000000e+00 5.383141627838004e-02 3.199945033198745e-01 0.000000000000000e+00 8.082983118354410e-01 0.000000000000000e+00 1.006875884475852e+00 9.434243506746753e-02 0.000000000000000e+00 0.000000000000000e+00 0.000000000000000e+00 0.000000000000000e+00 4.158056123823191e-01 5.169440754381850e-01 0.000000000000000e+00 4.883242089925448e-01 0.000000000000000e+00 5.858169346061112e-01 1.046175041969831e+00 0.000000000000000e+00 1.962133116669294e-01 0.000000000000000e+00 0.000000000000000e+00 0.000000000000000e+00 0.000000000000000e+00 
0.000000000000000e+00 0.000000000000000e+00 3.303867594650876e-01 2.215732516460290e-01 0.000000000000000e+00 0.000000000000000e+00 0.000000000000000e+00 0.000000000000000e+00 5.736001607099240e-01 0.000000000000000e+00 6.761674745147560e-01 0.000000000000000e+00 0.000000000000000e+00 1.240385123221206e+00 0.000000000000000e+00 0.000000000000000e+00 5.580995609545915e-01 1.150030027571503e+00 6.992205455293268e-01 0.000000000000000e+00 0.000000000000000e+00 0.000000000000000e+00 0.000000000000000e+00 0.000000000000000e+00 0.000000000000000e+00 
0.000000000000000e+00 0.000000000000000e+00 0.000000000000000e+00 8.526771956646494e-01 0.000000000000000e+00 8.493099896240643e-01 0.000000000000000e+00 0.000000000000000e+00 0.000000000000000e+00 3.589045329940787e-01 0.000000000000000e+00 0.000000000000000e+00 0.000000000000000e+00 0.000000000000000e+00 6.417879861662204e-01 7.063027864107372e-01 0.000000000000000e+00 0.000000000000000e+00 1.177317826131967e-01 0.000000000000000e+00 0.000000000000000e+00 0.000000000000000e+00 7.181899511118560e-01 0.000000000000000e+00 0.000000000000000e+00 
1.411864586173982e+00 7.095394092473663e-01 3.845144914689478e-01 0.000000000000000e+00 7.636871062543102e-02 0.000000000000000e+00 0.000000000000000e+00 1.052055397905911e+00 0.000000000000000e+00 0.000000000000000e+00 4.020682715707244e-01 0.000000000000000e+00 0.000000000000000e+00 6.570674523945085e-02 0.000000000000000e+00 0.000000000000000e+00 1.632500624374849e-01 0.000000000000000e+00 1.063647729077827e-01 0.000000000000000e+00 0.000000000000000e+00 0.000000000000000e+00 0.000000000000000e+00 1.439913191261416e-01 1.602048934139843e-01 
0.000000000000000e+00 0.000000000000000e+00 0.000000000000000e+00 2.668044401570455e-02 0.000000000000000e+00 0.000000000000000e+00 0.000000000000000e+00 3.302886816530702e-01 6.350574110501811e-01 9.761031064994658e-01 0.000000000000000e+00 0.000000000000000e+00 9.346733027866952e-01 5.900441215669736e-01 0.000000000000000e+00 0.000000000000000e+00 0.000000000000000e+00 1.775668629547744e-01 5.337807445828227e-01 0.000000000000000e+00 0.000000000000000e+00 5.632010844463978e-01 0.000000000000000e+00 0.000000000000000e+00 0.000000000000000e+00 
7.801946005334158e-01 1.702450825048036e-01 8.897296617285969e-02 0.000000000000000e+00 0.000000000000000e+00 4.131718195413176e-02 0.000000000000000e+00 1.598662712118564e+00 0.000000000000000e+00 0.000000000000000e+00 3.057882939504388e-01 1.614495946676225e-01 0.000000000000000e+00 0.000000000000000e+00 0.000000000000000e+00 0.000000000000000e+00 0.000000000000000e+00 0.000000000000000e+00 4.681351136170685e-01 0.000000000000000e+00 1.007234035647265e+00 0.000000000000000e+00 0.000000000000000e+00 0.000000000000000e+00 2.570547228004108e-01 
0.000000000000000e+00 0.000000000000000e+00 0.000000000000000e+00 0.000000000000000e+00 0.000000000000000e+00 0.000000000000000e+00 0.000000000000000e+00 0.000000000000000e+00 0.000000000000000e+00 9.519303313950892e-01 0.000000000000000e+00 7.416777965604769e-01 0.000000000000000e+00 0.000000000000000e+00 1.168882722211017e+00 0.000000000000000e+00 0.000000000000000e+00 0.000000000000000e+00 0.000000000000000e+00 5.982944329631440e-01 0.000000000000000e+00 0.000000000000000e+00 7.791127265593709e-01 0.000000000000000e+00 0.000000000000000e+00 
0.000000000000000e+00 0.000000000000000e+00 0.000000000000000e+00 0.000000000000000e+00 1.823807220119119e-01 0.000000000000000e+00 0.000000000000000e+00 0.000000000000000e+00 6.792760185743362e-01 0.000000000000000e+00 5.194221120903484e-01 0.000000000000000e+00 0.000000000000000e+00 1.287300194706564e+00 5.630787630370342e-01 0.000000000000000e+00 0.000000000000000e+00 0.000000000000000e+00 7.219913511357402e-01 0.000000000000000e+00 0.000000000000000e+00 0.000000000000000e+00 0.000000000000000e+00 0.000000000000000e+00 5.341076301212922e-01 
0.000000000000000e+00 0.000000000000000e+00 5.699372544456079e-01 0.000000000000000e+00 0.000000000000000e+00 0.000000000000000e+00 0.000000000000000e+00 0.000000000000000e+00 0.000000000000000e+00 0.000000000000000e+00 7.694059642722392e-01 6.033575598271061e-01 5.693897686221255e-01 1.346760195224320e-02 3.254285793000593e-01 0.000000000000000e+00 0.000000000000000e+00 9.617182470450522e-01 0.000000000000000e+00 0.000000000000000e+00 5.563505913636488e-01 0.000000000000000e+00 2.686861627159197e-01 0.000000000000000e+00 0.000000000000000e+00 
0.000000000000000e+00 0.000000000000000e+00 1.211880191438135e+00 0.000000000000000e+00 0.000000000000000e+00 6.581819139589445e-01 0.000000000000000e+00 1.434210731111174e-01 0.000000000000000e+00 5.900324235961448e-01 0.000000000000000e+00 6.077348749454730e-01 0.000000000000000e+00 0.000000000000000e+00 0.000000000000000e+00 3.115472844145519e-01 0.000000000000000e+00 0.000000000000000e+00 2.451029088450050e-01 0.000000000000000e+00 0.000000000000000e+00 0.000000000000000e+00 2.912518716054437e-01 0.000000000000000e+00 0.000000000000000e+00 
5.441642870843123e-01 0.000000000000000e+00 0.000000000000000e+00 0.000000000000000e+00 0.000000000000000e+00 0.000000000000000e+00 3.230833540632686e-01 9.551021243561713e-01 0.000000000000000e+00 0.000000000000000e+00 2.475830154909755e-01 0.000000000000000e+00 3.606508723847199e-01 0.000000000000000e+00 0.000000000000000e+00 0.000000000000000e+00 0.000000000000000e+00 0.000000000000000e+00 0.000000000000000e+00 0.000000000000000e+00 0.000000000000000e+00 2.266737945690132e-01 0.000000000000000e+00 0.000000000000000e+00 7.175107135780533e-01 
2.942687903448405e-01 6.394402661401865e-01 5.927039168948566e-01 0.000000000000000e+00 0.000000000000000e+00 0.000000000000000e+00 0.000000000000000e+00 0.000000000000000e+00 6.211799339459523e-02 4.747539450948846e-01 1.499329328721504e-01 1.550748454679648e-01 0.000000000000000e+00 9.109030536005673e-01 0.000000000000000e+00 0.000000000000000e+00 7.281921113196681e-01 0.000000000000000e+00 0.000000000000000e+00 0.000000000000000e+00 0.000000000000000e+00 0.000000000000000e+00 0.000000000000000e+00 0.000000000000000e+00 0.000000000000000e+00 
0.000000000000000e+00 4.324633436580476e-01 0.000000000000000e+00 0.000000000000000e+00 0.000000000000000e+00 0.000000000000000e+00 0.000000000000000e+00 0.000000000000000e+00 0.000000000000000e+00 0.000000000000000e+00 0.000000000000000e+00 1.169652816098303e-01 0.000000000000000e+00 0.000000000000000e+00 6.694819481121547e-01 0.000000000000000e+00 7.560844955187923e-01 8.566682593464821e-01 6.720624198950450e-01 0.000000000000000e+00 0.000000000000000e+00 5.357000705484993e-01 0.000000000000000e+00 3.579125468051335e-01 0.000000000000000e+00 
1.002898318660380e+00 1.248645463962681e-01 3.214528884460717e-01 0.000000000000000e+00 0.000000000000000e+00 7.818308450618611e-01 0.000000000000000e+00 3.323201465622015e-01 0.000000000000000e+00 0.000000000000000e+00 0.000000000000000e+00 0.000000000000000e+00 0.000000000000000e+00 0.000000000000000e+00 0.000000000000000e+00 0.000000000000000e+00 1.463317018159287e-01 0.000000000000000e+00 0.000000000000000e+00 0.000000000000000e+00 0.000000000000000e+00 6.936570632144267e-02 0.000000000000000e+00 1.177566210042329e-01 0.000000000000000e+00 
0.000000000000000e+00 0.000000000000000e+00 0.000000000000000e+00 0.000000000000000e+00 5.077137774786813e-01 0.000000000000000e+00 0.000000000000000e+00 0.000000000000000e+00 2.724784948590889e-01 0.000000000000000e+00 0.000000000000000e+00 0.000000000000000e+00 0.000000000000000e+00 0.000000000000000e+00 7.048582649455601e-01 0.000000000000000e+00 0.000000000000000e+00 8.317645201476227e-01 0.000000000000000e+00 0.000000000000000e+00 0.000000000000000e+00 0.000000000000000e+00 0.000000000000000e+00 6.835920701888055e-01 0.000000000000000e+00 
0.000000000000000e+00 0.000000000000000e+00 0.000000000000000e+00 6.569341940506920e-01 7.067033321474495e-01 0.000000000000000e+00 6.132259394377326e-01 0.000000000000000e+00 4.800462938327095e-01 0.000000000000000e+00 0.000000000000000e+00 0.000000000000000e+00 0.000000000000000e+00 0.000000000000000e+00 0.000000000000000e+00 0.000000000000000e+00 2.530686785634213e-01 2.746245185301663e-01 0.000000000000000e+00 0.000000000000000e+00 0.000000000000000e+00 0.000000000000000e+00 1.492816763502070e-01 0.000000000000000e+00 0.000000000000000e+00 
6.797576897181048e-01 0.000000000000000e+00 0.000000000000000e+00 0.000000000000000e+00 0.000000000000000e+00 0.000000000000000e+00 0.000000000000000e+00 6.752312706476368e-01 2.268201128245275e-02 0.000000000000000e+00 6.703063481146608e-01 0.000000000000000e+00 2.109493397803299e-01 0.000000000000000e+00 0.000000000000000e+00 0.000000000000000e+00 0.000000000000000e+00 0.000000000000000e+00 0.000000000000000e+00 8.941865727798874e-01 0.000000000000000e+00 0.000000000000000e+00 0.000000000000000e+00 0.000000000000000e+00 0.000000000000000e+00 
0.000000000000000e+00 0.000000000000000e+00 0.000000000000000e+00 0.000000000000000e+00 0.000000000000000e+00 0.000000000000000e+00 4.170428927900679e-01 0.000000000000000e+00 5.281972522854882e-01 0.000000000000000e+00 0.000000000000000e+00 1.084684464631228e-01 0.000000000000000e+00 0.000000000000000e+00 3.553105342883624e-01 9.381365260167051e-01 0.000000000000000e+00 0.000000000000000e+00 3.999629839007203e-03 0.000000000000000e+00 0.000000000000000e+00 0.000000000000000e+00 1.365846210447579e+00 0.000000000000000e+00 0.000000000000000e+00 
1.384939100604652e-01 3.713192915159267e-01 0.000000000000000e+00 0.000000000000000e+00 0.000000000000000e+00 0.000000000000000e+00 8.140620378802870e-01 0.000000000000000e+00 3.567306556026616e-01 1.970580217923564e-01 0.000000000000000e+00 0.000000000000000e+00 0.000000000000000e+00 8.300869126441261e-01 0.000000000000000e+00 0.000000000000000e+00 0.000000000000000e+00 0.000000000000000e+00 0.000000000000000e+00 0.000000000000000e+00 0.000000000000000e+00 0.000000000000000e+00 0.000000000000000e+00 0.000000000000000e+00 0.000000000000000e+00 
3.737389812000821e-01 0.000000000000000e+00 0.000000000000000e+00 0.000000000000000e+00 0.000000000000000e+00 0.000000000000000e+00 0.000000000000000e+00 0.000000000000000e+00 0.000000000000000e+00 1.984069527764442e-01 0.000000000000000e+00 1.194715186074364e-01 7.967025657134571e-01 1.001846777863635e-01 0.000000000000000e+00 0.000000000000000e+00 0.000000000000000e+00 1.948301319988845e-01 6.215051740877715e-01 2.253578499143158e-02 0.000000000000000e+00 0.000000000000000e+00 6.958453625976552e-01 0.000000000000000e+00 0.000000000000000e+00 
0.000000000000000e+00 0.000000000000000e+00 0.000000000000000e+00 1.147723567284503e-01 0.000000000000000e+00 0.000000000000000e+00 5.179465060157098e-01 0.000000000000000e+00 0.000000000000000e+00 0.000000000000000e+00 0.000000000000000e+00 0.000000000000000e+00 4.099270516803680e-01 0.000000000000000e+00 0.000000000000000e+00 0.000000000000000e+00 5.800674939438460e-01 0.000000000000000e+00 0.000000000000000e+00 0.000000000000000e+00 9.884568107481307e-01 0.000000000000000e+00 0.000000000000000e+00 0.000000000000000e+00 4.101540061099278e-01 
0.000000000000000e+00 4.891146791872746e-01 0.000000000000000e+00 0.000000000000000e+00 0.000000000000000e+00 0.000000000000000e+00 0.000000000000000e+00 0.000000000000000e+00 0.000000000000000e+00 3.783261148579868e-02 0.000000000000000e+00 0.000000000000000e+00 2.366412960620173e-01 4.848773457786407e-02 6.279551852241395e-01 8.104935689492368e-01 3.414265261457369e-01 0.000000000000000e+00 0.000000000000000e+00 0.000000000000000e+00 0.000000000000000e+00 0.000000000000000e+00 5.220594289325338e-01 0.000000000000000e+00 0.000000000000000e+00 
4.419195513573209e-01 0.000000000000000e+00 4.003562404500786e-01 0.000000000000000e+00 8.270367911042721e-01 0.000000000000000e+00 0.000000000000000e+00 0.000000000000000e+00 0.000000000000000e+00 0.000000000000000e+00 0.000000000000000e+00 0.000000000000000e+00 0.000000000000000e+00 0.000000000000000e+00 0.000000000000000e+00 0.000000000000000e+00 0.000000000000000e+00 0.000000000000000e+00 0.000000000000000e+00 3.257834412487326e-01 0.000000000000000e+00 0.000000000000000e+00 0.000000000000000e+00 0.000000000000000e+00 0.000000000000000e+00 
6.829014392391295e-02 0.000000000000000e+00 0.000000000000000e+00 0.000000000000000e+00 0.000000000000000e+00 0.000000000000000e+00 0.000000000000000e+00 0.000000000000000e+00 0.000000000000000e+00 0.000000000000000e+00 2.242111152147955e-01 0.000000000000000e+00 0.000000000000000e+00 3.276269452018846e-01 0.000000000000000e+00 0.000000000000000e+00 0.000000000000000e+00 0.000000000000000e+00 3.998926274684751e-02 3.279375574378430e-01 0.000000000000000e+00 0.000000000000000e+00 0.000000000000000e+00 6.533636824115477e-01 1.232622469781221e-01 
0.000000000000000e+00 0.000000000000000e+00 4.626210333764087e-01 0.000000000000000e+00 0.000000000000000e+00 0.000000000000000e+00 0.000000000000000e+00 0.000000000000000e+00 0.000000000000000e+00 0.000000000000000e+00 0.000000000000000e+00 5.382361507898481e-01 0.000000000000000e+00 0.000000000000000e+00 0.000000000000000e+00 0.000000000000000e+00 0.000000000000000e+00 8.802065697819415e-02 0.000000000000000e+00 0.000000000000000e+00 0.000000000000000e+00 0.000000000000000e+00 0.000000000000000e+00 0.000000000000000e+00 0.000000000000000e+00 