# File created on Fri May 17 15:42:05 2024
# The following metaparameters were used for this matrix optimization : gamma0 = 0.5; alpha0 = 0; sigma0 = 0.25; l0 = 1;p = 1; R0 = 1; S0 = 0.05; NR = 25; NS = 25; matrix path = matrices/Nr25_Nc25/consumption/RandTrix_Nr25_Nc25_Nest0.55_Conn0.184.txt; convergence threshold = 1e-08
3.124944687064531e-03 2.775372008412795e-04 0.000000000000000e+00 8.512874301318828e-04 4.021675461593928e-03 0.000000000000000e+00 0.000000000000000e+00 0.000000000000000e+00 3.468720886352156e-03 0.000000000000000e+00 0.000000000000000e+00 0.000000000000000e+00 0.000000000000000e+00 0.000000000000000e+00 1.856793778078244e-03 0.000000000000000e+00 4.871147098622569e-03 3.449490573192160e-03 0.000000000000000e+00 1.674561572008141e-03 0.000000000000000e+00 0.000000000000000e+00 3.871496360046699e-03 4.037374493481729e-03 0.000000000000000e+00 
0.000000000000000e+00 4.976901116769883e-04 2.487603027401491e-05 2.181973248768742e-03 4.748437411170744e-03 0.000000000000000e+00 4.490999692455160e-03 2.198646583631071e-04 3.107089000490467e-03 4.009038297153166e-03 1.440800291140620e-03 0.000000000000000e+00 4.550540302563704e-04 4.775391830322238e-03 0.000000000000000e+00 0.000000000000000e+00 4.608248399289700e-03 0.000000000000000e+00 0.000000000000000e+00 0.000000000000000e+00 1.432552555824927e-03 0.000000000000000e+00 1.548108461530154e-03 1.386750618528232e-03 0.000000000000000e+00 
1.181737378313364e-03 2.961524643895194e-03 4.737015066214615e-03 6.558066998622047e-04 4.919491583927442e-03 0.000000000000000e+00 0.000000000000000e+00 0.000000000000000e+00 3.925780047082540e-03 0.000000000000000e+00 1.502721671846174e-03 4.330689138587163e-03 2.484021236511110e-03 1.913154491912512e-04 4.237801412757369e-03 3.277806038284562e-04 1.480421535819701e-03 0.000000000000000e+00 2.917719769571408e-03 0.000000000000000e+00 2.227635573410174e-03 0.000000000000000e+00 0.000000000000000e+00 4.018042632432931e-03 0.000000000000000e+00 
4.302051871315057e-03 0.000000000000000e+00 4.918323161423666e-03 0.000000000000000e+00 0.000000000000000e+00 0.000000000000000e+00 0.000000000000000e+00 0.000000000000000e+00 2.036027774945205e-03 0.000000000000000e+00 4.248704275441876e-03 1.252081014434715e-03 0.000000000000000e+00 0.000000000000000e+00 0.000000000000000e+00 4.213660136850838e-03 0.000000000000000e+00 3.884870464518012e-03 2.822191985760690e-03 2.040168436428737e-03 3.349106752605045e-03 3.307972593456449e-03 0.000000000000000e+00 0.000000000000000e+00 2.086828085766777e-03 
1.763573234088279e-03 2.797935478772051e-04 0.000000000000000e+00 3.646866832831455e-04 0.000000000000000e+00 0.000000000000000e+00 0.000000000000000e+00 0.000000000000000e+00 8.123753350297582e-04 0.000000000000000e+00 2.950295625789133e-03 0.000000000000000e+00 0.000000000000000e+00 0.000000000000000e+00 2.615795237204613e-03 0.000000000000000e+00 0.000000000000000e+00 4.069947148212276e-03 2.509132628477762e-03 1.521839201330165e-03 4.559473381374948e-03 0.000000000000000e+00 1.139054167532298e-03 0.000000000000000e+00 0.000000000000000e+00 
2.943944775701685e-03 0.000000000000000e+00 1.558621322827223e-03 0.000000000000000e+00 4.292691674234809e-03 0.000000000000000e+00 0.000000000000000e+00 2.799937083931300e-03 0.000000000000000e+00 0.000000000000000e+00 8.543893764920702e-04 2.980133524822882e-03 4.086415654147765e-04 3.055174727041364e-03 0.000000000000000e+00 5.651593506722605e-06 0.000000000000000e+00 0.000000000000000e+00 0.000000000000000e+00 0.000000000000000e+00 0.000000000000000e+00 0.000000000000000e+00 0.000000000000000e+00 1.260615520546533e-03 4.946550975920362e-03 
7.030149274736206e-04 1.688992412385327e-05 0.000000000000000e+00 8.183694537493856e-04 0.000000000000000e+00 0.000000000000000e+00 0.000000000000000e+00 0.000000000000000e+00 3.539036198184400e-03 0.000000000000000e+00 0.000000000000000e+00 0.000000000000000e+00 0.000000000000000e+00 0.000000000000000e+00 4.597642041842519e-03 2.607728840985046e-03 0.000000000000000e+00 1.363490791314464e-03 4.185300151325216e-03 0.000000000000000e+00 4.839279511745950e-03 0.000000000000000e+00 0.000000000000000e+00 5.069603796750400e-04 2.697284132416438e-03 
0.000000000000000e+00 0.000000000000000e+00 0.000000000000000e+00 2.880952198935293e-03 0.000000000000000e+00 0.000000000000000e+00 0.000000000000000e+00 4.110868810133659e-03 2.884283840864073e-04 0.000000000000000e+00 3.114479419476925e-03 1.097746076339581e-03 0.000000000000000e+00 2.762183696135917e-03 0.000000000000000e+00 0.000000000000000e+00 0.000000000000000e+00 0.000000000000000e+00 2.822232122658326e-03 1.695422327954379e-03 4.007221996758032e-03 0.000000000000000e+00 2.160295156206376e-03 0.000000000000000e+00 2.811466376205881e-03 
0.000000000000000e+00 2.477154653824985e-03 3.734569318349985e-03 3.519215147096551e-04 1.184781394014772e-03 0.000000000000000e+00 2.641371663672268e-03 0.000000000000000e+00 1.217829663733660e-03 0.000000000000000e+00 3.344465967744158e-03 1.974965376310686e-03 0.000000000000000e+00 0.000000000000000e+00 0.000000000000000e+00 0.000000000000000e+00 2.055105887500737e-03 2.915755596793665e-03 4.412049740667075e-03 9.670482771982028e-04 3.976864771964412e-03 6.071810062592568e-04 2.776789845665655e-03 0.000000000000000e+00 4.820061894057776e-03 
0.000000000000000e+00 0.000000000000000e+00 1.251069825188308e-04 3.309155306877801e-03 0.000000000000000e+00 0.000000000000000e+00 2.532987139597586e-04 0.000000000000000e+00 0.000000000000000e+00 4.560123645692267e-03 0.000000000000000e+00 0.000000000000000e+00 0.000000000000000e+00 0.000000000000000e+00 0.000000000000000e+00 3.488153322413319e-03 3.486396590947687e-03 0.000000000000000e+00 0.000000000000000e+00 3.416074185393236e-03 0.000000000000000e+00 4.626918026698502e-03 0.000000000000000e+00 4.825381439180995e-03 2.464905032730715e-03 
0.000000000000000e+00 2.131736812714331e-03 4.343567919182000e-03 0.000000000000000e+00 2.694556643511780e-03 3.813398972527010e-03 3.713994866118583e-03 0.000000000000000e+00 0.000000000000000e+00 3.634376432342009e-03 1.193605638671264e-03 7.685933275999536e-04 2.256079514443817e-03 3.280256012353496e-03 4.398121973308864e-03 0.000000000000000e+00 2.656650529414506e-04 0.000000000000000e+00 1.833865398131934e-03 1.194603716644991e-03 1.683740261518210e-03 3.643116063398019e-03 0.000000000000000e+00 0.000000000000000e+00 0.000000000000000e+00 
0.000000000000000e+00 0.000000000000000e+00 2.527874620138421e-03 4.838060740264587e-03 1.406358069582905e-03 0.000000000000000e+00 2.029886377322386e-03 4.793494721519320e-03 0.000000000000000e+00 0.000000000000000e+00 1.950177823610427e-04 0.000000000000000e+00 0.000000000000000e+00 0.000000000000000e+00 0.000000000000000e+00 3.961180797789931e-03 0.000000000000000e+00 0.000000000000000e+00 0.000000000000000e+00 0.000000000000000e+00 4.590944243931411e-03 0.000000000000000e+00 0.000000000000000e+00 3.035521011067750e-03 0.000000000000000e+00 
3.911256568386665e-03 0.000000000000000e+00 0.000000000000000e+00 0.000000000000000e+00 0.000000000000000e+00 6.740649791511325e-04 3.447277778644145e-03 0.000000000000000e+00 0.000000000000000e+00 3.057413484917857e-03 0.000000000000000e+00 2.671626632035757e-03 2.062353389896650e-04 4.193922877909560e-03 2.265870440562293e-03 1.850309840828674e-03 3.155041169968784e-03 0.000000000000000e+00 0.000000000000000e+00 7.407847910743473e-04 5.067056070394037e-04 0.000000000000000e+00 4.350548540149770e-03 0.000000000000000e+00 0.000000000000000e+00 
0.000000000000000e+00 0.000000000000000e+00 0.000000000000000e+00 0.000000000000000e+00 4.977119069254677e-03 0.000000000000000e+00 0.000000000000000e+00 2.426145449408229e-03 9.546528472896865e-04 0.000000000000000e+00 0.000000000000000e+00 4.861375740986912e-03 0.000000000000000e+00 3.752494688305035e-03 0.000000000000000e+00 3.045737210320393e-03 4.486212806508112e-03 3.105368789652339e-03 0.000000000000000e+00 4.886648947568316e-04 0.000000000000000e+00 0.000000000000000e+00 2.199273603075826e-04 1.928602280656797e-03 2.653845698731093e-03 
0.000000000000000e+00 0.000000000000000e+00 4.720563591988255e-03 1.200747659033936e-03 4.019412773830491e-03 1.825916814761406e-03 0.000000000000000e+00 3.400856490621149e-03 1.029047563002520e-03 2.018593175604281e-03 0.000000000000000e+00 3.796329978991498e-03 0.000000000000000e+00 3.779512149759038e-03 0.000000000000000e+00 0.000000000000000e+00 1.630754191634662e-03 3.147619927911600e-03 4.598257785586957e-03 3.732954766433839e-03 0.000000000000000e+00 0.000000000000000e+00 0.000000000000000e+00 0.000000000000000e+00 0.000000000000000e+00 
0.000000000000000e+00 0.000000000000000e+00 0.000000000000000e+00 3.685490509718345e-03 4.117658011754670e-03 0.000000000000000e+00 0.000000000000000e+00 0.000000000000000e+00 0.000000000000000e+00 0.000000000000000e+00 2.337139786613216e-04 0.000000000000000e+00 3.512107069048704e-03 1.634914499818896e-04 0.000000000000000e+00 0.000000000000000e+00 2.503646529225656e-03 3.205555130836717e-03 0.000000000000000e+00 6.717288854810396e-04 0.000000000000000e+00 2.603039891158606e-03 0.000000000000000e+00 2.066722426620782e-03 4.247831792423528e-03 
3.165466148757919e-04 0.000000000000000e+00 2.958778743783720e-03 4.544585039394830e-03 3.150683794151353e-03 0.000000000000000e+00 0.000000000000000e+00 0.000000000000000e+00 2.935273011380678e-03 2.855382392098947e-03 8.618258068335279e-04 0.000000000000000e+00 0.000000000000000e+00 1.931966862545684e-03 1.029425160341142e-03 0.000000000000000e+00 0.000000000000000e+00 0.000000000000000e+00 2.707136138176401e-03 0.000000000000000e+00 2.358895820667317e-03 4.408291300686461e-03 4.193020852260961e-04 0.000000000000000e+00 0.000000000000000e+00 
3.283773887548342e-03 0.000000000000000e+00 2.484258012471436e-03 0.000000000000000e+00 0.000000000000000e+00 0.000000000000000e+00 4.714802574565740e-03 0.000000000000000e+00 4.694828467076970e-03 1.109355144306892e-03 1.308335997691429e-03 2.119411614474442e-03 0.000000000000000e+00 1.490440982532826e-03 1.461933209454204e-03 0.000000000000000e+00 9.045024889989148e-04 4.371962729413457e-03 2.549661545912893e-03 4.232514993958233e-03 0.000000000000000e+00 1.109622419359509e-03 0.000000000000000e+00 0.000000000000000e+00 1.075146833886035e-03 
4.813486643467608e-03 3.468940854982923e-04 0.000000000000000e+00 0.000000000000000e+00 0.000000000000000e+00 3.147047444644003e-03 2.155549338663838e-03 2.589891440945379e-03 4.837948525994412e-03 0.000000000000000e+00 3.442068115316594e-03 0.000000000000000e+00 6.312608916572681e-04 4.231867623891021e-03 0.000000000000000e+00 0.000000000000000e+00 0.000000000000000e+00 1.969314749437481e-03 0.000000000000000e+00 0.000000000000000e+00 0.000000000000000e+00 0.000000000000000e+00 4.934237704923296e-03 2.083638882248930e-03 2.303443109831007e-03 
3.526537333078995e-03 5.512498837386008e-04 0.000000000000000e+00 0.000000000000000e+00 0.000000000000000e+00 2.482288979921743e-03 0.000000000000000e+00 0.000000000000000e+00 0.000000000000000e+00 0.000000000000000e+00 1.147323194049678e-03 0.000000000000000e+00 2.874434161276434e-03 0.000000000000000e+00 0.000000000000000e+00 4.124420266669388e-03 2.640227914188568e-03 0.000000000000000e+00 1.843552811249904e-03 0.000000000000000e+00 1.043173032629684e-03 3.594584370300274e-03 2.643690383523741e-03 0.000000000000000e+00 3.483092897731331e-03 
0.000000000000000e+00 0.000000000000000e+00 1.583517423002931e-03 3.582874654911148e-03 0.000000000000000e+00 1.106897368786125e-03 3.502677093255549e-03 6.534967464951092e-04 0.000000000000000e+00 2.400357796181558e-03 1.667036504572843e-03 8.036742863393182e-04 0.000000000000000e+00 4.349647658885529e-03 8.843756314770182e-04 1.007545750180200e-03 0.000000000000000e+00 0.000000000000000e+00 0.000000000000000e+00 1.606907002332626e-03 0.000000000000000e+00 0.000000000000000e+00 1.345473270216094e-03 0.000000000000000e+00 0.000000000000000e+00 
2.327651993219259e-03 0.000000000000000e+00 3.043782945335254e-03 3.403747383115425e-03 0.000000000000000e+00 2.690859751693057e-03 3.349584327436173e-03 4.109044026422097e-03 0.000000000000000e+00 0.000000000000000e+00 4.493010251792501e-03 0.000000000000000e+00 4.259792470890242e-04 0.000000000000000e+00 0.000000000000000e+00 2.836674733799462e-03 0.000000000000000e+00 0.000000000000000e+00 0.000000000000000e+00 1.695789526410755e-03 1.934013389915299e-04 4.140867003233095e-03 1.814394316452023e-03 0.000000000000000e+00 2.114329164127830e-03 
0.000000000000000e+00 1.315867113803416e-03 0.000000000000000e+00 0.000000000000000e+00 2.868755341648291e-03 3.053304576706944e-03 3.277302621321232e-03 0.000000000000000e+00 0.000000000000000e+00 0.000000000000000e+00 4.930133416596595e-03 0.000000000000000e+00 3.920762624762648e-03 2.046684700371528e-04 3.726948638981811e-03 0.000000000000000e+00 5.417148991261976e-04 3.585992134408409e-03 0.000000000000000e+00 3.819702048420624e-03 2.648238510269750e-03 3.157017821403238e-03 1.843456529078440e-03 4.349085158647335e-03 1.832274572978310e-03 
2.371527045621460e-03 0.000000000000000e+00 3.928007172514561e-03 4.105088358436243e-03 0.000000000000000e+00 1.149492855707443e-03 0.000000000000000e+00 0.000000000000000e+00 4.390166116253880e-03 0.000000000000000e+00 0.000000000000000e+00 0.000000000000000e+00 0.000000000000000e+00 2.249494254768389e-04 0.000000000000000e+00 4.393464093531458e-04 0.000000000000000e+00 0.000000000000000e+00 2.072277899238364e-03 0.000000000000000e+00 1.456595579423705e-03 1.221592414395957e-03 2.718633778229172e-03 0.000000000000000e+00 3.633850643591259e-03 
0.000000000000000e+00 2.977184353878648e-03 0.000000000000000e+00 4.819786021465323e-03 3.014552632367479e-03 2.425225188337806e-03 1.963701918565381e-03 0.000000000000000e+00 3.609874730097900e-03 1.235919127735931e-03 1.563065818297039e-03 5.926444590434928e-05 3.295073447089397e-03 0.000000000000000e+00 0.000000000000000e+00 0.000000000000000e+00 0.000000000000000e+00 0.000000000000000e+00 6.188341729529164e-04 4.802313243826452e-03 0.000000000000000e+00 8.193950714144074e-04 0.000000000000000e+00 1.097342452439912e-03 4.081351045961224e-03 