# File created on Fri May 17 15:41:49 2024
# The following metaparameters were used for this matrix optimization : gamma0 = 0.5; alpha0 = 0; sigma0 = 0.25; l0 = 1;p = 1; R0 = 1; S0 = 0.05; NR = 25; NS = 25; matrix path = matrices/Nr25_Nc25/consumption/RandTrix_Nr25_Nc25_Nest0.3_Conn0.2816.txt; convergence threshold = 1e-08
2.341714848780786e-03 1.161500761870835e-03 4.463440689059828e-03 0.000000000000000e+00 0.000000000000000e+00 0.000000000000000e+00 0.000000000000000e+00 0.000000000000000e+00 0.000000000000000e+00 0.000000000000000e+00 2.005370783566165e-03 3.043050808534915e-03 0.000000000000000e+00 2.794186277090445e-03 0.000000000000000e+00 3.465733307780140e-03 1.561837769695170e-03 0.000000000000000e+00 0.000000000000000e+00 0.000000000000000e+00 6.164522323127045e-04 2.588922078896136e-03 0.000000000000000e+00 1.972224814658543e-03 0.000000000000000e+00 
2.369282915314954e-03 2.660245052375167e-03 0.000000000000000e+00 0.000000000000000e+00 0.000000000000000e+00 0.000000000000000e+00 0.000000000000000e+00 0.000000000000000e+00 0.000000000000000e+00 0.000000000000000e+00 2.062573874491361e-03 9.261523011485161e-04 0.000000000000000e+00 0.000000000000000e+00 0.000000000000000e+00 3.783602595469086e-03 0.000000000000000e+00 0.000000000000000e+00 1.739262727507260e-03 0.000000000000000e+00 0.000000000000000e+00 0.000000000000000e+00 0.000000000000000e+00 1.261751494631048e-04 3.418230081644500e-03 
1.738347593754036e-03 0.000000000000000e+00 1.019492012979663e-03 2.009044259969966e-03 0.000000000000000e+00 0.000000000000000e+00 1.041344550342804e-03 0.000000000000000e+00 2.754007385058784e-03 4.255819722005876e-03 0.000000000000000e+00 0.000000000000000e+00 0.000000000000000e+00 0.000000000000000e+00 0.000000000000000e+00 6.394623051679461e-04 4.624684769761569e-03 0.000000000000000e+00 0.000000000000000e+00 0.000000000000000e+00 0.000000000000000e+00 0.000000000000000e+00 3.603955282250354e-03 0.000000000000000e+00 2.825430117071928e-03 
2.253303877135095e-03 2.959658256267219e-04 0.000000000000000e+00 0.000000000000000e+00 4.361213032691672e-03 0.000000000000000e+00 3.806364578596482e-03 4.146041897569010e-03 2.249215573024420e-03 0.000000000000000e+00 0.000000000000000e+00 0.000000000000000e+00 0.000000000000000e+00 3.276702833815739e-03 0.000000000000000e+00 0.000000000000000e+00 0.000000000000000e+00 2.495898741324024e-03 3.773894463167463e-03 1.221209200623026e-03 4.778934661007041e-03 2.542158585717661e-03 4.892826345407798e-03 1.677263082845506e-03 4.939220727077582e-03 
1.754185535153240e-03 4.346848506936347e-03 0.000000000000000e+00 3.729707054770442e-03 0.000000000000000e+00 2.780378918152038e-03 0.000000000000000e+00 1.225572890337988e-03 3.732150944853259e-03 0.000000000000000e+00 0.000000000000000e+00 1.889095795729507e-03 0.000000000000000e+00 3.164815833935710e-03 8.092713227777777e-04 0.000000000000000e+00 0.000000000000000e+00 1.041230994422279e-03 0.000000000000000e+00 1.379862033153687e-03 2.242003645659586e-03 0.000000000000000e+00 0.000000000000000e+00 0.000000000000000e+00 3.994407911189432e-03 
3.316739193159646e-03 0.000000000000000e+00 3.529332076564091e-03 0.000000000000000e+00 3.828700197362108e-03 3.366596273754506e-03 3.962021860430915e-03 3.494406954088222e-03 0.000000000000000e+00 0.000000000000000e+00 4.619919513779895e-03 0.000000000000000e+00 0.000000000000000e+00 3.704777099780431e-03 5.178525071067010e-04 3.506265888100570e-03 0.000000000000000e+00 3.858347692142694e-04 0.000000000000000e+00 0.000000000000000e+00 0.000000000000000e+00 0.000000000000000e+00 0.000000000000000e+00 0.000000000000000e+00 4.631478218868182e-03 
4.472160170188201e-03 0.000000000000000e+00 0.000000000000000e+00 0.000000000000000e+00 2.229994389952724e-03 0.000000000000000e+00 4.478539717387685e-03 0.000000000000000e+00 0.000000000000000e+00 4.822924474536214e-03 4.180760651877677e-04 0.000000000000000e+00 2.200296776760958e-03 2.386573139975634e-03 1.827061516521049e-03 0.000000000000000e+00 1.981392536759756e-04 0.000000000000000e+00 3.809855869011687e-03 0.000000000000000e+00 0.000000000000000e+00 0.000000000000000e+00 1.967660463743950e-03 0.000000000000000e+00 0.000000000000000e+00 
5.780332767988874e-04 0.000000000000000e+00 0.000000000000000e+00 3.198824225925897e-03 3.835209234509759e-04 0.000000000000000e+00 1.143424864508189e-03 2.602845220726743e-03 2.756809321986358e-03 0.000000000000000e+00 4.980254390787925e-03 0.000000000000000e+00 4.810129755885507e-03 2.760488937003782e-03 0.000000000000000e+00 3.659062586770203e-03 1.968648993413255e-03 0.000000000000000e+00 2.767934530799286e-03 6.737863277463026e-04 0.000000000000000e+00 4.002456747215260e-03 0.000000000000000e+00 4.445708942262737e-03 0.000000000000000e+00 
0.000000000000000e+00 2.664639667833685e-03 2.231144894044397e-03 0.000000000000000e+00 0.000000000000000e+00 0.000000000000000e+00 0.000000000000000e+00 5.989210494473992e-04 0.000000000000000e+00 0.000000000000000e+00 4.503957104460935e-03 0.000000000000000e+00 1.909573850926866e-03 3.718833077188669e-03 0.000000000000000e+00 2.355568591385993e-03 0.000000000000000e+00 0.000000000000000e+00 0.000000000000000e+00 2.567303628358811e-04 0.000000000000000e+00 0.000000000000000e+00 1.364684052252095e-03 4.797130316015223e-03 0.000000000000000e+00 
0.000000000000000e+00 7.133735459205848e-05 3.823774691729673e-03 0.000000000000000e+00 1.329375981344152e-03 0.000000000000000e+00 0.000000000000000e+00 0.000000000000000e+00 7.331434772863247e-05 0.000000000000000e+00 2.281287051967481e-04 0.000000000000000e+00 0.000000000000000e+00 0.000000000000000e+00 0.000000000000000e+00 3.189107004594736e-04 0.000000000000000e+00 0.000000000000000e+00 1.072790698011012e-04 1.804236582449278e-03 0.000000000000000e+00 0.000000000000000e+00 0.000000000000000e+00 0.000000000000000e+00 0.000000000000000e+00 
0.000000000000000e+00 0.000000000000000e+00 4.474129488843519e-03 4.069374691120502e-03 0.000000000000000e+00 0.000000000000000e+00 1.612837137436059e-03 0.000000000000000e+00 0.000000000000000e+00 1.943569912602107e-03 6.398877491391858e-04 3.013874208760780e-04 1.596320235398903e-03 1.420355247811033e-03 3.442187900273676e-03 0.000000000000000e+00 3.382022868913119e-03 0.000000000000000e+00 3.342017827514101e-03 0.000000000000000e+00 0.000000000000000e+00 1.470335032466397e-03 0.000000000000000e+00 1.880101420296832e-03 0.000000000000000e+00 
2.381037260338783e-04 0.000000000000000e+00 0.000000000000000e+00 2.868688364278243e-03 0.000000000000000e+00 0.000000000000000e+00 0.000000000000000e+00 3.578046514708140e-03 1.199819006828762e-03 0.000000000000000e+00 2.248449550194745e-03 1.547223839438792e-03 3.779537811174733e-03 0.000000000000000e+00 1.966640282631059e-03 4.318977558821046e-03 0.000000000000000e+00 0.000000000000000e+00 0.000000000000000e+00 0.000000000000000e+00 0.000000000000000e+00 3.285118702167768e-03 1.180322665163384e-03 2.199489744557078e-03 4.339668368835279e-03 
3.620448581978847e-04 3.921069131098544e-03 1.610955703281592e-03 1.771827144265537e-03 0.000000000000000e+00 0.000000000000000e+00 0.000000000000000e+00 0.000000000000000e+00 0.000000000000000e+00 4.032011727602613e-04 0.000000000000000e+00 0.000000000000000e+00 0.000000000000000e+00 8.032442993695954e-04 2.966678984549725e-03 0.000000000000000e+00 0.000000000000000e+00 0.000000000000000e+00 0.000000000000000e+00 2.868419156263309e-03 0.000000000000000e+00 0.000000000000000e+00 2.107386245170128e-03 0.000000000000000e+00 1.619757224166490e-03 
0.000000000000000e+00 4.115836616734530e-04 2.387558827338212e-03 0.000000000000000e+00 3.032167208433651e-03 0.000000000000000e+00 2.751896619990702e-04 3.418633280155406e-03 0.000000000000000e+00 0.000000000000000e+00 3.677659412817081e-04 3.201446588760045e-03 0.000000000000000e+00 0.000000000000000e+00 0.000000000000000e+00 0.000000000000000e+00 0.000000000000000e+00 1.163654440415226e-03 4.016590647221885e-03 1.822175851425406e-03 0.000000000000000e+00 1.875702389061751e-04 3.919403150592636e-03 0.000000000000000e+00 0.000000000000000e+00 
0.000000000000000e+00 0.000000000000000e+00 1.415144813957254e-03 0.000000000000000e+00 0.000000000000000e+00 3.380229348198815e-03 2.301247909818670e-03 0.000000000000000e+00 1.531012720469912e-04 0.000000000000000e+00 0.000000000000000e+00 1.494205985430965e-03 1.247165293128547e-03 0.000000000000000e+00 2.070935764058921e-03 3.405467053695994e-03 0.000000000000000e+00 2.216585860958499e-03 2.900979521349226e-03 0.000000000000000e+00 3.428814924133922e-03 0.000000000000000e+00 0.000000000000000e+00 0.000000000000000e+00 0.000000000000000e+00 
1.017150324167320e-03 0.000000000000000e+00 0.000000000000000e+00 9.444695331815258e-04 0.000000000000000e+00 0.000000000000000e+00 1.842041249904694e-03 0.000000000000000e+00 4.076588202701108e-03 0.000000000000000e+00 1.989238802578083e-03 6.267892830930524e-04 0.000000000000000e+00 3.516787866799442e-04 7.276572776854695e-04 0.000000000000000e+00 2.570491264271858e-03 0.000000000000000e+00 1.380095607981821e-03 0.000000000000000e+00 0.000000000000000e+00 0.000000000000000e+00 0.000000000000000e+00 1.310052159918387e-03 0.000000000000000e+00 
0.000000000000000e+00 3.647662060601748e-04 1.251567540398186e-03 0.000000000000000e+00 0.000000000000000e+00 4.152401616942926e-03 0.000000000000000e+00 0.000000000000000e+00 2.656708269488202e-03 0.000000000000000e+00 4.724374305631545e-05 3.387269175166520e-03 2.642723950718018e-03 2.828355156654264e-03 4.133472948265197e-03 4.508289185520668e-03 0.000000000000000e+00 0.000000000000000e+00 3.389317493240646e-03 1.515473108172553e-03 0.000000000000000e+00 3.561396767406156e-03 0.000000000000000e+00 0.000000000000000e+00 2.943986959865810e-03 
2.357228704152130e-03 1.090639385382438e-03 0.000000000000000e+00 1.766772634547837e-03 0.000000000000000e+00 0.000000000000000e+00 0.000000000000000e+00 4.265363904029185e-03 6.346691716842582e-04 9.086103231585516e-04 0.000000000000000e+00 0.000000000000000e+00 0.000000000000000e+00 0.000000000000000e+00 0.000000000000000e+00 1.691376159211094e-03 4.709526354154732e-03 0.000000000000000e+00 0.000000000000000e+00 0.000000000000000e+00 0.000000000000000e+00 0.000000000000000e+00 7.906210364127242e-04 2.239054118361636e-03 0.000000000000000e+00 
2.259009162567046e-03 7.976058286035732e-04 0.000000000000000e+00 2.070314580047846e-03 0.000000000000000e+00 2.719320797706475e-03 0.000000000000000e+00 3.276666494464555e-03 0.000000000000000e+00 2.184431486943560e-03 0.000000000000000e+00 2.961132195703249e-03 4.304991926087488e-03 4.644956511540921e-03 0.000000000000000e+00 0.000000000000000e+00 0.000000000000000e+00 0.000000000000000e+00 0.000000000000000e+00 0.000000000000000e+00 0.000000000000000e+00 1.888068363659390e-03 0.000000000000000e+00 0.000000000000000e+00 0.000000000000000e+00 
0.000000000000000e+00 0.000000000000000e+00 2.713178616320125e-03 4.893116750421630e-03 4.845548369444260e-03 3.239482870740374e-03 3.557397603649575e-05 0.000000000000000e+00 0.000000000000000e+00 0.000000000000000e+00 0.000000000000000e+00 0.000000000000000e+00 1.379813546018559e-03 4.363216725212019e-03 7.222083041570017e-04 0.000000000000000e+00 0.000000000000000e+00 0.000000000000000e+00 2.771070434558890e-03 3.322513680335426e-03 2.392769462581958e-03 1.075673932344770e-03 3.054000320713658e-03 1.309883368816923e-03 0.000000000000000e+00 
0.000000000000000e+00 0.000000000000000e+00 0.000000000000000e+00 1.373953167447329e-03 0.000000000000000e+00 3.090137969859277e-04 9.618311774080744e-04 4.048153938914201e-03 0.000000000000000e+00 0.000000000000000e+00 0.000000000000000e+00 4.858021297412112e-03 0.000000000000000e+00 1.431445552886140e-03 0.000000000000000e+00 3.226586931030832e-04 0.000000000000000e+00 3.045071117208155e-03 0.000000000000000e+00 0.000000000000000e+00 0.000000000000000e+00 4.691850727335104e-04 0.000000000000000e+00 3.584253028873866e-03 0.000000000000000e+00 
2.781757830989485e-03 2.150839452352470e-03 0.000000000000000e+00 0.000000000000000e+00 0.000000000000000e+00 0.000000000000000e+00 0.000000000000000e+00 0.000000000000000e+00 4.969049676896505e-03 1.781080977519639e-03 2.895172774926123e-03 4.970529970630615e-03 0.000000000000000e+00 3.603946876802855e-03 8.622877792676162e-04 0.000000000000000e+00 2.677830657446708e-03 0.000000000000000e+00 7.780372983325120e-04 0.000000000000000e+00 4.804635586401437e-03 0.000000000000000e+00 2.538318362123308e-03 0.000000000000000e+00 0.000000000000000e+00 
0.000000000000000e+00 0.000000000000000e+00 0.000000000000000e+00 2.839570212683859e-03 3.955831868560290e-03 2.145638728512276e-03 0.000000000000000e+00 2.444038080083464e-04 0.000000000000000e+00 0.000000000000000e+00 2.661533491324499e-03 3.079272264236040e-03 3.766975270614455e-03 8.194071517816478e-06 0.000000000000000e+00 0.000000000000000e+00 0.000000000000000e+00 0.000000000000000e+00 4.616801929242864e-03 0.000000000000000e+00 4.126120885677193e-03 0.000000000000000e+00 3.080484233674366e-03 4.413636278342714e-03 0.000000000000000e+00 
4.030500076448698e-03 3.542936321666084e-03 0.000000000000000e+00 3.224249815618234e-03 0.000000000000000e+00 9.404385442394620e-04 3.377453052519552e-04 0.000000000000000e+00 0.000000000000000e+00 0.000000000000000e+00 7.705263731180787e-04 0.000000000000000e+00 4.580556928347077e-03 4.621936190522987e-03 2.196174196759917e-03 1.736114836011456e-03 0.000000000000000e+00 0.000000000000000e+00 9.863663622952717e-04 2.191375977967179e-03 0.000000000000000e+00 0.000000000000000e+00 1.058260966744584e-03 3.745933724046850e-03 0.000000000000000e+00 
2.708004868298755e-03 0.000000000000000e+00 8.079250728905668e-04 3.707019268241524e-03 0.000000000000000e+00 9.426564602460994e-04 0.000000000000000e+00 0.000000000000000e+00 1.024176002068556e-03 1.102704776994766e-03 2.083320974757694e-03 0.000000000000000e+00 3.098993091409855e-03 0.000000000000000e+00 1.082217831327133e-03 1.686601842544863e-03 1.248382292627458e-03 1.148550718542347e-03 2.547870565311166e-03 2.775864396441844e-03 1.519491670140680e-03 8.049789873043137e-04 3.852639119179132e-04 0.000000000000000e+00 0.000000000000000e+00 