# File created on Tue Apr 30 12:46:29 2024
# The following metaparameters were used for this matrix optimization : gamma0 = 0.5; alpha0 = 0; sigma0 = 0.25; l0 = 1;p = 1; R0 = 1; S0 = 0.05; NR = 25; NS = 25; matrix path = matrices/Nr25_Nc25/consumption/RandTrix_Nr25_Nc25_Nest0.55_Conn0.3024.txt; convergence threshold = 1e-08
2.705728608695617e-01 4.042145769767312e-01 5.682877801081923e-02 0.000000000000000e+00 7.586064859172308e-01 3.011209752055086e-01 2.174109106118382e-01 1.041117991502646e+00 0.000000000000000e+00 7.733512958638072e-01 4.557094351902337e-01 7.875017645072724e-01 0.000000000000000e+00 0.000000000000000e+00 3.498391279724173e-01 9.757582416173393e-01 0.000000000000000e+00 4.966094530294531e-01 5.408834675272284e-01 3.422531943573104e-01 0.000000000000000e+00 3.396406412096178e-01 6.981472487006330e-01 0.000000000000000e+00 0.000000000000000e+00 
0.000000000000000e+00 7.722290092538844e-01 0.000000000000000e+00 5.115475807317477e-01 8.022515236038759e-01 0.000000000000000e+00 3.401440061703896e-01 3.421317689157703e-01 0.000000000000000e+00 0.000000000000000e+00 5.597912855560950e-01 0.000000000000000e+00 0.000000000000000e+00 0.000000000000000e+00 0.000000000000000e+00 0.000000000000000e+00 0.000000000000000e+00 9.831896208586619e-01 0.000000000000000e+00 7.469785570577513e-01 1.448428043684361e+00 1.268513856840087e+00 0.000000000000000e+00 0.000000000000000e+00 0.000000000000000e+00 
0.000000000000000e+00 4.145611262628484e-01 0.000000000000000e+00 0.000000000000000e+00 0.000000000000000e+00 9.179838826672861e-02 4.081765519460687e-01 0.000000000000000e+00 7.879488131626525e-01 1.313318908703226e+00 0.000000000000000e+00 0.000000000000000e+00 0.000000000000000e+00 1.432520367909137e+00 0.000000000000000e+00 0.000000000000000e+00 0.000000000000000e+00 0.000000000000000e+00 3.943114630553091e-01 8.379504094782237e-01 1.882982805578085e+00 0.000000000000000e+00 0.000000000000000e+00 0.000000000000000e+00 0.000000000000000e+00 
5.091313708208939e-01 2.002818134099532e-01 2.923415201062941e-01 3.028080283473374e-01 6.700147211342639e-01 3.094622077256721e-01 0.000000000000000e+00 3.937588695451540e-01 6.694189655986139e-01 0.000000000000000e+00 5.556630727427390e-01 0.000000000000000e+00 4.026409205434125e-01 0.000000000000000e+00 6.450459941620102e-01 0.000000000000000e+00 0.000000000000000e+00 0.000000000000000e+00 0.000000000000000e+00 0.000000000000000e+00 0.000000000000000e+00 0.000000000000000e+00 3.436244289198572e-01 0.000000000000000e+00 0.000000000000000e+00 
4.446446553215614e-01 2.026902625531117e-01 8.738061531735202e-02 0.000000000000000e+00 0.000000000000000e+00 4.341806716817118e-01 9.894368340667988e-01 0.000000000000000e+00 0.000000000000000e+00 0.000000000000000e+00 5.498163941422645e-01 0.000000000000000e+00 8.077494202197723e-01 8.264884967687185e-02 7.099171199775044e-02 0.000000000000000e+00 0.000000000000000e+00 5.180874907570505e-01 0.000000000000000e+00 0.000000000000000e+00 0.000000000000000e+00 0.000000000000000e+00 0.000000000000000e+00 0.000000000000000e+00 0.000000000000000e+00 
0.000000000000000e+00 0.000000000000000e+00 0.000000000000000e+00 1.002824459099351e+00 0.000000000000000e+00 2.914941035980323e-01 1.809524538335422e+00 0.000000000000000e+00 0.000000000000000e+00 1.061693465296213e+00 0.000000000000000e+00 0.000000000000000e+00 0.000000000000000e+00 1.948549111667554e+00 0.000000000000000e+00 0.000000000000000e+00 0.000000000000000e+00 0.000000000000000e+00 0.000000000000000e+00 0.000000000000000e+00 0.000000000000000e+00 0.000000000000000e+00 0.000000000000000e+00 2.902714414085643e-01 7.428235846478967e-01 
6.718903727890595e-01 0.000000000000000e+00 2.262810994015923e-01 0.000000000000000e+00 0.000000000000000e+00 6.398844170905593e-01 3.409089016399969e-01 0.000000000000000e+00 0.000000000000000e+00 0.000000000000000e+00 0.000000000000000e+00 0.000000000000000e+00 5.319708560479167e-01 7.792787235967062e-01 0.000000000000000e+00 0.000000000000000e+00 0.000000000000000e+00 0.000000000000000e+00 4.338494503707808e-01 6.655945294271809e-01 2.046934748103010e-01 4.495161836657654e-01 0.000000000000000e+00 8.408937430360490e-02 0.000000000000000e+00 
2.501061075880575e-01 1.247072076499899e+00 0.000000000000000e+00 0.000000000000000e+00 0.000000000000000e+00 1.052269687469676e+00 5.084058722742124e-01 0.000000000000000e+00 0.000000000000000e+00 4.100221424410144e-01 0.000000000000000e+00 0.000000000000000e+00 0.000000000000000e+00 6.246384528809343e-01 0.000000000000000e+00 0.000000000000000e+00 0.000000000000000e+00 1.446633917014650e-01 0.000000000000000e+00 0.000000000000000e+00 0.000000000000000e+00 0.000000000000000e+00 0.000000000000000e+00 0.000000000000000e+00 0.000000000000000e+00 
8.079960631745003e-01 2.472234805321982e-01 0.000000000000000e+00 5.210888033681442e-01 5.755063518254578e-01 0.000000000000000e+00 0.000000000000000e+00 0.000000000000000e+00 8.608989289230172e-01 0.000000000000000e+00 0.000000000000000e+00 1.988578962894891e-01 0.000000000000000e+00 5.885127870053184e-01 0.000000000000000e+00 0.000000000000000e+00 3.169430532558414e-01 0.000000000000000e+00 0.000000000000000e+00 0.000000000000000e+00 0.000000000000000e+00 0.000000000000000e+00 0.000000000000000e+00 0.000000000000000e+00 4.996544185139979e-01 
0.000000000000000e+00 0.000000000000000e+00 0.000000000000000e+00 7.905566074673061e-01 7.066244574391426e-01 0.000000000000000e+00 0.000000000000000e+00 0.000000000000000e+00 1.127501445434017e+00 0.000000000000000e+00 0.000000000000000e+00 0.000000000000000e+00 0.000000000000000e+00 0.000000000000000e+00 0.000000000000000e+00 0.000000000000000e+00 5.489161173099700e-01 0.000000000000000e+00 2.061521164220267e-01 2.255611655480473e-02 0.000000000000000e+00 0.000000000000000e+00 0.000000000000000e+00 5.678565901108846e-02 1.945143830200264e-01 
1.013070205770857e+00 0.000000000000000e+00 2.735945825952207e-01 0.000000000000000e+00 0.000000000000000e+00 0.000000000000000e+00 0.000000000000000e+00 0.000000000000000e+00 0.000000000000000e+00 0.000000000000000e+00 0.000000000000000e+00 0.000000000000000e+00 0.000000000000000e+00 5.053843271932192e-01 7.973043880093944e-01 0.000000000000000e+00 4.950150913977273e-01 0.000000000000000e+00 0.000000000000000e+00 7.513486519149173e-01 1.858927671667026e-01 0.000000000000000e+00 0.000000000000000e+00 0.000000000000000e+00 0.000000000000000e+00 
6.028120273302187e-01 0.000000000000000e+00 9.256542580839067e-01 0.000000000000000e+00 5.179451234197860e-01 0.000000000000000e+00 0.000000000000000e+00 0.000000000000000e+00 0.000000000000000e+00 0.000000000000000e+00 0.000000000000000e+00 0.000000000000000e+00 0.000000000000000e+00 0.000000000000000e+00 0.000000000000000e+00 1.301779822963997e-01 7.650581560952648e-01 0.000000000000000e+00 0.000000000000000e+00 0.000000000000000e+00 0.000000000000000e+00 0.000000000000000e+00 0.000000000000000e+00 8.196758318044972e-01 3.459117927988151e-01 
0.000000000000000e+00 0.000000000000000e+00 0.000000000000000e+00 1.398795277072119e+00 0.000000000000000e+00 0.000000000000000e+00 4.293324044685377e-02 0.000000000000000e+00 0.000000000000000e+00 0.000000000000000e+00 8.971647652988141e-01 0.000000000000000e+00 0.000000000000000e+00 0.000000000000000e+00 0.000000000000000e+00 0.000000000000000e+00 4.512723177897472e-01 9.481491583939659e-02 0.000000000000000e+00 0.000000000000000e+00 0.000000000000000e+00 2.112831807149855e+00 0.000000000000000e+00 0.000000000000000e+00 0.000000000000000e+00 
4.911023913507404e-01 0.000000000000000e+00 0.000000000000000e+00 6.262939982276512e-01 0.000000000000000e+00 0.000000000000000e+00 3.612162636284531e-01 0.000000000000000e+00 0.000000000000000e+00 0.000000000000000e+00 0.000000000000000e+00 8.091262284486756e-01 0.000000000000000e+00 0.000000000000000e+00 0.000000000000000e+00 0.000000000000000e+00 0.000000000000000e+00 6.376246735348380e-01 0.000000000000000e+00 0.000000000000000e+00 0.000000000000000e+00 0.000000000000000e+00 0.000000000000000e+00 0.000000000000000e+00 7.423993513447435e-01 
7.756718226548307e-01 0.000000000000000e+00 7.323121421895047e-01 0.000000000000000e+00 7.876433567729027e-01 2.585328529878045e-01 0.000000000000000e+00 0.000000000000000e+00 0.000000000000000e+00 0.000000000000000e+00 0.000000000000000e+00 0.000000000000000e+00 0.000000000000000e+00 0.000000000000000e+00 9.764965454275783e-02 0.000000000000000e+00 0.000000000000000e+00 0.000000000000000e+00 0.000000000000000e+00 1.195172415061955e-02 0.000000000000000e+00 0.000000000000000e+00 0.000000000000000e+00 2.707157570378274e-01 0.000000000000000e+00 
7.435274110673503e-01 0.000000000000000e+00 0.000000000000000e+00 0.000000000000000e+00 0.000000000000000e+00 0.000000000000000e+00 0.000000000000000e+00 0.000000000000000e+00 0.000000000000000e+00 0.000000000000000e+00 6.811233057992527e-01 0.000000000000000e+00 0.000000000000000e+00 1.413690410584166e-01 0.000000000000000e+00 1.779311317220186e-01 0.000000000000000e+00 0.000000000000000e+00 0.000000000000000e+00 0.000000000000000e+00 0.000000000000000e+00 0.000000000000000e+00 0.000000000000000e+00 0.000000000000000e+00 2.210602993609819e-01 
7.194912218824559e-01 0.000000000000000e+00 5.256616332026373e-01 1.330168201627758e-01 3.230811655005451e-01 0.000000000000000e+00 0.000000000000000e+00 2.717908141164300e-02 5.780084320115397e-02 2.238634546558286e-01 0.000000000000000e+00 0.000000000000000e+00 0.000000000000000e+00 1.454583512575548e-01 0.000000000000000e+00 0.000000000000000e+00 0.000000000000000e+00 0.000000000000000e+00 0.000000000000000e+00 0.000000000000000e+00 0.000000000000000e+00 0.000000000000000e+00 2.429840927215554e-01 0.000000000000000e+00 0.000000000000000e+00 
0.000000000000000e+00 3.784155021156615e-01 0.000000000000000e+00 1.003200593073029e+00 0.000000000000000e+00 0.000000000000000e+00 2.417185644898494e-01 0.000000000000000e+00 0.000000000000000e+00 0.000000000000000e+00 0.000000000000000e+00 6.737391033989178e-02 0.000000000000000e+00 0.000000000000000e+00 4.357227038353451e-01 5.895972221422333e-02 0.000000000000000e+00 0.000000000000000e+00 0.000000000000000e+00 1.873696513621812e-01 0.000000000000000e+00 0.000000000000000e+00 3.128635893380893e-01 0.000000000000000e+00 4.676435016518045e-01 
1.701580920523805e-02 0.000000000000000e+00 0.000000000000000e+00 0.000000000000000e+00 0.000000000000000e+00 9.387865993224835e-01 0.000000000000000e+00 0.000000000000000e+00 0.000000000000000e+00 6.074914043663010e-01 0.000000000000000e+00 0.000000000000000e+00 0.000000000000000e+00 0.000000000000000e+00 0.000000000000000e+00 0.000000000000000e+00 0.000000000000000e+00 0.000000000000000e+00 0.000000000000000e+00 0.000000000000000e+00 0.000000000000000e+00 4.746169202527490e-01 0.000000000000000e+00 0.000000000000000e+00 0.000000000000000e+00 
0.000000000000000e+00 0.000000000000000e+00 4.321667763268766e-01 0.000000000000000e+00 0.000000000000000e+00 0.000000000000000e+00 0.000000000000000e+00 0.000000000000000e+00 0.000000000000000e+00 0.000000000000000e+00 9.594550023103664e-01 0.000000000000000e+00 0.000000000000000e+00 0.000000000000000e+00 9.498973482167186e-01 0.000000000000000e+00 0.000000000000000e+00 0.000000000000000e+00 0.000000000000000e+00 0.000000000000000e+00 0.000000000000000e+00 0.000000000000000e+00 0.000000000000000e+00 0.000000000000000e+00 0.000000000000000e+00 
0.000000000000000e+00 4.479665886966810e-01 9.661899176801214e-01 0.000000000000000e+00 0.000000000000000e+00 0.000000000000000e+00 0.000000000000000e+00 0.000000000000000e+00 0.000000000000000e+00 0.000000000000000e+00 3.998371711866360e-02 0.000000000000000e+00 0.000000000000000e+00 0.000000000000000e+00 0.000000000000000e+00 9.933150645378189e-02 0.000000000000000e+00 0.000000000000000e+00 0.000000000000000e+00 0.000000000000000e+00 0.000000000000000e+00 0.000000000000000e+00 0.000000000000000e+00 3.092652510236973e-01 1.940485821301649e+00 
3.067643972033924e-01 3.341001799557157e-01 0.000000000000000e+00 6.807149128374371e-01 0.000000000000000e+00 0.000000000000000e+00 0.000000000000000e+00 0.000000000000000e+00 0.000000000000000e+00 7.100804667231905e-01 0.000000000000000e+00 0.000000000000000e+00 0.000000000000000e+00 0.000000000000000e+00 0.000000000000000e+00 0.000000000000000e+00 0.000000000000000e+00 0.000000000000000e+00 0.000000000000000e+00 0.000000000000000e+00 1.581065899642631e-01 0.000000000000000e+00 0.000000000000000e+00 0.000000000000000e+00 0.000000000000000e+00 
0.000000000000000e+00 0.000000000000000e+00 0.000000000000000e+00 4.506859685981229e-01 0.000000000000000e+00 0.000000000000000e+00 0.000000000000000e+00 0.000000000000000e+00 0.000000000000000e+00 0.000000000000000e+00 0.000000000000000e+00 0.000000000000000e+00 0.000000000000000e+00 0.000000000000000e+00 0.000000000000000e+00 7.596132770871222e-01 0.000000000000000e+00 0.000000000000000e+00 0.000000000000000e+00 0.000000000000000e+00 0.000000000000000e+00 0.000000000000000e+00 0.000000000000000e+00 0.000000000000000e+00 0.000000000000000e+00 
0.000000000000000e+00 0.000000000000000e+00 0.000000000000000e+00 0.000000000000000e+00 3.031219295387079e-01 0.000000000000000e+00 0.000000000000000e+00 0.000000000000000e+00 0.000000000000000e+00 0.000000000000000e+00 0.000000000000000e+00 0.000000000000000e+00 0.000000000000000e+00 0.000000000000000e+00 0.000000000000000e+00 0.000000000000000e+00 1.517695907379305e-01 0.000000000000000e+00 0.000000000000000e+00 0.000000000000000e+00 0.000000000000000e+00 0.000000000000000e+00 0.000000000000000e+00 0.000000000000000e+00 0.000000000000000e+00 
0.000000000000000e+00 4.863328144499884e-01 0.000000000000000e+00 0.000000000000000e+00 0.000000000000000e+00 0.000000000000000e+00 0.000000000000000e+00 0.000000000000000e+00 0.000000000000000e+00 0.000000000000000e+00 0.000000000000000e+00 0.000000000000000e+00 0.000000000000000e+00 0.000000000000000e+00 0.000000000000000e+00 7.325254200914920e-02 0.000000000000000e+00 0.000000000000000e+00 0.000000000000000e+00 0.000000000000000e+00 0.000000000000000e+00 0.000000000000000e+00 0.000000000000000e+00 0.000000000000000e+00 0.000000000000000e+00 