# File created on Fri May 17 15:42:04 2024
# The following metaparameters were used for this matrix optimization : gamma0 = 0.5; alpha0 = 0; sigma0 = 0.25; l0 = 1;p = 1; R0 = 1; S0 = 0.05; NR = 25; NS = 25; matrix path = matrices/Nr25_Nc25/consumption/RandTrix_Nr25_Nc25_Nest0.3_Conn0.1776.txt; convergence threshold = 1e-08
0.000000000000000e+00 0.000000000000000e+00 0.000000000000000e+00 4.130068607140596e-03 0.000000000000000e+00 8.459419416929499e-04 3.813383980080670e-03 0.000000000000000e+00 0.000000000000000e+00 0.000000000000000e+00 3.165967325116991e-03 3.623407782255279e-03 3.321167452901288e-03 3.065281478341205e-03 0.000000000000000e+00 0.000000000000000e+00 0.000000000000000e+00 0.000000000000000e+00 0.000000000000000e+00 0.000000000000000e+00 0.000000000000000e+00 1.848709872533459e-03 0.000000000000000e+00 2.345313714653882e-03 3.245745385837417e-03 
4.360432237991465e-03 3.183489107467779e-03 0.000000000000000e+00 3.519382982572359e-04 0.000000000000000e+00 0.000000000000000e+00 0.000000000000000e+00 0.000000000000000e+00 0.000000000000000e+00 0.000000000000000e+00 4.087986883567706e-04 0.000000000000000e+00 0.000000000000000e+00 0.000000000000000e+00 0.000000000000000e+00 2.720337015852516e-03 4.172883946256162e-03 0.000000000000000e+00 4.060718107389153e-03 3.839113140758557e-03 0.000000000000000e+00 3.918635402296241e-03 0.000000000000000e+00 0.000000000000000e+00 2.066320308986116e-03 
0.000000000000000e+00 0.000000000000000e+00 0.000000000000000e+00 2.127518472575804e-03 0.000000000000000e+00 0.000000000000000e+00 0.000000000000000e+00 0.000000000000000e+00 7.228922930136040e-04 0.000000000000000e+00 0.000000000000000e+00 0.000000000000000e+00 1.981312676914583e-03 0.000000000000000e+00 0.000000000000000e+00 0.000000000000000e+00 4.510874674739676e-03 0.000000000000000e+00 2.710987361371075e-03 0.000000000000000e+00 4.298126415676641e-03 0.000000000000000e+00 3.384249311250168e-03 2.469722655416334e-04 0.000000000000000e+00 
0.000000000000000e+00 3.265002197019235e-03 3.298465319672452e-03 8.192452664684845e-05 0.000000000000000e+00 2.356016814748666e-03 0.000000000000000e+00 0.000000000000000e+00 2.729583077116168e-03 0.000000000000000e+00 0.000000000000000e+00 0.000000000000000e+00 0.000000000000000e+00 0.000000000000000e+00 3.661894023502813e-03 4.673255342173185e-03 0.000000000000000e+00 2.681500622788107e-03 0.000000000000000e+00 0.000000000000000e+00 1.122592350585051e-03 0.000000000000000e+00 2.261829395862315e-03 0.000000000000000e+00 3.116532493954236e-03 
0.000000000000000e+00 0.000000000000000e+00 1.792624008390535e-03 0.000000000000000e+00 1.431956501104872e-03 0.000000000000000e+00 0.000000000000000e+00 3.953783204555590e-03 0.000000000000000e+00 0.000000000000000e+00 7.536887856576918e-04 7.024590424208831e-04 0.000000000000000e+00 0.000000000000000e+00 0.000000000000000e+00 0.000000000000000e+00 4.122509282052450e-03 1.803726333297915e-03 0.000000000000000e+00 0.000000000000000e+00 1.891419385310687e-03 0.000000000000000e+00 0.000000000000000e+00 7.328390966428880e-04 0.000000000000000e+00 
4.887594478132411e-03 0.000000000000000e+00 7.514845036603300e-04 4.998091641198590e-06 1.209026337156699e-03 0.000000000000000e+00 2.998461601499931e-03 0.000000000000000e+00 3.819899259855500e-03 0.000000000000000e+00 0.000000000000000e+00 8.489092710227345e-04 0.000000000000000e+00 3.323467144643265e-03 0.000000000000000e+00 1.198939827008692e-03 4.829954360214740e-03 2.013234796810314e-03 6.367511508330832e-05 3.644494684137007e-03 0.000000000000000e+00 4.460129797015846e-03 0.000000000000000e+00 3.377773387246908e-03 1.219683057614158e-03 
0.000000000000000e+00 1.505928690969998e-03 1.538684705703585e-03 4.556201185514721e-03 2.999186102297854e-03 3.561189522263064e-03 0.000000000000000e+00 4.645844831994594e-04 0.000000000000000e+00 1.322779214009869e-03 2.221561142467468e-03 2.948818599845192e-03 0.000000000000000e+00 4.435489937954719e-03 0.000000000000000e+00 0.000000000000000e+00 4.833811571326488e-03 0.000000000000000e+00 0.000000000000000e+00 2.357933881698960e-03 2.522151426166656e-03 0.000000000000000e+00 0.000000000000000e+00 0.000000000000000e+00 0.000000000000000e+00 
7.006149323362337e-04 3.823514065385379e-03 0.000000000000000e+00 2.689199453509692e-03 8.782701626160918e-04 2.716450820704851e-03 2.159501945281758e-03 0.000000000000000e+00 0.000000000000000e+00 0.000000000000000e+00 0.000000000000000e+00 0.000000000000000e+00 0.000000000000000e+00 0.000000000000000e+00 1.177333353114799e-05 0.000000000000000e+00 4.692907604944569e-03 1.390783221235637e-03 0.000000000000000e+00 0.000000000000000e+00 0.000000000000000e+00 1.230674486821503e-03 3.965997585487057e-03 0.000000000000000e+00 2.694493651502584e-03 
0.000000000000000e+00 2.902395302888705e-03 0.000000000000000e+00 4.436951200044926e-03 0.000000000000000e+00 0.000000000000000e+00 0.000000000000000e+00 0.000000000000000e+00 0.000000000000000e+00 1.837626252192714e-03 0.000000000000000e+00 0.000000000000000e+00 0.000000000000000e+00 3.812309113059361e-06 0.000000000000000e+00 0.000000000000000e+00 6.889112302600911e-04 8.106058541675937e-04 1.842391016013778e-03 0.000000000000000e+00 0.000000000000000e+00 0.000000000000000e+00 3.759926942068698e-03 2.001026412765420e-03 4.514863459995537e-03 
0.000000000000000e+00 0.000000000000000e+00 2.449242834444444e-03 0.000000000000000e+00 4.635598122762434e-03 0.000000000000000e+00 1.424460772346760e-03 0.000000000000000e+00 3.304772484730643e-03 0.000000000000000e+00 4.016461472418922e-03 0.000000000000000e+00 0.000000000000000e+00 0.000000000000000e+00 3.718597731136246e-05 0.000000000000000e+00 0.000000000000000e+00 8.420179464484492e-04 4.170424598938950e-03 4.300318701914239e-03 2.712987442152617e-03 0.000000000000000e+00 0.000000000000000e+00 3.214693313338030e-03 4.874371450676617e-03 
0.000000000000000e+00 0.000000000000000e+00 5.328562946614647e-04 0.000000000000000e+00 3.109017419767922e-03 3.550634040366733e-03 0.000000000000000e+00 4.728846270501394e-03 9.323688842357905e-04 1.552235417542537e-03 3.601586713493467e-03 8.174140297511549e-04 2.095279465849596e-03 4.971422538078396e-03 0.000000000000000e+00 1.107170438588443e-03 2.644603760407769e-03 0.000000000000000e+00 0.000000000000000e+00 0.000000000000000e+00 2.118996331972465e-03 1.810459210776649e-03 1.851284091544509e-03 1.562097505804651e-03 4.992446695282263e-03 
4.578365217211138e-03 3.959964188135397e-03 0.000000000000000e+00 0.000000000000000e+00 1.584291694030620e-03 4.098678164167382e-04 0.000000000000000e+00 0.000000000000000e+00 1.765415093643295e-03 1.483036014443154e-03 0.000000000000000e+00 0.000000000000000e+00 4.198751294285452e-03 0.000000000000000e+00 6.257780928020142e-04 1.193494670207370e-03 3.596938515379266e-03 3.513577040287800e-03 0.000000000000000e+00 3.098269419312763e-04 0.000000000000000e+00 3.191195256132385e-03 0.000000000000000e+00 0.000000000000000e+00 0.000000000000000e+00 
0.000000000000000e+00 1.740545650876634e-03 0.000000000000000e+00 3.122985538105106e-03 3.714621269289548e-03 1.669626786830004e-03 1.455010379712367e-03 0.000000000000000e+00 3.788179144874516e-03 0.000000000000000e+00 3.814049904265150e-03 1.764917393298424e-03 0.000000000000000e+00 9.806207638509064e-04 1.097872873380320e-03 0.000000000000000e+00 0.000000000000000e+00 4.721364246049834e-03 0.000000000000000e+00 3.751836022254223e-03 4.058656290333946e-03 1.018000274029810e-03 0.000000000000000e+00 2.783380090447841e-03 0.000000000000000e+00 
0.000000000000000e+00 0.000000000000000e+00 0.000000000000000e+00 4.933014988655123e-03 8.365381379504812e-04 0.000000000000000e+00 2.538191320999617e-03 3.773282654963518e-03 4.483257492637758e-03 4.866860984907670e-03 0.000000000000000e+00 0.000000000000000e+00 0.000000000000000e+00 8.912661646374718e-05 0.000000000000000e+00 5.364670494020854e-04 0.000000000000000e+00 0.000000000000000e+00 1.621578933851169e-03 5.038152846458445e-04 0.000000000000000e+00 1.758937339437641e-03 3.649274156063361e-03 0.000000000000000e+00 2.148044476012456e-03 
1.974383105278614e-03 2.774254834002296e-03 3.155855275430455e-03 0.000000000000000e+00 0.000000000000000e+00 0.000000000000000e+00 7.403250299157393e-04 4.297985337309828e-03 0.000000000000000e+00 0.000000000000000e+00 3.110134063750045e-03 0.000000000000000e+00 0.000000000000000e+00 4.243478209037476e-03 0.000000000000000e+00 3.168554100818735e-03 0.000000000000000e+00 4.548490517322437e-03 2.516798091915390e-03 4.905193418022517e-03 0.000000000000000e+00 0.000000000000000e+00 2.354994134647929e-03 0.000000000000000e+00 0.000000000000000e+00 
4.372295725780791e-03 4.827958869782361e-03 4.240264953474521e-03 4.689422642566205e-03 0.000000000000000e+00 0.000000000000000e+00 3.283342090534348e-03 4.777979885012454e-03 8.484413407575429e-04 0.000000000000000e+00 2.496613716434455e-03 0.000000000000000e+00 8.546635194964408e-04 8.264505757992502e-04 0.000000000000000e+00 0.000000000000000e+00 0.000000000000000e+00 0.000000000000000e+00 3.555995264002861e-03 1.523158904738527e-03 4.009357495880559e-03 4.217650312677998e-03 0.000000000000000e+00 1.787970273436503e-03 3.729789058321614e-03 
3.270669998074457e-03 0.000000000000000e+00 0.000000000000000e+00 1.283196631606799e-03 4.105839709332377e-03 5.213175956758998e-04 0.000000000000000e+00 0.000000000000000e+00 2.760999302406480e-03 2.495443901261570e-03 2.116602843223570e-03 0.000000000000000e+00 1.647710297575769e-03 1.545196481833266e-03 0.000000000000000e+00 3.199076469253809e-03 3.478145728972364e-03 0.000000000000000e+00 3.836676872774913e-03 0.000000000000000e+00 1.862343170164702e-03 0.000000000000000e+00 4.559403364879370e-04 3.014362263006437e-03 0.000000000000000e+00 
0.000000000000000e+00 2.861820081231420e-03 0.000000000000000e+00 4.961368189895248e-03 3.655350435070084e-03 3.982540702834343e-04 1.432538226448163e-03 3.674928109678239e-03 1.828856520577389e-03 4.924712838597281e-03 0.000000000000000e+00 0.000000000000000e+00 2.844415064706661e-03 0.000000000000000e+00 0.000000000000000e+00 0.000000000000000e+00 0.000000000000000e+00 1.585072807324100e-03 3.427815374358385e-03 1.954780343718388e-03 3.554309960670740e-03 0.000000000000000e+00 3.468254431246597e-03 3.828143603363634e-03 1.834314864281986e-03 
0.000000000000000e+00 2.027762663841113e-03 0.000000000000000e+00 0.000000000000000e+00 1.778510003501934e-03 4.121686491918250e-03 0.000000000000000e+00 0.000000000000000e+00 0.000000000000000e+00 0.000000000000000e+00 0.000000000000000e+00 3.849306569042504e-04 0.000000000000000e+00 0.000000000000000e+00 0.000000000000000e+00 2.705874291262713e-03 7.076593128663677e-04 0.000000000000000e+00 2.001204211434599e-03 3.427160097359008e-03 0.000000000000000e+00 4.222410281666109e-03 4.775362027698721e-03 0.000000000000000e+00 3.800980566956704e-05 
0.000000000000000e+00 1.712809458656952e-03 1.165755566600767e-03 7.213168996470668e-04 1.316085920805474e-03 0.000000000000000e+00 0.000000000000000e+00 0.000000000000000e+00 0.000000000000000e+00 1.800266289945404e-03 3.761502375462865e-03 0.000000000000000e+00 3.272236843608389e-03 3.088477916874552e-03 1.540654833577978e-03 0.000000000000000e+00 3.321333168159942e-03 0.000000000000000e+00 3.669546493649636e-03 0.000000000000000e+00 1.628464012674963e-03 0.000000000000000e+00 0.000000000000000e+00 0.000000000000000e+00 0.000000000000000e+00 
0.000000000000000e+00 3.939366864069346e-03 2.194637418195424e-03 0.000000000000000e+00 3.767088249154240e-03 0.000000000000000e+00 0.000000000000000e+00 2.110413057362944e-03 3.976825295301161e-05 0.000000000000000e+00 0.000000000000000e+00 0.000000000000000e+00 0.000000000000000e+00 2.266048571541692e-04 0.000000000000000e+00 3.237096615632105e-03 3.336739086249128e-03 0.000000000000000e+00 5.453801359191692e-04 0.000000000000000e+00 0.000000000000000e+00 5.401650713505353e-04 0.000000000000000e+00 2.426891187481830e-04 1.507369617831524e-03 
1.842993365514467e-03 1.024257232223333e-03 3.867558219731004e-03 0.000000000000000e+00 0.000000000000000e+00 0.000000000000000e+00 1.159339423969471e-03 2.618830932900139e-03 1.626260886878355e-04 5.489918477797749e-04 3.027800854082848e-03 3.878366248248419e-03 4.291224711927152e-03 2.476366950491911e-03 1.787512717451078e-04 0.000000000000000e+00 0.000000000000000e+00 0.000000000000000e+00 2.280070097447525e-03 0.000000000000000e+00 0.000000000000000e+00 1.480611116009171e-03 4.300893549622559e-03 4.237206353632822e-03 5.756331079022515e-04 
0.000000000000000e+00 3.179538194981920e-03 4.736225231090625e-03 0.000000000000000e+00 4.416364614520766e-03 0.000000000000000e+00 3.115607851038652e-03 1.061565830627132e-03 0.000000000000000e+00 0.000000000000000e+00 2.752520514207711e-03 0.000000000000000e+00 0.000000000000000e+00 2.996816488171723e-03 3.802859235933168e-03 2.984771964911212e-03 2.002166754404689e-03 0.000000000000000e+00 3.378019117017809e-03 0.000000000000000e+00 3.381747906246987e-03 3.210606449300090e-03 0.000000000000000e+00 2.909901591430711e-03 3.244560208148491e-03 
5.089500199773952e-04 0.000000000000000e+00 0.000000000000000e+00 0.000000000000000e+00 3.779151804449010e-03 1.968579809414604e-03 0.000000000000000e+00 3.854168805276750e-03 4.146313913868058e-03 0.000000000000000e+00 0.000000000000000e+00 1.103711434116772e-03 0.000000000000000e+00 0.000000000000000e+00 0.000000000000000e+00 0.000000000000000e+00 3.544711958743961e-03 2.119851834261023e-03 1.851236359678002e-03 2.099800501966750e-03 0.000000000000000e+00 2.569782552164293e-03 0.000000000000000e+00 0.000000000000000e+00 4.261076290922616e-03 
0.000000000000000e+00 0.000000000000000e+00 3.825690691347068e-03 3.554514169011165e-03 4.362654738977993e-03 4.082737653884681e-03 0.000000000000000e+00 0.000000000000000e+00 0.000000000000000e+00 1.204689573996538e-03 0.000000000000000e+00 0.000000000000000e+00 2.569620760891220e-03 0.000000000000000e+00 9.633438861170180e-04 1.091514975749497e-03 1.587156699878601e-03 2.140306085642828e-03 0.000000000000000e+00 0.000000000000000e+00 2.745686190749104e-03 1.132257517067733e-04 0.000000000000000e+00 3.881852370349934e-04 0.000000000000000e+00 