# File created on Fri May 17 15:42:08 2024
# The following metaparameters were used for this matrix optimization : gamma0 = 0.5; alpha0 = 0; sigma0 = 0.25; l0 = 1;p = 1; R0 = 1; S0 = 0.05; NR = 25; NS = 25; matrix path = matrices/Nr25_Nc25/consumption/RandTrix_Nr25_Nc25_Nest0.4_Conn0.2288.txt; convergence threshold = 1e-08
0.000000000000000e+00 1.596326186919716e-04 0.000000000000000e+00 0.000000000000000e+00 4.546985903899717e-03 0.000000000000000e+00 4.841791581648051e-03 1.107543685921586e-03 0.000000000000000e+00 4.764460969806281e-03 0.000000000000000e+00 3.312608141985110e-03 0.000000000000000e+00 0.000000000000000e+00 2.453561606572342e-03 2.340814410402335e-03 3.110963358386936e-03 0.000000000000000e+00 3.579620715325374e-03 3.072517815588638e-04 0.000000000000000e+00 4.350953994544601e-03 0.000000000000000e+00 0.000000000000000e+00 1.694480487729419e-03 
0.000000000000000e+00 0.000000000000000e+00 0.000000000000000e+00 4.968626814775242e-03 1.657889749656090e-03 0.000000000000000e+00 4.180604640229633e-03 1.147666259532637e-03 8.370710752487157e-04 1.032126755520248e-03 3.203427191009018e-03 0.000000000000000e+00 0.000000000000000e+00 0.000000000000000e+00 0.000000000000000e+00 3.848422721433039e-03 0.000000000000000e+00 1.947153756599418e-03 0.000000000000000e+00 2.386341130232536e-03 0.000000000000000e+00 3.948328813876180e-03 0.000000000000000e+00 0.000000000000000e+00 2.393739515587838e-03 
0.000000000000000e+00 0.000000000000000e+00 0.000000000000000e+00 0.000000000000000e+00 0.000000000000000e+00 0.000000000000000e+00 3.078411112035074e-03 2.189421348548124e-03 1.304170256852174e-03 0.000000000000000e+00 4.517765931966854e-03 1.640309960837435e-03 2.111662103974374e-03 0.000000000000000e+00 3.842036621502813e-03 4.018510033773669e-04 0.000000000000000e+00 2.822210032488348e-03 0.000000000000000e+00 0.000000000000000e+00 0.000000000000000e+00 3.876208756937084e-03 2.595903404005471e-03 1.636102372502254e-03 0.000000000000000e+00 
0.000000000000000e+00 2.741081244520972e-03 2.502519923542980e-03 3.930266693372031e-04 0.000000000000000e+00 0.000000000000000e+00 5.421010323511444e-04 0.000000000000000e+00 0.000000000000000e+00 0.000000000000000e+00 0.000000000000000e+00 2.208252650180206e-03 0.000000000000000e+00 0.000000000000000e+00 8.902610185345913e-04 0.000000000000000e+00 2.049439851251719e-03 0.000000000000000e+00 0.000000000000000e+00 3.801674649441837e-03 3.639941074287653e-03 7.192525625902054e-04 3.540563455208678e-03 4.933872288929652e-03 0.000000000000000e+00 
0.000000000000000e+00 0.000000000000000e+00 0.000000000000000e+00 1.727650899418158e-03 3.262692744770088e-03 0.000000000000000e+00 0.000000000000000e+00 0.000000000000000e+00 0.000000000000000e+00 0.000000000000000e+00 2.977257293596972e-03 0.000000000000000e+00 4.441521144810912e-03 0.000000000000000e+00 0.000000000000000e+00 3.177783938327032e-03 0.000000000000000e+00 2.582656810934566e-03 0.000000000000000e+00 2.167871073367092e-03 0.000000000000000e+00 2.771435642740179e-03 3.326369950224854e-03 0.000000000000000e+00 2.578715982157402e-03 
0.000000000000000e+00 3.681558754890697e-03 5.302690188922403e-04 0.000000000000000e+00 2.267316227078530e-04 0.000000000000000e+00 1.410417410871007e-03 4.648877482623587e-03 0.000000000000000e+00 0.000000000000000e+00 1.718148882470740e-03 2.555185435613999e-03 0.000000000000000e+00 0.000000000000000e+00 9.667047824164115e-04 2.491214851856298e-03 0.000000000000000e+00 0.000000000000000e+00 3.623180264446075e-03 2.890112000926097e-03 0.000000000000000e+00 4.391308382375886e-03 2.668112367545362e-03 4.091740585848301e-03 0.000000000000000e+00 
3.090595352374822e-03 0.000000000000000e+00 1.857066672607249e-03 0.000000000000000e+00 0.000000000000000e+00 0.000000000000000e+00 6.648003818804936e-05 1.446328476342548e-04 0.000000000000000e+00 2.198760706803926e-03 9.836977888033233e-04 0.000000000000000e+00 0.000000000000000e+00 0.000000000000000e+00 0.000000000000000e+00 4.852762531733126e-03 4.476011351421782e-03 0.000000000000000e+00 3.110312966540844e-03 2.490180753552718e-03 3.715731676874389e-03 0.000000000000000e+00 0.000000000000000e+00 2.600652691071761e-03 3.526463669735764e-03 
3.846616089085689e-03 0.000000000000000e+00 1.271132841632713e-04 2.590097279481536e-04 9.412500752334603e-04 4.915265280449886e-04 0.000000000000000e+00 0.000000000000000e+00 0.000000000000000e+00 3.846481690660831e-03 0.000000000000000e+00 9.103310219606372e-04 2.948436240320120e-03 0.000000000000000e+00 5.147669634842484e-04 0.000000000000000e+00 2.153357611091309e-04 4.517909869462632e-03 0.000000000000000e+00 0.000000000000000e+00 0.000000000000000e+00 0.000000000000000e+00 4.910451059679380e-03 2.174213818804898e-04 1.848895565492699e-03 
3.388018805706694e-03 0.000000000000000e+00 0.000000000000000e+00 0.000000000000000e+00 3.964197378584023e-03 0.000000000000000e+00 0.000000000000000e+00 3.086270800890408e-03 0.000000000000000e+00 0.000000000000000e+00 0.000000000000000e+00 0.000000000000000e+00 5.211350134768056e-04 2.370290398096399e-03 0.000000000000000e+00 4.212459556276389e-03 5.876431583265931e-04 3.378478514758362e-03 4.876468252615200e-03 0.000000000000000e+00 3.993007972506459e-03 0.000000000000000e+00 0.000000000000000e+00 1.829555945096929e-03 0.000000000000000e+00 
0.000000000000000e+00 0.000000000000000e+00 0.000000000000000e+00 0.000000000000000e+00 0.000000000000000e+00 3.171505864670612e-03 0.000000000000000e+00 4.855815623558729e-03 0.000000000000000e+00 2.826499128361252e-03 3.552392224455072e-03 0.000000000000000e+00 2.907341088145144e-03 2.201994667658126e-03 4.672649232343615e-03 3.707743974285867e-03 3.266505322376980e-03 5.066643858704489e-04 4.231448400080540e-03 0.000000000000000e+00 2.887064153709725e-03 3.869929538068901e-03 0.000000000000000e+00 9.085616080361200e-04 0.000000000000000e+00 
1.927222644616516e-04 0.000000000000000e+00 0.000000000000000e+00 0.000000000000000e+00 0.000000000000000e+00 0.000000000000000e+00 0.000000000000000e+00 2.520347715706953e-03 2.783207646253049e-03 3.679984539429841e-03 1.359503809124084e-03 1.389695216718792e-03 4.600147073630605e-03 0.000000000000000e+00 7.631404156602776e-04 0.000000000000000e+00 0.000000000000000e+00 1.304576061124747e-03 1.359392673271020e-03 1.338435078691139e-03 0.000000000000000e+00 0.000000000000000e+00 3.585702782258152e-03 4.697505651161623e-03 1.633808063780963e-04 
0.000000000000000e+00 8.854365608922931e-04 0.000000000000000e+00 4.689002215040803e-03 0.000000000000000e+00 0.000000000000000e+00 0.000000000000000e+00 0.000000000000000e+00 3.945805299214161e-03 2.103897319720024e-03 2.860521960428346e-03 4.533578389338869e-03 1.115435351133135e-03 2.827169118724237e-03 0.000000000000000e+00 3.255512019677881e-03 2.306668498923427e-03 0.000000000000000e+00 4.336536598404402e-03 4.222485401141078e-03 0.000000000000000e+00 8.317066592274282e-04 2.497408644669620e-03 1.795750754077099e-03 0.000000000000000e+00 
0.000000000000000e+00 4.631382478938920e-03 4.556192669447632e-03 3.849715286912041e-03 4.746920347526676e-03 4.188375517896864e-03 0.000000000000000e+00 0.000000000000000e+00 0.000000000000000e+00 1.472582316129925e-03 0.000000000000000e+00 1.708376107046158e-03 0.000000000000000e+00 0.000000000000000e+00 8.064830617137551e-04 2.863355338507813e-03 2.668651730510180e-03 6.853200142680441e-04 4.637654209241131e-03 0.000000000000000e+00 0.000000000000000e+00 0.000000000000000e+00 8.044146995509071e-04 7.576990885249095e-04 9.413933609486444e-04 
4.981558939800644e-03 0.000000000000000e+00 4.921106693288936e-04 0.000000000000000e+00 0.000000000000000e+00 8.568628592689037e-04 0.000000000000000e+00 0.000000000000000e+00 0.000000000000000e+00 2.932553129857797e-03 0.000000000000000e+00 0.000000000000000e+00 0.000000000000000e+00 2.176703618990739e-03 4.531563229874119e-03 0.000000000000000e+00 0.000000000000000e+00 4.493418662988510e-03 0.000000000000000e+00 1.530435208901133e-03 0.000000000000000e+00 0.000000000000000e+00 3.244192610774038e-04 3.327097129034438e-03 0.000000000000000e+00 
0.000000000000000e+00 0.000000000000000e+00 0.000000000000000e+00 0.000000000000000e+00 0.000000000000000e+00 3.338527242700449e-03 0.000000000000000e+00 3.756451476635511e-04 0.000000000000000e+00 0.000000000000000e+00 0.000000000000000e+00 2.308535534295328e-03 0.000000000000000e+00 0.000000000000000e+00 2.055409749696927e-03 2.769585849830316e-03 0.000000000000000e+00 0.000000000000000e+00 1.057759330268445e-03 2.763726722824834e-03 0.000000000000000e+00 4.935988661375180e-04 0.000000000000000e+00 0.000000000000000e+00 2.895538006331044e-03 
4.320780686769024e-03 4.827032988580905e-03 0.000000000000000e+00 2.148089178780307e-03 0.000000000000000e+00 2.873819285152409e-03 3.287166661255097e-03 4.565760977802856e-04 4.473781910847369e-03 1.697698346293402e-03 0.000000000000000e+00 5.820694718695305e-04 0.000000000000000e+00 4.093439251186534e-03 3.808071316828429e-03 0.000000000000000e+00 2.180474689716996e-03 0.000000000000000e+00 0.000000000000000e+00 0.000000000000000e+00 3.654813767463123e-03 3.279123896513109e-03 0.000000000000000e+00 4.343398251771164e-03 0.000000000000000e+00 
0.000000000000000e+00 0.000000000000000e+00 2.098800605935106e-03 4.208296084347049e-03 0.000000000000000e+00 3.421671366085786e-03 0.000000000000000e+00 1.325919067115647e-03 4.340039316884859e-03 3.894007265474979e-03 0.000000000000000e+00 4.410545359434987e-04 0.000000000000000e+00 0.000000000000000e+00 0.000000000000000e+00 0.000000000000000e+00 1.030025869073077e-04 0.000000000000000e+00 0.000000000000000e+00 0.000000000000000e+00 3.509525230777563e-03 2.384924722899529e-03 0.000000000000000e+00 2.207242048601335e-03 0.000000000000000e+00 
0.000000000000000e+00 1.561811426911700e-03 5.397279296292263e-04 2.851184766465520e-03 8.777257120373878e-04 4.774599716281449e-03 4.133154976014062e-03 0.000000000000000e+00 0.000000000000000e+00 5.029852468463347e-04 2.246992101661250e-03 0.000000000000000e+00 0.000000000000000e+00 0.000000000000000e+00 5.235526469557487e-04 3.453001405951699e-03 0.000000000000000e+00 0.000000000000000e+00 4.715193451541038e-03 0.000000000000000e+00 0.000000000000000e+00 6.634629774280910e-04 0.000000000000000e+00 0.000000000000000e+00 0.000000000000000e+00 
0.000000000000000e+00 0.000000000000000e+00 3.206530964349444e-04 4.921113352131141e-03 0.000000000000000e+00 3.227720407517571e-03 0.000000000000000e+00 0.000000000000000e+00 2.735236127384384e-03 3.502715600699693e-03 8.027542495000053e-04 2.870818529493465e-03 1.686023277032876e-03 0.000000000000000e+00 0.000000000000000e+00 0.000000000000000e+00 0.000000000000000e+00 9.034031861683765e-04 2.036492620272266e-03 3.792972738471595e-03 4.664599339850782e-03 0.000000000000000e+00 3.082278762789332e-03 2.888150955452635e-04 0.000000000000000e+00 
0.000000000000000e+00 4.593059350168246e-03 2.497769945084352e-03 8.506662553433626e-04 0.000000000000000e+00 4.962417269079616e-03 0.000000000000000e+00 3.042914730962553e-03 0.000000000000000e+00 2.216753087944154e-03 0.000000000000000e+00 0.000000000000000e+00 0.000000000000000e+00 2.165022515700944e-03 2.166760032992069e-03 1.705384559515708e-03 3.750064261270612e-03 8.954775205262354e-04 0.000000000000000e+00 1.953981101335816e-03 3.578736385155627e-03 3.776052294445007e-03 3.517117460635822e-03 4.314290934809136e-03 0.000000000000000e+00 
0.000000000000000e+00 0.000000000000000e+00 0.000000000000000e+00 0.000000000000000e+00 0.000000000000000e+00 0.000000000000000e+00 0.000000000000000e+00 3.146263254158232e-03 3.221718331056959e-04 0.000000000000000e+00 3.880048030568122e-03 0.000000000000000e+00 0.000000000000000e+00 2.426732900713290e-03 0.000000000000000e+00 0.000000000000000e+00 0.000000000000000e+00 0.000000000000000e+00 0.000000000000000e+00 2.875341941568582e-03 3.880679285574518e-03 8.756174220722765e-04 4.597514991129251e-03 2.478938866715817e-03 1.736910306615930e-03 
1.794735925737436e-04 0.000000000000000e+00 4.434153068070774e-04 0.000000000000000e+00 0.000000000000000e+00 2.043968969714770e-03 9.324990837372691e-04 0.000000000000000e+00 3.149430736597066e-03 2.730038454932214e-03 0.000000000000000e+00 0.000000000000000e+00 2.550660909558605e-03 0.000000000000000e+00 0.000000000000000e+00 1.914694409660524e-04 0.000000000000000e+00 0.000000000000000e+00 3.294960203443192e-03 0.000000000000000e+00 4.879012218031765e-03 0.000000000000000e+00 0.000000000000000e+00 7.643693982184142e-04 0.000000000000000e+00 
0.000000000000000e+00 4.888275133696039e-03 1.549227195229660e-03 2.862010744248648e-03 0.000000000000000e+00 0.000000000000000e+00 0.000000000000000e+00 5.482302428373286e-04 4.362733342995149e-03 4.115037787168736e-03 3.212034325487229e-03 4.822987018530158e-03 0.000000000000000e+00 3.291746758790883e-03 4.664983137293981e-03 2.191946085595821e-03 0.000000000000000e+00 0.000000000000000e+00 2.117469839992216e-03 2.361894079091291e-03 6.349307088141140e-04 3.157507830898363e-03 1.197736730768697e-03 4.878370237692872e-03 4.061422848541306e-03 
0.000000000000000e+00 0.000000000000000e+00 0.000000000000000e+00 3.093576045117365e-03 0.000000000000000e+00 0.000000000000000e+00 0.000000000000000e+00 0.000000000000000e+00 0.000000000000000e+00 0.000000000000000e+00 0.000000000000000e+00 4.944496487710203e-04 0.000000000000000e+00 4.350598639119691e-03 0.000000000000000e+00 0.000000000000000e+00 3.712449469091575e-03 0.000000000000000e+00 0.000000000000000e+00 0.000000000000000e+00 0.000000000000000e+00 4.935427072895756e-03 0.000000000000000e+00 0.000000000000000e+00 0.000000000000000e+00 
0.000000000000000e+00 0.000000000000000e+00 1.570659114521432e-03 2.353644884015868e-03 0.000000000000000e+00 0.000000000000000e+00 4.162009778363259e-03 2.593651208067170e-03 4.034185053299056e-03 0.000000000000000e+00 4.943387826963734e-03 2.329835146313241e-03 0.000000000000000e+00 0.000000000000000e+00 0.000000000000000e+00 1.410814479341380e-03 4.779737661644357e-04 3.045718629506683e-03 1.760631270113559e-03 0.000000000000000e+00 0.000000000000000e+00 0.000000000000000e+00 2.564414680826619e-03 4.198165984762100e-03 0.000000000000000e+00 