# File created on Fri May 17 15:41:54 2024
# The following metaparameters were used for this matrix optimization : gamma0 = 0.5; alpha0 = 0; sigma0 = 0.25; l0 = 1;p = 1; R0 = 1; S0 = 0.05; NR = 25; NS = 25; matrix path = matrices/Nr25_Nc25/consumption/RandTrix_Nr25_Nc25_Nest0.6_Conn0.3168.txt; convergence threshold = 1e-08
0.000000000000000e+00 7.613347108592145e-04 2.932657682136073e-03 3.347141548710886e-03 0.000000000000000e+00 0.000000000000000e+00 4.022401016782379e-04 2.609540169951617e-03 1.379477230639319e-03 0.000000000000000e+00 2.726771629304161e-03 0.000000000000000e+00 4.999318086190659e-04 3.716783747129825e-03 2.838173839846172e-03 4.007558388442924e-03 4.245302175886467e-03 0.000000000000000e+00 0.000000000000000e+00 0.000000000000000e+00 0.000000000000000e+00 0.000000000000000e+00 0.000000000000000e+00 0.000000000000000e+00 0.000000000000000e+00 
0.000000000000000e+00 0.000000000000000e+00 0.000000000000000e+00 4.609278261341947e-03 2.981659053827808e-03 2.860936822639980e-03 4.099520944454391e-03 0.000000000000000e+00 4.179831276762921e-03 2.517260928499366e-03 0.000000000000000e+00 4.326290223893663e-03 4.746024664136964e-03 0.000000000000000e+00 0.000000000000000e+00 1.242636773585456e-03 0.000000000000000e+00 4.395006033451874e-03 4.075429266760846e-03 0.000000000000000e+00 5.430798848753519e-04 0.000000000000000e+00 4.928407117182298e-03 0.000000000000000e+00 3.223201746631843e-03 
2.788172290623147e-03 2.203213147694856e-04 8.076430584245007e-04 0.000000000000000e+00 1.924368098615453e-03 1.803107015819964e-03 0.000000000000000e+00 3.857448605061330e-03 4.191861684160955e-03 0.000000000000000e+00 1.624422108827644e-03 8.928026503557562e-04 2.410509687080551e-03 0.000000000000000e+00 5.818092469485690e-04 0.000000000000000e+00 2.147691209731623e-03 2.076364922883438e-03 3.584586754658633e-03 0.000000000000000e+00 6.595924026808777e-04 0.000000000000000e+00 0.000000000000000e+00 4.683081423355691e-03 0.000000000000000e+00 
0.000000000000000e+00 4.471826555103636e-03 4.758092807821199e-03 0.000000000000000e+00 2.669088049139598e-04 0.000000000000000e+00 2.020168511150870e-03 0.000000000000000e+00 0.000000000000000e+00 4.238290833675864e-03 0.000000000000000e+00 1.064143879765502e-03 0.000000000000000e+00 3.165179758826841e-03 2.966392727257401e-03 3.008496712864832e-03 0.000000000000000e+00 1.360041117479431e-03 1.355855170000140e-04 2.483917298101639e-05 7.873728542220696e-04 0.000000000000000e+00 4.746666717123118e-03 3.156426869464384e-03 0.000000000000000e+00 
1.526749589781724e-03 0.000000000000000e+00 0.000000000000000e+00 4.922217539632152e-03 0.000000000000000e+00 6.178468386038369e-04 4.787128949539418e-04 0.000000000000000e+00 3.107643267913979e-03 0.000000000000000e+00 0.000000000000000e+00 3.183044483499669e-03 0.000000000000000e+00 7.883895575627743e-04 0.000000000000000e+00 0.000000000000000e+00 4.251881457789374e-03 0.000000000000000e+00 3.081364995609892e-03 1.416415679781520e-03 4.240434212338090e-03 1.228069345057001e-03 0.000000000000000e+00 0.000000000000000e+00 0.000000000000000e+00 
0.000000000000000e+00 2.194669543709211e-03 4.906778499945325e-03 0.000000000000000e+00 3.780333852174185e-03 3.931713868628063e-03 3.752447331079238e-03 1.872146061244989e-03 0.000000000000000e+00 0.000000000000000e+00 0.000000000000000e+00 0.000000000000000e+00 0.000000000000000e+00 1.485993131704227e-03 2.832891474952449e-03 4.201118776628590e-03 0.000000000000000e+00 0.000000000000000e+00 3.728018452898894e-03 0.000000000000000e+00 1.215688909214052e-03 1.163801474609095e-03 0.000000000000000e+00 0.000000000000000e+00 0.000000000000000e+00 
0.000000000000000e+00 0.000000000000000e+00 0.000000000000000e+00 0.000000000000000e+00 1.636616151374640e-03 0.000000000000000e+00 1.960972593658439e-03 0.000000000000000e+00 3.664175477204935e-03 2.284097132063237e-03 1.544430590314297e-03 0.000000000000000e+00 0.000000000000000e+00 3.268917753828321e-03 2.662563063384512e-03 0.000000000000000e+00 1.095570803585071e-03 0.000000000000000e+00 0.000000000000000e+00 0.000000000000000e+00 0.000000000000000e+00 1.149610217158405e-03 7.453410056499376e-04 2.395699840814976e-03 3.175988527634296e-03 
1.161728302527086e-03 0.000000000000000e+00 0.000000000000000e+00 0.000000000000000e+00 1.574477282305526e-03 3.677698347730940e-04 0.000000000000000e+00 1.383668464016889e-03 0.000000000000000e+00 1.638904605815149e-03 3.421595613713775e-03 1.819477209336860e-03 7.407856351676569e-04 3.894945605602134e-03 3.402438807497318e-03 0.000000000000000e+00 1.993019764556679e-03 3.376707497239021e-03 0.000000000000000e+00 0.000000000000000e+00 0.000000000000000e+00 0.000000000000000e+00 0.000000000000000e+00 4.142351406693035e-03 3.179466471237106e-03 
0.000000000000000e+00 0.000000000000000e+00 3.902306535229682e-03 3.918090941973216e-03 0.000000000000000e+00 0.000000000000000e+00 0.000000000000000e+00 3.056069596894689e-03 0.000000000000000e+00 3.530240306975501e-03 2.906075305271034e-03 0.000000000000000e+00 0.000000000000000e+00 0.000000000000000e+00 1.653295166718520e-03 1.105184986855648e-03 0.000000000000000e+00 0.000000000000000e+00 4.399995663086677e-03 1.667439074736061e-03 0.000000000000000e+00 2.621303496397416e-03 7.763730353468099e-04 0.000000000000000e+00 0.000000000000000e+00 
4.322916183473728e-03 1.688904390751995e-03 0.000000000000000e+00 0.000000000000000e+00 0.000000000000000e+00 0.000000000000000e+00 4.396423994206547e-03 3.522640142879235e-03 2.348412114271832e-04 0.000000000000000e+00 0.000000000000000e+00 0.000000000000000e+00 4.095160565200867e-04 4.536073258809478e-03 0.000000000000000e+00 4.722977355193686e-03 0.000000000000000e+00 0.000000000000000e+00 2.668660852605378e-03 2.239775915798492e-03 0.000000000000000e+00 0.000000000000000e+00 2.379737332695925e-03 3.674295387290310e-03 1.362283453045614e-03 
0.000000000000000e+00 1.157337601918909e-03 0.000000000000000e+00 4.369577890777943e-03 0.000000000000000e+00 0.000000000000000e+00 0.000000000000000e+00 1.514273293126108e-03 2.144201664716990e-03 0.000000000000000e+00 0.000000000000000e+00 0.000000000000000e+00 1.429084319056928e-03 4.744953621544555e-03 7.033389258157314e-04 4.091225028304259e-03 4.109201376407142e-03 0.000000000000000e+00 2.446933919239637e-03 0.000000000000000e+00 0.000000000000000e+00 0.000000000000000e+00 0.000000000000000e+00 0.000000000000000e+00 0.000000000000000e+00 
4.943196868454886e-03 1.377392423129237e-03 0.000000000000000e+00 0.000000000000000e+00 0.000000000000000e+00 3.124453373505045e-03 0.000000000000000e+00 0.000000000000000e+00 4.511527480149207e-03 3.898787561402680e-03 3.813107651406538e-03 0.000000000000000e+00 2.179583810825447e-04 0.000000000000000e+00 2.948697203050226e-03 7.771869015824486e-04 0.000000000000000e+00 1.411136253226508e-03 0.000000000000000e+00 8.673701666819668e-04 2.343127428602614e-03 3.453343318932438e-04 0.000000000000000e+00 0.000000000000000e+00 2.411615009178778e-03 
1.970157917735475e-03 3.577034783770582e-03 4.542907332595573e-03 0.000000000000000e+00 4.922223329261398e-03 2.314029187851071e-03 2.974751711593322e-04 4.272584433037576e-04 3.013737467514814e-03 0.000000000000000e+00 0.000000000000000e+00 0.000000000000000e+00 2.460711179698724e-03 0.000000000000000e+00 2.379305128685043e-03 0.000000000000000e+00 4.995603837812142e-04 0.000000000000000e+00 0.000000000000000e+00 3.427804297382426e-03 0.000000000000000e+00 0.000000000000000e+00 1.341626464534332e-03 0.000000000000000e+00 3.202675093522485e-03 
3.779030343651690e-03 2.697326143640558e-03 2.210546282181976e-03 3.213376598638026e-03 0.000000000000000e+00 6.725959962775668e-04 1.174667430224804e-03 2.959615006700807e-03 3.757053588057055e-03 2.529464940469824e-03 3.215131650921934e-03 2.536216609188407e-03 3.552936031695413e-03 0.000000000000000e+00 0.000000000000000e+00 1.007769511520586e-03 1.425471272072538e-03 0.000000000000000e+00 0.000000000000000e+00 0.000000000000000e+00 0.000000000000000e+00 0.000000000000000e+00 4.101398812277573e-03 0.000000000000000e+00 3.211415846526146e-03 
4.135393429920776e-03 4.126568217383352e-03 0.000000000000000e+00 0.000000000000000e+00 3.636354675076227e-03 3.428551000203215e-03 0.000000000000000e+00 4.777946270398931e-03 0.000000000000000e+00 0.000000000000000e+00 0.000000000000000e+00 0.000000000000000e+00 1.131452061235325e-04 3.495286889188482e-03 4.922707553072965e-03 1.967286910560668e-03 8.588411570294826e-04 1.076680111330148e-04 0.000000000000000e+00 0.000000000000000e+00 2.592244550135088e-03 4.450321313256964e-03 0.000000000000000e+00 0.000000000000000e+00 0.000000000000000e+00 
0.000000000000000e+00 3.961015573909416e-03 3.831445454112806e-03 2.835330756654254e-03 4.196861523531655e-03 0.000000000000000e+00 0.000000000000000e+00 0.000000000000000e+00 0.000000000000000e+00 0.000000000000000e+00 1.805173717567049e-03 0.000000000000000e+00 2.950648881575661e-03 4.186894991455483e-03 2.183057652124297e-03 0.000000000000000e+00 0.000000000000000e+00 3.537849348743287e-04 0.000000000000000e+00 3.989119896245171e-04 0.000000000000000e+00 0.000000000000000e+00 4.020066756526040e-03 4.403271723277880e-03 0.000000000000000e+00 
4.439692251667241e-03 1.755960663218461e-03 0.000000000000000e+00 0.000000000000000e+00 0.000000000000000e+00 0.000000000000000e+00 1.451067571925222e-03 3.513830929293097e-03 0.000000000000000e+00 9.865262638047663e-05 0.000000000000000e+00 0.000000000000000e+00 4.121151159749537e-03 2.300437276415647e-03 0.000000000000000e+00 4.870878741019097e-03 4.834374432476459e-03 1.673951673647141e-03 0.000000000000000e+00 0.000000000000000e+00 0.000000000000000e+00 0.000000000000000e+00 0.000000000000000e+00 3.732116467988099e-03 0.000000000000000e+00 
1.629888462959371e-03 1.138012768680788e-03 0.000000000000000e+00 0.000000000000000e+00 0.000000000000000e+00 1.869863022823430e-03 0.000000000000000e+00 4.480686158472580e-03 0.000000000000000e+00 3.283470134106664e-04 1.254564200260949e-03 9.054899755215856e-04 1.142533405634731e-03 3.212645165757035e-03 0.000000000000000e+00 7.896448919858658e-04 0.000000000000000e+00 1.197878229599349e-03 0.000000000000000e+00 0.000000000000000e+00 1.364469576168517e-03 0.000000000000000e+00 7.897479453060738e-04 3.752561602653194e-03 0.000000000000000e+00 
2.762389692051955e-03 2.623601999089643e-03 3.156534800747958e-03 3.314469638287428e-03 0.000000000000000e+00 3.699167226546208e-03 2.270219210783031e-03 1.480679649961734e-03 0.000000000000000e+00 4.361096165493037e-03 0.000000000000000e+00 2.264364314537943e-03 0.000000000000000e+00 0.000000000000000e+00 2.155479772825984e-04 1.976926496356476e-03 4.627528937896673e-03 0.000000000000000e+00 1.543335285065938e-03 0.000000000000000e+00 3.872837110722349e-03 0.000000000000000e+00 0.000000000000000e+00 2.848551754730484e-04 0.000000000000000e+00 
2.399357608398931e-03 0.000000000000000e+00 7.773809195647772e-05 4.558423779865501e-03 0.000000000000000e+00 0.000000000000000e+00 2.133786323215383e-03 0.000000000000000e+00 0.000000000000000e+00 0.000000000000000e+00 0.000000000000000e+00 0.000000000000000e+00 1.981691561292921e-03 0.000000000000000e+00 4.069517267904101e-03 0.000000000000000e+00 0.000000000000000e+00 0.000000000000000e+00 2.192354373458824e-03 0.000000000000000e+00 1.624377473427929e-03 0.000000000000000e+00 4.756019175154072e-03 2.685382070989874e-03 0.000000000000000e+00 
0.000000000000000e+00 0.000000000000000e+00 4.627192246215481e-03 4.769045884028256e-04 1.527648883747423e-03 3.080347578374574e-03 2.231185779934531e-03 0.000000000000000e+00 0.000000000000000e+00 2.300714154900848e-03 9.634009110321281e-04 2.835381836426469e-03 0.000000000000000e+00 3.575830691375400e-03 0.000000000000000e+00 1.232409225200835e-03 2.839623363655176e-03 0.000000000000000e+00 0.000000000000000e+00 1.750707130670639e-03 3.986046411672161e-03 0.000000000000000e+00 3.104335197726607e-03 0.000000000000000e+00 0.000000000000000e+00 
1.115034996415714e-03 0.000000000000000e+00 0.000000000000000e+00 0.000000000000000e+00 0.000000000000000e+00 0.000000000000000e+00 3.523235076601633e-03 2.051812421388535e-03 2.957800439484826e-03 0.000000000000000e+00 4.283737486225953e-03 4.042971492597157e-03 0.000000000000000e+00 0.000000000000000e+00 1.950631590880484e-04 1.038197542213959e-04 2.635669468109876e-03 0.000000000000000e+00 0.000000000000000e+00 0.000000000000000e+00 0.000000000000000e+00 0.000000000000000e+00 3.668247448282255e-03 4.026947960783953e-03 3.575404216096119e-03 
0.000000000000000e+00 0.000000000000000e+00 0.000000000000000e+00 0.000000000000000e+00 0.000000000000000e+00 0.000000000000000e+00 0.000000000000000e+00 0.000000000000000e+00 0.000000000000000e+00 4.420943433898078e-03 4.220867571711284e-04 2.000966471378671e-03 1.341312405458360e-03 0.000000000000000e+00 3.621019402340312e-03 0.000000000000000e+00 0.000000000000000e+00 4.425957035479001e-04 1.398004560872830e-03 0.000000000000000e+00 0.000000000000000e+00 0.000000000000000e+00 0.000000000000000e+00 0.000000000000000e+00 0.000000000000000e+00 
1.790122049133214e-03 4.434334929559082e-03 8.978580985735397e-04 0.000000000000000e+00 0.000000000000000e+00 0.000000000000000e+00 0.000000000000000e+00 4.406907141190339e-03 0.000000000000000e+00 0.000000000000000e+00 3.071183234084753e-03 0.000000000000000e+00 0.000000000000000e+00 0.000000000000000e+00 0.000000000000000e+00 3.839958747067505e-03 0.000000000000000e+00 0.000000000000000e+00 0.000000000000000e+00 0.000000000000000e+00 0.000000000000000e+00 0.000000000000000e+00 0.000000000000000e+00 0.000000000000000e+00 3.883362472242338e-03 
0.000000000000000e+00 0.000000000000000e+00 0.000000000000000e+00 0.000000000000000e+00 1.297530294065800e-03 0.000000000000000e+00 0.000000000000000e+00 0.000000000000000e+00 0.000000000000000e+00 1.886902793634384e-03 4.192903880427567e-03 3.102210894826718e-03 0.000000000000000e+00 0.000000000000000e+00 2.097383473098556e-03 4.127532678197401e-03 0.000000000000000e+00 3.222966341034110e-03 4.528496337821569e-04 4.612859426194060e-03 0.000000000000000e+00 0.000000000000000e+00 4.593073192058977e-03 3.518926690148140e-04 0.000000000000000e+00 