# File created on Fri May 17 15:41:58 2024
# The following metaparameters were used for this matrix optimization : gamma0 = 0.5; alpha0 = 0; sigma0 = 0.25; l0 = 1;p = 1; R0 = 1; S0 = 0.05; NR = 25; NS = 25; matrix path = matrices/Nr25_Nc25/consumption/RandTrix_Nr25_Nc25_Nest0.5_Conn0.0912.txt; convergence threshold = 1e-08
0.000000000000000e+00 0.000000000000000e+00 4.692642681249592e-03 2.635163753743856e-03 0.000000000000000e+00 5.663016988180346e-04 2.905762215503614e-03 4.791465754291207e-03 1.956684087203291e-03 0.000000000000000e+00 3.875328037075860e-03 0.000000000000000e+00 3.709087378443759e-03 1.057402613755474e-03 3.911079795463422e-04 4.659595646866888e-03 4.731211167814742e-03 3.352288439694113e-03 0.000000000000000e+00 2.868065364613243e-03 3.862647458503433e-03 3.808109667055583e-03 3.079797173443365e-03 0.000000000000000e+00 2.136844418172689e-03 
3.249928577038633e-03 1.611676135247493e-03 0.000000000000000e+00 3.762669015256922e-03 4.535182735624169e-03 0.000000000000000e+00 0.000000000000000e+00 6.158505525484394e-04 0.000000000000000e+00 0.000000000000000e+00 0.000000000000000e+00 4.395405103264915e-03 0.000000000000000e+00 2.463620898418563e-03 0.000000000000000e+00 0.000000000000000e+00 1.509505945175869e-03 4.708365543149908e-03 7.305589767617747e-04 0.000000000000000e+00 3.959461772666441e-04 0.000000000000000e+00 0.000000000000000e+00 2.058305926339586e-03 0.000000000000000e+00 
1.100163637472467e-05 7.752914669501179e-05 3.213139363908139e-03 0.000000000000000e+00 0.000000000000000e+00 0.000000000000000e+00 0.000000000000000e+00 1.146210496779042e-03 0.000000000000000e+00 2.687608648204048e-03 0.000000000000000e+00 0.000000000000000e+00 0.000000000000000e+00 0.000000000000000e+00 0.000000000000000e+00 7.989942493946773e-04 0.000000000000000e+00 0.000000000000000e+00 0.000000000000000e+00 0.000000000000000e+00 2.090162930601406e-03 0.000000000000000e+00 8.577504810909943e-05 8.817150947735957e-04 0.000000000000000e+00 
3.603728570774400e-03 2.664795618491417e-04 0.000000000000000e+00 0.000000000000000e+00 1.288833214441309e-03 4.078096407522878e-03 0.000000000000000e+00 0.000000000000000e+00 0.000000000000000e+00 0.000000000000000e+00 4.435580897427525e-03 0.000000000000000e+00 3.720711639199161e-03 4.416912389409760e-03 3.496704481344864e-03 0.000000000000000e+00 4.672344678913515e-03 1.004978868021393e-03 0.000000000000000e+00 2.004537003119375e-03 1.313618355674653e-03 0.000000000000000e+00 0.000000000000000e+00 0.000000000000000e+00 0.000000000000000e+00 
2.280161102541691e-03 0.000000000000000e+00 0.000000000000000e+00 3.017743709095216e-03 2.879312940142702e-03 0.000000000000000e+00 0.000000000000000e+00 3.305742624564519e-03 0.000000000000000e+00 0.000000000000000e+00 0.000000000000000e+00 0.000000000000000e+00 0.000000000000000e+00 0.000000000000000e+00 1.285252268412985e-03 5.387652242362925e-04 0.000000000000000e+00 3.981689310824555e-03 0.000000000000000e+00 3.595118474252313e-03 0.000000000000000e+00 3.225809689335198e-03 0.000000000000000e+00 0.000000000000000e+00 0.000000000000000e+00 
1.801643080938626e-03 1.105340432093021e-03 4.344140358225586e-03 1.545770119449802e-03 3.769632655855399e-03 7.300911668662347e-04 0.000000000000000e+00 1.049107606016306e-04 1.973100739319142e-03 0.000000000000000e+00 7.251947381881477e-04 1.411050282256072e-03 4.896036492567182e-03 0.000000000000000e+00 0.000000000000000e+00 0.000000000000000e+00 3.685263472084998e-03 4.209609852644174e-03 0.000000000000000e+00 0.000000000000000e+00 0.000000000000000e+00 0.000000000000000e+00 0.000000000000000e+00 0.000000000000000e+00 4.461859171118798e-03 
1.760302178703150e-03 0.000000000000000e+00 0.000000000000000e+00 2.124027270386024e-04 0.000000000000000e+00 0.000000000000000e+00 1.158473108235054e-03 2.311945921498125e-04 3.140513392525078e-04 0.000000000000000e+00 2.088498431514020e-04 3.788493755336838e-03 3.623208549992790e-03 4.036103558887230e-03 0.000000000000000e+00 0.000000000000000e+00 3.718264036460734e-03 0.000000000000000e+00 0.000000000000000e+00 4.864239687713987e-03 0.000000000000000e+00 2.746584553670025e-04 0.000000000000000e+00 0.000000000000000e+00 2.946557957818806e-04 
0.000000000000000e+00 2.287613114496585e-04 3.985213100232424e-03 2.477315517452510e-03 1.030452036170897e-03 1.673985093393754e-03 3.559207528129588e-03 0.000000000000000e+00 0.000000000000000e+00 2.270330036365439e-03 0.000000000000000e+00 0.000000000000000e+00 9.845345447162909e-04 2.125152936770927e-03 2.520300179850947e-03 0.000000000000000e+00 0.000000000000000e+00 3.910418494087605e-03 0.000000000000000e+00 2.647223161032036e-03 0.000000000000000e+00 0.000000000000000e+00 0.000000000000000e+00 2.560217792048350e-03 2.343892001469886e-03 
0.000000000000000e+00 0.000000000000000e+00 0.000000000000000e+00 0.000000000000000e+00 1.303185205967287e-03 0.000000000000000e+00 3.858397494428315e-03 0.000000000000000e+00 0.000000000000000e+00 0.000000000000000e+00 3.373800811838545e-03 0.000000000000000e+00 2.396802300981728e-03 0.000000000000000e+00 3.526898979444739e-03 3.625815104707971e-03 3.154876673473627e-03 2.451995097221585e-03 0.000000000000000e+00 2.639424061432076e-03 0.000000000000000e+00 0.000000000000000e+00 0.000000000000000e+00 0.000000000000000e+00 0.000000000000000e+00 
0.000000000000000e+00 0.000000000000000e+00 0.000000000000000e+00 0.000000000000000e+00 9.663744011850741e-04 1.695083605275535e-03 0.000000000000000e+00 0.000000000000000e+00 0.000000000000000e+00 1.023812680557906e-04 0.000000000000000e+00 3.494967872091762e-03 1.345088154082146e-03 3.420262302203845e-03 4.268360359230796e-03 6.014221377579050e-04 6.513756892066637e-05 0.000000000000000e+00 0.000000000000000e+00 2.483622090611463e-04 3.888356790516700e-03 1.209588710711147e-03 0.000000000000000e+00 1.607732116020173e-03 2.133642487139586e-03 
3.353059406948129e-03 0.000000000000000e+00 4.306508441832213e-03 2.652023189642363e-03 0.000000000000000e+00 0.000000000000000e+00 2.530568109705430e-03 0.000000000000000e+00 0.000000000000000e+00 2.715797946796468e-03 0.000000000000000e+00 0.000000000000000e+00 0.000000000000000e+00 1.249464882818731e-03 0.000000000000000e+00 0.000000000000000e+00 0.000000000000000e+00 0.000000000000000e+00 2.717962629845138e-03 1.010146525055570e-03 0.000000000000000e+00 3.018501407018623e-03 0.000000000000000e+00 2.977749172042197e-03 0.000000000000000e+00 
1.746121803768745e-03 3.601343254610608e-03 2.674828590281089e-04 0.000000000000000e+00 0.000000000000000e+00 1.947091620685732e-04 0.000000000000000e+00 0.000000000000000e+00 2.423818542069783e-03 3.820744430829986e-04 0.000000000000000e+00 9.126015891227669e-04 0.000000000000000e+00 0.000000000000000e+00 3.208141119490704e-03 0.000000000000000e+00 0.000000000000000e+00 2.365781319946093e-03 0.000000000000000e+00 0.000000000000000e+00 1.915217748969326e-03 4.158295374544979e-03 2.120669563603885e-03 0.000000000000000e+00 3.506025057355749e-03 
2.626370707206149e-03 0.000000000000000e+00 0.000000000000000e+00 1.562588876646943e-03 0.000000000000000e+00 0.000000000000000e+00 0.000000000000000e+00 0.000000000000000e+00 2.713736437355597e-03 0.000000000000000e+00 0.000000000000000e+00 7.647428581124206e-04 0.000000000000000e+00 1.542239688390670e-03 0.000000000000000e+00 2.068319796964652e-03 4.063596718829124e-03 0.000000000000000e+00 0.000000000000000e+00 0.000000000000000e+00 2.055570446611589e-03 7.257938829536834e-04 0.000000000000000e+00 0.000000000000000e+00 7.679365427972851e-04 
9.347049496937566e-04 2.871151665330413e-03 2.999986590603560e-03 4.134743894282028e-03 1.236352246704385e-04 0.000000000000000e+00 0.000000000000000e+00 0.000000000000000e+00 0.000000000000000e+00 0.000000000000000e+00 4.589495395392752e-03 0.000000000000000e+00 2.331171844902681e-03 0.000000000000000e+00 0.000000000000000e+00 0.000000000000000e+00 4.688722584450469e-03 0.000000000000000e+00 2.594897233785848e-03 4.244606505900817e-03 0.000000000000000e+00 0.000000000000000e+00 0.000000000000000e+00 0.000000000000000e+00 1.854481136109158e-03 
0.000000000000000e+00 4.759385509416756e-03 1.505199848543296e-03 2.533595629093678e-05 0.000000000000000e+00 2.210545190662427e-03 3.793012064975547e-05 0.000000000000000e+00 0.000000000000000e+00 0.000000000000000e+00 0.000000000000000e+00 0.000000000000000e+00 0.000000000000000e+00 3.974529802506447e-03 0.000000000000000e+00 1.912350635490751e-04 4.371933807782199e-03 6.744808857321289e-04 0.000000000000000e+00 4.602706701824415e-03 2.253676030201922e-03 4.995403730086437e-03 0.000000000000000e+00 2.391649641619029e-03 4.604526900165779e-03 
0.000000000000000e+00 3.279417813793753e-03 3.625280757837594e-03 4.875631724511359e-03 3.337720943863578e-03 1.131297326561180e-03 3.434886697420651e-03 0.000000000000000e+00 2.732742055879473e-04 2.346998872816671e-03 0.000000000000000e+00 5.894905646223953e-04 9.488107639978290e-04 3.720962636935921e-03 0.000000000000000e+00 0.000000000000000e+00 1.188646989206149e-03 2.448132169103512e-03 0.000000000000000e+00 2.942297507413091e-03 0.000000000000000e+00 1.392966165049520e-03 1.378312366575338e-03 0.000000000000000e+00 2.105454195222114e-03 
2.278284430231994e-03 0.000000000000000e+00 0.000000000000000e+00 1.561515431282653e-03 9.553393870940503e-04 0.000000000000000e+00 0.000000000000000e+00 2.450304913421977e-03 0.000000000000000e+00 0.000000000000000e+00 6.808864585630545e-04 0.000000000000000e+00 0.000000000000000e+00 6.956488667469732e-05 0.000000000000000e+00 9.711290155209586e-04 4.698385837394587e-03 0.000000000000000e+00 0.000000000000000e+00 1.474355968568599e-03 1.823382342335338e-03 0.000000000000000e+00 1.483188835267236e-03 2.256273662604537e-03 0.000000000000000e+00 
0.000000000000000e+00 3.628793401439518e-03 2.412238363976912e-03 2.213170039706981e-03 2.734184655976731e-03 1.075366467124308e-03 2.706917505684480e-04 0.000000000000000e+00 0.000000000000000e+00 0.000000000000000e+00 4.904352091981615e-03 4.862237437524311e-03 0.000000000000000e+00 1.981673029239983e-03 4.637089673000097e-03 2.903857152649282e-03 0.000000000000000e+00 0.000000000000000e+00 5.742667778246184e-04 1.376383622747642e-03 4.903970092976233e-03 4.689413398071848e-03 0.000000000000000e+00 0.000000000000000e+00 2.634587450090816e-03 
0.000000000000000e+00 3.439870183885041e-03 1.795649675569529e-03 2.745302542526256e-03 2.918664296294390e-03 1.068343548118887e-03 1.145079164269955e-03 0.000000000000000e+00 0.000000000000000e+00 3.480355324519835e-03 1.191843575380333e-03 2.022215153357076e-04 2.800051988912218e-03 3.255530502795162e-03 0.000000000000000e+00 4.117215153711048e-03 0.000000000000000e+00 0.000000000000000e+00 0.000000000000000e+00 2.010093965053200e-03 4.106413350836900e-03 0.000000000000000e+00 3.900878201866304e-03 0.000000000000000e+00 0.000000000000000e+00 
0.000000000000000e+00 2.220719466020192e-03 3.950256088844446e-03 2.968031490488659e-03 0.000000000000000e+00 0.000000000000000e+00 0.000000000000000e+00 0.000000000000000e+00 0.000000000000000e+00 1.473996810409613e-03 4.542599009084973e-03 4.267672412571405e-04 0.000000000000000e+00 0.000000000000000e+00 0.000000000000000e+00 0.000000000000000e+00 0.000000000000000e+00 0.000000000000000e+00 2.270993606138312e-04 2.553172370300930e-03 0.000000000000000e+00 0.000000000000000e+00 0.000000000000000e+00 3.343864478845604e-03 1.208600072918436e-03 
0.000000000000000e+00 0.000000000000000e+00 0.000000000000000e+00 0.000000000000000e+00 7.359391355845503e-04 0.000000000000000e+00 0.000000000000000e+00 1.579958620493606e-04 3.061569743434327e-03 9.201637286574018e-04 0.000000000000000e+00 0.000000000000000e+00 7.094104940488218e-04 0.000000000000000e+00 4.839208320360190e-03 0.000000000000000e+00 0.000000000000000e+00 0.000000000000000e+00 4.566859836559248e-03 2.440838989239787e-03 4.651296599733179e-03 4.866187284846999e-04 1.280483531746726e-03 0.000000000000000e+00 1.603205395969423e-03 
0.000000000000000e+00 1.794705273312708e-03 4.393896069839976e-03 6.676728362616856e-04 0.000000000000000e+00 3.176526331622344e-03 0.000000000000000e+00 0.000000000000000e+00 4.763246486095468e-03 0.000000000000000e+00 0.000000000000000e+00 3.149103399350979e-03 4.492198185867060e-04 4.533564866662296e-03 0.000000000000000e+00 3.328714026328373e-03 4.723532802383451e-03 1.836063364797929e-03 3.629025171346476e-03 0.000000000000000e+00 1.903343923294472e-03 3.503847053817836e-03 1.243153827071246e-03 2.030938960241606e-03 4.397295957514039e-03 
9.732426853351743e-04 1.063974986344752e-03 3.466993023840755e-03 3.807719964937719e-03 2.548893624826898e-03 2.880451678714978e-03 6.017275943113167e-04 0.000000000000000e+00 3.965940983087305e-03 4.658755368608570e-03 0.000000000000000e+00 0.000000000000000e+00 2.516549342963291e-03 3.176018074032922e-03 4.764443531687947e-03 2.776306987909302e-03 1.909648454628527e-03 0.000000000000000e+00 2.666688496174133e-03 3.806795175504949e-03 0.000000000000000e+00 4.249389754261839e-03 2.928862121439941e-03 0.000000000000000e+00 0.000000000000000e+00 
1.280600760185907e-03 8.356329328081734e-04 3.650710450833200e-04 4.494440293046629e-03 0.000000000000000e+00 4.044815539405028e-03 7.646702313497413e-05 0.000000000000000e+00 0.000000000000000e+00 0.000000000000000e+00 1.293094545727974e-03 0.000000000000000e+00 0.000000000000000e+00 1.300848437322762e-03 0.000000000000000e+00 6.351926498017993e-04 0.000000000000000e+00 0.000000000000000e+00 3.017966173776123e-03 0.000000000000000e+00 0.000000000000000e+00 3.309646129355916e-03 0.000000000000000e+00 0.000000000000000e+00 2.401312795390066e-03 
3.699581519088355e-04 2.602465500525097e-03 0.000000000000000e+00 0.000000000000000e+00 3.715387406393857e-03 4.311587255218629e-03 0.000000000000000e+00 4.959600355273609e-03 0.000000000000000e+00 4.371356494862808e-03 0.000000000000000e+00 0.000000000000000e+00 0.000000000000000e+00 0.000000000000000e+00 9.398544256912913e-04 1.702159761780554e-03 0.000000000000000e+00 0.000000000000000e+00 3.708044216690735e-03 0.000000000000000e+00 0.000000000000000e+00 4.055128128359584e-03 8.170438740482571e-05 3.305370519410950e-03 0.000000000000000e+00 