# File created on Fri May 17 15:41:54 2024
# The following metaparameters were used for this matrix optimization : gamma0 = 0.5; alpha0 = 0; sigma0 = 0.25; l0 = 1;p = 1; R0 = 1; S0 = 0.05; NR = 25; NS = 25; matrix path = matrices/Nr25_Nc25/consumption/RandTrix_Nr25_Nc25_Nest0.25_Conn0.1392.txt; convergence threshold = 1e-08
3.544670333880206e-03 0.000000000000000e+00 0.000000000000000e+00 0.000000000000000e+00 3.699306658294638e-03 3.103528088284959e-03 0.000000000000000e+00 1.389919114176207e-03 0.000000000000000e+00 0.000000000000000e+00 0.000000000000000e+00 2.957570237111795e-03 6.687046151028287e-04 0.000000000000000e+00 1.076236359034714e-04 1.968200784457652e-03 0.000000000000000e+00 2.039521272862182e-03 0.000000000000000e+00 1.799075185886363e-03 2.959188893528305e-03 0.000000000000000e+00 0.000000000000000e+00 0.000000000000000e+00 0.000000000000000e+00 
3.524163925217014e-04 0.000000000000000e+00 4.151050295687325e-03 0.000000000000000e+00 0.000000000000000e+00 2.022380140658143e-03 0.000000000000000e+00 0.000000000000000e+00 4.473412294445581e-04 2.004471505971431e-03 0.000000000000000e+00 4.914511951191361e-03 1.255156540589169e-03 0.000000000000000e+00 0.000000000000000e+00 0.000000000000000e+00 2.237947367888629e-03 7.512948945824150e-04 0.000000000000000e+00 0.000000000000000e+00 0.000000000000000e+00 2.465577299615731e-05 0.000000000000000e+00 4.101819057984948e-03 0.000000000000000e+00 
2.937610520032358e-03 0.000000000000000e+00 4.963316197477842e-03 0.000000000000000e+00 0.000000000000000e+00 4.679085738440465e-03 0.000000000000000e+00 4.929870831492327e-03 0.000000000000000e+00 0.000000000000000e+00 2.750618489217317e-03 3.977352892450325e-03 0.000000000000000e+00 1.041512732494169e-03 2.330140712712188e-03 0.000000000000000e+00 0.000000000000000e+00 4.369483657243620e-03 1.076467180866125e-03 5.259253319684055e-04 1.836259066074904e-03 4.988376303575658e-03 2.798965918209258e-03 1.172716538439441e-03 0.000000000000000e+00 
1.362706043324622e-03 0.000000000000000e+00 1.275847870279564e-03 0.000000000000000e+00 0.000000000000000e+00 2.247202122350284e-04 1.944256170921868e-03 0.000000000000000e+00 6.022103937840583e-04 0.000000000000000e+00 0.000000000000000e+00 3.450277740549758e-03 0.000000000000000e+00 0.000000000000000e+00 1.401007672607015e-03 1.973940838453222e-03 0.000000000000000e+00 3.492838540196346e-04 0.000000000000000e+00 2.103943362840707e-03 0.000000000000000e+00 0.000000000000000e+00 0.000000000000000e+00 0.000000000000000e+00 0.000000000000000e+00 
0.000000000000000e+00 9.962599260743923e-04 0.000000000000000e+00 0.000000000000000e+00 0.000000000000000e+00 0.000000000000000e+00 0.000000000000000e+00 0.000000000000000e+00 0.000000000000000e+00 1.954052471557782e-03 0.000000000000000e+00 3.822281807012278e-03 3.464138130635261e-03 0.000000000000000e+00 0.000000000000000e+00 1.793564121087270e-03 2.074553369010987e-03 0.000000000000000e+00 1.159633405831924e-03 0.000000000000000e+00 0.000000000000000e+00 4.136550557015654e-03 0.000000000000000e+00 0.000000000000000e+00 4.483316835901838e-03 
1.146194463732483e-03 0.000000000000000e+00 4.470509681323355e-03 3.701728644765479e-03 0.000000000000000e+00 2.361100862329054e-03 4.904634549630111e-03 4.300054393133498e-03 2.862593701740536e-04 2.946045366992771e-03 1.534653704897472e-03 1.581631799023377e-03 0.000000000000000e+00 8.180185288863242e-04 0.000000000000000e+00 0.000000000000000e+00 4.980721101424295e-03 1.986434041950982e-03 0.000000000000000e+00 0.000000000000000e+00 8.035382917383915e-04 0.000000000000000e+00 0.000000000000000e+00 0.000000000000000e+00 0.000000000000000e+00 
3.377920506870542e-03 0.000000000000000e+00 0.000000000000000e+00 1.871433335381208e-03 3.035390750337167e-03 1.151380768593951e-03 4.786391749573809e-03 4.726604148823458e-03 0.000000000000000e+00 1.115868962888754e-03 4.430826619463755e-03 0.000000000000000e+00 5.582514221722969e-04 1.847842305015595e-03 6.256414316156342e-04 0.000000000000000e+00 0.000000000000000e+00 0.000000000000000e+00 5.933664604518605e-04 3.883117324818836e-03 0.000000000000000e+00 9.174111084560701e-04 4.726078212952876e-03 1.766181818337772e-03 4.085838004455359e-03 
2.263984627175357e-03 0.000000000000000e+00 0.000000000000000e+00 1.114060291217529e-03 0.000000000000000e+00 0.000000000000000e+00 1.118266621391526e-03 0.000000000000000e+00 0.000000000000000e+00 0.000000000000000e+00 0.000000000000000e+00 1.129225902251016e-03 0.000000000000000e+00 1.232283668186507e-03 0.000000000000000e+00 3.036644662079399e-03 1.667310831712672e-04 0.000000000000000e+00 0.000000000000000e+00 3.653410864096891e-04 5.014147927343254e-04 3.056162182430739e-03 4.989329074878227e-03 0.000000000000000e+00 0.000000000000000e+00 
0.000000000000000e+00 2.724928970179209e-04 0.000000000000000e+00 0.000000000000000e+00 1.756464069073778e-03 0.000000000000000e+00 0.000000000000000e+00 2.666563240407248e-03 0.000000000000000e+00 0.000000000000000e+00 4.837982629495521e-03 0.000000000000000e+00 2.066453147274297e-03 0.000000000000000e+00 0.000000000000000e+00 0.000000000000000e+00 2.069136449551526e-03 0.000000000000000e+00 3.880959254872198e-03 0.000000000000000e+00 0.000000000000000e+00 2.711651354767803e-03 5.521104699163665e-04 0.000000000000000e+00 4.828875456187704e-03 
7.977092103499521e-04 1.031326812615752e-03 7.190060592392773e-04 1.397147276743537e-03 5.421472620197478e-04 0.000000000000000e+00 0.000000000000000e+00 3.105294255253719e-03 3.147534004520900e-03 0.000000000000000e+00 3.365143386813039e-03 1.254692849044055e-03 1.177774884194079e-03 0.000000000000000e+00 0.000000000000000e+00 0.000000000000000e+00 1.724057102583853e-03 4.885144651203369e-03 0.000000000000000e+00 0.000000000000000e+00 0.000000000000000e+00 0.000000000000000e+00 0.000000000000000e+00 0.000000000000000e+00 0.000000000000000e+00 
0.000000000000000e+00 3.833240475852044e-03 0.000000000000000e+00 0.000000000000000e+00 4.108540095970577e-03 0.000000000000000e+00 3.025686762734727e-03 1.820448807428845e-04 0.000000000000000e+00 0.000000000000000e+00 0.000000000000000e+00 4.485458317369005e-03 0.000000000000000e+00 2.641574811277252e-03 0.000000000000000e+00 0.000000000000000e+00 4.713059789697218e-03 2.643124657637010e-03 2.498101829207643e-03 4.639664435578482e-03 1.634628147923986e-03 4.824463657195878e-03 0.000000000000000e+00 3.756795466634173e-03 5.991123455141659e-04 
0.000000000000000e+00 2.923316492906484e-03 0.000000000000000e+00 0.000000000000000e+00 2.691142224117296e-03 2.988138443664246e-03 9.725349287390130e-04 1.634715188102016e-03 0.000000000000000e+00 2.221115040584755e-03 0.000000000000000e+00 0.000000000000000e+00 0.000000000000000e+00 2.881597303226229e-03 0.000000000000000e+00 0.000000000000000e+00 3.982201386708549e-03 1.336093797725201e-03 0.000000000000000e+00 0.000000000000000e+00 0.000000000000000e+00 1.725048582713802e-04 4.387140216495284e-03 1.470148674427484e-03 3.034015133160931e-03 
0.000000000000000e+00 4.823222262684944e-03 0.000000000000000e+00 3.181157582318521e-04 0.000000000000000e+00 2.980911989499509e-03 1.946441293823398e-03 3.023581726335333e-04 0.000000000000000e+00 1.465959640615615e-03 1.911064208977044e-03 0.000000000000000e+00 4.870037288874053e-03 0.000000000000000e+00 1.481751543763576e-03 0.000000000000000e+00 2.449735632826037e-03 4.321625017323131e-03 1.566491324930821e-03 4.329849391476133e-03 0.000000000000000e+00 0.000000000000000e+00 0.000000000000000e+00 0.000000000000000e+00 3.384940738222737e-03 
0.000000000000000e+00 2.535650913563381e-03 1.176711374467360e-05 4.829949653669574e-04 0.000000000000000e+00 0.000000000000000e+00 9.459312281141576e-04 3.804363643242547e-03 0.000000000000000e+00 0.000000000000000e+00 0.000000000000000e+00 2.410204488227204e-03 0.000000000000000e+00 2.957016559080144e-04 2.412892131296594e-03 0.000000000000000e+00 0.000000000000000e+00 4.309064715834557e-03 4.813367844630744e-03 0.000000000000000e+00 0.000000000000000e+00 0.000000000000000e+00 1.703994273386782e-03 1.269601135276917e-03 0.000000000000000e+00 
0.000000000000000e+00 4.869919066125700e-03 0.000000000000000e+00 4.829730713128867e-03 1.738739317583590e-03 0.000000000000000e+00 0.000000000000000e+00 5.369711864246987e-04 0.000000000000000e+00 0.000000000000000e+00 0.000000000000000e+00 6.843451911512682e-04 9.240491578089279e-04 0.000000000000000e+00 0.000000000000000e+00 1.644120983517918e-03 4.407884452691523e-03 4.868815954046356e-03 3.894298960668027e-03 4.102104234384777e-04 0.000000000000000e+00 0.000000000000000e+00 0.000000000000000e+00 8.465851967444217e-04 2.785805254365572e-03 
2.739411739995368e-03 1.524478857405585e-05 0.000000000000000e+00 0.000000000000000e+00 4.967613739200814e-03 4.988322980590144e-03 0.000000000000000e+00 6.873779879933638e-04 1.304598151305714e-03 0.000000000000000e+00 1.557318475984161e-03 0.000000000000000e+00 0.000000000000000e+00 3.077132635881423e-03 0.000000000000000e+00 0.000000000000000e+00 9.753563691992618e-04 0.000000000000000e+00 1.302085802523298e-03 0.000000000000000e+00 4.109961214793283e-03 0.000000000000000e+00 0.000000000000000e+00 0.000000000000000e+00 0.000000000000000e+00 
1.075026074761389e-03 0.000000000000000e+00 4.804543030998557e-03 1.134875215172929e-05 0.000000000000000e+00 1.050942506749928e-03 0.000000000000000e+00 0.000000000000000e+00 8.797911095911266e-04 0.000000000000000e+00 0.000000000000000e+00 3.761462933309838e-03 0.000000000000000e+00 3.330040270914163e-03 0.000000000000000e+00 1.046687549280385e-03 0.000000000000000e+00 0.000000000000000e+00 2.081452679524987e-03 2.385996865920292e-04 0.000000000000000e+00 3.303384251688606e-03 0.000000000000000e+00 0.000000000000000e+00 0.000000000000000e+00 
1.381360613796161e-03 0.000000000000000e+00 1.637965156967719e-05 2.051660872201452e-03 1.404299434753482e-03 0.000000000000000e+00 1.847515087310805e-03 4.072382860435961e-03 4.984162248152170e-03 3.002548510148226e-03 8.347310114377655e-04 4.976161867380903e-03 0.000000000000000e+00 1.874722762976816e-03 2.798567914721474e-03 4.338140493919095e-03 0.000000000000000e+00 0.000000000000000e+00 0.000000000000000e+00 0.000000000000000e+00 0.000000000000000e+00 0.000000000000000e+00 4.704268071117351e-05 1.422004488336808e-03 5.720874834922322e-04 
5.046945501821832e-04 0.000000000000000e+00 0.000000000000000e+00 2.426269343680398e-03 2.707057589088543e-03 0.000000000000000e+00 0.000000000000000e+00 0.000000000000000e+00 2.230883472930458e-03 2.772747407290684e-03 3.605376482045814e-03 0.000000000000000e+00 0.000000000000000e+00 0.000000000000000e+00 0.000000000000000e+00 0.000000000000000e+00 2.468635885923628e-03 2.802183981910220e-03 1.611024876033129e-03 4.380140445436775e-04 4.910987676617585e-03 0.000000000000000e+00 4.492786102336450e-03 1.436178587370680e-03 4.225224801515004e-03 
9.001361249582766e-04 0.000000000000000e+00 0.000000000000000e+00 7.299564558516142e-04 2.873350951583355e-03 9.776848267036697e-04 6.743928125653486e-04 0.000000000000000e+00 0.000000000000000e+00 0.000000000000000e+00 1.763434419027430e-03 0.000000000000000e+00 3.740197840114284e-03 4.371290434361001e-03 1.795393449211981e-03 0.000000000000000e+00 3.724367159861098e-03 0.000000000000000e+00 9.034490147903397e-04 3.395837297172581e-03 0.000000000000000e+00 0.000000000000000e+00 2.901804497184623e-03 1.461298881949898e-03 1.535407506874518e-03 
0.000000000000000e+00 0.000000000000000e+00 0.000000000000000e+00 0.000000000000000e+00 3.323832467231794e-03 3.658782801741384e-03 4.312010053296987e-03 0.000000000000000e+00 2.113072349673133e-03 2.835608446859949e-03 0.000000000000000e+00 2.082381128309793e-03 1.316288863879140e-03 2.719238633253876e-03 1.166502033629842e-03 3.113330602547456e-03 0.000000000000000e+00 3.235218407599332e-03 3.295371153734976e-03 1.224017102266769e-03 0.000000000000000e+00 0.000000000000000e+00 0.000000000000000e+00 6.278600064259500e-04 0.000000000000000e+00 
1.648107960158176e-03 3.685570008945195e-03 1.084144836633676e-03 0.000000000000000e+00 1.518632069650906e-03 4.020669834771199e-03 2.481963842917107e-03 1.313531637397177e-03 1.847435267647780e-03 3.935265168794121e-03 0.000000000000000e+00 2.930220974272477e-03 4.839010734612318e-03 4.413965170524552e-03 1.566661993757567e-03 2.873076754916917e-03 1.503273789389668e-03 2.600819913679790e-03 2.923619521899908e-03 3.023768751424180e-03 0.000000000000000e+00 3.701064386661569e-03 2.557006309526231e-03 0.000000000000000e+00 2.861705424287608e-03 
4.088413601114985e-03 0.000000000000000e+00 6.707558547345709e-04 4.749777145062467e-03 0.000000000000000e+00 0.000000000000000e+00 4.938191282880786e-03 2.407822539115366e-04 0.000000000000000e+00 2.637464871248122e-03 0.000000000000000e+00 4.377666223765582e-03 2.739247972481244e-03 0.000000000000000e+00 0.000000000000000e+00 2.813171788042164e-05 0.000000000000000e+00 4.878814146051118e-03 0.000000000000000e+00 0.000000000000000e+00 3.740984546340757e-03 0.000000000000000e+00 1.652738999418595e-03 2.449858248422466e-03 0.000000000000000e+00 
0.000000000000000e+00 2.375426522374817e-03 2.370453692186788e-03 0.000000000000000e+00 0.000000000000000e+00 4.518501734921533e-03 2.634627651605966e-03 0.000000000000000e+00 2.028546794367892e-04 0.000000000000000e+00 0.000000000000000e+00 0.000000000000000e+00 0.000000000000000e+00 0.000000000000000e+00 1.479741279626006e-04 8.426732149915112e-05 0.000000000000000e+00 0.000000000000000e+00 1.672546520225434e-03 3.112782170072393e-03 0.000000000000000e+00 0.000000000000000e+00 4.065524225871235e-03 0.000000000000000e+00 4.744894450549925e-03 
0.000000000000000e+00 0.000000000000000e+00 0.000000000000000e+00 4.553863209244515e-03 6.051611930278200e-04 4.154114766333828e-03 4.223198605919368e-03 0.000000000000000e+00 0.000000000000000e+00 1.531984367050826e-03 0.000000000000000e+00 3.457647363779635e-03 2.024482279199412e-03 0.000000000000000e+00 0.000000000000000e+00 0.000000000000000e+00 0.000000000000000e+00 3.996059841511104e-03 0.000000000000000e+00 0.000000000000000e+00 2.911625208427274e-03 2.023671623293393e-03 1.584955139403479e-03 4.717941631574360e-03 1.192553025735146e-03 