# File created on Fri May 17 15:41:52 2024
# The following metaparameters were used for this matrix optimization : gamma0 = 0.5; alpha0 = 0; sigma0 = 0.25; l0 = 1;p = 1; R0 = 1; S0 = 0.05; NR = 25; NS = 25; matrix path = matrices/Nr25_Nc25/consumption/RandTrix_Nr25_Nc25_Nest0.55_Conn0.3024.txt; convergence threshold = 1e-08
0.000000000000000e+00 2.761704339116672e-04 0.000000000000000e+00 0.000000000000000e+00 0.000000000000000e+00 4.821585453118413e-03 2.794826016839998e-05 0.000000000000000e+00 3.122986735260512e-03 1.048463130532374e-03 0.000000000000000e+00 0.000000000000000e+00 0.000000000000000e+00 0.000000000000000e+00 0.000000000000000e+00 4.770211659511845e-03 0.000000000000000e+00 0.000000000000000e+00 0.000000000000000e+00 4.074127212319539e-03 0.000000000000000e+00 0.000000000000000e+00 4.657897705483898e-03 0.000000000000000e+00 0.000000000000000e+00 
4.580025354343030e-03 0.000000000000000e+00 1.932969654012165e-03 2.911863559538396e-03 2.046237061582601e-03 1.683100365827691e-03 3.964118218196663e-03 4.770250599193806e-03 0.000000000000000e+00 0.000000000000000e+00 3.367975160236443e-03 1.482777454999954e-03 0.000000000000000e+00 0.000000000000000e+00 0.000000000000000e+00 0.000000000000000e+00 2.925684925882862e-03 2.496788282746483e-03 9.788015918538842e-04 0.000000000000000e+00 2.044693205363474e-03 3.478285108913082e-03 0.000000000000000e+00 0.000000000000000e+00 0.000000000000000e+00 
0.000000000000000e+00 0.000000000000000e+00 1.643572615763860e-03 2.874101997547260e-03 3.220221257587639e-03 2.437515552010918e-03 0.000000000000000e+00 0.000000000000000e+00 2.655956806743159e-03 0.000000000000000e+00 0.000000000000000e+00 0.000000000000000e+00 0.000000000000000e+00 2.670092674516248e-03 1.772646013173035e-03 0.000000000000000e+00 0.000000000000000e+00 0.000000000000000e+00 4.685318323528408e-03 9.028667074562705e-05 0.000000000000000e+00 0.000000000000000e+00 1.727818691899564e-03 4.720420470166178e-03 4.084773629296899e-03 
0.000000000000000e+00 3.137478128248250e-03 0.000000000000000e+00 0.000000000000000e+00 2.461360412706031e-03 0.000000000000000e+00 1.527074527418595e-03 7.731093075503374e-04 3.430785726757726e-05 3.117679027559589e-03 0.000000000000000e+00 3.329977676557876e-03 0.000000000000000e+00 0.000000000000000e+00 0.000000000000000e+00 0.000000000000000e+00 1.853065334642468e-03 3.052134359167026e-03 9.307643552170411e-04 0.000000000000000e+00 1.097122309565101e-03 4.572980934143560e-03 0.000000000000000e+00 2.003840772756948e-03 0.000000000000000e+00 
1.896449301016149e-03 3.417695848505239e-03 1.166064284217865e-03 0.000000000000000e+00 0.000000000000000e+00 0.000000000000000e+00 2.690970932157093e-03 3.938874426765962e-03 4.677042098651591e-03 0.000000000000000e+00 4.394221965699822e-03 4.207099876938875e-03 0.000000000000000e+00 0.000000000000000e+00 0.000000000000000e+00 0.000000000000000e+00 4.676383663259974e-03 0.000000000000000e+00 0.000000000000000e+00 3.092266965181175e-03 0.000000000000000e+00 0.000000000000000e+00 0.000000000000000e+00 5.047616750688870e-04 1.999233703749622e-03 
0.000000000000000e+00 0.000000000000000e+00 0.000000000000000e+00 0.000000000000000e+00 8.494261873140921e-04 0.000000000000000e+00 0.000000000000000e+00 0.000000000000000e+00 0.000000000000000e+00 0.000000000000000e+00 4.157179561820870e-03 0.000000000000000e+00 0.000000000000000e+00 0.000000000000000e+00 0.000000000000000e+00 0.000000000000000e+00 3.043663283489145e-03 4.152488259105551e-03 2.556563634636673e-03 0.000000000000000e+00 4.441402853923823e-03 5.143585228760518e-04 3.178784398744675e-04 1.885215048349849e-03 0.000000000000000e+00 
1.632829876177911e-03 0.000000000000000e+00 0.000000000000000e+00 3.490912263537614e-03 0.000000000000000e+00 4.077302591579041e-03 1.288074556283875e-03 4.126166203621650e-03 0.000000000000000e+00 2.915034234174008e-03 0.000000000000000e+00 0.000000000000000e+00 3.252515687329947e-03 0.000000000000000e+00 4.272625933579134e-03 0.000000000000000e+00 0.000000000000000e+00 4.523398606518883e-03 3.042798394854713e-03 2.569065571814758e-03 0.000000000000000e+00 0.000000000000000e+00 0.000000000000000e+00 0.000000000000000e+00 0.000000000000000e+00 
3.073358587676706e-03 0.000000000000000e+00 2.843511383773485e-04 4.689451443112480e-03 0.000000000000000e+00 0.000000000000000e+00 0.000000000000000e+00 0.000000000000000e+00 0.000000000000000e+00 9.430286751341038e-04 0.000000000000000e+00 0.000000000000000e+00 0.000000000000000e+00 1.446592389485970e-03 0.000000000000000e+00 3.083388926201105e-03 0.000000000000000e+00 0.000000000000000e+00 0.000000000000000e+00 0.000000000000000e+00 0.000000000000000e+00 4.242735774841684e-03 4.370144519697854e-03 0.000000000000000e+00 3.843975842340538e-03 
0.000000000000000e+00 0.000000000000000e+00 0.000000000000000e+00 8.146074239100813e-04 1.194126434720179e-03 4.529817534177021e-03 2.380113382683175e-03 0.000000000000000e+00 0.000000000000000e+00 0.000000000000000e+00 0.000000000000000e+00 0.000000000000000e+00 2.025265805118666e-03 4.806578189881907e-03 3.042196258761193e-03 0.000000000000000e+00 0.000000000000000e+00 0.000000000000000e+00 6.848270042375930e-04 0.000000000000000e+00 0.000000000000000e+00 5.675843626457313e-04 4.127040466839376e-03 0.000000000000000e+00 0.000000000000000e+00 
1.194599660889010e-04 4.892591428506245e-03 0.000000000000000e+00 0.000000000000000e+00 3.868608342924619e-03 0.000000000000000e+00 3.766354459322415e-03 0.000000000000000e+00 0.000000000000000e+00 3.209545248814452e-04 0.000000000000000e+00 0.000000000000000e+00 0.000000000000000e+00 0.000000000000000e+00 4.928611122986547e-03 0.000000000000000e+00 0.000000000000000e+00 4.623447473409357e-03 2.427566355956923e-03 0.000000000000000e+00 0.000000000000000e+00 0.000000000000000e+00 2.795187238046988e-03 0.000000000000000e+00 0.000000000000000e+00 
0.000000000000000e+00 1.241378654711891e-03 0.000000000000000e+00 2.682216112151769e-03 3.346476600496175e-03 4.732077498258556e-03 2.626313726474454e-03 0.000000000000000e+00 0.000000000000000e+00 1.276331201463577e-03 0.000000000000000e+00 1.281481990774084e-04 2.713293022504350e-03 0.000000000000000e+00 2.302329510119097e-03 0.000000000000000e+00 0.000000000000000e+00 3.008406118335306e-03 3.216663030304677e-03 0.000000000000000e+00 2.421426711820562e-03 0.000000000000000e+00 4.837151244036869e-03 0.000000000000000e+00 1.202448529885972e-03 
3.665294278130592e-03 0.000000000000000e+00 0.000000000000000e+00 3.662673050354757e-03 7.354747265855446e-04 0.000000000000000e+00 0.000000000000000e+00 4.733851853896423e-03 2.858000240786946e-03 2.152486929582358e-03 2.171525705606530e-03 0.000000000000000e+00 0.000000000000000e+00 0.000000000000000e+00 0.000000000000000e+00 0.000000000000000e+00 3.917450633318635e-05 0.000000000000000e+00 3.717636281953237e-03 2.707587367992131e-03 2.754494732038337e-03 4.983462995475758e-03 0.000000000000000e+00 2.253542249703381e-03 3.131167860164737e-03 
1.848566797951613e-03 1.851758195521346e-03 3.308673121656338e-03 0.000000000000000e+00 3.001365244304522e-03 7.232656621464675e-04 0.000000000000000e+00 0.000000000000000e+00 6.475552659133193e-04 3.739285582781029e-03 0.000000000000000e+00 4.199440755348294e-03 0.000000000000000e+00 3.897191944035432e-03 2.450153703976416e-03 0.000000000000000e+00 1.309755025814906e-03 0.000000000000000e+00 2.806985871652444e-03 1.403531260755395e-03 0.000000000000000e+00 8.686730712788328e-04 1.321829037099275e-03 0.000000000000000e+00 3.162556362465778e-03 
3.541515597819735e-03 1.690196883351601e-03 2.682842798915341e-03 3.341745936145366e-03 0.000000000000000e+00 0.000000000000000e+00 0.000000000000000e+00 2.856474897417895e-03 4.605589444299752e-03 0.000000000000000e+00 3.205704565159764e-03 2.783340225451761e-03 0.000000000000000e+00 3.738651960185790e-03 2.685758927385986e-03 3.216528990162450e-03 3.486637426866619e-03 4.612680827919196e-04 2.548245027394246e-03 0.000000000000000e+00 0.000000000000000e+00 0.000000000000000e+00 1.001796067984985e-03 3.143517364491875e-03 1.297603427027590e-03 
4.623353237206767e-03 0.000000000000000e+00 1.000134750959704e-03 1.739211889529820e-03 2.869684705472721e-04 4.074253569970999e-03 0.000000000000000e+00 0.000000000000000e+00 2.363097626365196e-03 0.000000000000000e+00 0.000000000000000e+00 3.998497251751217e-04 3.292221826212939e-03 0.000000000000000e+00 4.140618090218297e-03 2.444936712732058e-05 2.783387597710089e-03 2.637896535039233e-03 0.000000000000000e+00 4.142270331558017e-03 2.813417740212164e-03 7.841211002537025e-04 0.000000000000000e+00 0.000000000000000e+00 4.469389869734768e-03 
1.965607046266581e-03 0.000000000000000e+00 1.760546595622728e-04 0.000000000000000e+00 2.124277944482352e-04 0.000000000000000e+00 0.000000000000000e+00 0.000000000000000e+00 2.062162132555652e-03 4.493462329524828e-03 4.806229002407150e-03 1.425580364961914e-04 0.000000000000000e+00 0.000000000000000e+00 0.000000000000000e+00 6.892331821901892e-04 0.000000000000000e+00 1.881177481630930e-03 2.267554466917165e-03 0.000000000000000e+00 4.214993897716006e-03 1.713448992136702e-03 5.724707431276495e-04 3.645657485600193e-03 3.487017116655788e-03 
8.841669888563697e-04 0.000000000000000e+00 0.000000000000000e+00 0.000000000000000e+00 2.384799137156576e-03 0.000000000000000e+00 0.000000000000000e+00 0.000000000000000e+00 2.183952578305135e-03 2.353099429015700e-03 0.000000000000000e+00 2.837582263668256e-03 2.508456022551332e-04 1.591778357048357e-03 0.000000000000000e+00 2.080967852674578e-04 0.000000000000000e+00 0.000000000000000e+00 0.000000000000000e+00 3.860528306872227e-03 0.000000000000000e+00 0.000000000000000e+00 1.211404944569532e-03 0.000000000000000e+00 0.000000000000000e+00 
0.000000000000000e+00 0.000000000000000e+00 3.587440989669796e-04 0.000000000000000e+00 0.000000000000000e+00 3.727555296465693e-03 0.000000000000000e+00 1.393024928537598e-03 1.741132852188089e-03 4.794021172614961e-04 3.123424830225501e-03 0.000000000000000e+00 2.768859318124383e-03 2.797288844698001e-03 2.277160860642731e-03 2.655242988721041e-03 0.000000000000000e+00 0.000000000000000e+00 0.000000000000000e+00 2.686779038056737e-03 3.422578806491069e-03 0.000000000000000e+00 1.715360544363391e-03 0.000000000000000e+00 3.939503154532377e-03 
6.524975007581352e-04 0.000000000000000e+00 0.000000000000000e+00 2.130042039261251e-03 0.000000000000000e+00 4.101445466771289e-03 2.025521592778924e-03 4.431197950350151e-03 2.657427989886908e-04 0.000000000000000e+00 0.000000000000000e+00 0.000000000000000e+00 0.000000000000000e+00 0.000000000000000e+00 4.409056392127213e-03 0.000000000000000e+00 0.000000000000000e+00 3.232604106324171e-03 0.000000000000000e+00 0.000000000000000e+00 3.283861410813043e-03 0.000000000000000e+00 0.000000000000000e+00 0.000000000000000e+00 1.293207383302497e-03 
0.000000000000000e+00 4.495808914289807e-03 0.000000000000000e+00 1.103547019478366e-03 1.993901759511520e-04 0.000000000000000e+00 0.000000000000000e+00 0.000000000000000e+00 2.666684517947675e-03 4.277219450354976e-03 8.911626224714143e-04 2.687985586078181e-03 0.000000000000000e+00 2.444690875167112e-03 4.049452344662340e-03 4.387231038045630e-04 1.891969652846544e-03 4.853811830335768e-03 0.000000000000000e+00 0.000000000000000e+00 0.000000000000000e+00 0.000000000000000e+00 0.000000000000000e+00 0.000000000000000e+00 4.460101474819207e-03 
2.775443496077276e-04 1.162655259328022e-03 0.000000000000000e+00 0.000000000000000e+00 0.000000000000000e+00 0.000000000000000e+00 4.047237442139843e-03 3.218322176485839e-03 2.495284360031557e-03 3.692422567971750e-03 0.000000000000000e+00 0.000000000000000e+00 3.401462405213659e-03 4.601374418481559e-03 2.516831920860483e-03 0.000000000000000e+00 1.569101905082939e-03 0.000000000000000e+00 2.311020957214896e-03 0.000000000000000e+00 0.000000000000000e+00 1.170313822931509e-03 1.260609881900554e-04 3.970757108335979e-03 1.729980844704009e-03 
0.000000000000000e+00 0.000000000000000e+00 8.596700078977973e-04 0.000000000000000e+00 1.433907860576320e-04 0.000000000000000e+00 0.000000000000000e+00 7.588093272229386e-04 2.630485799294216e-03 0.000000000000000e+00 0.000000000000000e+00 0.000000000000000e+00 2.973919683926526e-03 3.672260040253514e-03 0.000000000000000e+00 2.627130888982511e-03 4.732527530319051e-03 2.444640241682594e-03 4.595239854183178e-03 0.000000000000000e+00 0.000000000000000e+00 0.000000000000000e+00 5.010001150488681e-04 0.000000000000000e+00 0.000000000000000e+00 
1.411716908261907e-03 0.000000000000000e+00 0.000000000000000e+00 0.000000000000000e+00 0.000000000000000e+00 1.852478974079138e-03 2.708909447800170e-03 0.000000000000000e+00 0.000000000000000e+00 0.000000000000000e+00 1.557516388857466e-03 0.000000000000000e+00 8.501867511071222e-04 0.000000000000000e+00 0.000000000000000e+00 0.000000000000000e+00 8.483063938434216e-05 3.936260241137032e-03 7.546491870310697e-04 2.933041603121201e-03 3.954298752696575e-03 0.000000000000000e+00 0.000000000000000e+00 0.000000000000000e+00 7.371591036221806e-04 
7.360043853121208e-04 0.000000000000000e+00 0.000000000000000e+00 3.965465737688230e-03 0.000000000000000e+00 4.298106759503673e-03 0.000000000000000e+00 1.842052603678819e-03 1.762332351526146e-03 0.000000000000000e+00 0.000000000000000e+00 1.917611817313430e-03 4.192225460998445e-03 0.000000000000000e+00 0.000000000000000e+00 3.439459569486989e-03 3.019895472695744e-03 1.419510705442087e-03 0.000000000000000e+00 3.808109094359330e-03 0.000000000000000e+00 0.000000000000000e+00 4.197914581729645e-03 0.000000000000000e+00 6.196627471987469e-04 
3.950377104602798e-03 0.000000000000000e+00 3.150136416235139e-03 4.137104257515991e-03 0.000000000000000e+00 0.000000000000000e+00 0.000000000000000e+00 2.274686780757027e-03 3.405320601592339e-03 0.000000000000000e+00 1.797249476604366e-03 4.148497766614853e-03 3.778455334646330e-05 2.250312855954936e-03 0.000000000000000e+00 3.465997809416923e-03 2.561452668286210e-03 4.527263790855633e-03 0.000000000000000e+00 0.000000000000000e+00 2.777609984938006e-03 3.888648328577949e-03 0.000000000000000e+00 2.605427284607474e-03 2.482412475904104e-03 