# File created on Fri May 17 15:41:59 2024
# The following metaparameters were used for this matrix optimization : gamma0 = 0.5; alpha0 = 0; sigma0 = 0.25; l0 = 1;p = 1; R0 = 1; S0 = 0.05; NR = 25; NS = 25; matrix path = matrices/Nr25_Nc25/consumption/RandTrix_Nr25_Nc25_Nest0.55_Conn0.0992.txt; convergence threshold = 1e-08
1.379845176197160e-03 0.000000000000000e+00 3.826541947517150e-03 3.132616650164992e-03 3.648988658971948e-04 0.000000000000000e+00 3.197745464189288e-03 3.531375622259582e-03 0.000000000000000e+00 0.000000000000000e+00 3.085681564258654e-03 3.227984777022450e-03 2.977522399065552e-04 4.997252025595602e-03 0.000000000000000e+00 1.266998303109824e-03 0.000000000000000e+00 2.229907950798582e-03 4.174116768545395e-04 2.810024188296104e-03 8.188317549012335e-04 3.579237012624578e-03 3.397525184044970e-03 0.000000000000000e+00 2.811441697724826e-03 
0.000000000000000e+00 0.000000000000000e+00 0.000000000000000e+00 2.955229423215520e-04 0.000000000000000e+00 0.000000000000000e+00 0.000000000000000e+00 4.067399702396658e-03 2.076390722392765e-03 6.171068902041514e-04 3.893726676054211e-04 0.000000000000000e+00 3.530702463806103e-03 1.597677144506832e-03 4.696762514313536e-05 2.928171052839400e-03 0.000000000000000e+00 2.629437409833245e-03 0.000000000000000e+00 1.799593163222805e-03 2.952058148336302e-03 0.000000000000000e+00 4.299821321787502e-03 2.570871745440615e-04 0.000000000000000e+00 
0.000000000000000e+00 0.000000000000000e+00 0.000000000000000e+00 8.740117109319904e-04 3.661804971411405e-03 3.830020695711328e-03 2.728665821970511e-03 0.000000000000000e+00 2.981045833320433e-03 0.000000000000000e+00 4.739034386029544e-03 2.620864819107751e-03 0.000000000000000e+00 3.985691471398726e-03 1.262778476622818e-03 0.000000000000000e+00 1.804741033097213e-03 2.236812726971345e-03 2.448022026343227e-03 0.000000000000000e+00 0.000000000000000e+00 0.000000000000000e+00 0.000000000000000e+00 0.000000000000000e+00 0.000000000000000e+00 
0.000000000000000e+00 0.000000000000000e+00 0.000000000000000e+00 0.000000000000000e+00 2.935331132551789e-03 7.390296276300296e-04 0.000000000000000e+00 1.503557108506735e-03 2.739730456840162e-04 0.000000000000000e+00 1.330943199446345e-03 0.000000000000000e+00 4.755977104014442e-03 0.000000000000000e+00 3.115948372904532e-03 0.000000000000000e+00 7.175005105842766e-05 0.000000000000000e+00 0.000000000000000e+00 4.920474846873149e-03 2.656081946577241e-03 0.000000000000000e+00 0.000000000000000e+00 4.196303566946609e-03 7.126274927500315e-04 
3.422080953936868e-03 4.779219241173743e-04 0.000000000000000e+00 4.781086417103687e-03 1.441868898820687e-03 3.552364420148538e-03 0.000000000000000e+00 0.000000000000000e+00 0.000000000000000e+00 0.000000000000000e+00 2.162949134815706e-03 0.000000000000000e+00 0.000000000000000e+00 0.000000000000000e+00 2.435984756716036e-05 1.907819570520259e-03 1.866761624184440e-03 0.000000000000000e+00 8.582944971796912e-04 0.000000000000000e+00 1.945253560020951e-03 1.952052137395487e-03 0.000000000000000e+00 0.000000000000000e+00 2.322171201615790e-03 
0.000000000000000e+00 3.765697209756819e-03 0.000000000000000e+00 0.000000000000000e+00 0.000000000000000e+00 0.000000000000000e+00 3.108816230034419e-03 4.940608864513680e-03 1.350770015076944e-04 0.000000000000000e+00 3.602859119205773e-03 0.000000000000000e+00 3.721464959203357e-03 0.000000000000000e+00 0.000000000000000e+00 0.000000000000000e+00 1.145813024287007e-04 3.689644611107371e-03 0.000000000000000e+00 0.000000000000000e+00 0.000000000000000e+00 0.000000000000000e+00 0.000000000000000e+00 0.000000000000000e+00 4.560209984127260e-04 
0.000000000000000e+00 2.150730553856230e-03 0.000000000000000e+00 0.000000000000000e+00 0.000000000000000e+00 0.000000000000000e+00 0.000000000000000e+00 4.072680132252542e-03 1.400341269543744e-03 0.000000000000000e+00 0.000000000000000e+00 2.170750626086475e-03 0.000000000000000e+00 4.250057939001141e-06 1.091069801294337e-04 0.000000000000000e+00 1.267993040399355e-03 3.875831578711942e-04 0.000000000000000e+00 0.000000000000000e+00 6.900699829816534e-04 0.000000000000000e+00 2.397963009167203e-03 1.199941308458777e-05 0.000000000000000e+00 
0.000000000000000e+00 4.701855046377241e-03 2.283670242807254e-03 1.487409699783587e-03 0.000000000000000e+00 3.718246901471213e-03 0.000000000000000e+00 2.341016242664371e-04 8.684961117421806e-05 7.668778044843816e-04 2.199454978142580e-03 1.171555208989150e-03 0.000000000000000e+00 0.000000000000000e+00 0.000000000000000e+00 0.000000000000000e+00 0.000000000000000e+00 0.000000000000000e+00 4.942270289900568e-03 1.956219903587674e-04 0.000000000000000e+00 1.827863958160559e-03 8.419417913380892e-05 2.878580692790193e-03 0.000000000000000e+00 
3.872357529935405e-03 0.000000000000000e+00 0.000000000000000e+00 5.427104083719261e-04 0.000000000000000e+00 0.000000000000000e+00 3.760677583083264e-03 3.853261539894476e-03 0.000000000000000e+00 4.606782547566707e-03 2.206508325106011e-03 0.000000000000000e+00 2.114065094981731e-03 0.000000000000000e+00 0.000000000000000e+00 0.000000000000000e+00 4.844746926155645e-03 1.679625010850545e-03 0.000000000000000e+00 1.524620969269446e-03 2.018730095015913e-03 0.000000000000000e+00 2.604792793301869e-05 0.000000000000000e+00 0.000000000000000e+00 
3.032221782429812e-03 0.000000000000000e+00 0.000000000000000e+00 0.000000000000000e+00 4.000563407974757e-03 0.000000000000000e+00 1.070221171648489e-03 3.531700359079452e-03 1.750504338752511e-03 0.000000000000000e+00 0.000000000000000e+00 0.000000000000000e+00 1.310851074746251e-05 6.246133058851945e-04 1.912513962802656e-03 0.000000000000000e+00 0.000000000000000e+00 3.387246788132393e-03 3.811020316725637e-03 0.000000000000000e+00 0.000000000000000e+00 0.000000000000000e+00 0.000000000000000e+00 0.000000000000000e+00 0.000000000000000e+00 
1.452569246826386e-03 0.000000000000000e+00 0.000000000000000e+00 0.000000000000000e+00 4.273308712750796e-03 8.572061417361456e-04 2.387783511147806e-04 0.000000000000000e+00 0.000000000000000e+00 0.000000000000000e+00 4.506761795921140e-03 0.000000000000000e+00 1.044094477242206e-03 2.385421392100247e-03 3.375646237344587e-03 7.561583598324843e-04 0.000000000000000e+00 1.625405816151035e-03 0.000000000000000e+00 0.000000000000000e+00 0.000000000000000e+00 0.000000000000000e+00 2.865496930162094e-03 2.827300171155070e-03 3.078263376313312e-03 
0.000000000000000e+00 0.000000000000000e+00 2.954048570038300e-03 0.000000000000000e+00 0.000000000000000e+00 0.000000000000000e+00 0.000000000000000e+00 0.000000000000000e+00 1.824416661897937e-03 0.000000000000000e+00 8.763010764965766e-05 3.057613157998499e-03 2.361769990449171e-03 2.725296521120737e-03 2.013615938328586e-03 0.000000000000000e+00 1.981194292982401e-03 0.000000000000000e+00 0.000000000000000e+00 1.913807277843798e-03 0.000000000000000e+00 4.434244416236540e-03 3.334355867903639e-04 1.983359141746607e-03 0.000000000000000e+00 
4.073555422123249e-03 8.321711894602149e-04 4.032961416410852e-03 0.000000000000000e+00 2.408358356916715e-03 0.000000000000000e+00 0.000000000000000e+00 0.000000000000000e+00 9.583107395623599e-04 2.623679310200829e-03 2.999822841256491e-04 2.609322234705602e-03 1.261728968433716e-04 4.881726900469748e-03 0.000000000000000e+00 0.000000000000000e+00 0.000000000000000e+00 0.000000000000000e+00 0.000000000000000e+00 0.000000000000000e+00 0.000000000000000e+00 0.000000000000000e+00 1.160937132453088e-03 0.000000000000000e+00 4.472394635075235e-03 
1.225038540063614e-03 3.168998691812651e-03 0.000000000000000e+00 3.938538896005083e-03 0.000000000000000e+00 2.701513347660359e-03 0.000000000000000e+00 0.000000000000000e+00 2.975024743748376e-04 0.000000000000000e+00 3.394313229217366e-03 0.000000000000000e+00 0.000000000000000e+00 3.290579479779355e-03 4.250099845469166e-03 0.000000000000000e+00 0.000000000000000e+00 2.130380280393730e-03 0.000000000000000e+00 2.081654326431129e-03 4.949923006199634e-03 2.107354711608484e-03 1.765890413534783e-03 0.000000000000000e+00 0.000000000000000e+00 
0.000000000000000e+00 4.966141464267833e-03 3.887538241000997e-03 0.000000000000000e+00 0.000000000000000e+00 3.360391741081834e-03 0.000000000000000e+00 1.723267817266707e-03 3.683583742997498e-05 0.000000000000000e+00 2.286715844081788e-03 1.849508188191496e-03 4.769285245283750e-03 3.181344916757526e-03 1.187977686821799e-03 0.000000000000000e+00 0.000000000000000e+00 0.000000000000000e+00 1.383475703617877e-03 0.000000000000000e+00 4.681606183856842e-03 0.000000000000000e+00 0.000000000000000e+00 3.588164684418988e-03 4.798123757889510e-03 
3.732878839844795e-03 0.000000000000000e+00 0.000000000000000e+00 5.022109297699448e-04 0.000000000000000e+00 4.592940447941954e-03 0.000000000000000e+00 4.001470015065800e-03 0.000000000000000e+00 0.000000000000000e+00 3.425316326043115e-03 2.672958245753799e-03 4.144651795300102e-03 0.000000000000000e+00 0.000000000000000e+00 3.250070862712090e-04 0.000000000000000e+00 0.000000000000000e+00 1.425855068546255e-03 0.000000000000000e+00 0.000000000000000e+00 0.000000000000000e+00 0.000000000000000e+00 0.000000000000000e+00 0.000000000000000e+00 
0.000000000000000e+00 0.000000000000000e+00 4.553713486057179e-04 1.073578417716494e-03 4.566746956678934e-03 0.000000000000000e+00 0.000000000000000e+00 0.000000000000000e+00 3.811650641282590e-03 1.417931754283441e-03 0.000000000000000e+00 2.646597433225070e-03 0.000000000000000e+00 0.000000000000000e+00 2.033536519137597e-04 2.772435560762291e-03 3.755232349256395e-03 0.000000000000000e+00 0.000000000000000e+00 2.081901730730750e-03 0.000000000000000e+00 0.000000000000000e+00 0.000000000000000e+00 0.000000000000000e+00 3.305037120470664e-03 
2.092335778135656e-03 0.000000000000000e+00 4.955472429069664e-03 2.529874241355680e-03 0.000000000000000e+00 0.000000000000000e+00 0.000000000000000e+00 0.000000000000000e+00 0.000000000000000e+00 4.167044812497640e-03 3.127141464318543e-03 2.614792191755516e-03 4.184948728569478e-04 0.000000000000000e+00 2.780588780955994e-04 0.000000000000000e+00 9.738501692788953e-04 0.000000000000000e+00 0.000000000000000e+00 0.000000000000000e+00 0.000000000000000e+00 6.084812701402049e-04 0.000000000000000e+00 1.849136393007290e-03 1.249375623813830e-03 
4.983206808186258e-03 4.604564354584246e-03 0.000000000000000e+00 0.000000000000000e+00 4.756229880096994e-03 0.000000000000000e+00 0.000000000000000e+00 3.800166849027189e-03 4.664562102719754e-03 4.436127403842775e-03 0.000000000000000e+00 0.000000000000000e+00 0.000000000000000e+00 2.074533612483671e-03 0.000000000000000e+00 4.647002586158235e-03 2.865599118177624e-03 1.162950733700817e-03 0.000000000000000e+00 3.613475344996612e-03 5.424791807387843e-04 0.000000000000000e+00 0.000000000000000e+00 0.000000000000000e+00 0.000000000000000e+00 
2.812752590659043e-03 1.131092433541516e-03 3.368521233836386e-03 0.000000000000000e+00 0.000000000000000e+00 2.660267044399699e-03 0.000000000000000e+00 4.801946366750722e-03 3.989274775593007e-03 0.000000000000000e+00 1.773445277035813e-03 0.000000000000000e+00 2.530244959225848e-03 3.227965635602663e-03 0.000000000000000e+00 2.317918250446311e-03 0.000000000000000e+00 1.171432741234767e-03 0.000000000000000e+00 4.150928527610832e-03 2.146402764691783e-03 3.123206181418154e-03 3.074210991179070e-03 0.000000000000000e+00 4.587174927578720e-03 
2.320820952054132e-03 1.260120130280793e-03 4.538661568073813e-05 2.664185987882278e-04 1.363094673606600e-03 0.000000000000000e+00 0.000000000000000e+00 0.000000000000000e+00 0.000000000000000e+00 3.901078893300538e-03 4.203604333180704e-04 2.116041641235797e-03 4.429714833509923e-03 0.000000000000000e+00 0.000000000000000e+00 3.219288889389741e-03 0.000000000000000e+00 0.000000000000000e+00 0.000000000000000e+00 2.860710805337635e-03 2.554008024462380e-03 9.697465143374590e-04 4.808585813222885e-03 0.000000000000000e+00 0.000000000000000e+00 
4.993907906478963e-03 2.253191295018499e-03 2.079018181923347e-03 2.482760038090342e-03 6.813438820017745e-04 0.000000000000000e+00 0.000000000000000e+00 3.213855472286625e-03 0.000000000000000e+00 4.931879741823636e-03 0.000000000000000e+00 4.576472981927473e-03 0.000000000000000e+00 0.000000000000000e+00 0.000000000000000e+00 3.099588347572045e-03 0.000000000000000e+00 5.275840294681732e-04 0.000000000000000e+00 0.000000000000000e+00 0.000000000000000e+00 0.000000000000000e+00 1.747551771226132e-03 0.000000000000000e+00 1.512937753369016e-03 
1.868017257144198e-03 0.000000000000000e+00 3.170615020271929e-03 1.328486749425689e-03 0.000000000000000e+00 0.000000000000000e+00 4.127663935430678e-03 1.599009044813931e-03 3.495664529461636e-03 0.000000000000000e+00 0.000000000000000e+00 2.135536118613650e-03 0.000000000000000e+00 3.317905166616520e-04 0.000000000000000e+00 3.712772969739760e-03 2.645124572794026e-03 1.112028391992318e-03 8.243697761848893e-04 0.000000000000000e+00 0.000000000000000e+00 0.000000000000000e+00 4.962149967963901e-03 1.787547117191190e-03 7.983390802708162e-04 
0.000000000000000e+00 4.848837926564441e-03 3.504454400664575e-03 2.665037323348627e-03 0.000000000000000e+00 4.851182459183799e-03 2.633295331079542e-03 3.161764238390517e-03 2.855387132077511e-03 3.368773036872790e-03 1.131376377986957e-03 0.000000000000000e+00 3.180492721288804e-03 0.000000000000000e+00 3.297114387494756e-03 1.106130459188955e-03 0.000000000000000e+00 3.759371765583528e-03 2.009345164392290e-03 9.408313337371860e-04 0.000000000000000e+00 0.000000000000000e+00 8.452222863306126e-04 0.000000000000000e+00 0.000000000000000e+00 
4.466539654388708e-03 8.968442298804512e-04 3.443160952098174e-03 2.609952436889155e-03 0.000000000000000e+00 0.000000000000000e+00 0.000000000000000e+00 0.000000000000000e+00 3.045377739537373e-03 3.946765367317367e-04 3.562724126827479e-03 2.411571894770273e-03 0.000000000000000e+00 4.960639812002976e-03 2.383686836742575e-03 1.636775187663143e-03 0.000000000000000e+00 0.000000000000000e+00 0.000000000000000e+00 1.879558957046568e-03 0.000000000000000e+00 0.000000000000000e+00 4.088321995658433e-03 1.654259913962942e-03 0.000000000000000e+00 