# File created on Wed May  1 06:27:19 2024
# The following metaparameters were used for this matrix optimization : gamma0 = 0.5; alpha0 = 0; sigma0 = 0.25; l0 = 1;p = 1; R0 = 1; S0 = 0.05; NR = 25; NS = 25; matrix path = matrices/Nr25_Nc25/consumption/RandTrix_Nr25_Nc25_Nest0.25_Conn0.184.txt; convergence threshold = 1e-08
6.086382422606862e-01 5.298804133335451e-01 0.000000000000000e+00 0.000000000000000e+00 0.000000000000000e+00 0.000000000000000e+00 4.996826633289187e-01 0.000000000000000e+00 0.000000000000000e+00 0.000000000000000e+00 0.000000000000000e+00 0.000000000000000e+00 0.000000000000000e+00 0.000000000000000e+00 0.000000000000000e+00 0.000000000000000e+00 1.059969683120207e+00 0.000000000000000e+00 3.800780708182549e-01 1.157738202419083e-03 0.000000000000000e+00 7.469432242413641e-01 0.000000000000000e+00 0.000000000000000e+00 5.409383901592500e-01 
5.252004662039891e-01 4.816985345440170e-01 0.000000000000000e+00 0.000000000000000e+00 0.000000000000000e+00 0.000000000000000e+00 5.369546958444987e-01 0.000000000000000e+00 0.000000000000000e+00 0.000000000000000e+00 0.000000000000000e+00 0.000000000000000e+00 1.154763403964600e-01 0.000000000000000e+00 5.177046928511766e-01 0.000000000000000e+00 6.099022558869244e-01 4.808548309345733e-01 8.171396123258255e-01 4.414416453820311e-01 0.000000000000000e+00 0.000000000000000e+00 3.185913588187877e-01 0.000000000000000e+00 0.000000000000000e+00 
0.000000000000000e+00 4.839293101013844e-01 0.000000000000000e+00 2.070403579987875e-01 7.731872695443621e-01 3.829877188056354e-01 0.000000000000000e+00 0.000000000000000e+00 9.696397758167012e-01 0.000000000000000e+00 0.000000000000000e+00 0.000000000000000e+00 0.000000000000000e+00 3.111459039937730e-01 0.000000000000000e+00 0.000000000000000e+00 3.992941043254134e-01 0.000000000000000e+00 0.000000000000000e+00 0.000000000000000e+00 0.000000000000000e+00 0.000000000000000e+00 0.000000000000000e+00 0.000000000000000e+00 0.000000000000000e+00 
4.081348027919864e-01 0.000000000000000e+00 0.000000000000000e+00 4.777845521495906e-01 0.000000000000000e+00 5.997170715727974e-01 0.000000000000000e+00 0.000000000000000e+00 2.101587514106006e-01 3.644923897387887e-01 0.000000000000000e+00 1.453301391854613e-01 0.000000000000000e+00 0.000000000000000e+00 0.000000000000000e+00 0.000000000000000e+00 0.000000000000000e+00 0.000000000000000e+00 0.000000000000000e+00 0.000000000000000e+00 5.880078097504558e-01 0.000000000000000e+00 4.821923869126636e-01 3.951459189095180e-01 0.000000000000000e+00 
0.000000000000000e+00 5.512986485932350e-01 0.000000000000000e+00 0.000000000000000e+00 5.671557393464714e-01 0.000000000000000e+00 0.000000000000000e+00 4.062083711669371e-01 0.000000000000000e+00 0.000000000000000e+00 4.773563404293128e-01 0.000000000000000e+00 0.000000000000000e+00 3.686970596409358e-01 0.000000000000000e+00 0.000000000000000e+00 0.000000000000000e+00 0.000000000000000e+00 0.000000000000000e+00 0.000000000000000e+00 0.000000000000000e+00 0.000000000000000e+00 1.838492416513796e-01 0.000000000000000e+00 0.000000000000000e+00 
0.000000000000000e+00 0.000000000000000e+00 0.000000000000000e+00 0.000000000000000e+00 0.000000000000000e+00 0.000000000000000e+00 0.000000000000000e+00 0.000000000000000e+00 0.000000000000000e+00 0.000000000000000e+00 0.000000000000000e+00 4.000183045520210e-01 0.000000000000000e+00 0.000000000000000e+00 4.544741735497434e-01 0.000000000000000e+00 6.125724983412936e-01 0.000000000000000e+00 0.000000000000000e+00 3.039007707117384e-01 0.000000000000000e+00 0.000000000000000e+00 0.000000000000000e+00 4.859915864882551e-01 1.202899021008819e+00 
7.714986122721732e-01 3.383218145999752e-01 2.733906627159023e-01 7.085024168015482e-02 0.000000000000000e+00 0.000000000000000e+00 0.000000000000000e+00 1.465939066790195e-01 5.426937129991677e-01 2.062861320977482e-01 0.000000000000000e+00 0.000000000000000e+00 0.000000000000000e+00 0.000000000000000e+00 0.000000000000000e+00 0.000000000000000e+00 0.000000000000000e+00 0.000000000000000e+00 0.000000000000000e+00 0.000000000000000e+00 0.000000000000000e+00 0.000000000000000e+00 0.000000000000000e+00 0.000000000000000e+00 0.000000000000000e+00 
5.364456913391097e-01 0.000000000000000e+00 0.000000000000000e+00 2.946989779671025e-01 0.000000000000000e+00 0.000000000000000e+00 0.000000000000000e+00 0.000000000000000e+00 0.000000000000000e+00 0.000000000000000e+00 0.000000000000000e+00 0.000000000000000e+00 8.420080882884537e-01 8.720390718807390e-03 0.000000000000000e+00 0.000000000000000e+00 1.431714562194553e-01 0.000000000000000e+00 0.000000000000000e+00 1.671247222353148e-01 0.000000000000000e+00 0.000000000000000e+00 9.462692759240018e-02 0.000000000000000e+00 0.000000000000000e+00 
0.000000000000000e+00 4.803853216076616e-01 0.000000000000000e+00 0.000000000000000e+00 2.465656912492992e-02 5.644689162549323e-01 0.000000000000000e+00 0.000000000000000e+00 3.187508185972116e-01 0.000000000000000e+00 0.000000000000000e+00 3.181424219795390e-01 0.000000000000000e+00 0.000000000000000e+00 0.000000000000000e+00 0.000000000000000e+00 1.494247244600991e-01 4.100582401306304e-01 0.000000000000000e+00 0.000000000000000e+00 0.000000000000000e+00 0.000000000000000e+00 0.000000000000000e+00 7.046524194317420e-02 0.000000000000000e+00 
0.000000000000000e+00 0.000000000000000e+00 0.000000000000000e+00 0.000000000000000e+00 3.372546105465161e-01 0.000000000000000e+00 7.266300573692688e-01 1.257831849797885e-01 0.000000000000000e+00 0.000000000000000e+00 4.436645726575213e-01 0.000000000000000e+00 0.000000000000000e+00 0.000000000000000e+00 0.000000000000000e+00 1.370153444664088e-01 0.000000000000000e+00 0.000000000000000e+00 0.000000000000000e+00 0.000000000000000e+00 0.000000000000000e+00 0.000000000000000e+00 0.000000000000000e+00 0.000000000000000e+00 0.000000000000000e+00 
0.000000000000000e+00 0.000000000000000e+00 4.358422192461516e-01 0.000000000000000e+00 0.000000000000000e+00 0.000000000000000e+00 5.044990671663292e-01 4.135080215891196e-01 0.000000000000000e+00 0.000000000000000e+00 0.000000000000000e+00 0.000000000000000e+00 0.000000000000000e+00 0.000000000000000e+00 0.000000000000000e+00 3.666024423546144e-01 0.000000000000000e+00 0.000000000000000e+00 0.000000000000000e+00 0.000000000000000e+00 0.000000000000000e+00 0.000000000000000e+00 1.124092405827954e-01 0.000000000000000e+00 0.000000000000000e+00 
0.000000000000000e+00 5.451817333463627e-01 0.000000000000000e+00 0.000000000000000e+00 0.000000000000000e+00 0.000000000000000e+00 0.000000000000000e+00 0.000000000000000e+00 0.000000000000000e+00 0.000000000000000e+00 0.000000000000000e+00 0.000000000000000e+00 0.000000000000000e+00 0.000000000000000e+00 0.000000000000000e+00 5.167551401355246e-01 0.000000000000000e+00 0.000000000000000e+00 0.000000000000000e+00 0.000000000000000e+00 0.000000000000000e+00 0.000000000000000e+00 4.374496508098044e-01 0.000000000000000e+00 7.281996886393099e-01 
0.000000000000000e+00 0.000000000000000e+00 0.000000000000000e+00 0.000000000000000e+00 3.493632882741369e-01 0.000000000000000e+00 0.000000000000000e+00 0.000000000000000e+00 0.000000000000000e+00 0.000000000000000e+00 0.000000000000000e+00 0.000000000000000e+00 4.923214554945692e-01 9.618327222058785e-02 0.000000000000000e+00 0.000000000000000e+00 0.000000000000000e+00 5.827668538383543e-01 0.000000000000000e+00 3.299727522874830e-01 0.000000000000000e+00 0.000000000000000e+00 0.000000000000000e+00 0.000000000000000e+00 0.000000000000000e+00 
3.984529967520663e-01 0.000000000000000e+00 0.000000000000000e+00 0.000000000000000e+00 0.000000000000000e+00 5.753086771913243e-01 0.000000000000000e+00 0.000000000000000e+00 0.000000000000000e+00 6.042863689556380e-01 0.000000000000000e+00 0.000000000000000e+00 0.000000000000000e+00 0.000000000000000e+00 0.000000000000000e+00 0.000000000000000e+00 0.000000000000000e+00 0.000000000000000e+00 1.295490158320417e-01 0.000000000000000e+00 0.000000000000000e+00 0.000000000000000e+00 0.000000000000000e+00 0.000000000000000e+00 0.000000000000000e+00 
0.000000000000000e+00 0.000000000000000e+00 0.000000000000000e+00 3.517709490175706e-01 4.370732084203871e-01 0.000000000000000e+00 0.000000000000000e+00 0.000000000000000e+00 0.000000000000000e+00 0.000000000000000e+00 0.000000000000000e+00 0.000000000000000e+00 0.000000000000000e+00 0.000000000000000e+00 0.000000000000000e+00 0.000000000000000e+00 5.083417428858864e-01 0.000000000000000e+00 0.000000000000000e+00 0.000000000000000e+00 4.766093478877290e-02 0.000000000000000e+00 0.000000000000000e+00 0.000000000000000e+00 0.000000000000000e+00 
5.789796860176562e-01 0.000000000000000e+00 3.777667663063495e-01 0.000000000000000e+00 0.000000000000000e+00 0.000000000000000e+00 0.000000000000000e+00 0.000000000000000e+00 0.000000000000000e+00 0.000000000000000e+00 0.000000000000000e+00 4.144742560205831e-01 1.999554769358342e-02 5.032727413146448e-01 0.000000000000000e+00 0.000000000000000e+00 0.000000000000000e+00 0.000000000000000e+00 0.000000000000000e+00 0.000000000000000e+00 0.000000000000000e+00 0.000000000000000e+00 0.000000000000000e+00 3.012835819286194e-01 0.000000000000000e+00 
1.173039633675060e-01 0.000000000000000e+00 3.329315493462189e-01 0.000000000000000e+00 0.000000000000000e+00 4.529387147072760e-01 3.763907442324926e-01 0.000000000000000e+00 0.000000000000000e+00 0.000000000000000e+00 0.000000000000000e+00 0.000000000000000e+00 0.000000000000000e+00 0.000000000000000e+00 0.000000000000000e+00 8.441530630265311e-02 0.000000000000000e+00 0.000000000000000e+00 0.000000000000000e+00 0.000000000000000e+00 0.000000000000000e+00 0.000000000000000e+00 0.000000000000000e+00 0.000000000000000e+00 0.000000000000000e+00 
0.000000000000000e+00 0.000000000000000e+00 0.000000000000000e+00 0.000000000000000e+00 0.000000000000000e+00 0.000000000000000e+00 0.000000000000000e+00 5.846636390183324e-01 0.000000000000000e+00 0.000000000000000e+00 0.000000000000000e+00 5.958366714506603e-01 0.000000000000000e+00 0.000000000000000e+00 0.000000000000000e+00 0.000000000000000e+00 0.000000000000000e+00 0.000000000000000e+00 0.000000000000000e+00 0.000000000000000e+00 0.000000000000000e+00 0.000000000000000e+00 0.000000000000000e+00 0.000000000000000e+00 0.000000000000000e+00 
0.000000000000000e+00 0.000000000000000e+00 0.000000000000000e+00 0.000000000000000e+00 0.000000000000000e+00 6.879847316343903e-01 0.000000000000000e+00 7.855605869969456e-02 0.000000000000000e+00 0.000000000000000e+00 0.000000000000000e+00 0.000000000000000e+00 0.000000000000000e+00 0.000000000000000e+00 4.532839622530871e-01 0.000000000000000e+00 0.000000000000000e+00 0.000000000000000e+00 0.000000000000000e+00 0.000000000000000e+00 0.000000000000000e+00 0.000000000000000e+00 0.000000000000000e+00 0.000000000000000e+00 4.362593891144132e-01 
0.000000000000000e+00 0.000000000000000e+00 0.000000000000000e+00 0.000000000000000e+00 0.000000000000000e+00 0.000000000000000e+00 0.000000000000000e+00 0.000000000000000e+00 0.000000000000000e+00 0.000000000000000e+00 3.755643278700067e-01 0.000000000000000e+00 0.000000000000000e+00 0.000000000000000e+00 0.000000000000000e+00 3.298629154470897e-01 0.000000000000000e+00 4.854961731434773e-01 0.000000000000000e+00 0.000000000000000e+00 0.000000000000000e+00 0.000000000000000e+00 0.000000000000000e+00 0.000000000000000e+00 8.082351481940839e-02 
7.645214821971527e-01 5.108239808373307e-01 0.000000000000000e+00 0.000000000000000e+00 0.000000000000000e+00 0.000000000000000e+00 0.000000000000000e+00 0.000000000000000e+00 0.000000000000000e+00 3.315192070517394e-01 0.000000000000000e+00 0.000000000000000e+00 0.000000000000000e+00 0.000000000000000e+00 0.000000000000000e+00 0.000000000000000e+00 0.000000000000000e+00 0.000000000000000e+00 0.000000000000000e+00 0.000000000000000e+00 0.000000000000000e+00 0.000000000000000e+00 0.000000000000000e+00 0.000000000000000e+00 0.000000000000000e+00 
0.000000000000000e+00 3.604776947698429e-01 5.184611478471582e-01 0.000000000000000e+00 0.000000000000000e+00 0.000000000000000e+00 0.000000000000000e+00 0.000000000000000e+00 0.000000000000000e+00 0.000000000000000e+00 0.000000000000000e+00 0.000000000000000e+00 0.000000000000000e+00 0.000000000000000e+00 0.000000000000000e+00 0.000000000000000e+00 0.000000000000000e+00 0.000000000000000e+00 0.000000000000000e+00 0.000000000000000e+00 3.162810038128660e-01 0.000000000000000e+00 0.000000000000000e+00 0.000000000000000e+00 0.000000000000000e+00 
0.000000000000000e+00 0.000000000000000e+00 0.000000000000000e+00 0.000000000000000e+00 0.000000000000000e+00 0.000000000000000e+00 5.360596070537200e-01 0.000000000000000e+00 0.000000000000000e+00 0.000000000000000e+00 0.000000000000000e+00 0.000000000000000e+00 0.000000000000000e+00 0.000000000000000e+00 2.074742238110525e-01 4.132761460051907e-01 0.000000000000000e+00 0.000000000000000e+00 0.000000000000000e+00 0.000000000000000e+00 0.000000000000000e+00 0.000000000000000e+00 0.000000000000000e+00 0.000000000000000e+00 0.000000000000000e+00 
4.496778346997826e-01 0.000000000000000e+00 3.445389860308075e-01 0.000000000000000e+00 0.000000000000000e+00 0.000000000000000e+00 0.000000000000000e+00 0.000000000000000e+00 0.000000000000000e+00 1.166187994075856e-01 0.000000000000000e+00 0.000000000000000e+00 0.000000000000000e+00 0.000000000000000e+00 0.000000000000000e+00 0.000000000000000e+00 0.000000000000000e+00 0.000000000000000e+00 0.000000000000000e+00 0.000000000000000e+00 0.000000000000000e+00 0.000000000000000e+00 0.000000000000000e+00 0.000000000000000e+00 0.000000000000000e+00 
0.000000000000000e+00 0.000000000000000e+00 0.000000000000000e+00 0.000000000000000e+00 0.000000000000000e+00 0.000000000000000e+00 0.000000000000000e+00 3.264772884909675e-03 0.000000000000000e+00 0.000000000000000e+00 0.000000000000000e+00 0.000000000000000e+00 6.085296940562463e-01 0.000000000000000e+00 0.000000000000000e+00 0.000000000000000e+00 0.000000000000000e+00 0.000000000000000e+00 0.000000000000000e+00 0.000000000000000e+00 4.652236596469660e-01 0.000000000000000e+00 0.000000000000000e+00 0.000000000000000e+00 0.000000000000000e+00 