# File created on Tue Apr 30 07:08:35 2024
# The following metaparameters were used for this matrix optimization : gamma0 = 0.5; alpha0 = 0; sigma0 = 0.25; l0 = 1;p = 1; R0 = 1; S0 = 0.05; NR = 25; NS = 25; matrix path = matrices/Nr25_Nc25/consumption/RandTrix_Nr25_Nc25_Nest0.45_Conn0.384.txt; convergence threshold = 1e-08
0.000000000000000e+00 2.305844248031963e-01 6.338702343525490e-01 0.000000000000000e+00 0.000000000000000e+00 0.000000000000000e+00 9.912307895531100e-01 0.000000000000000e+00 0.000000000000000e+00 7.095693051888374e-01 2.573960257295352e-01 0.000000000000000e+00 5.629671024336202e-01 0.000000000000000e+00 0.000000000000000e+00 0.000000000000000e+00 8.323234133151315e-01 8.354220255234558e-01 7.476101218233402e-01 0.000000000000000e+00 0.000000000000000e+00 2.705089438712756e-01 0.000000000000000e+00 0.000000000000000e+00 3.931477017347399e-01 
0.000000000000000e+00 1.447243329098853e+00 1.042712876285558e+00 3.548611109060424e-01 8.728656333399335e-01 7.543512316733481e-01 0.000000000000000e+00 0.000000000000000e+00 0.000000000000000e+00 1.978353816185314e-01 1.669252045895290e-01 0.000000000000000e+00 0.000000000000000e+00 5.360901762596779e-01 0.000000000000000e+00 0.000000000000000e+00 5.139934075800885e-01 0.000000000000000e+00 0.000000000000000e+00 0.000000000000000e+00 0.000000000000000e+00 0.000000000000000e+00 7.525723632235199e-01 0.000000000000000e+00 0.000000000000000e+00 
6.313431487333201e-01 9.410377174486485e-01 0.000000000000000e+00 5.202672800803082e-01 0.000000000000000e+00 0.000000000000000e+00 0.000000000000000e+00 0.000000000000000e+00 0.000000000000000e+00 1.435076272838210e+00 0.000000000000000e+00 1.896749776329888e-01 8.033801484849675e-01 0.000000000000000e+00 0.000000000000000e+00 0.000000000000000e+00 0.000000000000000e+00 6.294508242804598e-01 6.123975710464633e-01 0.000000000000000e+00 0.000000000000000e+00 5.149838198727130e-02 0.000000000000000e+00 0.000000000000000e+00 0.000000000000000e+00 
0.000000000000000e+00 1.200238584466534e+00 1.378506831889101e+00 9.336575324384102e-01 0.000000000000000e+00 0.000000000000000e+00 0.000000000000000e+00 4.777054412625964e-01 0.000000000000000e+00 0.000000000000000e+00 0.000000000000000e+00 0.000000000000000e+00 0.000000000000000e+00 3.668551220749597e-01 0.000000000000000e+00 0.000000000000000e+00 0.000000000000000e+00 0.000000000000000e+00 0.000000000000000e+00 4.920994635321986e-01 0.000000000000000e+00 0.000000000000000e+00 8.650860943191499e-01 0.000000000000000e+00 0.000000000000000e+00 
0.000000000000000e+00 8.148943841226384e-01 0.000000000000000e+00 0.000000000000000e+00 0.000000000000000e+00 0.000000000000000e+00 3.915376265261563e-01 0.000000000000000e+00 6.734729483699543e-01 6.699568528493055e-01 0.000000000000000e+00 8.995696090234585e-01 4.275259883714657e-02 0.000000000000000e+00 3.886048668635787e-01 0.000000000000000e+00 0.000000000000000e+00 3.861513895680101e-01 9.401259370915772e-01 2.068955051428941e-01 0.000000000000000e+00 0.000000000000000e+00 0.000000000000000e+00 0.000000000000000e+00 0.000000000000000e+00 
6.148907962160641e-01 0.000000000000000e+00 0.000000000000000e+00 0.000000000000000e+00 5.179652062260276e-01 5.511809977178431e-02 0.000000000000000e+00 4.509566986182638e-01 1.267990496353288e+00 0.000000000000000e+00 0.000000000000000e+00 0.000000000000000e+00 7.500646091221420e-01 0.000000000000000e+00 0.000000000000000e+00 0.000000000000000e+00 0.000000000000000e+00 0.000000000000000e+00 0.000000000000000e+00 5.796158501828577e-02 0.000000000000000e+00 3.578272719228822e-01 0.000000000000000e+00 1.506988966156245e+00 6.121123427325880e-01 
3.605269816980668e-01 0.000000000000000e+00 3.347448422856614e-01 0.000000000000000e+00 2.169084330834388e-01 0.000000000000000e+00 7.515020961446226e-01 5.884362989541235e-01 0.000000000000000e+00 8.345597912317664e-01 0.000000000000000e+00 6.256880515374101e-01 0.000000000000000e+00 0.000000000000000e+00 0.000000000000000e+00 0.000000000000000e+00 4.919217526723545e-01 3.860519402699346e-01 0.000000000000000e+00 3.718268275747500e-01 0.000000000000000e+00 3.626220972141213e-01 0.000000000000000e+00 0.000000000000000e+00 0.000000000000000e+00 
0.000000000000000e+00 0.000000000000000e+00 1.226219404059549e+00 0.000000000000000e+00 0.000000000000000e+00 0.000000000000000e+00 0.000000000000000e+00 2.581489082644880e-01 0.000000000000000e+00 0.000000000000000e+00 8.927327370049025e-01 0.000000000000000e+00 0.000000000000000e+00 5.381181302513616e-01 8.103026317764589e-01 0.000000000000000e+00 4.465927972913095e-01 0.000000000000000e+00 0.000000000000000e+00 7.055553340159498e-01 3.957590432447155e-01 0.000000000000000e+00 0.000000000000000e+00 0.000000000000000e+00 0.000000000000000e+00 
1.289865502406235e-01 8.663155447618043e-01 0.000000000000000e+00 6.939149788416895e-01 1.094139067888576e-02 0.000000000000000e+00 0.000000000000000e+00 0.000000000000000e+00 5.908921593200259e-01 0.000000000000000e+00 0.000000000000000e+00 8.945879062222265e-01 0.000000000000000e+00 0.000000000000000e+00 0.000000000000000e+00 0.000000000000000e+00 0.000000000000000e+00 0.000000000000000e+00 0.000000000000000e+00 0.000000000000000e+00 7.247757917920569e-01 0.000000000000000e+00 6.807519584968655e-01 0.000000000000000e+00 0.000000000000000e+00 
5.370456677699581e-01 2.143845332824029e+00 0.000000000000000e+00 0.000000000000000e+00 0.000000000000000e+00 0.000000000000000e+00 0.000000000000000e+00 0.000000000000000e+00 1.086908596342038e-01 0.000000000000000e+00 0.000000000000000e+00 7.952974648262524e-01 0.000000000000000e+00 0.000000000000000e+00 0.000000000000000e+00 0.000000000000000e+00 0.000000000000000e+00 4.702642048958633e-01 5.572186452227862e-01 0.000000000000000e+00 4.123996897776371e-01 0.000000000000000e+00 0.000000000000000e+00 0.000000000000000e+00 0.000000000000000e+00 
0.000000000000000e+00 0.000000000000000e+00 0.000000000000000e+00 7.875182566650104e-01 8.158904451246514e-01 1.114926756317493e+00 4.323316609442691e-01 0.000000000000000e+00 7.178015486130089e-01 0.000000000000000e+00 0.000000000000000e+00 4.951945518655442e-01 0.000000000000000e+00 0.000000000000000e+00 0.000000000000000e+00 1.405501451482541e-01 0.000000000000000e+00 0.000000000000000e+00 0.000000000000000e+00 0.000000000000000e+00 0.000000000000000e+00 0.000000000000000e+00 0.000000000000000e+00 0.000000000000000e+00 7.845442257347349e-01 
7.755774668274206e-01 6.341531922068805e-01 0.000000000000000e+00 0.000000000000000e+00 0.000000000000000e+00 6.742345363216531e-03 2.448193331425991e-01 1.131518281528521e-01 1.426665114539491e-02 4.679101952747172e-01 0.000000000000000e+00 5.663907305866689e-02 0.000000000000000e+00 0.000000000000000e+00 0.000000000000000e+00 0.000000000000000e+00 6.220055050770181e-01 8.446656780307663e-01 0.000000000000000e+00 0.000000000000000e+00 4.938639007451827e-02 0.000000000000000e+00 2.366667877750258e-01 0.000000000000000e+00 0.000000000000000e+00 
0.000000000000000e+00 0.000000000000000e+00 0.000000000000000e+00 0.000000000000000e+00 1.573549731904464e+00 1.505069214742573e+00 0.000000000000000e+00 5.250162481864744e-01 0.000000000000000e+00 0.000000000000000e+00 0.000000000000000e+00 1.531749845155785e-03 0.000000000000000e+00 0.000000000000000e+00 0.000000000000000e+00 0.000000000000000e+00 0.000000000000000e+00 0.000000000000000e+00 4.023091830891489e-01 0.000000000000000e+00 0.000000000000000e+00 0.000000000000000e+00 3.469801985081771e-01 0.000000000000000e+00 1.162048693374357e+00 
1.763380163989935e-01 0.000000000000000e+00 0.000000000000000e+00 0.000000000000000e+00 0.000000000000000e+00 0.000000000000000e+00 0.000000000000000e+00 6.283237081418145e-01 5.865023904438829e-01 4.180967715349266e-01 0.000000000000000e+00 4.345898637677232e-01 6.408512873217676e-01 0.000000000000000e+00 2.081381664058300e-01 4.363327526696480e-01 0.000000000000000e+00 0.000000000000000e+00 0.000000000000000e+00 0.000000000000000e+00 0.000000000000000e+00 3.705134884441381e-01 0.000000000000000e+00 5.565126487237420e-01 0.000000000000000e+00 
0.000000000000000e+00 0.000000000000000e+00 0.000000000000000e+00 7.094873697235333e-01 1.967466699196301e-01 0.000000000000000e+00 9.232328930489079e-01 0.000000000000000e+00 4.172028855781267e-01 0.000000000000000e+00 2.260321902272985e-01 2.081829093983111e-01 0.000000000000000e+00 0.000000000000000e+00 1.146554501302918e+00 0.000000000000000e+00 0.000000000000000e+00 3.372461167471222e-01 0.000000000000000e+00 2.464746698982064e-01 0.000000000000000e+00 0.000000000000000e+00 0.000000000000000e+00 0.000000000000000e+00 0.000000000000000e+00 
0.000000000000000e+00 0.000000000000000e+00 0.000000000000000e+00 0.000000000000000e+00 2.327565015976646e-01 0.000000000000000e+00 0.000000000000000e+00 1.286345227537552e+00 0.000000000000000e+00 2.372529737869886e-01 0.000000000000000e+00 9.638387182053766e-01 9.802808208099714e-01 0.000000000000000e+00 0.000000000000000e+00 0.000000000000000e+00 0.000000000000000e+00 4.363122673663681e-01 0.000000000000000e+00 8.580296372481603e-01 5.940637920054510e-02 0.000000000000000e+00 0.000000000000000e+00 0.000000000000000e+00 0.000000000000000e+00 
0.000000000000000e+00 0.000000000000000e+00 1.531220400075334e-02 7.503882603426464e-01 1.209992804427496e+00 4.349969559402407e-01 0.000000000000000e+00 0.000000000000000e+00 5.135767260515552e-01 0.000000000000000e+00 0.000000000000000e+00 0.000000000000000e+00 0.000000000000000e+00 4.237895736349058e-01 0.000000000000000e+00 0.000000000000000e+00 0.000000000000000e+00 0.000000000000000e+00 8.885446327123046e-01 0.000000000000000e+00 0.000000000000000e+00 0.000000000000000e+00 0.000000000000000e+00 0.000000000000000e+00 0.000000000000000e+00 
0.000000000000000e+00 0.000000000000000e+00 0.000000000000000e+00 0.000000000000000e+00 7.893460613025512e-01 4.098753978600720e-01 0.000000000000000e+00 2.175961854338092e-01 0.000000000000000e+00 0.000000000000000e+00 9.591871521985536e-01 0.000000000000000e+00 0.000000000000000e+00 0.000000000000000e+00 0.000000000000000e+00 0.000000000000000e+00 4.896552478958473e-01 0.000000000000000e+00 6.736773389764320e-01 0.000000000000000e+00 0.000000000000000e+00 0.000000000000000e+00 0.000000000000000e+00 0.000000000000000e+00 0.000000000000000e+00 
9.032608351643147e-02 0.000000000000000e+00 0.000000000000000e+00 3.845303940083752e-01 0.000000000000000e+00 0.000000000000000e+00 1.138045226878992e+00 0.000000000000000e+00 6.205216806676500e-01 5.998267559152078e-01 0.000000000000000e+00 0.000000000000000e+00 0.000000000000000e+00 0.000000000000000e+00 0.000000000000000e+00 0.000000000000000e+00 0.000000000000000e+00 5.407265099033511e-02 0.000000000000000e+00 0.000000000000000e+00 0.000000000000000e+00 5.934949262182446e-01 0.000000000000000e+00 0.000000000000000e+00 0.000000000000000e+00 
0.000000000000000e+00 0.000000000000000e+00 0.000000000000000e+00 3.750374496560503e-01 3.101836080423003e-01 0.000000000000000e+00 7.194727401082443e-01 0.000000000000000e+00 5.170310566132275e-01 0.000000000000000e+00 6.413004676883362e-01 3.741761885513644e-01 0.000000000000000e+00 0.000000000000000e+00 7.775459998461170e-01 0.000000000000000e+00 0.000000000000000e+00 2.162723628670260e-01 0.000000000000000e+00 0.000000000000000e+00 0.000000000000000e+00 0.000000000000000e+00 0.000000000000000e+00 0.000000000000000e+00 0.000000000000000e+00 
0.000000000000000e+00 0.000000000000000e+00 0.000000000000000e+00 0.000000000000000e+00 0.000000000000000e+00 0.000000000000000e+00 5.266792035609586e-01 0.000000000000000e+00 0.000000000000000e+00 6.465982582556539e-01 0.000000000000000e+00 0.000000000000000e+00 0.000000000000000e+00 0.000000000000000e+00 0.000000000000000e+00 0.000000000000000e+00 1.224971649000385e-01 0.000000000000000e+00 0.000000000000000e+00 0.000000000000000e+00 0.000000000000000e+00 0.000000000000000e+00 6.156417238792821e-01 0.000000000000000e+00 0.000000000000000e+00 
1.223540438330420e-02 0.000000000000000e+00 0.000000000000000e+00 4.667996835420767e-01 0.000000000000000e+00 0.000000000000000e+00 0.000000000000000e+00 0.000000000000000e+00 0.000000000000000e+00 0.000000000000000e+00 0.000000000000000e+00 0.000000000000000e+00 1.159544059887102e+00 0.000000000000000e+00 0.000000000000000e+00 7.975366564816890e-01 0.000000000000000e+00 0.000000000000000e+00 0.000000000000000e+00 2.270065234380532e-01 0.000000000000000e+00 0.000000000000000e+00 0.000000000000000e+00 0.000000000000000e+00 0.000000000000000e+00 
3.770115218124144e-01 6.245758740213179e-01 0.000000000000000e+00 0.000000000000000e+00 0.000000000000000e+00 0.000000000000000e+00 0.000000000000000e+00 0.000000000000000e+00 4.839347719568219e-02 1.615489169853446e-02 0.000000000000000e+00 4.859718562143146e-01 3.046470177880664e-01 0.000000000000000e+00 0.000000000000000e+00 0.000000000000000e+00 0.000000000000000e+00 0.000000000000000e+00 3.969191046604117e-01 0.000000000000000e+00 0.000000000000000e+00 0.000000000000000e+00 0.000000000000000e+00 0.000000000000000e+00 0.000000000000000e+00 
2.515825143311677e-03 0.000000000000000e+00 0.000000000000000e+00 4.030064810162406e-01 0.000000000000000e+00 0.000000000000000e+00 0.000000000000000e+00 0.000000000000000e+00 0.000000000000000e+00 0.000000000000000e+00 1.274576490002729e-01 5.038908195188696e-01 5.209513757972745e-01 0.000000000000000e+00 0.000000000000000e+00 5.172309492294830e-01 0.000000000000000e+00 0.000000000000000e+00 0.000000000000000e+00 0.000000000000000e+00 0.000000000000000e+00 0.000000000000000e+00 0.000000000000000e+00 0.000000000000000e+00 0.000000000000000e+00 
0.000000000000000e+00 0.000000000000000e+00 0.000000000000000e+00 0.000000000000000e+00 2.815388744293524e-01 0.000000000000000e+00 0.000000000000000e+00 0.000000000000000e+00 0.000000000000000e+00 0.000000000000000e+00 0.000000000000000e+00 0.000000000000000e+00 0.000000000000000e+00 0.000000000000000e+00 0.000000000000000e+00 0.000000000000000e+00 0.000000000000000e+00 6.563625093468945e-01 0.000000000000000e+00 4.858344757672748e-01 0.000000000000000e+00 0.000000000000000e+00 0.000000000000000e+00 0.000000000000000e+00 0.000000000000000e+00 