# File created on Tue Apr 30 02:59:50 2024
# The following metaparameters were used for this matrix optimization : gamma0 = 0.5; alpha0 = 0; sigma0 = 0.25; l0 = 1;p = 1; R0 = 1; S0 = 0.05; NR = 25; NS = 25; matrix path = matrices/Nr25_Nc25/consumption/RandTrix_Nr25_Nc25_Nest0.55_Conn0.3024.txt; convergence threshold = 1e-08
8.542669185115559e-01 3.971566804052619e-01 7.620250249016562e-01 6.398409256576692e-01 0.000000000000000e+00 0.000000000000000e+00 0.000000000000000e+00 0.000000000000000e+00 1.000612135341430e+00 0.000000000000000e+00 1.524097164859872e-01 0.000000000000000e+00 0.000000000000000e+00 0.000000000000000e+00 7.423321869891101e-02 7.454892835970859e-01 2.079180119999520e+00 5.498175975726992e-01 0.000000000000000e+00 0.000000000000000e+00 0.000000000000000e+00 0.000000000000000e+00 6.752303668246556e-01 0.000000000000000e+00 2.672524056574601e+00 
0.000000000000000e+00 6.614767280129051e-01 0.000000000000000e+00 0.000000000000000e+00 0.000000000000000e+00 4.983592206851571e-01 0.000000000000000e+00 1.627785891520843e+00 1.319310984734845e+00 0.000000000000000e+00 0.000000000000000e+00 0.000000000000000e+00 6.855683102478130e-01 0.000000000000000e+00 0.000000000000000e+00 0.000000000000000e+00 8.404022545303248e-01 1.020906860909837e+00 0.000000000000000e+00 0.000000000000000e+00 0.000000000000000e+00 0.000000000000000e+00 1.011003961904555e+00 0.000000000000000e+00 1.274642947272201e+00 
0.000000000000000e+00 5.491088674266187e-01 3.105289303796453e-01 1.189016778041015e+00 5.343072377160347e-01 0.000000000000000e+00 6.379507801453143e-01 0.000000000000000e+00 0.000000000000000e+00 0.000000000000000e+00 5.881510325268284e-01 6.991007138659594e-01 0.000000000000000e+00 0.000000000000000e+00 1.979700388247055e+00 6.807183795804679e-01 0.000000000000000e+00 0.000000000000000e+00 1.878254264958063e-01 0.000000000000000e+00 0.000000000000000e+00 0.000000000000000e+00 0.000000000000000e+00 0.000000000000000e+00 0.000000000000000e+00 
3.152669156260657e-01 7.407188653928326e-01 1.009369746591251e+00 0.000000000000000e+00 7.666295598564292e-01 0.000000000000000e+00 0.000000000000000e+00 0.000000000000000e+00 2.137272733709147e-01 0.000000000000000e+00 0.000000000000000e+00 0.000000000000000e+00 0.000000000000000e+00 3.859793500031410e-01 0.000000000000000e+00 0.000000000000000e+00 9.163475194121272e-01 0.000000000000000e+00 0.000000000000000e+00 0.000000000000000e+00 0.000000000000000e+00 0.000000000000000e+00 0.000000000000000e+00 1.550842696242423e+00 0.000000000000000e+00 
0.000000000000000e+00 0.000000000000000e+00 9.393692733288314e-01 0.000000000000000e+00 0.000000000000000e+00 5.517408120041720e-02 0.000000000000000e+00 0.000000000000000e+00 0.000000000000000e+00 0.000000000000000e+00 3.396189653598143e-01 8.427102676819104e-01 1.422828172828433e+00 0.000000000000000e+00 6.952765183997594e-01 0.000000000000000e+00 0.000000000000000e+00 1.838357075680572e-01 1.801949743748538e-01 0.000000000000000e+00 0.000000000000000e+00 0.000000000000000e+00 0.000000000000000e+00 0.000000000000000e+00 0.000000000000000e+00 
0.000000000000000e+00 0.000000000000000e+00 0.000000000000000e+00 4.639563354936480e-01 3.047810014236126e-01 0.000000000000000e+00 0.000000000000000e+00 1.541198981464456e+00 1.559774132696423e+00 8.657734055425117e-01 0.000000000000000e+00 0.000000000000000e+00 3.756122504801328e-01 0.000000000000000e+00 0.000000000000000e+00 0.000000000000000e+00 0.000000000000000e+00 7.866231471055058e-01 0.000000000000000e+00 0.000000000000000e+00 0.000000000000000e+00 7.156217594823083e-02 8.687040853590650e-01 0.000000000000000e+00 0.000000000000000e+00 
5.884493093304552e-01 0.000000000000000e+00 2.073037421166562e-01 4.560527637963706e-01 0.000000000000000e+00 8.047241986924541e-01 4.115103277681305e-01 0.000000000000000e+00 0.000000000000000e+00 9.657486486440625e-02 0.000000000000000e+00 6.290201332182577e-02 0.000000000000000e+00 0.000000000000000e+00 3.810495513916912e-01 8.570316278274713e-01 0.000000000000000e+00 5.469289354701219e-01 0.000000000000000e+00 4.134945872671483e-01 0.000000000000000e+00 0.000000000000000e+00 0.000000000000000e+00 0.000000000000000e+00 0.000000000000000e+00 
0.000000000000000e+00 4.697396819770957e-01 0.000000000000000e+00 5.544617980512191e-01 0.000000000000000e+00 0.000000000000000e+00 0.000000000000000e+00 0.000000000000000e+00 0.000000000000000e+00 7.944057459785120e-01 1.131726782023873e+00 0.000000000000000e+00 0.000000000000000e+00 0.000000000000000e+00 5.693422878729354e-01 0.000000000000000e+00 0.000000000000000e+00 0.000000000000000e+00 1.050694088616126e-01 8.501564869135746e-01 0.000000000000000e+00 1.277150069980977e+00 8.264925147995952e-01 0.000000000000000e+00 0.000000000000000e+00 
0.000000000000000e+00 6.321777132277586e-01 1.032622841792680e+00 0.000000000000000e+00 0.000000000000000e+00 7.600963500548399e-01 0.000000000000000e+00 0.000000000000000e+00 0.000000000000000e+00 5.859299823959863e-01 0.000000000000000e+00 0.000000000000000e+00 0.000000000000000e+00 0.000000000000000e+00 0.000000000000000e+00 0.000000000000000e+00 0.000000000000000e+00 5.214088222421602e-01 0.000000000000000e+00 0.000000000000000e+00 0.000000000000000e+00 1.092266237988809e+00 0.000000000000000e+00 0.000000000000000e+00 1.277861566508716e+00 
0.000000000000000e+00 3.624899342978320e-01 0.000000000000000e+00 5.575914476721202e-01 1.172694480865632e+00 0.000000000000000e+00 0.000000000000000e+00 0.000000000000000e+00 0.000000000000000e+00 0.000000000000000e+00 0.000000000000000e+00 2.252065187483571e-03 0.000000000000000e+00 0.000000000000000e+00 0.000000000000000e+00 4.325205091190060e-01 0.000000000000000e+00 0.000000000000000e+00 4.169019738289526e-01 0.000000000000000e+00 0.000000000000000e+00 0.000000000000000e+00 0.000000000000000e+00 0.000000000000000e+00 0.000000000000000e+00 
4.825981974712463e-01 0.000000000000000e+00 0.000000000000000e+00 0.000000000000000e+00 0.000000000000000e+00 9.071195852618345e-01 0.000000000000000e+00 0.000000000000000e+00 1.036572233335482e+00 0.000000000000000e+00 7.291646645388697e-01 0.000000000000000e+00 0.000000000000000e+00 1.785082927035083e-01 1.871282705851438e+00 0.000000000000000e+00 0.000000000000000e+00 0.000000000000000e+00 0.000000000000000e+00 0.000000000000000e+00 0.000000000000000e+00 0.000000000000000e+00 1.263661249534579e-02 0.000000000000000e+00 0.000000000000000e+00 
8.421922585719578e-01 0.000000000000000e+00 5.628248477446578e-01 0.000000000000000e+00 6.202158291436326e-01 0.000000000000000e+00 6.736383830479073e-02 0.000000000000000e+00 0.000000000000000e+00 0.000000000000000e+00 0.000000000000000e+00 0.000000000000000e+00 0.000000000000000e+00 0.000000000000000e+00 4.046019248324437e-01 0.000000000000000e+00 3.045297134543641e-01 0.000000000000000e+00 0.000000000000000e+00 0.000000000000000e+00 0.000000000000000e+00 0.000000000000000e+00 0.000000000000000e+00 0.000000000000000e+00 0.000000000000000e+00 
4.930968215671257e-01 9.340038495645723e-01 5.633438642648035e-01 0.000000000000000e+00 0.000000000000000e+00 0.000000000000000e+00 0.000000000000000e+00 0.000000000000000e+00 2.049814958093559e-02 0.000000000000000e+00 0.000000000000000e+00 5.862311592758522e-01 0.000000000000000e+00 0.000000000000000e+00 0.000000000000000e+00 0.000000000000000e+00 0.000000000000000e+00 0.000000000000000e+00 0.000000000000000e+00 0.000000000000000e+00 1.680191911362783e-01 3.702431324547938e-01 0.000000000000000e+00 0.000000000000000e+00 0.000000000000000e+00 
8.714778304692915e-01 0.000000000000000e+00 0.000000000000000e+00 0.000000000000000e+00 0.000000000000000e+00 2.203893666562245e-01 0.000000000000000e+00 1.947988352161478e-01 5.429864940466580e-01 0.000000000000000e+00 0.000000000000000e+00 0.000000000000000e+00 0.000000000000000e+00 0.000000000000000e+00 0.000000000000000e+00 0.000000000000000e+00 0.000000000000000e+00 0.000000000000000e+00 0.000000000000000e+00 0.000000000000000e+00 0.000000000000000e+00 0.000000000000000e+00 0.000000000000000e+00 0.000000000000000e+00 0.000000000000000e+00 
4.995576772594142e-01 0.000000000000000e+00 5.501674770303240e-01 0.000000000000000e+00 3.846249804891214e-01 0.000000000000000e+00 4.557248434342123e-01 0.000000000000000e+00 0.000000000000000e+00 0.000000000000000e+00 0.000000000000000e+00 0.000000000000000e+00 0.000000000000000e+00 0.000000000000000e+00 0.000000000000000e+00 0.000000000000000e+00 0.000000000000000e+00 0.000000000000000e+00 0.000000000000000e+00 6.625879014440813e-01 0.000000000000000e+00 2.795391959091834e-01 0.000000000000000e+00 0.000000000000000e+00 0.000000000000000e+00 
4.688480542194583e-01 5.232468788100519e-01 0.000000000000000e+00 0.000000000000000e+00 0.000000000000000e+00 0.000000000000000e+00 0.000000000000000e+00 0.000000000000000e+00 4.883913357764559e-02 0.000000000000000e+00 4.443098863857858e-01 2.613799891182999e-01 0.000000000000000e+00 0.000000000000000e+00 1.742636200991937e-02 0.000000000000000e+00 0.000000000000000e+00 0.000000000000000e+00 0.000000000000000e+00 0.000000000000000e+00 0.000000000000000e+00 0.000000000000000e+00 0.000000000000000e+00 0.000000000000000e+00 5.753000990985295e-01 
8.730406004486651e-01 0.000000000000000e+00 2.357245336194878e-01 0.000000000000000e+00 0.000000000000000e+00 4.436104483998808e-01 0.000000000000000e+00 0.000000000000000e+00 3.093541839232004e-01 0.000000000000000e+00 0.000000000000000e+00 0.000000000000000e+00 0.000000000000000e+00 0.000000000000000e+00 0.000000000000000e+00 4.529497616279732e-01 0.000000000000000e+00 3.905138763424691e-01 0.000000000000000e+00 0.000000000000000e+00 0.000000000000000e+00 7.346870079143194e-01 0.000000000000000e+00 0.000000000000000e+00 0.000000000000000e+00 
0.000000000000000e+00 5.105126092554060e-01 1.867830547574464e-01 4.394208453820757e-01 0.000000000000000e+00 3.984720634888394e-01 0.000000000000000e+00 1.004436693869510e-01 0.000000000000000e+00 0.000000000000000e+00 2.243624656160678e-01 0.000000000000000e+00 0.000000000000000e+00 0.000000000000000e+00 0.000000000000000e+00 0.000000000000000e+00 0.000000000000000e+00 6.896743950814568e-01 0.000000000000000e+00 5.419575370058072e-02 3.611043863638251e-01 0.000000000000000e+00 0.000000000000000e+00 0.000000000000000e+00 0.000000000000000e+00 
0.000000000000000e+00 0.000000000000000e+00 0.000000000000000e+00 0.000000000000000e+00 8.018044745563016e-01 0.000000000000000e+00 0.000000000000000e+00 2.533132966102481e-01 2.154385518879261e-01 1.809080671716213e-01 0.000000000000000e+00 0.000000000000000e+00 0.000000000000000e+00 0.000000000000000e+00 0.000000000000000e+00 0.000000000000000e+00 0.000000000000000e+00 7.582489210867011e-02 0.000000000000000e+00 0.000000000000000e+00 0.000000000000000e+00 0.000000000000000e+00 0.000000000000000e+00 0.000000000000000e+00 0.000000000000000e+00 
0.000000000000000e+00 0.000000000000000e+00 0.000000000000000e+00 0.000000000000000e+00 0.000000000000000e+00 0.000000000000000e+00 5.451807733321747e-01 4.350538263805906e-01 0.000000000000000e+00 0.000000000000000e+00 0.000000000000000e+00 0.000000000000000e+00 0.000000000000000e+00 0.000000000000000e+00 0.000000000000000e+00 0.000000000000000e+00 1.372111338561555e-02 9.385009922419049e-01 5.116839404771824e-03 0.000000000000000e+00 0.000000000000000e+00 0.000000000000000e+00 0.000000000000000e+00 0.000000000000000e+00 1.797057706910364e+00 
0.000000000000000e+00 5.052008107500245e-01 3.524129600086953e-01 0.000000000000000e+00 0.000000000000000e+00 0.000000000000000e+00 0.000000000000000e+00 0.000000000000000e+00 0.000000000000000e+00 0.000000000000000e+00 0.000000000000000e+00 0.000000000000000e+00 0.000000000000000e+00 0.000000000000000e+00 0.000000000000000e+00 0.000000000000000e+00 0.000000000000000e+00 0.000000000000000e+00 1.040732170831494e+00 0.000000000000000e+00 0.000000000000000e+00 0.000000000000000e+00 6.760203206655350e-01 0.000000000000000e+00 0.000000000000000e+00 
3.863810276763802e-01 0.000000000000000e+00 0.000000000000000e+00 6.615744180018117e-02 0.000000000000000e+00 4.158139679893652e-01 0.000000000000000e+00 0.000000000000000e+00 0.000000000000000e+00 0.000000000000000e+00 0.000000000000000e+00 9.391931337361340e-02 2.902472279304452e-01 0.000000000000000e+00 0.000000000000000e+00 0.000000000000000e+00 0.000000000000000e+00 0.000000000000000e+00 0.000000000000000e+00 5.002892585680710e-01 0.000000000000000e+00 5.357583342201386e-01 0.000000000000000e+00 0.000000000000000e+00 0.000000000000000e+00 
0.000000000000000e+00 0.000000000000000e+00 0.000000000000000e+00 2.250355281526145e-01 0.000000000000000e+00 0.000000000000000e+00 0.000000000000000e+00 0.000000000000000e+00 1.256380341852722e-01 0.000000000000000e+00 0.000000000000000e+00 0.000000000000000e+00 4.352167569359507e-01 0.000000000000000e+00 2.064317544697976e-01 0.000000000000000e+00 0.000000000000000e+00 0.000000000000000e+00 0.000000000000000e+00 0.000000000000000e+00 0.000000000000000e+00 0.000000000000000e+00 0.000000000000000e+00 0.000000000000000e+00 1.658226358216115e-01 
0.000000000000000e+00 0.000000000000000e+00 0.000000000000000e+00 0.000000000000000e+00 4.971689014704273e-01 0.000000000000000e+00 0.000000000000000e+00 0.000000000000000e+00 0.000000000000000e+00 0.000000000000000e+00 0.000000000000000e+00 0.000000000000000e+00 0.000000000000000e+00 0.000000000000000e+00 0.000000000000000e+00 0.000000000000000e+00 0.000000000000000e+00 0.000000000000000e+00 0.000000000000000e+00 0.000000000000000e+00 0.000000000000000e+00 0.000000000000000e+00 0.000000000000000e+00 0.000000000000000e+00 0.000000000000000e+00 
0.000000000000000e+00 4.904003228319373e-01 0.000000000000000e+00 0.000000000000000e+00 0.000000000000000e+00 0.000000000000000e+00 0.000000000000000e+00 0.000000000000000e+00 0.000000000000000e+00 0.000000000000000e+00 0.000000000000000e+00 0.000000000000000e+00 0.000000000000000e+00 0.000000000000000e+00 0.000000000000000e+00 0.000000000000000e+00 0.000000000000000e+00 0.000000000000000e+00 2.611546555769112e-03 0.000000000000000e+00 0.000000000000000e+00 0.000000000000000e+00 0.000000000000000e+00 0.000000000000000e+00 1.315807856891048e+00 