# File created on Fri May 17 15:42:05 2024
# The following metaparameters were used for this matrix optimization : gamma0 = 0.5; alpha0 = 0; sigma0 = 0.25; l0 = 1;p = 1; R0 = 1; S0 = 0.05; NR = 25; NS = 25; matrix path = matrices/Nr25_Nc25/consumption/RandTrix_Nr25_Nc25_Nest0.45_Conn0.424.txt; convergence threshold = 1e-08
5.541038140104848e-04 3.548577465942784e-03 8.201275305750682e-04 0.000000000000000e+00 3.982705374774612e-04 0.000000000000000e+00 0.000000000000000e+00 0.000000000000000e+00 0.000000000000000e+00 3.904448404948174e-03 3.509158727780719e-03 0.000000000000000e+00 3.728786862485297e-03 0.000000000000000e+00 0.000000000000000e+00 1.236221685812868e-03 0.000000000000000e+00 0.000000000000000e+00 4.250135844313221e-03 7.869102922237697e-04 0.000000000000000e+00 3.512989262449530e-03 4.797792400856042e-03 2.012306814552261e-04 4.609582418896831e-03 
6.725792571728807e-04 0.000000000000000e+00 0.000000000000000e+00 1.701217673179758e-03 3.519109012968241e-03 0.000000000000000e+00 0.000000000000000e+00 4.555892432689192e-05 2.392322036789636e-03 0.000000000000000e+00 0.000000000000000e+00 0.000000000000000e+00 3.538975017294574e-03 3.273230871694798e-04 0.000000000000000e+00 0.000000000000000e+00 0.000000000000000e+00 0.000000000000000e+00 2.491217228490915e-03 0.000000000000000e+00 0.000000000000000e+00 0.000000000000000e+00 0.000000000000000e+00 4.856366537832168e-03 0.000000000000000e+00 
1.678952807727409e-05 1.231595700052337e-03 4.159865196356258e-03 0.000000000000000e+00 0.000000000000000e+00 0.000000000000000e+00 4.894491147839056e-04 0.000000000000000e+00 0.000000000000000e+00 0.000000000000000e+00 0.000000000000000e+00 0.000000000000000e+00 3.264417379338390e-03 0.000000000000000e+00 0.000000000000000e+00 0.000000000000000e+00 0.000000000000000e+00 0.000000000000000e+00 0.000000000000000e+00 2.233703288262728e-03 0.000000000000000e+00 3.824917882153693e-03 0.000000000000000e+00 2.066662238549448e-03 4.573236072852612e-03 
2.849089323961353e-03 0.000000000000000e+00 4.120981182254879e-03 0.000000000000000e+00 0.000000000000000e+00 0.000000000000000e+00 1.340670376674073e-03 9.316296636301709e-04 0.000000000000000e+00 4.622529043980583e-03 8.434628376308968e-04 0.000000000000000e+00 0.000000000000000e+00 4.010485523349441e-03 0.000000000000000e+00 0.000000000000000e+00 4.172409147022130e-03 0.000000000000000e+00 0.000000000000000e+00 0.000000000000000e+00 0.000000000000000e+00 0.000000000000000e+00 0.000000000000000e+00 4.198487664001716e-03 0.000000000000000e+00 
0.000000000000000e+00 0.000000000000000e+00 0.000000000000000e+00 4.680542103421199e-03 3.194051974000460e-03 1.179778351766502e-03 0.000000000000000e+00 0.000000000000000e+00 0.000000000000000e+00 2.765381669602595e-03 1.778717090104079e-03 0.000000000000000e+00 4.783981760808371e-04 2.573767466364834e-03 1.578618042092228e-03 3.108130950121927e-03 0.000000000000000e+00 0.000000000000000e+00 8.210017598404003e-04 3.880287599009723e-03 2.721399349993678e-03 3.696215165550858e-03 5.706658857231509e-05 2.331417976616197e-03 4.350966956426612e-03 
0.000000000000000e+00 0.000000000000000e+00 0.000000000000000e+00 0.000000000000000e+00 2.537250473553803e-03 0.000000000000000e+00 0.000000000000000e+00 1.434358126305018e-03 0.000000000000000e+00 1.240947813538737e-03 2.478878990746602e-03 1.340556274110340e-03 0.000000000000000e+00 0.000000000000000e+00 2.289897390838835e-03 0.000000000000000e+00 0.000000000000000e+00 3.716443007380683e-03 3.298752125980615e-03 2.767272297449317e-03 0.000000000000000e+00 2.891182343405399e-03 3.679497295091092e-03 8.645509908840263e-04 0.000000000000000e+00 
0.000000000000000e+00 1.220769193328417e-03 2.878218970225262e-03 1.530195678546504e-04 4.134800228647301e-03 0.000000000000000e+00 0.000000000000000e+00 6.526792860039296e-04 0.000000000000000e+00 3.829896466756685e-03 1.095189397581252e-03 2.107824287779759e-04 0.000000000000000e+00 0.000000000000000e+00 0.000000000000000e+00 0.000000000000000e+00 3.382232559110145e-03 0.000000000000000e+00 1.138351049043700e-04 0.000000000000000e+00 0.000000000000000e+00 0.000000000000000e+00 0.000000000000000e+00 3.179327083310050e-03 1.422953743635995e-03 
1.324714441809467e-03 0.000000000000000e+00 1.556292546904387e-03 0.000000000000000e+00 4.895616456548059e-03 4.388506464154639e-03 1.192435977304671e-03 0.000000000000000e+00 3.940880667190017e-03 2.647312010689461e-03 0.000000000000000e+00 0.000000000000000e+00 1.086678954594820e-03 0.000000000000000e+00 1.497026118876644e-03 1.532526179844872e-04 4.536969476838054e-03 0.000000000000000e+00 0.000000000000000e+00 2.878444980095945e-03 6.071411353249254e-04 9.239137873766160e-05 2.667595709579279e-03 1.206480311629193e-03 0.000000000000000e+00 
0.000000000000000e+00 1.337392570966240e-03 4.133370361783937e-03 0.000000000000000e+00 3.233559120910207e-03 0.000000000000000e+00 3.501359174417853e-03 0.000000000000000e+00 0.000000000000000e+00 3.824978192464861e-03 0.000000000000000e+00 2.089050033907309e-03 0.000000000000000e+00 0.000000000000000e+00 4.074337302929178e-03 3.046551914806488e-03 0.000000000000000e+00 0.000000000000000e+00 0.000000000000000e+00 3.485103811060734e-03 0.000000000000000e+00 0.000000000000000e+00 3.400027129246441e-03 0.000000000000000e+00 0.000000000000000e+00 
3.446823707568503e-03 4.765166671014754e-03 3.495030577502023e-03 3.183306437686199e-04 0.000000000000000e+00 0.000000000000000e+00 0.000000000000000e+00 0.000000000000000e+00 0.000000000000000e+00 0.000000000000000e+00 3.549286599406706e-03 8.662232046244396e-04 2.774198830054109e-03 0.000000000000000e+00 1.208964951799758e-03 1.212726441529286e-03 0.000000000000000e+00 0.000000000000000e+00 0.000000000000000e+00 0.000000000000000e+00 0.000000000000000e+00 0.000000000000000e+00 0.000000000000000e+00 9.755157700798748e-04 1.387303754942111e-03 
0.000000000000000e+00 0.000000000000000e+00 4.599799688654066e-03 1.852393018117562e-03 1.998662740971941e-03 0.000000000000000e+00 0.000000000000000e+00 4.767335081907921e-03 0.000000000000000e+00 0.000000000000000e+00 7.332560864091372e-05 2.293078541216259e-03 0.000000000000000e+00 1.482282136357209e-03 0.000000000000000e+00 2.881617126139122e-03 0.000000000000000e+00 0.000000000000000e+00 0.000000000000000e+00 3.161665079083791e-03 0.000000000000000e+00 0.000000000000000e+00 7.414658799866016e-04 0.000000000000000e+00 1.794157026047416e-03 
2.745435013768800e-03 2.533871274207336e-03 0.000000000000000e+00 0.000000000000000e+00 4.874942379186099e-03 5.141336356941467e-04 0.000000000000000e+00 3.162233666146890e-03 1.786067133510521e-03 0.000000000000000e+00 4.260747161891662e-03 8.474739670927387e-04 0.000000000000000e+00 3.031732093931678e-03 0.000000000000000e+00 4.068400286828408e-03 2.170477921499162e-03 0.000000000000000e+00 0.000000000000000e+00 2.107541011137217e-03 0.000000000000000e+00 4.176279629179280e-03 4.828705331807297e-03 0.000000000000000e+00 0.000000000000000e+00 
3.091289477059678e-03 1.808432571000277e-04 0.000000000000000e+00 2.351984872495320e-03 3.807160970540301e-03 0.000000000000000e+00 0.000000000000000e+00 3.114542350793831e-03 2.760649264568312e-03 1.471795274158096e-03 0.000000000000000e+00 0.000000000000000e+00 3.259177652711982e-03 0.000000000000000e+00 3.518544706433741e-03 0.000000000000000e+00 4.267323393900400e-03 0.000000000000000e+00 0.000000000000000e+00 5.894793425819371e-04 0.000000000000000e+00 7.250382780689994e-04 4.595704403246201e-04 0.000000000000000e+00 2.053087419767604e-03 
0.000000000000000e+00 4.550237337464635e-03 3.850331110730292e-03 3.860426610678681e-03 0.000000000000000e+00 1.062298110294910e-03 0.000000000000000e+00 0.000000000000000e+00 0.000000000000000e+00 0.000000000000000e+00 0.000000000000000e+00 0.000000000000000e+00 1.605629381138590e-03 2.249644153673029e-05 2.798734521858329e-04 0.000000000000000e+00 1.687397377164417e-03 0.000000000000000e+00 5.860322244925560e-04 0.000000000000000e+00 4.416859355285004e-03 0.000000000000000e+00 0.000000000000000e+00 2.071494723702511e-03 0.000000000000000e+00 
0.000000000000000e+00 0.000000000000000e+00 0.000000000000000e+00 6.663239324657164e-04 0.000000000000000e+00 4.940171207017072e-04 0.000000000000000e+00 0.000000000000000e+00 0.000000000000000e+00 0.000000000000000e+00 0.000000000000000e+00 2.130231005102462e-03 3.847275485957348e-03 1.240881422598029e-03 0.000000000000000e+00 1.692814834623764e-03 0.000000000000000e+00 0.000000000000000e+00 0.000000000000000e+00 2.648518408052594e-03 0.000000000000000e+00 4.790313232065896e-04 0.000000000000000e+00 4.287287568817387e-03 2.962426320220490e-03 
2.345596543030994e-04 4.774888934872215e-03 3.183765712789451e-03 0.000000000000000e+00 2.510329252238654e-03 0.000000000000000e+00 0.000000000000000e+00 1.317240203806636e-03 0.000000000000000e+00 0.000000000000000e+00 0.000000000000000e+00 0.000000000000000e+00 0.000000000000000e+00 0.000000000000000e+00 4.635780177069269e-03 9.678363649562787e-04 2.059047231011990e-03 0.000000000000000e+00 0.000000000000000e+00 0.000000000000000e+00 3.879535406864455e-03 0.000000000000000e+00 4.996502411671377e-03 0.000000000000000e+00 3.669899199508074e-03 
6.274752191157467e-04 3.667534586029218e-03 4.480904251327248e-03 0.000000000000000e+00 2.895827582288495e-03 2.539028252228958e-03 0.000000000000000e+00 4.607913910798918e-03 2.714770053875623e-03 0.000000000000000e+00 0.000000000000000e+00 4.078149650872879e-03 0.000000000000000e+00 0.000000000000000e+00 0.000000000000000e+00 6.360154549921029e-04 1.324064280498903e-03 0.000000000000000e+00 2.102527149925866e-03 0.000000000000000e+00 3.951079467473284e-03 3.577955530967763e-03 2.004567103363582e-03 2.617990797385390e-03 4.150795799893643e-03 
1.948497694242525e-03 0.000000000000000e+00 0.000000000000000e+00 0.000000000000000e+00 0.000000000000000e+00 0.000000000000000e+00 0.000000000000000e+00 0.000000000000000e+00 0.000000000000000e+00 0.000000000000000e+00 1.951775234140054e-03 0.000000000000000e+00 3.950395787350349e-03 0.000000000000000e+00 3.696667934082437e-03 4.854527169328088e-03 0.000000000000000e+00 7.975496762546659e-04 0.000000000000000e+00 0.000000000000000e+00 0.000000000000000e+00 0.000000000000000e+00 0.000000000000000e+00 0.000000000000000e+00 0.000000000000000e+00 
1.868576404860236e-03 1.222494399475608e-05 3.574082698674384e-03 0.000000000000000e+00 1.513906672440477e-03 1.143331260310857e-03 0.000000000000000e+00 0.000000000000000e+00 4.510930642055150e-03 0.000000000000000e+00 4.583666390349669e-04 0.000000000000000e+00 4.698376920648234e-03 1.461443811375729e-04 0.000000000000000e+00 0.000000000000000e+00 0.000000000000000e+00 0.000000000000000e+00 0.000000000000000e+00 0.000000000000000e+00 0.000000000000000e+00 0.000000000000000e+00 1.004458510614958e-03 1.350939728137780e-03 4.831570478615174e-03 
3.974187055650698e-03 2.866560618571056e-03 0.000000000000000e+00 0.000000000000000e+00 3.389066562429449e-03 0.000000000000000e+00 0.000000000000000e+00 0.000000000000000e+00 3.840244537592448e-03 0.000000000000000e+00 7.468689348593340e-04 0.000000000000000e+00 0.000000000000000e+00 4.266353537538988e-03 3.847608946409258e-03 0.000000000000000e+00 0.000000000000000e+00 1.648498534904857e-03 2.315685985137709e-03 0.000000000000000e+00 0.000000000000000e+00 0.000000000000000e+00 4.628897795929956e-03 3.982096935563086e-03 0.000000000000000e+00 
0.000000000000000e+00 2.829559029053623e-04 0.000000000000000e+00 0.000000000000000e+00 0.000000000000000e+00 0.000000000000000e+00 0.000000000000000e+00 0.000000000000000e+00 3.839742103176919e-03 5.541822472836126e-04 0.000000000000000e+00 0.000000000000000e+00 0.000000000000000e+00 8.474030535871294e-04 0.000000000000000e+00 3.565303493366773e-03 0.000000000000000e+00 0.000000000000000e+00 0.000000000000000e+00 0.000000000000000e+00 0.000000000000000e+00 4.324715394491270e-03 0.000000000000000e+00 0.000000000000000e+00 0.000000000000000e+00 
2.757398604632054e-03 0.000000000000000e+00 0.000000000000000e+00 0.000000000000000e+00 0.000000000000000e+00 0.000000000000000e+00 4.344103003106798e-03 4.428572038321255e-03 0.000000000000000e+00 0.000000000000000e+00 2.789036267012263e-03 4.880046594095653e-03 0.000000000000000e+00 4.671967750120535e-03 0.000000000000000e+00 2.955741150480536e-03 0.000000000000000e+00 0.000000000000000e+00 0.000000000000000e+00 1.934923382605826e-03 0.000000000000000e+00 4.391333039679265e-04 0.000000000000000e+00 4.833111101846006e-04 7.609298147986884e-04 
0.000000000000000e+00 4.076957301900420e-04 0.000000000000000e+00 0.000000000000000e+00 0.000000000000000e+00 3.298076104317501e-03 2.575612773176788e-03 9.025596035727827e-04 0.000000000000000e+00 2.204050320669164e-03 0.000000000000000e+00 2.922946518410334e-03 0.000000000000000e+00 0.000000000000000e+00 0.000000000000000e+00 0.000000000000000e+00 0.000000000000000e+00 0.000000000000000e+00 0.000000000000000e+00 1.982051890142155e-03 4.670792250125944e-03 0.000000000000000e+00 0.000000000000000e+00 1.190181500615626e-04 0.000000000000000e+00 
0.000000000000000e+00 0.000000000000000e+00 4.231352392618058e-03 1.406394608111157e-03 4.353197399691309e-03 0.000000000000000e+00 0.000000000000000e+00 0.000000000000000e+00 4.337556610858113e-03 0.000000000000000e+00 0.000000000000000e+00 0.000000000000000e+00 0.000000000000000e+00 4.846404099649976e-03 0.000000000000000e+00 0.000000000000000e+00 0.000000000000000e+00 4.989009410217360e-03 4.344543640779825e-03 0.000000000000000e+00 0.000000000000000e+00 2.212027548383591e-04 0.000000000000000e+00 0.000000000000000e+00 0.000000000000000e+00 
0.000000000000000e+00 3.613946629058281e-04 3.039685513393924e-03 0.000000000000000e+00 0.000000000000000e+00 0.000000000000000e+00 2.439813835627554e-03 0.000000000000000e+00 1.998271882583334e-04 7.917942645438615e-05 0.000000000000000e+00 0.000000000000000e+00 4.670619558004777e-03 1.262171412935835e-03 7.356695268675467e-04 0.000000000000000e+00 2.461016129802723e-03 2.703735367179688e-03 2.134375078067939e-03 0.000000000000000e+00 0.000000000000000e+00 1.104707400734041e-03 4.207710397280829e-03 3.373044677284969e-03 2.204487944099987e-03 