# File created on Fri May 17 15:41:55 2024
# The following metaparameters were used for this matrix optimization : gamma0 = 0.5; alpha0 = 0; sigma0 = 0.25; l0 = 1;p = 1; R0 = 1; S0 = 0.05; NR = 25; NS = 25; matrix path = matrices/Nr25_Nc25/consumption/RandTrix_Nr25_Nc25_Nest0.25_Conn0.2336.txt; convergence threshold = 1e-08
0.000000000000000e+00 1.669799877538991e-03 1.699802691846032e-04 0.000000000000000e+00 0.000000000000000e+00 0.000000000000000e+00 0.000000000000000e+00 2.862640703789307e-03 4.980014436714671e-03 2.642897076780669e-03 0.000000000000000e+00 3.205480220211611e-03 2.392603159448098e-03 2.979022114103616e-03 3.922298207839952e-03 0.000000000000000e+00 0.000000000000000e+00 0.000000000000000e+00 1.369508795466583e-03 7.758732836356006e-04 4.329352013327147e-04 0.000000000000000e+00 0.000000000000000e+00 2.326958231008828e-05 4.379338368019885e-03 
2.885665286698997e-03 0.000000000000000e+00 3.320373540471486e-03 0.000000000000000e+00 0.000000000000000e+00 4.251361285807650e-03 4.076011667368655e-03 0.000000000000000e+00 7.818887594880016e-04 0.000000000000000e+00 3.276015939164026e-03 0.000000000000000e+00 2.094303726889656e-03 2.156813187586068e-03 0.000000000000000e+00 0.000000000000000e+00 8.566338568970902e-04 4.582334606246388e-04 2.137658446475400e-03 0.000000000000000e+00 0.000000000000000e+00 4.455177463547721e-03 2.150230081607268e-03 2.237825151041326e-03 3.513813729406303e-03 
0.000000000000000e+00 0.000000000000000e+00 0.000000000000000e+00 0.000000000000000e+00 0.000000000000000e+00 1.192404834291927e-03 0.000000000000000e+00 0.000000000000000e+00 0.000000000000000e+00 0.000000000000000e+00 0.000000000000000e+00 0.000000000000000e+00 3.652058380724233e-03 1.069261248790858e-03 0.000000000000000e+00 0.000000000000000e+00 0.000000000000000e+00 0.000000000000000e+00 0.000000000000000e+00 3.393656818661614e-03 0.000000000000000e+00 0.000000000000000e+00 1.824364101243374e-03 3.945052242730032e-03 3.479227811788011e-03 
2.089340451339743e-04 0.000000000000000e+00 1.168027452828808e-03 3.138293571458926e-03 2.948324222389325e-03 1.984204555293823e-04 3.183372091391167e-03 0.000000000000000e+00 3.004599945378019e-03 2.466627558376638e-03 0.000000000000000e+00 0.000000000000000e+00 1.270589029978317e-03 0.000000000000000e+00 0.000000000000000e+00 1.658239405762784e-04 0.000000000000000e+00 4.204731524570568e-04 0.000000000000000e+00 0.000000000000000e+00 0.000000000000000e+00 0.000000000000000e+00 0.000000000000000e+00 1.238053741751399e-04 4.329784173305080e-03 
0.000000000000000e+00 0.000000000000000e+00 7.870174245398726e-04 2.557172378400153e-03 0.000000000000000e+00 3.918140632141617e-03 0.000000000000000e+00 3.971414746196602e-03 0.000000000000000e+00 1.296991247870839e-03 3.709063007807730e-03 0.000000000000000e+00 3.744165412652708e-03 0.000000000000000e+00 4.291623336446666e-03 0.000000000000000e+00 0.000000000000000e+00 0.000000000000000e+00 0.000000000000000e+00 3.761946105023908e-04 1.322793497989295e-03 0.000000000000000e+00 0.000000000000000e+00 0.000000000000000e+00 0.000000000000000e+00 
3.395734772795255e-03 3.667360381491259e-03 0.000000000000000e+00 0.000000000000000e+00 0.000000000000000e+00 0.000000000000000e+00 2.865600005580359e-03 0.000000000000000e+00 1.431089793970796e-04 1.300092749546660e-03 0.000000000000000e+00 9.639641775513037e-04 4.192269030611343e-04 0.000000000000000e+00 3.730147465052764e-03 0.000000000000000e+00 0.000000000000000e+00 0.000000000000000e+00 3.038158445988371e-03 3.884539972745513e-03 4.565487653572828e-03 1.556975308191684e-03 0.000000000000000e+00 0.000000000000000e+00 0.000000000000000e+00 
0.000000000000000e+00 0.000000000000000e+00 5.330528810122982e-04 0.000000000000000e+00 0.000000000000000e+00 0.000000000000000e+00 0.000000000000000e+00 2.905823357083060e-03 2.390011607808404e-03 0.000000000000000e+00 4.874331049053309e-03 0.000000000000000e+00 0.000000000000000e+00 0.000000000000000e+00 0.000000000000000e+00 8.454720486471392e-04 0.000000000000000e+00 3.928658337155707e-03 2.222612161694154e-03 0.000000000000000e+00 0.000000000000000e+00 3.143217692675830e-03 6.102122464837838e-04 2.910356783841833e-03 0.000000000000000e+00 
0.000000000000000e+00 2.302042696983344e-03 1.516962442573040e-03 0.000000000000000e+00 0.000000000000000e+00 0.000000000000000e+00 4.415892440503645e-03 4.832628477276705e-04 0.000000000000000e+00 0.000000000000000e+00 1.992993707034110e-03 4.606732151261389e-03 4.007556525593585e-03 5.760522903528417e-04 0.000000000000000e+00 0.000000000000000e+00 3.367232880701000e-04 3.707658412736090e-04 1.891543184476917e-03 0.000000000000000e+00 1.675302174152953e-03 2.238345123742077e-03 0.000000000000000e+00 0.000000000000000e+00 3.571176757869296e-03 
0.000000000000000e+00 2.794866280083396e-05 4.062095029262770e-03 3.108184011880119e-03 0.000000000000000e+00 0.000000000000000e+00 0.000000000000000e+00 4.355917759618049e-03 1.652649440851516e-03 1.805426547672253e-03 0.000000000000000e+00 0.000000000000000e+00 0.000000000000000e+00 0.000000000000000e+00 2.832533002069926e-03 0.000000000000000e+00 3.911100358235659e-03 2.361682491307914e-03 0.000000000000000e+00 4.327832315746090e-03 3.231469091207021e-03 0.000000000000000e+00 4.493731226581070e-04 0.000000000000000e+00 0.000000000000000e+00 
1.526990296165359e-03 0.000000000000000e+00 0.000000000000000e+00 3.139862635615092e-03 1.287460226933239e-03 5.562028930190041e-04 0.000000000000000e+00 0.000000000000000e+00 0.000000000000000e+00 1.479971646855954e-03 3.321658557308206e-03 0.000000000000000e+00 0.000000000000000e+00 0.000000000000000e+00 2.434159874096439e-03 4.371690703141451e-03 0.000000000000000e+00 5.977552350566705e-04 0.000000000000000e+00 3.053782686379437e-03 0.000000000000000e+00 6.568180813971788e-04 0.000000000000000e+00 2.971378922960122e-03 1.312390417259795e-03 
3.318763018761656e-03 2.499777477063082e-03 4.427406527799492e-03 3.985774105334816e-03 3.895127894533395e-03 0.000000000000000e+00 4.833312665749819e-03 0.000000000000000e+00 2.124663432862217e-03 4.167642960754977e-03 3.754686259426893e-03 4.502286025249047e-05 2.583874917665926e-03 0.000000000000000e+00 0.000000000000000e+00 0.000000000000000e+00 0.000000000000000e+00 8.454853628545039e-04 4.714538419169282e-03 4.715397139846338e-03 0.000000000000000e+00 0.000000000000000e+00 3.103107543532288e-03 4.526210561092035e-03 2.157785983843993e-03 
5.116910858741376e-04 0.000000000000000e+00 1.171453910250700e-03 2.197431164359686e-03 1.845848204266359e-03 0.000000000000000e+00 0.000000000000000e+00 2.427542756222417e-03 4.316439076254282e-03 0.000000000000000e+00 0.000000000000000e+00 0.000000000000000e+00 0.000000000000000e+00 4.210056788207704e-03 4.505931035771079e-03 3.413172896773679e-03 0.000000000000000e+00 1.231035353822235e-03 9.902668758369827e-04 2.204187737604878e-03 4.063185655736984e-03 0.000000000000000e+00 0.000000000000000e+00 0.000000000000000e+00 0.000000000000000e+00 
0.000000000000000e+00 0.000000000000000e+00 0.000000000000000e+00 3.854738030579203e-03 2.200546130737901e-03 3.253412264016894e-03 0.000000000000000e+00 3.017736411289382e-03 0.000000000000000e+00 6.760890869721321e-04 0.000000000000000e+00 2.490329496841361e-03 0.000000000000000e+00 0.000000000000000e+00 4.579829015435607e-03 4.230162970182907e-03 6.439057001521613e-04 0.000000000000000e+00 0.000000000000000e+00 4.184136091546346e-03 4.634205307968923e-03 0.000000000000000e+00 4.552944020370269e-03 3.898207769304031e-03 0.000000000000000e+00 
0.000000000000000e+00 0.000000000000000e+00 0.000000000000000e+00 2.197992594973145e-03 4.123864918414245e-03 0.000000000000000e+00 0.000000000000000e+00 0.000000000000000e+00 4.400654562674464e-03 0.000000000000000e+00 1.984162590693326e-03 4.396616729546078e-03 0.000000000000000e+00 0.000000000000000e+00 0.000000000000000e+00 3.241803844284084e-03 4.206449418687940e-03 0.000000000000000e+00 0.000000000000000e+00 0.000000000000000e+00 1.829120428958045e-03 0.000000000000000e+00 0.000000000000000e+00 3.314621261727431e-04 0.000000000000000e+00 
0.000000000000000e+00 0.000000000000000e+00 0.000000000000000e+00 7.448848872146035e-04 7.959983733701943e-04 2.125332056019259e-04 2.416025000813401e-03 0.000000000000000e+00 1.851170875036658e-03 0.000000000000000e+00 0.000000000000000e+00 1.400568108499895e-04 0.000000000000000e+00 6.283606484720678e-04 0.000000000000000e+00 3.021279558628705e-04 1.940294759381117e-03 1.859168995674086e-04 3.634594531162012e-03 3.196310527936557e-03 0.000000000000000e+00 0.000000000000000e+00 0.000000000000000e+00 3.709079914666918e-03 1.257609274983881e-03 
0.000000000000000e+00 3.525539193545804e-03 1.284870047385836e-04 0.000000000000000e+00 1.485873158728565e-04 0.000000000000000e+00 0.000000000000000e+00 0.000000000000000e+00 0.000000000000000e+00 3.343680675279703e-03 1.393712548553334e-03 3.663153770828008e-03 0.000000000000000e+00 0.000000000000000e+00 0.000000000000000e+00 2.254061548094925e-03 0.000000000000000e+00 0.000000000000000e+00 1.500863622277506e-04 7.902984815088659e-04 0.000000000000000e+00 0.000000000000000e+00 4.057791318845289e-03 1.540958013906984e-04 5.773940100768436e-04 
3.554243985775591e-03 1.699040921680874e-03 0.000000000000000e+00 0.000000000000000e+00 0.000000000000000e+00 4.026072551860494e-03 0.000000000000000e+00 0.000000000000000e+00 2.165026210379709e-03 2.229112526593275e-03 1.819048173342715e-03 0.000000000000000e+00 0.000000000000000e+00 0.000000000000000e+00 0.000000000000000e+00 0.000000000000000e+00 3.931523331466874e-03 1.242598047142605e-03 0.000000000000000e+00 8.641930242898104e-04 4.091870016277135e-03 1.121955957677817e-04 3.149195198355563e-03 5.260257023060257e-04 0.000000000000000e+00 
3.066850282477495e-03 2.528314541135674e-03 0.000000000000000e+00 0.000000000000000e+00 0.000000000000000e+00 0.000000000000000e+00 0.000000000000000e+00 0.000000000000000e+00 2.888364048218511e-03 5.271249740050234e-04 1.456853275705563e-03 0.000000000000000e+00 1.034026558165984e-03 0.000000000000000e+00 0.000000000000000e+00 3.193962882713732e-04 2.920728783320157e-03 3.433585699446547e-03 7.310753671372054e-05 4.973434181465414e-03 2.231026559340664e-03 2.479646512467594e-03 0.000000000000000e+00 3.652067354022085e-03 2.236345215607318e-04 
0.000000000000000e+00 0.000000000000000e+00 0.000000000000000e+00 0.000000000000000e+00 4.374559116135329e-03 0.000000000000000e+00 4.346059843319698e-04 1.201830919660661e-03 1.147114416831529e-04 4.738647457670636e-04 0.000000000000000e+00 0.000000000000000e+00 0.000000000000000e+00 2.269198810349277e-03 0.000000000000000e+00 3.230985758607645e-03 0.000000000000000e+00 0.000000000000000e+00 0.000000000000000e+00 5.372540864146537e-04 0.000000000000000e+00 2.079247402071013e-03 0.000000000000000e+00 0.000000000000000e+00 1.249159433769471e-04 
2.714772040391452e-03 1.016088104113644e-03 2.352261902722710e-03 4.710383015896631e-04 9.624697924242216e-04 2.502076899134122e-04 3.668594077989371e-03 0.000000000000000e+00 4.861848150551342e-03 0.000000000000000e+00 5.074655681432486e-04 0.000000000000000e+00 0.000000000000000e+00 4.327405389054804e-04 0.000000000000000e+00 1.784892146653031e-04 0.000000000000000e+00 0.000000000000000e+00 0.000000000000000e+00 0.000000000000000e+00 4.184523143418006e-03 0.000000000000000e+00 0.000000000000000e+00 2.208179706510248e-04 1.125297647648469e-03 
0.000000000000000e+00 3.178314051378809e-03 0.000000000000000e+00 2.000844686304430e-03 2.963970143627456e-03 4.679426503038862e-03 3.975059112785526e-03 4.882577507788175e-03 3.652875825725136e-03 0.000000000000000e+00 0.000000000000000e+00 2.177111115233290e-03 0.000000000000000e+00 0.000000000000000e+00 1.523323079890617e-03 1.942344028747203e-03 0.000000000000000e+00 0.000000000000000e+00 5.016986586652816e-04 0.000000000000000e+00 2.712687032696830e-03 3.836127768411489e-03 0.000000000000000e+00 4.272677608462239e-03 0.000000000000000e+00 
4.738311852066767e-03 0.000000000000000e+00 0.000000000000000e+00 0.000000000000000e+00 1.120263767319951e-03 0.000000000000000e+00 0.000000000000000e+00 2.686389551494981e-03 3.123375876489088e-04 0.000000000000000e+00 0.000000000000000e+00 4.592334895437489e-04 0.000000000000000e+00 0.000000000000000e+00 0.000000000000000e+00 0.000000000000000e+00 1.839734038660449e-03 2.438179353757903e-03 0.000000000000000e+00 2.944018397736863e-03 1.774500084309904e-03 0.000000000000000e+00 0.000000000000000e+00 0.000000000000000e+00 1.010564618869301e-03 
0.000000000000000e+00 0.000000000000000e+00 4.905701165253671e-03 3.204858787540194e-03 0.000000000000000e+00 0.000000000000000e+00 0.000000000000000e+00 0.000000000000000e+00 0.000000000000000e+00 0.000000000000000e+00 1.213437736145149e-03 1.377601817652932e-03 0.000000000000000e+00 1.508034348906469e-03 1.275899104973075e-03 0.000000000000000e+00 0.000000000000000e+00 0.000000000000000e+00 4.376212712725827e-03 0.000000000000000e+00 1.445210581509385e-03 2.556421685766074e-04 0.000000000000000e+00 0.000000000000000e+00 0.000000000000000e+00 
0.000000000000000e+00 2.581734734744880e-04 2.824218261923404e-03 6.118679254577091e-04 0.000000000000000e+00 0.000000000000000e+00 0.000000000000000e+00 0.000000000000000e+00 4.061914669437815e-03 0.000000000000000e+00 0.000000000000000e+00 4.008164987830077e-03 4.239637316493155e-03 4.696025501627889e-03 0.000000000000000e+00 0.000000000000000e+00 0.000000000000000e+00 4.912391663190049e-03 0.000000000000000e+00 1.790859763371138e-03 0.000000000000000e+00 0.000000000000000e+00 0.000000000000000e+00 0.000000000000000e+00 1.788921021829311e-03 
0.000000000000000e+00 0.000000000000000e+00 0.000000000000000e+00 0.000000000000000e+00 1.545500800015613e-04 0.000000000000000e+00 3.557879517753369e-04 3.058387489748313e-04 4.808377814910918e-03 0.000000000000000e+00 4.746967888585837e-03 0.000000000000000e+00 0.000000000000000e+00 1.158673732051225e-03 0.000000000000000e+00 0.000000000000000e+00 2.943868018249508e-03 4.560384931517398e-03 0.000000000000000e+00 0.000000000000000e+00 0.000000000000000e+00 2.032303552396257e-03 0.000000000000000e+00 0.000000000000000e+00 0.000000000000000e+00 