# File created on Fri May 17 15:41:51 2024
# The following metaparameters were used for this matrix optimization : gamma0 = 0.5; alpha0 = 0; sigma0 = 0.25; l0 = 1;p = 1; R0 = 1; S0 = 0.05; NR = 25; NS = 25; matrix path = matrices/Nr25_Nc25/consumption/RandTrix_Nr25_Nc25_Nest0.5_Conn0.416.txt; convergence threshold = 1e-08
3.574772768120922e-03 0.000000000000000e+00 3.479083329984048e-03 2.455163395915525e-03 0.000000000000000e+00 2.852854472520516e-03 3.571071607997191e-04 1.335382797832742e-03 4.251007959514825e-03 4.135859339474077e-03 4.946044362302592e-03 3.278400443623514e-04 0.000000000000000e+00 0.000000000000000e+00 0.000000000000000e+00 7.310966631844254e-04 0.000000000000000e+00 0.000000000000000e+00 0.000000000000000e+00 0.000000000000000e+00 3.765498635098411e-03 0.000000000000000e+00 4.910861362638357e-03 2.099703201475564e-03 0.000000000000000e+00 
0.000000000000000e+00 3.552927992963225e-03 2.190682707423673e-03 3.593233548293271e-03 0.000000000000000e+00 1.579169059065029e-03 0.000000000000000e+00 0.000000000000000e+00 4.776242899678846e-03 9.562174438389259e-04 1.331241697258494e-03 2.273316589237749e-03 0.000000000000000e+00 0.000000000000000e+00 0.000000000000000e+00 0.000000000000000e+00 0.000000000000000e+00 0.000000000000000e+00 5.080305807306558e-05 1.021142107063128e-03 2.678387094939933e-03 3.691265117315703e-03 0.000000000000000e+00 1.117732142144948e-03 0.000000000000000e+00 
0.000000000000000e+00 0.000000000000000e+00 3.463362818604765e-03 0.000000000000000e+00 0.000000000000000e+00 3.792750502166039e-03 0.000000000000000e+00 4.284327386232589e-03 0.000000000000000e+00 0.000000000000000e+00 1.105241104501581e-03 2.840305930567745e-03 3.716093721421844e-03 4.437240464509008e-04 0.000000000000000e+00 9.577845177298202e-04 3.335983823221467e-03 1.112905187879528e-03 0.000000000000000e+00 0.000000000000000e+00 4.504616435858265e-03 4.310073442970215e-03 0.000000000000000e+00 4.045656354903257e-03 0.000000000000000e+00 
0.000000000000000e+00 2.176798236420484e-03 0.000000000000000e+00 4.813189543578340e-03 2.634179729178342e-03 4.964176474732229e-03 0.000000000000000e+00 0.000000000000000e+00 0.000000000000000e+00 0.000000000000000e+00 2.380004808965665e-03 4.194038527941221e-03 2.219396103497985e-04 0.000000000000000e+00 0.000000000000000e+00 0.000000000000000e+00 0.000000000000000e+00 6.690316974701461e-04 0.000000000000000e+00 5.197953592917751e-04 1.753395926244435e-03 1.396765401130060e-03 4.430372665356943e-03 0.000000000000000e+00 3.285709137476593e-03 
0.000000000000000e+00 4.755125723162790e-03 0.000000000000000e+00 0.000000000000000e+00 4.988716838411626e-03 9.271817196712814e-04 0.000000000000000e+00 0.000000000000000e+00 3.112461120063555e-03 0.000000000000000e+00 0.000000000000000e+00 4.566500252395673e-03 0.000000000000000e+00 0.000000000000000e+00 1.015527732629270e-03 0.000000000000000e+00 5.660957992123165e-04 1.870453628029178e-03 1.783929530493575e-03 0.000000000000000e+00 1.164192916282104e-04 4.718400090697739e-03 0.000000000000000e+00 0.000000000000000e+00 3.026280597995113e-03 
4.965062329086201e-03 0.000000000000000e+00 4.341762433649572e-03 0.000000000000000e+00 0.000000000000000e+00 4.701477083544636e-03 4.918917210801630e-03 0.000000000000000e+00 2.734120532251912e-03 0.000000000000000e+00 0.000000000000000e+00 0.000000000000000e+00 3.103422224575003e-04 0.000000000000000e+00 0.000000000000000e+00 1.777862729973650e-03 3.076851536537706e-04 4.818779896794523e-03 5.787836646108890e-04 0.000000000000000e+00 0.000000000000000e+00 1.571692745244396e-03 9.171582028918402e-04 0.000000000000000e+00 2.239039636228396e-03 
3.222324405386142e-03 3.195852143898847e-03 0.000000000000000e+00 2.882901483057906e-03 2.453207681254039e-03 4.100698617987688e-03 0.000000000000000e+00 1.066172688554958e-03 0.000000000000000e+00 4.365558158900735e-03 3.165515864008982e-03 0.000000000000000e+00 1.707798617856430e-03 2.107323693082436e-03 0.000000000000000e+00 0.000000000000000e+00 4.056478929607209e-03 0.000000000000000e+00 3.529343348956706e-03 3.737988156642623e-03 0.000000000000000e+00 0.000000000000000e+00 0.000000000000000e+00 4.270997303162186e-03 0.000000000000000e+00 
0.000000000000000e+00 0.000000000000000e+00 0.000000000000000e+00 0.000000000000000e+00 4.540729285379361e-03 3.316388337321496e-04 0.000000000000000e+00 0.000000000000000e+00 0.000000000000000e+00 2.921269172413418e-04 7.201739861726601e-04 3.685378102543209e-04 1.992920378400768e-03 2.208635071453918e-03 3.797020085908173e-03 0.000000000000000e+00 0.000000000000000e+00 4.237711021420923e-03 0.000000000000000e+00 2.104330468472623e-03 0.000000000000000e+00 3.346645817413986e-03 0.000000000000000e+00 1.825391503465494e-03 0.000000000000000e+00 
0.000000000000000e+00 2.247732350794046e-03 3.997716916583657e-03 0.000000000000000e+00 0.000000000000000e+00 0.000000000000000e+00 0.000000000000000e+00 0.000000000000000e+00 4.866644566708839e-03 7.057819639504212e-04 5.845372691243880e-04 1.764344120245280e-03 0.000000000000000e+00 0.000000000000000e+00 2.358680851128638e-03 1.064780930094283e-03 4.204882340232889e-04 0.000000000000000e+00 0.000000000000000e+00 1.351478487698453e-03 0.000000000000000e+00 0.000000000000000e+00 2.112984547816789e-03 0.000000000000000e+00 2.094468778773819e-03 
1.457251555137803e-03 0.000000000000000e+00 0.000000000000000e+00 4.248265607358847e-03 1.523089439318739e-03 0.000000000000000e+00 0.000000000000000e+00 2.415338594122721e-03 1.069741292136441e-03 2.764113947199603e-06 2.401862057556565e-03 4.734334665181926e-03 0.000000000000000e+00 0.000000000000000e+00 0.000000000000000e+00 2.106825344398840e-04 0.000000000000000e+00 0.000000000000000e+00 5.520899497910061e-04 0.000000000000000e+00 4.634462647279832e-04 3.402314217582301e-03 1.651397745852115e-03 0.000000000000000e+00 1.462003067246017e-03 
7.708361335085811e-04 4.703717107747262e-03 2.197599180873989e-03 0.000000000000000e+00 0.000000000000000e+00 4.840350932718075e-03 4.040288078769442e-03 0.000000000000000e+00 3.666988566180133e-03 2.158019807681009e-04 0.000000000000000e+00 3.690601969285742e-03 0.000000000000000e+00 0.000000000000000e+00 4.045800688948370e-03 1.981384280730821e-03 1.990558167898847e-03 0.000000000000000e+00 2.360579479096751e-03 2.395508726884950e-03 4.972560191841923e-03 0.000000000000000e+00 1.904013877214135e-03 0.000000000000000e+00 3.495069692903044e-03 
1.528791602544968e-03 4.328708619724555e-03 0.000000000000000e+00 6.949750151317114e-04 0.000000000000000e+00 4.424964942988979e-04 3.662678881768889e-03 0.000000000000000e+00 0.000000000000000e+00 1.189738058676029e-03 0.000000000000000e+00 3.378191989708092e-03 0.000000000000000e+00 2.398231682124700e-04 4.263795099314705e-03 0.000000000000000e+00 3.609920946991890e-04 1.348558428828249e-03 0.000000000000000e+00 3.954589605886841e-03 0.000000000000000e+00 3.567366853560225e-03 2.388695956103058e-03 3.291268971620313e-03 0.000000000000000e+00 
4.964884185993967e-03 0.000000000000000e+00 4.844365807700254e-03 0.000000000000000e+00 0.000000000000000e+00 0.000000000000000e+00 4.542773642340198e-03 0.000000000000000e+00 0.000000000000000e+00 2.187870389566408e-03 9.735217918866402e-04 4.310395540838033e-03 2.417065325725928e-03 0.000000000000000e+00 1.290477834062996e-03 4.187906241388795e-03 4.881767694863199e-03 4.033864759856341e-03 0.000000000000000e+00 1.577612772564907e-03 3.567320741154030e-03 0.000000000000000e+00 1.649089974129829e-03 0.000000000000000e+00 0.000000000000000e+00 
0.000000000000000e+00 0.000000000000000e+00 0.000000000000000e+00 0.000000000000000e+00 0.000000000000000e+00 0.000000000000000e+00 4.130375779654969e-03 0.000000000000000e+00 0.000000000000000e+00 0.000000000000000e+00 0.000000000000000e+00 4.239355519773804e-03 0.000000000000000e+00 8.559236501785031e-04 0.000000000000000e+00 0.000000000000000e+00 0.000000000000000e+00 0.000000000000000e+00 4.685826916077095e-03 2.085181578696516e-03 9.946141017898620e-04 0.000000000000000e+00 3.139680469547420e-03 0.000000000000000e+00 1.364140568488560e-03 
2.918714478553269e-03 0.000000000000000e+00 0.000000000000000e+00 0.000000000000000e+00 8.424649215239776e-04 0.000000000000000e+00 1.955388889580629e-03 1.370653642841517e-03 4.124673493658617e-03 0.000000000000000e+00 0.000000000000000e+00 0.000000000000000e+00 4.108124433918190e-03 0.000000000000000e+00 0.000000000000000e+00 0.000000000000000e+00 3.136794629051426e-03 3.545286090190917e-03 0.000000000000000e+00 4.055116849550725e-03 2.618043764998172e-03 3.140957059322998e-03 4.958786214600492e-03 0.000000000000000e+00 0.000000000000000e+00 
0.000000000000000e+00 3.481279722304485e-03 0.000000000000000e+00 1.692217579818154e-03 1.081185382287340e-03 0.000000000000000e+00 0.000000000000000e+00 0.000000000000000e+00 1.330840720971723e-03 1.214353367398322e-03 1.173217228870793e-03 1.554604003153205e-03 0.000000000000000e+00 4.151034692311706e-03 1.766022699520225e-03 0.000000000000000e+00 0.000000000000000e+00 8.878254501633621e-04 0.000000000000000e+00 0.000000000000000e+00 0.000000000000000e+00 4.107847144675580e-03 0.000000000000000e+00 0.000000000000000e+00 7.408817238101233e-04 
0.000000000000000e+00 0.000000000000000e+00 2.511144801209152e-03 1.845076142232109e-03 8.887042865861160e-04 0.000000000000000e+00 3.523033807268529e-03 7.716386507722094e-04 0.000000000000000e+00 0.000000000000000e+00 0.000000000000000e+00 0.000000000000000e+00 0.000000000000000e+00 1.794013727650647e-03 0.000000000000000e+00 3.590127196068157e-03 0.000000000000000e+00 1.908602748970359e-03 0.000000000000000e+00 0.000000000000000e+00 3.640598200326901e-03 0.000000000000000e+00 0.000000000000000e+00 0.000000000000000e+00 0.000000000000000e+00 
4.355271937157876e-03 0.000000000000000e+00 0.000000000000000e+00 3.261768155330740e-03 0.000000000000000e+00 0.000000000000000e+00 0.000000000000000e+00 3.583979916920336e-03 2.125414662877267e-03 4.244532609847655e-03 0.000000000000000e+00 3.969723152116770e-03 2.704309379866728e-03 0.000000000000000e+00 0.000000000000000e+00 0.000000000000000e+00 0.000000000000000e+00 1.020142990433101e-03 1.810103082996935e-03 4.077546648163969e-04 2.610622266228307e-03 0.000000000000000e+00 3.944823547667523e-03 4.256904184437909e-03 0.000000000000000e+00 
1.008686036723940e-03 9.776830416119392e-04 4.373317654124274e-03 5.848043999143219e-04 1.117284670496829e-03 0.000000000000000e+00 1.119513793915288e-03 4.898074506185220e-03 4.435650984894675e-03 0.000000000000000e+00 2.438946736176751e-04 4.439573613597134e-03 0.000000000000000e+00 6.460889251329544e-04 0.000000000000000e+00 0.000000000000000e+00 0.000000000000000e+00 4.030481238274425e-03 1.533944423222099e-03 0.000000000000000e+00 0.000000000000000e+00 4.053985246434148e-03 1.498533061244468e-03 1.681738943509453e-03 0.000000000000000e+00 
0.000000000000000e+00 2.966846804172671e-03 2.840343349412325e-03 3.145760677598001e-03 4.307642305704285e-03 2.693232188672434e-04 0.000000000000000e+00 0.000000000000000e+00 1.078778136896509e-03 2.537448914726390e-03 0.000000000000000e+00 0.000000000000000e+00 0.000000000000000e+00 0.000000000000000e+00 0.000000000000000e+00 0.000000000000000e+00 3.943476242484921e-03 0.000000000000000e+00 1.037136351669954e-03 8.947472812179881e-04 0.000000000000000e+00 0.000000000000000e+00 0.000000000000000e+00 0.000000000000000e+00 4.505327298964392e-03 
4.971057875312230e-03 0.000000000000000e+00 1.392411407373295e-03 0.000000000000000e+00 3.025404674654546e-03 1.598994156823817e-03 0.000000000000000e+00 0.000000000000000e+00 0.000000000000000e+00 0.000000000000000e+00 1.289695986654956e-03 0.000000000000000e+00 0.000000000000000e+00 2.273599639477743e-03 0.000000000000000e+00 4.349711527293179e-03 0.000000000000000e+00 0.000000000000000e+00 0.000000000000000e+00 0.000000000000000e+00 2.996864362350540e-03 4.786463349960121e-03 3.048572493387601e-03 0.000000000000000e+00 1.768043543159692e-03 
4.739349412532654e-05 0.000000000000000e+00 4.001152200222573e-03 9.350150528846964e-04 0.000000000000000e+00 1.848116906140178e-03 4.576130247670854e-03 1.856770715534149e-03 0.000000000000000e+00 1.225489467897363e-03 1.543373796222443e-03 0.000000000000000e+00 1.306437725174045e-03 0.000000000000000e+00 0.000000000000000e+00 4.860497837206218e-03 5.680525777198217e-04 0.000000000000000e+00 2.923068235143662e-03 0.000000000000000e+00 0.000000000000000e+00 0.000000000000000e+00 0.000000000000000e+00 0.000000000000000e+00 2.896734247999119e-03 
0.000000000000000e+00 0.000000000000000e+00 6.484629279383382e-04 1.129555904734930e-03 4.298781509003132e-03 0.000000000000000e+00 4.950376946961099e-03 3.574986696732792e-03 1.948210070056382e-04 0.000000000000000e+00 4.807788728847993e-03 1.586940607159339e-03 0.000000000000000e+00 4.200477538604691e-03 0.000000000000000e+00 3.086393069144570e-03 0.000000000000000e+00 3.330554991490635e-03 0.000000000000000e+00 0.000000000000000e+00 0.000000000000000e+00 3.481754558798048e-03 8.787626811706589e-04 1.891069359211383e-03 0.000000000000000e+00 
1.194485340694226e-03 4.614344573653695e-03 0.000000000000000e+00 2.370867679128914e-03 2.200121661602792e-03 0.000000000000000e+00 4.623553877490666e-03 0.000000000000000e+00 1.303573335392528e-04 0.000000000000000e+00 0.000000000000000e+00 3.241248135041357e-03 0.000000000000000e+00 0.000000000000000e+00 4.245548091957223e-03 2.669378494331191e-04 3.504082045239633e-03 0.000000000000000e+00 0.000000000000000e+00 1.606767618839274e-03 2.005129825032363e-03 0.000000000000000e+00 8.517722289681513e-04 0.000000000000000e+00 0.000000000000000e+00 
3.854309345049368e-03 1.162512336171118e-03 0.000000000000000e+00 1.588214663917246e-03 0.000000000000000e+00 0.000000000000000e+00 2.068288904774651e-03 0.000000000000000e+00 0.000000000000000e+00 0.000000000000000e+00 4.944089082549318e-03 0.000000000000000e+00 0.000000000000000e+00 2.263699542586360e-03 0.000000000000000e+00 0.000000000000000e+00 1.974749747163626e-03 0.000000000000000e+00 4.312817783879649e-03 8.229412274956942e-04 5.312903256690142e-04 4.952226887938239e-03 0.000000000000000e+00 0.000000000000000e+00 4.057319836960575e-04 