# File created on Fri May 17 15:41:59 2024
# The following metaparameters were used for this matrix optimization : gamma0 = 0.5; alpha0 = 0; sigma0 = 0.25; l0 = 1;p = 1; R0 = 1; S0 = 0.05; NR = 25; NS = 25; matrix path = matrices/Nr25_Nc25/consumption/RandTrix_Nr25_Nc25_Nest0.55_Conn0.2304.txt; convergence threshold = 1e-08
2.107764761452808e-03 0.000000000000000e+00 0.000000000000000e+00 0.000000000000000e+00 0.000000000000000e+00 0.000000000000000e+00 2.764693493862889e-03 2.402628946289721e-03 9.206670097418072e-05 5.555724629558555e-04 1.505596043794855e-03 0.000000000000000e+00 0.000000000000000e+00 8.917176028842064e-04 4.167769919267131e-03 0.000000000000000e+00 0.000000000000000e+00 0.000000000000000e+00 0.000000000000000e+00 4.791433853102101e-03 0.000000000000000e+00 2.903074334221109e-03 0.000000000000000e+00 0.000000000000000e+00 0.000000000000000e+00 
0.000000000000000e+00 7.214618903236992e-04 2.790270693612648e-03 0.000000000000000e+00 0.000000000000000e+00 0.000000000000000e+00 2.920789433192355e-03 0.000000000000000e+00 4.621131471851566e-03 0.000000000000000e+00 3.256388529985716e-03 3.023302948649665e-03 0.000000000000000e+00 0.000000000000000e+00 0.000000000000000e+00 0.000000000000000e+00 0.000000000000000e+00 3.071782496832410e-04 4.857625552080686e-03 0.000000000000000e+00 0.000000000000000e+00 0.000000000000000e+00 0.000000000000000e+00 0.000000000000000e+00 0.000000000000000e+00 
1.303378899629399e-03 3.731358873606883e-03 4.573078671264281e-03 0.000000000000000e+00 0.000000000000000e+00 0.000000000000000e+00 4.091081016785203e-03 0.000000000000000e+00 0.000000000000000e+00 2.459283638028398e-03 1.308217814176790e-03 0.000000000000000e+00 1.950768892870290e-03 0.000000000000000e+00 0.000000000000000e+00 1.127668463556527e-03 4.237940843652740e-03 1.248835558500227e-03 1.795282288400686e-03 4.257626076265243e-03 0.000000000000000e+00 1.025299477105384e-03 2.296180635925485e-03 0.000000000000000e+00 2.939686346417052e-03 
4.289020272330995e-03 4.007252003422614e-04 0.000000000000000e+00 2.209358006916286e-03 0.000000000000000e+00 0.000000000000000e+00 0.000000000000000e+00 0.000000000000000e+00 0.000000000000000e+00 9.830777252289786e-04 0.000000000000000e+00 0.000000000000000e+00 3.487319564021720e-03 0.000000000000000e+00 0.000000000000000e+00 2.093871277750779e-03 7.336278013208492e-04 3.085575200689711e-03 4.706797497289955e-03 3.141628409464569e-03 1.638490049202033e-03 0.000000000000000e+00 4.967806913086020e-03 0.000000000000000e+00 2.251288802912813e-03 
0.000000000000000e+00 0.000000000000000e+00 0.000000000000000e+00 1.446724564879116e-03 0.000000000000000e+00 3.090280454536012e-03 0.000000000000000e+00 0.000000000000000e+00 3.109452151416074e-03 0.000000000000000e+00 0.000000000000000e+00 4.933945541107498e-03 0.000000000000000e+00 0.000000000000000e+00 3.163296823683852e-03 0.000000000000000e+00 0.000000000000000e+00 4.329988113312224e-03 3.389494620331616e-03 0.000000000000000e+00 4.122238187103532e-03 2.583446954172990e-03 0.000000000000000e+00 1.528915968427949e-03 0.000000000000000e+00 
0.000000000000000e+00 0.000000000000000e+00 9.402198576377269e-04 0.000000000000000e+00 1.239952688257014e-03 0.000000000000000e+00 0.000000000000000e+00 0.000000000000000e+00 0.000000000000000e+00 3.563307655440809e-03 1.083545879929811e-03 2.504813241400584e-03 0.000000000000000e+00 0.000000000000000e+00 0.000000000000000e+00 0.000000000000000e+00 0.000000000000000e+00 5.886433915557499e-04 0.000000000000000e+00 1.337219520518353e-03 0.000000000000000e+00 2.091571360297397e-03 0.000000000000000e+00 0.000000000000000e+00 0.000000000000000e+00 
0.000000000000000e+00 0.000000000000000e+00 3.367719730699688e-03 4.206389803639011e-03 0.000000000000000e+00 2.220948759393796e-03 0.000000000000000e+00 4.642103552495531e-04 1.776163853855420e-03 3.943298375813561e-03 4.091841857811848e-03 0.000000000000000e+00 2.309429742667680e-04 1.744479460171197e-03 0.000000000000000e+00 3.247205880404198e-03 0.000000000000000e+00 0.000000000000000e+00 2.471173482608563e-03 2.248665465417290e-03 0.000000000000000e+00 4.178061781778316e-03 0.000000000000000e+00 0.000000000000000e+00 1.529032616904687e-03 
2.123272996511335e-03 0.000000000000000e+00 9.933144139662789e-04 1.876669542805391e-03 2.179808350040141e-04 0.000000000000000e+00 4.156078130859577e-03 0.000000000000000e+00 0.000000000000000e+00 0.000000000000000e+00 0.000000000000000e+00 4.283692744466337e-03 4.048245354285666e-04 0.000000000000000e+00 0.000000000000000e+00 0.000000000000000e+00 0.000000000000000e+00 3.305521670804781e-03 4.687037922524047e-03 0.000000000000000e+00 1.914614195765772e-03 0.000000000000000e+00 4.638643050013270e-03 2.348456329199220e-03 7.814910637044042e-04 
2.137193102169633e-03 0.000000000000000e+00 0.000000000000000e+00 2.180389165614708e-03 3.305124436024644e-03 4.146880621047117e-03 0.000000000000000e+00 2.680411090924597e-03 3.102263151843473e-04 0.000000000000000e+00 0.000000000000000e+00 0.000000000000000e+00 2.982842575417327e-03 0.000000000000000e+00 3.900698463593918e-03 0.000000000000000e+00 2.022973737631429e-03 0.000000000000000e+00 1.938092452405674e-03 3.249511809057736e-03 0.000000000000000e+00 2.554550790187361e-03 0.000000000000000e+00 1.121305427951550e-03 0.000000000000000e+00 
4.239191106681446e-03 0.000000000000000e+00 0.000000000000000e+00 0.000000000000000e+00 4.234862111316622e-03 0.000000000000000e+00 5.828835338039142e-04 1.688933825935214e-03 3.234285080657913e-03 0.000000000000000e+00 0.000000000000000e+00 0.000000000000000e+00 2.490608084069490e-03 0.000000000000000e+00 0.000000000000000e+00 3.994032515543899e-04 3.179767603050884e-03 1.930893513401463e-03 0.000000000000000e+00 3.195301177278205e-03 0.000000000000000e+00 3.941928264974729e-03 2.726439723797189e-03 0.000000000000000e+00 0.000000000000000e+00 
0.000000000000000e+00 3.391817181915074e-03 2.178889053340753e-03 0.000000000000000e+00 0.000000000000000e+00 2.200345361974256e-03 0.000000000000000e+00 3.123386557347215e-03 0.000000000000000e+00 7.160646273652621e-04 8.883485117237272e-04 0.000000000000000e+00 0.000000000000000e+00 8.434981912675586e-04 0.000000000000000e+00 4.626162140540273e-04 0.000000000000000e+00 1.383954865151417e-03 4.618901865562810e-03 0.000000000000000e+00 0.000000000000000e+00 2.539872923944024e-03 0.000000000000000e+00 0.000000000000000e+00 0.000000000000000e+00 
2.987364000479727e-03 4.029124039040232e-03 0.000000000000000e+00 0.000000000000000e+00 2.398500955796691e-03 0.000000000000000e+00 0.000000000000000e+00 0.000000000000000e+00 0.000000000000000e+00 0.000000000000000e+00 0.000000000000000e+00 3.871167125831715e-03 0.000000000000000e+00 0.000000000000000e+00 1.432742324626939e-03 0.000000000000000e+00 0.000000000000000e+00 0.000000000000000e+00 0.000000000000000e+00 0.000000000000000e+00 3.697372654652379e-03 0.000000000000000e+00 0.000000000000000e+00 0.000000000000000e+00 2.073794294800339e-03 
0.000000000000000e+00 0.000000000000000e+00 2.611888393993245e-03 0.000000000000000e+00 0.000000000000000e+00 0.000000000000000e+00 0.000000000000000e+00 0.000000000000000e+00 4.325374931768813e-03 0.000000000000000e+00 0.000000000000000e+00 0.000000000000000e+00 1.197911318681019e-03 0.000000000000000e+00 1.312990664718196e-03 1.910024801581098e-03 0.000000000000000e+00 1.350096810003058e-03 1.740426443087553e-04 0.000000000000000e+00 6.029190394648669e-06 0.000000000000000e+00 0.000000000000000e+00 3.178739888845959e-03 0.000000000000000e+00 
3.047366779616795e-03 4.758779963491499e-03 0.000000000000000e+00 4.707940960669554e-03 1.730327088565400e-03 3.083492201633080e-03 0.000000000000000e+00 3.821333095556832e-03 2.999945341569346e-03 1.795763498466738e-03 0.000000000000000e+00 0.000000000000000e+00 2.713789665855879e-03 2.696644713137308e-03 0.000000000000000e+00 2.748808199262218e-04 2.791933795854451e-03 8.372165746769516e-04 4.122687719375368e-03 1.082228735019975e-03 0.000000000000000e+00 3.442599876229002e-06 2.800047190209282e-03 5.040383043178919e-04 0.000000000000000e+00 
0.000000000000000e+00 0.000000000000000e+00 0.000000000000000e+00 0.000000000000000e+00 3.107881350757183e-03 1.821823229650157e-03 1.001488552377215e-03 4.108653614468070e-03 0.000000000000000e+00 3.332737210477574e-04 0.000000000000000e+00 1.006387564894751e-03 4.312911575696455e-03 0.000000000000000e+00 0.000000000000000e+00 0.000000000000000e+00 0.000000000000000e+00 0.000000000000000e+00 1.592318598409772e-03 0.000000000000000e+00 4.279730190678414e-03 6.823566344599738e-04 0.000000000000000e+00 3.734263173046090e-04 0.000000000000000e+00 
3.749653133555168e-03 0.000000000000000e+00 0.000000000000000e+00 4.459005396307429e-03 4.638569360111121e-03 0.000000000000000e+00 8.307792226931518e-04 0.000000000000000e+00 2.707612195582562e-03 4.999850895587831e-03 0.000000000000000e+00 0.000000000000000e+00 4.945024138100297e-03 0.000000000000000e+00 0.000000000000000e+00 0.000000000000000e+00 2.252334022902248e-04 1.664739071431174e-03 2.622559807090947e-03 0.000000000000000e+00 0.000000000000000e+00 0.000000000000000e+00 0.000000000000000e+00 0.000000000000000e+00 1.426672668745399e-03 
3.127539798778807e-03 0.000000000000000e+00 2.051174148218467e-04 2.131830904216573e-03 4.540388192559400e-03 4.661282766754334e-03 0.000000000000000e+00 0.000000000000000e+00 3.957250911330346e-03 4.229881660927236e-03 2.379334510568524e-03 0.000000000000000e+00 0.000000000000000e+00 3.283308115809542e-04 0.000000000000000e+00 0.000000000000000e+00 3.467896980634355e-03 1.439643562834729e-03 0.000000000000000e+00 3.548215685057356e-03 1.621965956059862e-03 3.677714362096993e-03 0.000000000000000e+00 0.000000000000000e+00 0.000000000000000e+00 
4.132605793759229e-03 1.393776622225392e-03 0.000000000000000e+00 7.738868783853743e-04 7.289801045741637e-04 0.000000000000000e+00 5.528326424651412e-04 0.000000000000000e+00 3.379344787693588e-03 0.000000000000000e+00 4.377239802576641e-03 0.000000000000000e+00 0.000000000000000e+00 0.000000000000000e+00 1.880389291441545e-03 5.750388101791590e-04 1.607620830834294e-04 0.000000000000000e+00 0.000000000000000e+00 0.000000000000000e+00 0.000000000000000e+00 3.451490017010175e-03 4.309848786316416e-03 0.000000000000000e+00 2.262233120862000e-03 
1.779922031106055e-03 2.040133951869538e-03 0.000000000000000e+00 0.000000000000000e+00 0.000000000000000e+00 1.723063667754713e-03 2.927342338311628e-03 0.000000000000000e+00 0.000000000000000e+00 3.696641513146118e-03 3.610122228904749e-03 1.363370706604911e-03 3.502955493057829e-03 0.000000000000000e+00 4.099128512797583e-03 0.000000000000000e+00 0.000000000000000e+00 0.000000000000000e+00 1.560407021095838e-03 9.828003490558330e-04 0.000000000000000e+00 0.000000000000000e+00 0.000000000000000e+00 1.695169058884725e-03 0.000000000000000e+00 
8.252960609916391e-04 1.842486748971797e-03 0.000000000000000e+00 2.608918727129726e-03 0.000000000000000e+00 1.903248836391340e-03 0.000000000000000e+00 4.102914100120760e-03 0.000000000000000e+00 0.000000000000000e+00 1.512861682277553e-03 1.852630230427457e-03 0.000000000000000e+00 0.000000000000000e+00 6.011505997884667e-04 4.513588755530089e-03 0.000000000000000e+00 1.115867682299697e-03 2.847657942586776e-03 2.408540271509968e-03 6.035000073747174e-05 1.694256807640887e-05 0.000000000000000e+00 0.000000000000000e+00 0.000000000000000e+00 
3.655518630733769e-03 1.485136671880333e-03 0.000000000000000e+00 0.000000000000000e+00 1.813746158236881e-03 2.879462320953703e-03 1.017848344486586e-03 1.008002865453713e-03 1.693822800961529e-03 3.211211011316331e-03 1.405362701824309e-03 3.915370802808002e-03 4.753590043444871e-03 0.000000000000000e+00 3.902044751209318e-03 9.669181513341003e-04 0.000000000000000e+00 2.307392096066644e-03 1.610201635220040e-04 3.691534140928118e-03 2.684293218655648e-03 2.580455871365876e-03 0.000000000000000e+00 0.000000000000000e+00 2.391200711527082e-03 
1.655466142196704e-03 0.000000000000000e+00 0.000000000000000e+00 0.000000000000000e+00 0.000000000000000e+00 0.000000000000000e+00 2.844622129894869e-03 3.324626072240097e-03 4.759082038659977e-03 0.000000000000000e+00 4.299894041771726e-03 1.586883182571732e-03 4.309524294656093e-03 1.637008268502113e-03 1.922483570976045e-03 0.000000000000000e+00 1.439227461118224e-03 0.000000000000000e+00 3.239639448379095e-04 3.709710824698464e-03 2.157814199961351e-04 2.505685329026872e-03 2.284790516640764e-03 2.067238028884883e-03 1.091855192027653e-03 
1.904421263032465e-03 0.000000000000000e+00 0.000000000000000e+00 0.000000000000000e+00 2.462910096018588e-03 7.858814634045117e-04 0.000000000000000e+00 3.760022461334601e-03 1.732811807426741e-04 0.000000000000000e+00 0.000000000000000e+00 0.000000000000000e+00 3.375119063417667e-03 0.000000000000000e+00 0.000000000000000e+00 1.300909702572131e-03 0.000000000000000e+00 0.000000000000000e+00 0.000000000000000e+00 0.000000000000000e+00 2.112636738863390e-03 0.000000000000000e+00 0.000000000000000e+00 2.472581074520983e-03 0.000000000000000e+00 
0.000000000000000e+00 3.923395792996446e-03 0.000000000000000e+00 0.000000000000000e+00 0.000000000000000e+00 1.929412282937071e-03 0.000000000000000e+00 3.727365794554891e-03 0.000000000000000e+00 0.000000000000000e+00 0.000000000000000e+00 3.663485777234818e-03 3.718145649022662e-03 2.054981564939557e-03 0.000000000000000e+00 5.443387211612504e-04 0.000000000000000e+00 1.505674443077919e-03 4.340726450010091e-03 3.049361477351778e-03 9.313671987741031e-04 1.281179081006236e-04 0.000000000000000e+00 0.000000000000000e+00 5.168905221063958e-04 
0.000000000000000e+00 4.815366796102349e-03 0.000000000000000e+00 3.580555697182527e-03 0.000000000000000e+00 3.340179819871617e-03 0.000000000000000e+00 1.623067717658929e-03 0.000000000000000e+00 1.319243400117343e-03 2.197230142911654e-03 0.000000000000000e+00 0.000000000000000e+00 0.000000000000000e+00 0.000000000000000e+00 8.843786013061913e-04 0.000000000000000e+00 3.257816765035065e-03 0.000000000000000e+00 3.021056203655570e-03 4.126305337221828e-03 3.776733386662980e-03 3.518983014276478e-03 3.913695120549252e-03 0.000000000000000e+00 