# File created on Mon Apr 29 13:38:13 2024
# The following metaparameters were used for this matrix optimization : gamma0 = 0.5; alpha0 = 0; sigma0 = 0.25; l0 = 1;p = 1; R0 = 1; S0 = 0.05; NR = 25; NS = 25; matrix path = matrices/Nr25_Nc25/consumption/RandTrix_Nr25_Nc25_Nest0.4_Conn0.2288.txt; convergence threshold = 1e-08
6.794298918127634e-02 1.066495585975513e+00 4.511693887884220e-01 0.000000000000000e+00 5.135612386599034e-01 0.000000000000000e+00 2.753151827254401e-01 0.000000000000000e+00 1.052864602397529e+00 3.794269407077065e-01 0.000000000000000e+00 8.365748513327219e-01 0.000000000000000e+00 0.000000000000000e+00 4.314691889897282e-01 0.000000000000000e+00 0.000000000000000e+00 6.944747295199424e-01 0.000000000000000e+00 0.000000000000000e+00 8.156949740178432e-01 0.000000000000000e+00 1.376784570425997e+00 0.000000000000000e+00 0.000000000000000e+00 
9.795019240056873e-02 5.018099516068125e-01 8.751581702978467e-01 6.386534527709347e-01 0.000000000000000e+00 0.000000000000000e+00 6.200879334730556e-02 3.216946919595655e-01 0.000000000000000e+00 3.488889347367613e-01 0.000000000000000e+00 1.225683144062917e+00 0.000000000000000e+00 0.000000000000000e+00 1.179765869264520e+00 0.000000000000000e+00 6.176481824925288e-01 1.993810472761513e-01 0.000000000000000e+00 3.817282235129110e-01 0.000000000000000e+00 0.000000000000000e+00 0.000000000000000e+00 0.000000000000000e+00 0.000000000000000e+00 
7.749898763000831e-01 0.000000000000000e+00 0.000000000000000e+00 2.111611483599742e-01 3.055834444969477e-01 0.000000000000000e+00 6.588144596411131e-01 5.528726809494251e-01 4.965208567207973e-01 0.000000000000000e+00 0.000000000000000e+00 2.663926867645455e-01 1.118272881302606e+00 0.000000000000000e+00 0.000000000000000e+00 0.000000000000000e+00 0.000000000000000e+00 0.000000000000000e+00 0.000000000000000e+00 0.000000000000000e+00 0.000000000000000e+00 0.000000000000000e+00 0.000000000000000e+00 0.000000000000000e+00 0.000000000000000e+00 
9.064257307612803e-01 0.000000000000000e+00 1.246469241422105e+00 0.000000000000000e+00 3.997542901041044e-01 0.000000000000000e+00 0.000000000000000e+00 5.388191993037402e-01 0.000000000000000e+00 0.000000000000000e+00 0.000000000000000e+00 0.000000000000000e+00 0.000000000000000e+00 0.000000000000000e+00 0.000000000000000e+00 1.191747003311722e+00 0.000000000000000e+00 0.000000000000000e+00 0.000000000000000e+00 0.000000000000000e+00 0.000000000000000e+00 0.000000000000000e+00 0.000000000000000e+00 0.000000000000000e+00 0.000000000000000e+00 
0.000000000000000e+00 5.060156656900429e-01 2.975698378121773e-01 6.577101491064344e-01 2.384648735633096e-01 0.000000000000000e+00 0.000000000000000e+00 0.000000000000000e+00 1.138044217049997e-01 0.000000000000000e+00 4.905388038169250e-01 0.000000000000000e+00 1.513826786919320e-01 0.000000000000000e+00 0.000000000000000e+00 0.000000000000000e+00 4.904658929503418e-01 0.000000000000000e+00 5.614582740642219e-01 3.219807389702179e-01 0.000000000000000e+00 0.000000000000000e+00 0.000000000000000e+00 0.000000000000000e+00 0.000000000000000e+00 
0.000000000000000e+00 1.317495611218369e+00 0.000000000000000e+00 0.000000000000000e+00 0.000000000000000e+00 0.000000000000000e+00 2.669609625299654e-01 0.000000000000000e+00 3.576992311814957e-01 0.000000000000000e+00 0.000000000000000e+00 0.000000000000000e+00 0.000000000000000e+00 4.051572998021689e-02 5.749311129480034e-01 0.000000000000000e+00 0.000000000000000e+00 0.000000000000000e+00 3.931927817513579e-01 0.000000000000000e+00 0.000000000000000e+00 0.000000000000000e+00 0.000000000000000e+00 0.000000000000000e+00 0.000000000000000e+00 
4.493362780793207e-01 0.000000000000000e+00 0.000000000000000e+00 3.274734693698421e-01 2.915400288405379e-01 4.568629207610210e-01 6.828977612552823e-01 4.750599164303662e-01 0.000000000000000e+00 0.000000000000000e+00 0.000000000000000e+00 0.000000000000000e+00 0.000000000000000e+00 0.000000000000000e+00 0.000000000000000e+00 0.000000000000000e+00 0.000000000000000e+00 0.000000000000000e+00 0.000000000000000e+00 0.000000000000000e+00 0.000000000000000e+00 0.000000000000000e+00 0.000000000000000e+00 0.000000000000000e+00 0.000000000000000e+00 
8.428086434620114e-01 0.000000000000000e+00 0.000000000000000e+00 0.000000000000000e+00 0.000000000000000e+00 0.000000000000000e+00 0.000000000000000e+00 0.000000000000000e+00 5.638053111459605e-01 0.000000000000000e+00 0.000000000000000e+00 6.301666284095105e-01 1.616727482070905e-01 3.613785707019269e-01 0.000000000000000e+00 0.000000000000000e+00 0.000000000000000e+00 0.000000000000000e+00 0.000000000000000e+00 0.000000000000000e+00 0.000000000000000e+00 0.000000000000000e+00 0.000000000000000e+00 0.000000000000000e+00 0.000000000000000e+00 
6.362262414800876e-01 4.031074853627622e-01 0.000000000000000e+00 3.688520704289982e-01 0.000000000000000e+00 3.596092085393365e-01 0.000000000000000e+00 0.000000000000000e+00 0.000000000000000e+00 0.000000000000000e+00 5.604912678673141e-01 0.000000000000000e+00 0.000000000000000e+00 0.000000000000000e+00 0.000000000000000e+00 0.000000000000000e+00 5.765801905002705e-01 0.000000000000000e+00 3.516787375930587e-01 0.000000000000000e+00 0.000000000000000e+00 0.000000000000000e+00 1.274981633258369e-01 0.000000000000000e+00 0.000000000000000e+00 
0.000000000000000e+00 2.153740288969278e-01 0.000000000000000e+00 4.113538422641228e-01 4.797207869682961e-01 1.645001493276414e-02 3.994256139814275e-01 0.000000000000000e+00 0.000000000000000e+00 0.000000000000000e+00 0.000000000000000e+00 0.000000000000000e+00 1.430695435489567e-01 2.288436855900734e-01 0.000000000000000e+00 0.000000000000000e+00 0.000000000000000e+00 2.374456848060965e-01 0.000000000000000e+00 0.000000000000000e+00 0.000000000000000e+00 0.000000000000000e+00 0.000000000000000e+00 6.960575234469564e-01 0.000000000000000e+00 
0.000000000000000e+00 0.000000000000000e+00 0.000000000000000e+00 0.000000000000000e+00 1.064923211858939e+00 0.000000000000000e+00 0.000000000000000e+00 0.000000000000000e+00 1.887946168984125e-02 0.000000000000000e+00 0.000000000000000e+00 0.000000000000000e+00 1.705462404201125e-01 0.000000000000000e+00 0.000000000000000e+00 0.000000000000000e+00 3.405230802615721e-01 7.732907553862551e-01 0.000000000000000e+00 6.993149812989302e-01 0.000000000000000e+00 0.000000000000000e+00 0.000000000000000e+00 0.000000000000000e+00 1.023578399080162e+00 
0.000000000000000e+00 9.543581269695359e-01 0.000000000000000e+00 0.000000000000000e+00 0.000000000000000e+00 0.000000000000000e+00 0.000000000000000e+00 0.000000000000000e+00 4.246839153077802e-01 4.770127179316048e-01 0.000000000000000e+00 3.895991878321808e-01 0.000000000000000e+00 0.000000000000000e+00 0.000000000000000e+00 0.000000000000000e+00 0.000000000000000e+00 0.000000000000000e+00 0.000000000000000e+00 0.000000000000000e+00 0.000000000000000e+00 0.000000000000000e+00 4.881778121833557e-01 0.000000000000000e+00 0.000000000000000e+00 
0.000000000000000e+00 0.000000000000000e+00 0.000000000000000e+00 1.276145586066232e-01 0.000000000000000e+00 0.000000000000000e+00 4.340032826728010e-01 2.621775990415347e-02 1.477448427280168e-01 0.000000000000000e+00 0.000000000000000e+00 2.721448733055561e-01 0.000000000000000e+00 0.000000000000000e+00 0.000000000000000e+00 0.000000000000000e+00 8.648673449368070e-01 0.000000000000000e+00 0.000000000000000e+00 2.490561910535163e-01 0.000000000000000e+00 0.000000000000000e+00 2.694727738056401e-01 0.000000000000000e+00 0.000000000000000e+00 
0.000000000000000e+00 0.000000000000000e+00 5.022142487449496e-01 0.000000000000000e+00 0.000000000000000e+00 0.000000000000000e+00 6.002723001613296e-01 4.293076686952456e-01 0.000000000000000e+00 0.000000000000000e+00 0.000000000000000e+00 0.000000000000000e+00 0.000000000000000e+00 0.000000000000000e+00 0.000000000000000e+00 0.000000000000000e+00 0.000000000000000e+00 6.591821631884189e-01 2.632960066079007e-01 0.000000000000000e+00 0.000000000000000e+00 1.838051908239934e-01 0.000000000000000e+00 0.000000000000000e+00 0.000000000000000e+00 
0.000000000000000e+00 1.192227715790884e+00 0.000000000000000e+00 0.000000000000000e+00 3.355642516637602e-01 0.000000000000000e+00 0.000000000000000e+00 0.000000000000000e+00 0.000000000000000e+00 0.000000000000000e+00 0.000000000000000e+00 0.000000000000000e+00 0.000000000000000e+00 0.000000000000000e+00 0.000000000000000e+00 0.000000000000000e+00 0.000000000000000e+00 0.000000000000000e+00 0.000000000000000e+00 0.000000000000000e+00 2.093720985176366e-01 0.000000000000000e+00 9.206168932905241e-01 0.000000000000000e+00 0.000000000000000e+00 
0.000000000000000e+00 0.000000000000000e+00 0.000000000000000e+00 2.463019374041270e-01 0.000000000000000e+00 0.000000000000000e+00 0.000000000000000e+00 0.000000000000000e+00 8.390453333406469e-01 4.884302157867947e-01 0.000000000000000e+00 0.000000000000000e+00 0.000000000000000e+00 0.000000000000000e+00 0.000000000000000e+00 0.000000000000000e+00 0.000000000000000e+00 0.000000000000000e+00 0.000000000000000e+00 0.000000000000000e+00 0.000000000000000e+00 0.000000000000000e+00 2.894422273492542e-02 0.000000000000000e+00 1.653489010289467e-01 
5.661414625035395e-01 3.540409970491411e-01 0.000000000000000e+00 0.000000000000000e+00 0.000000000000000e+00 4.641179486069359e-01 0.000000000000000e+00 0.000000000000000e+00 0.000000000000000e+00 0.000000000000000e+00 0.000000000000000e+00 0.000000000000000e+00 0.000000000000000e+00 0.000000000000000e+00 0.000000000000000e+00 0.000000000000000e+00 0.000000000000000e+00 0.000000000000000e+00 0.000000000000000e+00 0.000000000000000e+00 0.000000000000000e+00 0.000000000000000e+00 0.000000000000000e+00 0.000000000000000e+00 0.000000000000000e+00 
8.675699267549751e-01 0.000000000000000e+00 0.000000000000000e+00 4.831417921477660e-01 0.000000000000000e+00 0.000000000000000e+00 0.000000000000000e+00 0.000000000000000e+00 0.000000000000000e+00 0.000000000000000e+00 0.000000000000000e+00 0.000000000000000e+00 0.000000000000000e+00 5.547832011718696e-01 0.000000000000000e+00 0.000000000000000e+00 0.000000000000000e+00 0.000000000000000e+00 0.000000000000000e+00 0.000000000000000e+00 0.000000000000000e+00 0.000000000000000e+00 0.000000000000000e+00 0.000000000000000e+00 0.000000000000000e+00 
0.000000000000000e+00 0.000000000000000e+00 0.000000000000000e+00 0.000000000000000e+00 0.000000000000000e+00 4.046647189384783e-01 0.000000000000000e+00 0.000000000000000e+00 4.950601572708284e-01 0.000000000000000e+00 0.000000000000000e+00 0.000000000000000e+00 0.000000000000000e+00 0.000000000000000e+00 0.000000000000000e+00 4.804785071357743e-01 0.000000000000000e+00 0.000000000000000e+00 0.000000000000000e+00 0.000000000000000e+00 0.000000000000000e+00 0.000000000000000e+00 0.000000000000000e+00 5.292211346457207e-01 4.504726682967348e-01 
6.894176475824345e-01 0.000000000000000e+00 0.000000000000000e+00 0.000000000000000e+00 4.321348088582216e-01 3.458049153845376e-01 0.000000000000000e+00 0.000000000000000e+00 0.000000000000000e+00 0.000000000000000e+00 0.000000000000000e+00 4.014049746316420e-01 0.000000000000000e+00 0.000000000000000e+00 0.000000000000000e+00 0.000000000000000e+00 0.000000000000000e+00 0.000000000000000e+00 0.000000000000000e+00 0.000000000000000e+00 0.000000000000000e+00 0.000000000000000e+00 0.000000000000000e+00 0.000000000000000e+00 0.000000000000000e+00 
0.000000000000000e+00 4.222767083569338e-01 2.933285518355721e-01 0.000000000000000e+00 5.427780266980790e-01 0.000000000000000e+00 0.000000000000000e+00 0.000000000000000e+00 0.000000000000000e+00 0.000000000000000e+00 0.000000000000000e+00 0.000000000000000e+00 1.645248915783831e-01 0.000000000000000e+00 0.000000000000000e+00 0.000000000000000e+00 0.000000000000000e+00 0.000000000000000e+00 0.000000000000000e+00 0.000000000000000e+00 0.000000000000000e+00 0.000000000000000e+00 0.000000000000000e+00 0.000000000000000e+00 0.000000000000000e+00 
0.000000000000000e+00 0.000000000000000e+00 0.000000000000000e+00 0.000000000000000e+00 0.000000000000000e+00 0.000000000000000e+00 0.000000000000000e+00 2.464738793666261e-01 0.000000000000000e+00 0.000000000000000e+00 0.000000000000000e+00 0.000000000000000e+00 0.000000000000000e+00 0.000000000000000e+00 0.000000000000000e+00 0.000000000000000e+00 0.000000000000000e+00 0.000000000000000e+00 0.000000000000000e+00 0.000000000000000e+00 0.000000000000000e+00 0.000000000000000e+00 4.066741932006582e-02 0.000000000000000e+00 0.000000000000000e+00 
0.000000000000000e+00 0.000000000000000e+00 0.000000000000000e+00 0.000000000000000e+00 5.710732508165051e-01 0.000000000000000e+00 0.000000000000000e+00 0.000000000000000e+00 0.000000000000000e+00 0.000000000000000e+00 2.880897407725219e-01 0.000000000000000e+00 0.000000000000000e+00 0.000000000000000e+00 0.000000000000000e+00 0.000000000000000e+00 0.000000000000000e+00 0.000000000000000e+00 0.000000000000000e+00 0.000000000000000e+00 0.000000000000000e+00 0.000000000000000e+00 0.000000000000000e+00 7.779612967895705e-01 4.629811309657185e-02 
0.000000000000000e+00 0.000000000000000e+00 0.000000000000000e+00 0.000000000000000e+00 0.000000000000000e+00 0.000000000000000e+00 0.000000000000000e+00 0.000000000000000e+00 0.000000000000000e+00 0.000000000000000e+00 4.395969009858278e-01 0.000000000000000e+00 0.000000000000000e+00 0.000000000000000e+00 0.000000000000000e+00 0.000000000000000e+00 0.000000000000000e+00 4.483252842623052e-03 0.000000000000000e+00 0.000000000000000e+00 0.000000000000000e+00 0.000000000000000e+00 0.000000000000000e+00 0.000000000000000e+00 0.000000000000000e+00 
0.000000000000000e+00 0.000000000000000e+00 0.000000000000000e+00 0.000000000000000e+00 0.000000000000000e+00 0.000000000000000e+00 0.000000000000000e+00 0.000000000000000e+00 0.000000000000000e+00 0.000000000000000e+00 0.000000000000000e+00 0.000000000000000e+00 0.000000000000000e+00 0.000000000000000e+00 0.000000000000000e+00 0.000000000000000e+00 0.000000000000000e+00 0.000000000000000e+00 0.000000000000000e+00 0.000000000000000e+00 4.425462570133047e-01 0.000000000000000e+00 0.000000000000000e+00 0.000000000000000e+00 0.000000000000000e+00 