# # File created on Fri May 17 15:41:47 2024
#  # The following metaparameters were used for this matrix optimization : gamma0 = 0.5; alpha0 = 0; sigma0 = 0.25; l0 = 1;p = 1; R0 = 1; S0 = 0.05; NR = 25; NS = 25; matrix path = matrices/Nr25_Nc25/consumption/RandTrix_Nr25_Nc25_Nest0.25_Conn0.0832.txt; convergence threshold = 1e-08
# 
0.000000000000000000e+00 3.820388602272213087e-03 1.775211956427027050e-03 8.194768371158220538e-04 1.832782387062775091e-03 0.000000000000000000e+00 4.568192454837368723e-03 1.290829584684265044e-03 0.000000000000000000e+00 4.554481107988567722e-03 0.000000000000000000e+00 0.000000000000000000e+00 0.000000000000000000e+00 2.255503747190545829e-03 1.860738910087316074e-03 4.387890042374340341e-03 0.000000000000000000e+00 0.000000000000000000e+00 2.869703890324512823e-03 3.288047341603467840e-03 3.203463891634653841e-03 0.000000000000000000e+00 1.774543570050421100e-03 4.204387258262650383e-03 0.000000000000000000e+00
0.000000000000000000e+00 4.706747299399666358e-03 1.248417012015181097e-03 0.000000000000000000e+00 0.000000000000000000e+00 0.000000000000000000e+00 1.618405291793539045e-03 2.655642037366472922e-03 9.749655689644267341e-04 2.048051566861497797e-03 0.000000000000000000e+00 0.000000000000000000e+00 0.000000000000000000e+00 0.000000000000000000e+00 0.000000000000000000e+00 7.893151959221484737e-04 3.637947889476982077e-04 0.000000000000000000e+00 3.595361070623060828e-03 9.836601878961299950e-04 3.681480483676495118e-03 2.978433344992232213e-03 2.262086725115808068e-03 0.000000000000000000e+00 0.000000000000000000e+00
2.665060383392124817e-03 1.295435405943499898e-03 1.103903745717753002e-03 0.000000000000000000e+00 4.981617217736650574e-03 0.000000000000000000e+00 7.301906066636167222e-04 0.000000000000000000e+00 0.000000000000000000e+00 0.000000000000000000e+00 0.000000000000000000e+00 2.414235082399390948e-03 0.000000000000000000e+00 0.000000000000000000e+00 0.000000000000000000e+00 0.000000000000000000e+00 0.000000000000000000e+00 3.927440784418487121e-04 1.621295779751841899e-03 0.000000000000000000e+00 0.000000000000000000e+00 1.241350602929540067e-03 3.289309603462685881e-03 1.677061353508116099e-03 0.000000000000000000e+00
0.000000000000000000e+00 1.128888443697847977e-03 0.000000000000000000e+00 0.000000000000000000e+00 0.000000000000000000e+00 2.571755243180485952e-03 0.000000000000000000e+00 3.458043538000536102e-03 0.000000000000000000e+00 4.618994502313992882e-03 0.000000000000000000e+00 0.000000000000000000e+00 0.000000000000000000e+00 1.477133120357090011e-03 2.672199042271851052e-03 8.312863959477026672e-04 4.135327272296820782e-03 1.768125542130187912e-03 4.843910545882026096e-03 3.658465703453548084e-03 0.000000000000000000e+00 2.304403499368896935e-03 2.665188335876813100e-03 8.531219466856648434e-04 1.559579969752876915e-03
1.777621578969841966e-03 3.924860924113235221e-03 0.000000000000000000e+00 0.000000000000000000e+00 0.000000000000000000e+00 3.737659861939487179e-03 2.305995049455460914e-03 3.226406774651790002e-03 1.025508245804781105e-03 0.000000000000000000e+00 4.947780037373964747e-03 0.000000000000000000e+00 0.000000000000000000e+00 0.000000000000000000e+00 0.000000000000000000e+00 4.969725920326057041e-03 2.230335276600818920e-04 0.000000000000000000e+00 1.667315420819507927e-04 1.062491800809338942e-04 3.347907307008918948e-03 3.664215057323326821e-03 9.112276336613172332e-04 3.747760260467955951e-03 0.000000000000000000e+00
2.085469879618563052e-04 0.000000000000000000e+00 0.000000000000000000e+00 3.012774617730661943e-03 0.000000000000000000e+00 4.967534569336689784e-03 0.000000000000000000e+00 4.537838761741005869e-04 4.483426562889869797e-04 3.892319998624614846e-03 2.427042202581490993e-03 0.000000000000000000e+00 0.000000000000000000e+00 0.000000000000000000e+00 2.514594190592999053e-03 2.745162980550813064e-03 0.000000000000000000e+00 3.913088904901633122e-03 3.612848025228542013e-03 4.359355531512181144e-03 4.084165505796507061e-04 4.225004741790542272e-03 4.890419318019197797e-03 2.843360322609055860e-04 5.875668759252744566e-04
0.000000000000000000e+00 1.126448962271487048e-03 0.000000000000000000e+00 0.000000000000000000e+00 3.766882682975221993e-03 0.000000000000000000e+00 6.080912468458963193e-04 0.000000000000000000e+00 0.000000000000000000e+00 4.740006511865860195e-03 1.150824252864772902e-03 0.000000000000000000e+00 0.000000000000000000e+00 3.742049558400985937e-03 0.000000000000000000e+00 3.123440204606221186e-03 0.000000000000000000e+00 3.612582214496082821e-03 0.000000000000000000e+00 0.000000000000000000e+00 0.000000000000000000e+00 3.840006023438499814e-03 1.788950788006217008e-03 4.902225665664523141e-03 6.492047859033889300e-04
2.754424835617926091e-03 0.000000000000000000e+00 1.323231794796136907e-03 0.000000000000000000e+00 0.000000000000000000e+00 1.004695910431683929e-03 1.720060935303554910e-03 2.433944821096144153e-03 3.356697045656549788e-03 0.000000000000000000e+00 5.435477665248819980e-04 2.347722658164934882e-03 3.524961571797854791e-03 9.301161214288276424e-04 0.000000000000000000e+00 2.324326614931032133e-03 3.742910960152009015e-03 0.000000000000000000e+00 4.984644313142892573e-03 0.000000000000000000e+00 2.885696402357471911e-05 0.000000000000000000e+00 1.941952069096629938e-03 0.000000000000000000e+00 0.000000000000000000e+00
4.007133249810487796e-03 0.000000000000000000e+00 0.000000000000000000e+00 9.781063401674088519e-04 4.276996677367902143e-03 2.518168727805678020e-03 1.279636222821728961e-03 0.000000000000000000e+00 2.202794369140281816e-03 9.353523047409975991e-04 3.817914504827355209e-03 0.000000000000000000e+00 9.061917741070504720e-04 2.285569291570509805e-03 4.873673981459427859e-03 1.150076539727671937e-03 2.423476252197690178e-03 0.000000000000000000e+00 0.000000000000000000e+00 4.127778909535267764e-03 0.000000000000000000e+00 4.965941818700765793e-03 0.000000000000000000e+00 2.029081999495540006e-03 4.764757100284854746e-03
0.000000000000000000e+00 1.536033071941843992e-03 4.211037415364215185e-03 1.636373929926488997e-04 4.902607185384448042e-03 1.890505637880885055e-03 0.000000000000000000e+00 1.649131221852452069e-03 0.000000000000000000e+00 3.570275359245257164e-03 4.596616066511217090e-03 0.000000000000000000e+00 0.000000000000000000e+00 0.000000000000000000e+00 3.679832713590647144e-03 0.000000000000000000e+00 1.372162034912510938e-03 0.000000000000000000e+00 2.684959445633306949e-03 3.943838474557008131e-03 0.000000000000000000e+00 3.808740364878047176e-03 0.000000000000000000e+00 3.538773523950742867e-03 0.000000000000000000e+00
0.000000000000000000e+00 2.160025900636609875e-03 2.393704772101005063e-03 0.000000000000000000e+00 0.000000000000000000e+00 0.000000000000000000e+00 0.000000000000000000e+00 0.000000000000000000e+00 0.000000000000000000e+00 0.000000000000000000e+00 0.000000000000000000e+00 0.000000000000000000e+00 0.000000000000000000e+00 0.000000000000000000e+00 0.000000000000000000e+00 0.000000000000000000e+00 0.000000000000000000e+00 0.000000000000000000e+00 0.000000000000000000e+00 2.259164226237819848e-03 2.291836415674181927e-03 0.000000000000000000e+00 0.000000000000000000e+00 0.000000000000000000e+00 2.647263033294253165e-03
4.130393377507931597e-03 0.000000000000000000e+00 0.000000000000000000e+00 0.000000000000000000e+00 3.330757769851758025e-03 4.761432206369199845e-03 2.346678447342104052e-04 0.000000000000000000e+00 3.575399883167934990e-03 0.000000000000000000e+00 3.173198771667446860e-03 7.945460727569103382e-04 1.115865942834724962e-03 0.000000000000000000e+00 0.000000000000000000e+00 4.588549290941270134e-03 0.000000000000000000e+00 0.000000000000000000e+00 0.000000000000000000e+00 0.000000000000000000e+00 1.652754570669017885e-04 0.000000000000000000e+00 2.236612954154258009e-03 3.977710606143622135e-04 4.509353466558846044e-03
0.000000000000000000e+00 4.472314606001156177e-03 0.000000000000000000e+00 2.949892940196771965e-03 5.516053620513639748e-05 1.684785482267307961e-03 1.679022926937265943e-03 3.752087324302393837e-03 3.488824403164200120e-03 0.000000000000000000e+00 6.793288957861752563e-04 4.805451093431752432e-03 0.000000000000000000e+00 2.868863694207504124e-03 2.704844972436689851e-03 0.000000000000000000e+00 1.912797250230530892e-03 0.000000000000000000e+00 0.000000000000000000e+00 1.770926708766369954e-03 2.472482721336151205e-03 0.000000000000000000e+00 0.000000000000000000e+00 2.349129667521549034e-03 3.419669471426803158e-03
1.181717496200992068e-03 0.000000000000000000e+00 0.000000000000000000e+00 0.000000000000000000e+00 0.000000000000000000e+00 3.827645517153309071e-03 2.540606682681896197e-03 4.619972509539303947e-03 2.009632104505851800e-03 4.281405401600235985e-03 0.000000000000000000e+00 2.510892232528082104e-03 1.738618626210729039e-03 3.062828739481739809e-03 4.629548224692334873e-03 8.594315936954769137e-04 0.000000000000000000e+00 0.000000000000000000e+00 1.921719013780799103e-03 0.000000000000000000e+00 2.236443748074636809e-03 0.000000000000000000e+00 0.000000000000000000e+00 2.315286105681504079e-03 0.000000000000000000e+00
2.236844480471057023e-03 5.847635248792553732e-04 0.000000000000000000e+00 0.000000000000000000e+00 0.000000000000000000e+00 4.825703122572255060e-03 0.000000000000000000e+00 2.584782411717426957e-03 1.230281400425395919e-03 0.000000000000000000e+00 4.047144701395681034e-03 0.000000000000000000e+00 4.631420915312590286e-03 3.378417253061565938e-03 2.835582036625251996e-03 4.185047728853741149e-03 8.999713999817898291e-04 1.566434594020368063e-03 4.972021804709897755e-03 0.000000000000000000e+00 4.821757448828843315e-03 0.000000000000000000e+00 0.000000000000000000e+00 4.246355638657038113e-03 6.631948434700249244e-04
2.735222143729269199e-03 4.363354521132610866e-03 0.000000000000000000e+00 0.000000000000000000e+00 0.000000000000000000e+00 0.000000000000000000e+00 2.893577734068800145e-03 1.609843113398412096e-03 1.079657109286206096e-03 0.000000000000000000e+00 1.599092120481379956e-03 2.223841942215832972e-03 4.478848662653768780e-04 0.000000000000000000e+00 0.000000000000000000e+00 4.897270183159717870e-03 1.904632954440568099e-03 0.000000000000000000e+00 9.025143085785025795e-04 2.562431360805337861e-03 1.803485078962788961e-04 1.504483745698597958e-03 1.891262322593233050e-03 4.471589755965806978e-04 0.000000000000000000e+00
2.187256769083780004e-03 0.000000000000000000e+00 1.955406464331637187e-03 0.000000000000000000e+00 0.000000000000000000e+00 4.894084355238638787e-03 1.169301704149908064e-03 0.000000000000000000e+00 0.000000000000000000e+00 0.000000000000000000e+00 4.879736875111936878e-03 2.784320278076960180e-03 0.000000000000000000e+00 0.000000000000000000e+00 7.190526542969055820e-04 0.000000000000000000e+00 0.000000000000000000e+00 0.000000000000000000e+00 0.000000000000000000e+00 0.000000000000000000e+00 0.000000000000000000e+00 1.119386619279286914e-03 0.000000000000000000e+00 4.619470130551104302e-03 0.000000000000000000e+00
0.000000000000000000e+00 0.000000000000000000e+00 3.155455245770120119e-03 0.000000000000000000e+00 0.000000000000000000e+00 0.000000000000000000e+00 2.163483688563208954e-03 0.000000000000000000e+00 0.000000000000000000e+00 0.000000000000000000e+00 2.867883880713154206e-03 0.000000000000000000e+00 3.121926640089350033e-04 2.920526964776592061e-03 2.216939411680858042e-03 0.000000000000000000e+00 0.000000000000000000e+00 1.315462691673740083e-04 0.000000000000000000e+00 0.000000000000000000e+00 0.000000000000000000e+00 4.151530673105980306e-03 1.102743471776382062e-03 0.000000000000000000e+00 3.998851635319411110e-03
0.000000000000000000e+00 3.928178775256502275e-03 0.000000000000000000e+00 0.000000000000000000e+00 0.000000000000000000e+00 3.338402826771892998e-03 3.272298292251292050e-03 0.000000000000000000e+00 4.082720846144996703e-03 3.796966380264108105e-03 0.000000000000000000e+00 0.000000000000000000e+00 3.968657989093864972e-04 0.000000000000000000e+00 1.014296060612562096e-03 0.000000000000000000e+00 2.400556662120040957e-03 0.000000000000000000e+00 4.807002780294384985e-03 3.032947387009491107e-03 2.716050218567773924e-03 4.149805280352981615e-03 0.000000000000000000e+00 2.375354353015122003e-03 4.170145729172861082e-03
0.000000000000000000e+00 9.796665911824097971e-04 9.680595804105396806e-04 9.584752937164019767e-04 0.000000000000000000e+00 2.583108452392701183e-03 0.000000000000000000e+00 0.000000000000000000e+00 2.368375718287741172e-03 1.031267717098054973e-03 0.000000000000000000e+00 0.000000000000000000e+00 0.000000000000000000e+00 0.000000000000000000e+00 0.000000000000000000e+00 0.000000000000000000e+00 0.000000000000000000e+00 9.847017411131865974e-04 0.000000000000000000e+00 0.000000000000000000e+00 0.000000000000000000e+00 4.973897050921424322e-04 0.000000000000000000e+00 0.000000000000000000e+00 3.634418832814121855e-03
0.000000000000000000e+00 2.417697911171220841e-03 0.000000000000000000e+00 1.916201824636422921e-03 4.307247503680389222e-03 3.491533933837361828e-03 4.808152154612254855e-03 6.622144306592418284e-04 0.000000000000000000e+00 0.000000000000000000e+00 0.000000000000000000e+00 3.286080604987313969e-03 0.000000000000000000e+00 9.045438008775480660e-05 1.857450353885797042e-03 0.000000000000000000e+00 1.695372743354863019e-03 0.000000000000000000e+00 3.084047082448680178e-03 0.000000000000000000e+00 0.000000000000000000e+00 2.830999460002694198e-03 0.000000000000000000e+00 3.130977006419072804e-03 3.657253555192123217e-05
4.536951515638074778e-03 2.702921456470184190e-03 2.679528887996458081e-03 4.725986058577547164e-04 2.421398910148800897e-04 2.118984177031521792e-03 2.614359511547429109e-03 0.000000000000000000e+00 4.595382932062053692e-03 2.388518984200037071e-03 2.232227862442195173e-03 4.983421470018601328e-03 0.000000000000000000e+00 4.606489394452829844e-03 1.841109527485892050e-03 1.528536312250018962e-04 0.000000000000000000e+00 0.000000000000000000e+00 0.000000000000000000e+00 0.000000000000000000e+00 3.882527942843801930e-04 9.174878105096507478e-04 0.000000000000000000e+00 4.942529145041197995e-03 0.000000000000000000e+00
2.888523193944416995e-03 4.255659794654980017e-03 1.155454712870652035e-03 3.454313486517565906e-03 0.000000000000000000e+00 0.000000000000000000e+00 0.000000000000000000e+00 4.846949510689251873e-03 1.970749932070756019e-03 0.000000000000000000e+00 0.000000000000000000e+00 0.000000000000000000e+00 2.822303217488178907e-03 0.000000000000000000e+00 0.000000000000000000e+00 0.000000000000000000e+00 0.000000000000000000e+00 0.000000000000000000e+00 0.000000000000000000e+00 6.801761225923515274e-04 4.174252554338281698e-03 0.000000000000000000e+00 2.148451597370145110e-03 4.651248195547174995e-03 4.025818784299189739e-04
3.357464367440539041e-03 0.000000000000000000e+00 0.000000000000000000e+00 0.000000000000000000e+00 1.156308058187712016e-03 1.087431469247570085e-03 4.118084777841427707e-03 1.298476835457668989e-03 1.234169153544524989e-04 0.000000000000000000e+00 0.000000000000000000e+00 0.000000000000000000e+00 3.016980541550574185e-03 0.000000000000000000e+00 0.000000000000000000e+00 4.463402920707601300e-03 3.964377112802372309e-03 0.000000000000000000e+00 2.725495404564928954e-04 0.000000000000000000e+00 0.000000000000000000e+00 0.000000000000000000e+00 0.000000000000000000e+00 2.583677810633597943e-03 2.895524271655661955e-03
1.308908942151736955e-03 2.367680529918632891e-03 0.000000000000000000e+00 0.000000000000000000e+00 0.000000000000000000e+00 2.594353417894356903e-03 0.000000000000000000e+00 3.890543011447785207e-03 4.310708792138276749e-03 1.131629350862676034e-03 0.000000000000000000e+00 0.000000000000000000e+00 3.227290143821388239e-04 0.000000000000000000e+00 0.000000000000000000e+00 0.000000000000000000e+00 0.000000000000000000e+00 0.000000000000000000e+00 0.000000000000000000e+00 0.000000000000000000e+00 3.800244579050369217e-03 0.000000000000000000e+00 0.000000000000000000e+00 4.764885231630581856e-03 0.000000000000000000e+00
