# File created on Fri May 17 15:41:52 2024
# The following metaparameters were used for this matrix optimization : gamma0 = 0.5; alpha0 = 0; sigma0 = 0.25; l0 = 1;p = 1; R0 = 1; S0 = 0.05; NR = 25; NS = 25; matrix path = matrices/Nr25_Nc25/consumption/RandTrix_Nr25_Nc25_Nest0.55_Conn0.184.txt; convergence threshold = 1e-08
3.357376660546924e-03 3.870805341718606e-03 0.000000000000000e+00 4.812922972806222e-03 0.000000000000000e+00 0.000000000000000e+00 0.000000000000000e+00 4.983806520756343e-03 4.803939952670448e-03 2.514318231085381e-03 3.298895508581544e-03 0.000000000000000e+00 1.582098655503316e-04 0.000000000000000e+00 8.708436285902250e-04 3.139467384765818e-03 4.712781552269541e-03 1.841794393901567e-03 0.000000000000000e+00 3.055446122199192e-03 0.000000000000000e+00 0.000000000000000e+00 0.000000000000000e+00 4.732436527662089e-03 0.000000000000000e+00 
7.570073012674175e-04 0.000000000000000e+00 0.000000000000000e+00 3.810984078673263e-03 0.000000000000000e+00 0.000000000000000e+00 0.000000000000000e+00 1.276178231079230e-03 0.000000000000000e+00 3.815648942157295e-03 1.244237888184111e-03 7.425265675986898e-04 0.000000000000000e+00 0.000000000000000e+00 1.373522131613127e-04 0.000000000000000e+00 0.000000000000000e+00 0.000000000000000e+00 0.000000000000000e+00 3.398392802409646e-03 8.937187255042939e-04 0.000000000000000e+00 0.000000000000000e+00 2.471434302853508e-04 4.884216518688872e-03 
1.499341572257927e-03 0.000000000000000e+00 0.000000000000000e+00 1.977486106957574e-03 0.000000000000000e+00 4.180507778808816e-03 2.222904507330107e-03 0.000000000000000e+00 8.599282365167622e-04 0.000000000000000e+00 2.137506539673753e-03 3.281005918413710e-03 0.000000000000000e+00 0.000000000000000e+00 2.418891630620133e-04 3.563942976121342e-03 0.000000000000000e+00 0.000000000000000e+00 0.000000000000000e+00 0.000000000000000e+00 0.000000000000000e+00 0.000000000000000e+00 0.000000000000000e+00 0.000000000000000e+00 4.974953887833523e-03 
0.000000000000000e+00 0.000000000000000e+00 0.000000000000000e+00 4.857173518705816e-03 4.538261928178297e-03 0.000000000000000e+00 0.000000000000000e+00 2.832920292492824e-03 0.000000000000000e+00 1.811255295081405e-03 2.614004620684082e-03 1.335441974912747e-03 0.000000000000000e+00 2.772350871254751e-03 4.416287868056978e-03 0.000000000000000e+00 0.000000000000000e+00 9.594344362910521e-04 0.000000000000000e+00 3.445134449987125e-03 3.736484729159041e-03 0.000000000000000e+00 0.000000000000000e+00 2.622701808427468e-03 0.000000000000000e+00 
2.316206086132373e-03 1.196001574621620e-03 0.000000000000000e+00 0.000000000000000e+00 3.768374254072469e-03 3.801871960989785e-03 1.526416729337354e-03 3.404573282644282e-03 2.122156768885259e-03 3.005194306729125e-03 0.000000000000000e+00 3.707701531777855e-03 4.878433754436208e-05 0.000000000000000e+00 0.000000000000000e+00 3.065921444712905e-03 4.888124357307799e-03 7.639813463394936e-04 0.000000000000000e+00 4.853819980565328e-04 0.000000000000000e+00 0.000000000000000e+00 3.394295617849032e-03 4.642249971670750e-03 3.049021182589071e-03 
4.685367915953253e-03 0.000000000000000e+00 0.000000000000000e+00 2.470827334029111e-03 0.000000000000000e+00 2.337105820377266e-03 0.000000000000000e+00 0.000000000000000e+00 2.782160515697449e-04 0.000000000000000e+00 3.188750330800403e-03 0.000000000000000e+00 0.000000000000000e+00 0.000000000000000e+00 0.000000000000000e+00 0.000000000000000e+00 2.083214688239622e-03 4.037362385828232e-03 0.000000000000000e+00 0.000000000000000e+00 0.000000000000000e+00 0.000000000000000e+00 4.254137675493468e-03 0.000000000000000e+00 2.923074718715106e-03 
0.000000000000000e+00 0.000000000000000e+00 0.000000000000000e+00 1.390019047534904e-04 0.000000000000000e+00 1.520730241960111e-03 0.000000000000000e+00 0.000000000000000e+00 0.000000000000000e+00 0.000000000000000e+00 0.000000000000000e+00 2.515985027993213e-04 0.000000000000000e+00 0.000000000000000e+00 0.000000000000000e+00 2.424072419624891e-03 0.000000000000000e+00 0.000000000000000e+00 4.891431936727859e-03 3.494625270424571e-03 8.033550700562606e-04 0.000000000000000e+00 3.153734772672153e-03 0.000000000000000e+00 2.173969108680088e-03 
2.448724564904617e-03 0.000000000000000e+00 2.142179655285901e-03 0.000000000000000e+00 2.384596206670891e-03 0.000000000000000e+00 0.000000000000000e+00 4.732755878400764e-03 0.000000000000000e+00 0.000000000000000e+00 0.000000000000000e+00 4.011654311163055e-03 1.662196110352539e-03 0.000000000000000e+00 0.000000000000000e+00 4.752157071695688e-03 0.000000000000000e+00 1.994065233516275e-03 0.000000000000000e+00 4.458906120957858e-03 0.000000000000000e+00 0.000000000000000e+00 0.000000000000000e+00 0.000000000000000e+00 9.191278417020955e-04 
0.000000000000000e+00 2.339474924007931e-03 9.880570658333770e-04 3.011466754347411e-03 4.879946382149574e-03 0.000000000000000e+00 1.224025191018207e-03 1.253349248383449e-03 0.000000000000000e+00 2.522306053953482e-03 0.000000000000000e+00 4.438302484423631e-03 0.000000000000000e+00 0.000000000000000e+00 8.704983814002564e-04 0.000000000000000e+00 2.344051982255521e-03 2.999355921145894e-03 2.662748633330414e-03 1.561914425269113e-03 0.000000000000000e+00 2.982667168986501e-03 0.000000000000000e+00 0.000000000000000e+00 0.000000000000000e+00 
5.441049732459046e-04 9.539803432000903e-04 2.056035979610664e-03 0.000000000000000e+00 0.000000000000000e+00 1.887753802600843e-03 1.905912671389574e-04 8.822381063358577e-04 1.956614855272445e-03 0.000000000000000e+00 4.052210192688670e-03 2.758409240353914e-03 0.000000000000000e+00 0.000000000000000e+00 3.022427092299958e-03 3.554176695867210e-03 4.135701087476111e-03 4.065607125952651e-03 4.619552174769043e-03 0.000000000000000e+00 2.566727554836147e-03 7.028000088264506e-04 4.752762332615269e-03 0.000000000000000e+00 4.872285826830079e-04 
1.044563249180658e-03 0.000000000000000e+00 0.000000000000000e+00 4.637209600126108e-03 0.000000000000000e+00 0.000000000000000e+00 2.736907997279963e-03 2.750439731252320e-03 4.231364201620844e-03 0.000000000000000e+00 2.039780908963798e-03 0.000000000000000e+00 1.849774155725038e-03 0.000000000000000e+00 0.000000000000000e+00 0.000000000000000e+00 1.589775174713829e-03 0.000000000000000e+00 0.000000000000000e+00 0.000000000000000e+00 0.000000000000000e+00 2.498785781417425e-03 4.760030282530786e-03 3.534032023434283e-03 0.000000000000000e+00 
0.000000000000000e+00 6.753259078142618e-04 1.166509025809645e-04 0.000000000000000e+00 1.215109488442704e-03 0.000000000000000e+00 0.000000000000000e+00 1.339522847223761e-04 0.000000000000000e+00 0.000000000000000e+00 0.000000000000000e+00 0.000000000000000e+00 3.971172039989697e-03 0.000000000000000e+00 2.191772847160598e-03 2.484735707219459e-04 1.040861032847062e-03 0.000000000000000e+00 0.000000000000000e+00 0.000000000000000e+00 0.000000000000000e+00 0.000000000000000e+00 0.000000000000000e+00 4.529158991667427e-03 3.610147337132097e-04 
4.414381059517358e-03 2.411339399856996e-04 0.000000000000000e+00 0.000000000000000e+00 6.145458262049992e-04 0.000000000000000e+00 0.000000000000000e+00 0.000000000000000e+00 1.455684431714992e-03 0.000000000000000e+00 2.547737441408770e-03 0.000000000000000e+00 9.659567227562080e-04 2.914543471687839e-03 0.000000000000000e+00 0.000000000000000e+00 2.702522727565194e-03 2.844412860108911e-03 0.000000000000000e+00 2.048143136703134e-03 2.847662878582350e-03 0.000000000000000e+00 0.000000000000000e+00 0.000000000000000e+00 4.501595166649042e-03 
0.000000000000000e+00 4.787171234825515e-03 3.809231560309484e-03 0.000000000000000e+00 0.000000000000000e+00 2.157766579804585e-03 0.000000000000000e+00 2.560543461649702e-03 0.000000000000000e+00 0.000000000000000e+00 0.000000000000000e+00 0.000000000000000e+00 0.000000000000000e+00 8.283335123475005e-04 0.000000000000000e+00 0.000000000000000e+00 2.873622759329313e-03 3.466380294251306e-03 0.000000000000000e+00 4.767431118466281e-03 1.546037186928589e-03 0.000000000000000e+00 9.917972335037394e-04 3.833501383412433e-03 0.000000000000000e+00 
1.978699026940997e-03 3.688307702685525e-03 0.000000000000000e+00 4.100190500231207e-03 1.318583374238635e-04 2.578009181350065e-03 0.000000000000000e+00 0.000000000000000e+00 3.665825555834528e-03 0.000000000000000e+00 0.000000000000000e+00 4.209841222526185e-03 0.000000000000000e+00 0.000000000000000e+00 0.000000000000000e+00 0.000000000000000e+00 0.000000000000000e+00 0.000000000000000e+00 2.102434096606842e-03 1.638871454977447e-03 3.357877292900981e-03 0.000000000000000e+00 1.972124329931832e-03 0.000000000000000e+00 0.000000000000000e+00 
0.000000000000000e+00 0.000000000000000e+00 0.000000000000000e+00 7.787744327173754e-04 2.899896727646322e-03 0.000000000000000e+00 3.928346549012149e-03 0.000000000000000e+00 0.000000000000000e+00 4.064437724504524e-03 4.353544046878348e-03 0.000000000000000e+00 0.000000000000000e+00 0.000000000000000e+00 3.879172654668034e-03 0.000000000000000e+00 1.585819863763911e-03 2.170235803711244e-03 0.000000000000000e+00 0.000000000000000e+00 4.288965491145792e-03 4.708365616838981e-03 0.000000000000000e+00 2.586643166336568e-03 1.365962904147514e-04 
2.247811588034735e-03 0.000000000000000e+00 0.000000000000000e+00 1.474786345561818e-03 3.181838036431406e-03 0.000000000000000e+00 1.632158447472238e-03 0.000000000000000e+00 0.000000000000000e+00 0.000000000000000e+00 0.000000000000000e+00 3.479992516184792e-03 0.000000000000000e+00 0.000000000000000e+00 0.000000000000000e+00 1.652096038128136e-03 0.000000000000000e+00 4.489351402339872e-03 0.000000000000000e+00 0.000000000000000e+00 3.033096769319712e-04 3.489888145157913e-03 0.000000000000000e+00 2.956164031522486e-03 1.370342808995632e-03 
1.240562774524880e-04 4.357404066408042e-03 0.000000000000000e+00 0.000000000000000e+00 2.907038015999566e-03 2.591460323076426e-03 0.000000000000000e+00 0.000000000000000e+00 7.561470733608713e-04 0.000000000000000e+00 0.000000000000000e+00 0.000000000000000e+00 0.000000000000000e+00 0.000000000000000e+00 0.000000000000000e+00 0.000000000000000e+00 3.521444531307048e-04 0.000000000000000e+00 0.000000000000000e+00 0.000000000000000e+00 4.843047661696685e-03 3.550778739260208e-03 4.601059562027727e-03 4.581419087938930e-03 1.650610964006241e-03 
3.796769547403863e-03 3.830630625318774e-03 0.000000000000000e+00 0.000000000000000e+00 0.000000000000000e+00 2.330926700323409e-03 0.000000000000000e+00 4.335529684859993e-03 0.000000000000000e+00 0.000000000000000e+00 0.000000000000000e+00 7.455464532212294e-05 0.000000000000000e+00 2.804913863751370e-03 4.187858155750168e-03 1.328284132107094e-03 0.000000000000000e+00 3.337093066717874e-03 0.000000000000000e+00 0.000000000000000e+00 0.000000000000000e+00 0.000000000000000e+00 3.303546480832013e-03 0.000000000000000e+00 0.000000000000000e+00 
0.000000000000000e+00 3.597220414094060e-03 2.240684749953687e-03 0.000000000000000e+00 4.563517696910854e-03 1.407368274593602e-04 3.992468099114336e-04 0.000000000000000e+00 0.000000000000000e+00 4.010705683378660e-04 4.877664917815218e-03 0.000000000000000e+00 0.000000000000000e+00 0.000000000000000e+00 0.000000000000000e+00 0.000000000000000e+00 0.000000000000000e+00 2.416684337786197e-03 4.159968947959972e-03 1.603053920701777e-03 0.000000000000000e+00 0.000000000000000e+00 0.000000000000000e+00 2.977593160196877e-03 3.509696834527885e-03 
4.481488040849805e-03 0.000000000000000e+00 1.928067137222234e-03 0.000000000000000e+00 0.000000000000000e+00 0.000000000000000e+00 1.170648187831620e-03 1.533203987038697e-03 1.576227160034568e-03 2.548752153749411e-03 5.360596136974964e-04 0.000000000000000e+00 0.000000000000000e+00 0.000000000000000e+00 0.000000000000000e+00 0.000000000000000e+00 6.545774407187172e-04 0.000000000000000e+00 3.831742979614086e-03 1.431510476371329e-03 4.867677277626009e-03 1.584373559395302e-03 2.729227157446143e-03 0.000000000000000e+00 4.081394505945267e-03 
0.000000000000000e+00 4.941877692160473e-03 7.828155326131633e-04 3.266946995732290e-03 0.000000000000000e+00 0.000000000000000e+00 3.739523467087700e-03 4.001178054880419e-03 1.082690693908863e-03 4.641049414164343e-03 0.000000000000000e+00 0.000000000000000e+00 4.406145699953919e-03 0.000000000000000e+00 0.000000000000000e+00 2.089594077208124e-03 2.137238002455492e-03 0.000000000000000e+00 1.356842997713555e-03 0.000000000000000e+00 2.991004463504236e-03 0.000000000000000e+00 0.000000000000000e+00 2.990770281985030e-03 3.087048476732872e-03 
2.336422514462935e-03 0.000000000000000e+00 0.000000000000000e+00 0.000000000000000e+00 0.000000000000000e+00 0.000000000000000e+00 5.401553533501150e-04 0.000000000000000e+00 0.000000000000000e+00 0.000000000000000e+00 0.000000000000000e+00 0.000000000000000e+00 3.205049539443323e-04 0.000000000000000e+00 2.405721573015514e-03 5.845043790617204e-05 0.000000000000000e+00 1.115886828162021e-03 1.622523768362286e-03 3.954925914307733e-03 0.000000000000000e+00 1.947081761152955e-03 3.026732828404964e-03 4.600877872923889e-03 0.000000000000000e+00 
9.602999945631181e-04 0.000000000000000e+00 4.654849714616915e-03 2.648690385903709e-03 0.000000000000000e+00 0.000000000000000e+00 0.000000000000000e+00 0.000000000000000e+00 3.047393242646711e-03 3.006835269596712e-03 5.502647587949207e-04 9.942280870704327e-04 2.680054877227040e-04 0.000000000000000e+00 1.191867164672023e-03 3.860624631461912e-03 4.191895116749894e-03 0.000000000000000e+00 3.838810462176041e-03 2.955691431193737e-03 3.652932534020476e-03 0.000000000000000e+00 5.027642803676243e-04 0.000000000000000e+00 3.641942062514865e-03 
0.000000000000000e+00 2.920262564905412e-03 2.829689479632446e-03 4.357196521591167e-03 1.850579876998598e-03 3.333533992619702e-03 0.000000000000000e+00 4.365018027053538e-03 0.000000000000000e+00 0.000000000000000e+00 1.187659499551650e-03 1.981954653186338e-03 4.185914189292785e-03 0.000000000000000e+00 0.000000000000000e+00 1.981836411685211e-03 0.000000000000000e+00 0.000000000000000e+00 3.236781331273689e-03 2.512580973899127e-04 0.000000000000000e+00 0.000000000000000e+00 0.000000000000000e+00 8.202171037363980e-04 2.300981490580131e-03 