# # File created on Fri May 17 15:41:59 2024
#  # The following metaparameters were used for this matrix optimization : gamma0 = 0.5; alpha0 = 0; sigma0 = 0.25; l0 = 1;p = 1; R0 = 1; S0 = 0.05; NR = 25; NS = 25; matrix path = matrices/Nr25_Nc25/consumption/RandTrix_Nr25_Nc25_Nest0.55_Conn0.0992.txt; convergence threshold = 1e-08
# 
1.379845176197159930e-03 0.000000000000000000e+00 3.826541947517149954e-03 3.132616650164992116e-03 3.648988658971948225e-04 0.000000000000000000e+00 3.197745464189287803e-03 3.531375622259582195e-03 0.000000000000000000e+00 0.000000000000000000e+00 3.085681564258653965e-03 3.227984777022450003e-03 2.977522399065552113e-04 4.997252025595601797e-03 0.000000000000000000e+00 1.266998303109823998e-03 0.000000000000000000e+00 2.229907950798581950e-03 4.174116768545395035e-04 2.810024188296103911e-03 8.188317549012335455e-04 3.579237012624577902e-03 3.397525184044970000e-03 0.000000000000000000e+00 2.811441697724825859e-03
0.000000000000000000e+00 0.000000000000000000e+00 0.000000000000000000e+00 2.955229423215520001e-04 0.000000000000000000e+00 0.000000000000000000e+00 0.000000000000000000e+00 4.067399702396658386e-03 2.076390722392764971e-03 6.171068902041513572e-04 3.893726676054211117e-04 0.000000000000000000e+00 3.530702463806103045e-03 1.597677144506832103e-03 4.696762514313535685e-05 2.928171052839400202e-03 0.000000000000000000e+00 2.629437409833245125e-03 0.000000000000000000e+00 1.799593163222805003e-03 2.952058148336302035e-03 0.000000000000000000e+00 4.299821321787501704e-03 2.570871745440615232e-04 0.000000000000000000e+00
0.000000000000000000e+00 0.000000000000000000e+00 0.000000000000000000e+00 8.740117109319904196e-04 3.661804971411405148e-03 3.830020695711327909e-03 2.728665821970511097e-03 0.000000000000000000e+00 2.981045833320432933e-03 0.000000000000000000e+00 4.739034386029543876e-03 2.620864819107750904e-03 0.000000000000000000e+00 3.985691471398726017e-03 1.262778476622818027e-03 0.000000000000000000e+00 1.804741033097213019e-03 2.236812726971345016e-03 2.448022026343226864e-03 0.000000000000000000e+00 0.000000000000000000e+00 0.000000000000000000e+00 0.000000000000000000e+00 0.000000000000000000e+00 0.000000000000000000e+00
0.000000000000000000e+00 0.000000000000000000e+00 0.000000000000000000e+00 0.000000000000000000e+00 2.935331132551789214e-03 7.390296276300296419e-04 0.000000000000000000e+00 1.503557108506735048e-03 2.739730456840161954e-04 0.000000000000000000e+00 1.330943199446345086e-03 0.000000000000000000e+00 4.755977104014441799e-03 0.000000000000000000e+00 3.115948372904531801e-03 0.000000000000000000e+00 7.175005105842766388e-05 0.000000000000000000e+00 0.000000000000000000e+00 4.920474846873149066e-03 2.656081946577240876e-03 0.000000000000000000e+00 0.000000000000000000e+00 4.196303566946608769e-03 7.126274927500314983e-04
3.422080953936867953e-03 4.779219241173742784e-04 0.000000000000000000e+00 4.781086417103687022e-03 1.441868898820686945e-03 3.552364420148538052e-03 0.000000000000000000e+00 0.000000000000000000e+00 0.000000000000000000e+00 0.000000000000000000e+00 2.162949134815705856e-03 0.000000000000000000e+00 0.000000000000000000e+00 0.000000000000000000e+00 2.435984756716036152e-05 1.907819570520258908e-03 1.866761624184440013e-03 0.000000000000000000e+00 8.582944971796911942e-04 0.000000000000000000e+00 1.945253560020950923e-03 1.952052137395487042e-03 0.000000000000000000e+00 0.000000000000000000e+00 2.322171201615790079e-03
0.000000000000000000e+00 3.765697209756818827e-03 0.000000000000000000e+00 0.000000000000000000e+00 0.000000000000000000e+00 0.000000000000000000e+00 3.108816230034418954e-03 4.940608864513680240e-03 1.350770015076944086e-04 0.000000000000000000e+00 3.602859119205773213e-03 0.000000000000000000e+00 3.721464959203357216e-03 0.000000000000000000e+00 0.000000000000000000e+00 0.000000000000000000e+00 1.145813024287007005e-04 3.689644611107371040e-03 0.000000000000000000e+00 0.000000000000000000e+00 0.000000000000000000e+00 0.000000000000000000e+00 0.000000000000000000e+00 0.000000000000000000e+00 4.560209984127259900e-04
0.000000000000000000e+00 2.150730553856229979e-03 0.000000000000000000e+00 0.000000000000000000e+00 0.000000000000000000e+00 0.000000000000000000e+00 0.000000000000000000e+00 4.072680132252541781e-03 1.400341269543743921e-03 0.000000000000000000e+00 0.000000000000000000e+00 2.170750626086475135e-03 0.000000000000000000e+00 4.250057939001141135e-06 1.091069801294337047e-04 0.000000000000000000e+00 1.267993040399354896e-03 3.875831578711941912e-04 0.000000000000000000e+00 0.000000000000000000e+00 6.900699829816534002e-04 0.000000000000000000e+00 2.397963009167202938e-03 1.199941308458776915e-05 0.000000000000000000e+00
0.000000000000000000e+00 4.701855046377241033e-03 2.283670242807254135e-03 1.487409699783587063e-03 0.000000000000000000e+00 3.718246901471212919e-03 0.000000000000000000e+00 2.341016242664370874e-04 8.684961117421805454e-05 7.668778044843815736e-04 2.199454978142579946e-03 1.171555208989149893e-03 0.000000000000000000e+00 0.000000000000000000e+00 0.000000000000000000e+00 0.000000000000000000e+00 0.000000000000000000e+00 0.000000000000000000e+00 4.942270289900568304e-03 1.956219903587673957e-04 0.000000000000000000e+00 1.827863958160559025e-03 8.419417913380891540e-05 2.878580692790193209e-03 0.000000000000000000e+00
3.872357529935404902e-03 0.000000000000000000e+00 0.000000000000000000e+00 5.427104083719260777e-04 0.000000000000000000e+00 0.000000000000000000e+00 3.760677583083263994e-03 3.853261539894476100e-03 0.000000000000000000e+00 4.606782547566706625e-03 2.206508325106010943e-03 0.000000000000000000e+00 2.114065094981730855e-03 0.000000000000000000e+00 0.000000000000000000e+00 0.000000000000000000e+00 4.844746926155644833e-03 1.679625010850544983e-03 0.000000000000000000e+00 1.524620969269445923e-03 2.018730095015912936e-03 0.000000000000000000e+00 2.604792793301868945e-05 0.000000000000000000e+00 0.000000000000000000e+00
3.032221782429811788e-03 0.000000000000000000e+00 0.000000000000000000e+00 0.000000000000000000e+00 4.000563407974756791e-03 0.000000000000000000e+00 1.070221171648488932e-03 3.531700359079451967e-03 1.750504338752511017e-03 0.000000000000000000e+00 0.000000000000000000e+00 0.000000000000000000e+00 1.310851074746251055e-05 6.246133058851945519e-04 1.912513962802655978e-03 0.000000000000000000e+00 0.000000000000000000e+00 3.387246788132393122e-03 3.811020316725637069e-03 0.000000000000000000e+00 0.000000000000000000e+00 0.000000000000000000e+00 0.000000000000000000e+00 0.000000000000000000e+00 0.000000000000000000e+00
1.452569246826386062e-03 0.000000000000000000e+00 0.000000000000000000e+00 0.000000000000000000e+00 4.273308712750795851e-03 8.572061417361456119e-04 2.387783511147805978e-04 0.000000000000000000e+00 0.000000000000000000e+00 0.000000000000000000e+00 4.506761795921140380e-03 0.000000000000000000e+00 1.044094477242206009e-03 2.385421392100246785e-03 3.375646237344587068e-03 7.561583598324842772e-04 0.000000000000000000e+00 1.625405816151034898e-03 0.000000000000000000e+00 0.000000000000000000e+00 0.000000000000000000e+00 0.000000000000000000e+00 2.865496930162093978e-03 2.827300171155070190e-03 3.078263376313312028e-03
0.000000000000000000e+00 0.000000000000000000e+00 2.954048570038299900e-03 0.000000000000000000e+00 0.000000000000000000e+00 0.000000000000000000e+00 0.000000000000000000e+00 0.000000000000000000e+00 1.824416661897936996e-03 0.000000000000000000e+00 8.763010764965766084e-05 3.057613157998499091e-03 2.361769990449171137e-03 2.725296521120737156e-03 2.013615938328586121e-03 0.000000000000000000e+00 1.981194292982400851e-03 0.000000000000000000e+00 0.000000000000000000e+00 1.913807277843798107e-03 0.000000000000000000e+00 4.434244416236540406e-03 3.334355867903638932e-04 1.983359141746607150e-03 0.000000000000000000e+00
4.073555422123249087e-03 8.321711894602149169e-04 4.032961416410851818e-03 0.000000000000000000e+00 2.408358356916715133e-03 0.000000000000000000e+00 0.000000000000000000e+00 0.000000000000000000e+00 9.583107395623598982e-04 2.623679310200828854e-03 2.999822841256490763e-04 2.609322234705602032e-03 1.261728968433715916e-04 4.881726900469747672e-03 0.000000000000000000e+00 0.000000000000000000e+00 0.000000000000000000e+00 0.000000000000000000e+00 0.000000000000000000e+00 0.000000000000000000e+00 0.000000000000000000e+00 0.000000000000000000e+00 1.160937132453087901e-03 0.000000000000000000e+00 4.472394635075234784e-03
1.225038540063613964e-03 3.168998691812651130e-03 0.000000000000000000e+00 3.938538896005082737e-03 0.000000000000000000e+00 2.701513347660358839e-03 0.000000000000000000e+00 0.000000000000000000e+00 2.975024743748375870e-04 0.000000000000000000e+00 3.394313229217365939e-03 0.000000000000000000e+00 0.000000000000000000e+00 3.290579479779355207e-03 4.250099845469166270e-03 0.000000000000000000e+00 0.000000000000000000e+00 2.130380280393729796e-03 0.000000000000000000e+00 2.081654326431129146e-03 4.949923006199633858e-03 2.107354711608484029e-03 1.765890413534783017e-03 0.000000000000000000e+00 0.000000000000000000e+00
0.000000000000000000e+00 4.966141464267832817e-03 3.887538241000997215e-03 0.000000000000000000e+00 0.000000000000000000e+00 3.360391741081833819e-03 0.000000000000000000e+00 1.723267817266706898e-03 3.683583742997498310e-05 0.000000000000000000e+00 2.286715844081787900e-03 1.849508188191495948e-03 4.769285245283749752e-03 3.181344916757525808e-03 1.187977686821799087e-03 0.000000000000000000e+00 0.000000000000000000e+00 0.000000000000000000e+00 1.383475703617876966e-03 0.000000000000000000e+00 4.681606183856841692e-03 0.000000000000000000e+00 0.000000000000000000e+00 3.588164684418988087e-03 4.798123757889510323e-03
3.732878839844795075e-03 0.000000000000000000e+00 0.000000000000000000e+00 5.022109297699448504e-04 0.000000000000000000e+00 4.592940447941953712e-03 0.000000000000000000e+00 4.001470015065800197e-03 0.000000000000000000e+00 0.000000000000000000e+00 3.425316326043115114e-03 2.672958245753798839e-03 4.144651795300101881e-03 0.000000000000000000e+00 0.000000000000000000e+00 3.250070862712090220e-04 0.000000000000000000e+00 0.000000000000000000e+00 1.425855068546255005e-03 0.000000000000000000e+00 0.000000000000000000e+00 0.000000000000000000e+00 0.000000000000000000e+00 0.000000000000000000e+00 0.000000000000000000e+00
0.000000000000000000e+00 0.000000000000000000e+00 4.553713486057179021e-04 1.073578417716493935e-03 4.566746956678933989e-03 0.000000000000000000e+00 0.000000000000000000e+00 0.000000000000000000e+00 3.811650641282590159e-03 1.417931754283440924e-03 0.000000000000000000e+00 2.646597433225070066e-03 0.000000000000000000e+00 0.000000000000000000e+00 2.033536519137597127e-04 2.772435560762290946e-03 3.755232349256394913e-03 0.000000000000000000e+00 0.000000000000000000e+00 2.081901730730749932e-03 0.000000000000000000e+00 0.000000000000000000e+00 0.000000000000000000e+00 0.000000000000000000e+00 3.305037120470664079e-03
2.092335778135656025e-03 0.000000000000000000e+00 4.955472429069664175e-03 2.529874241355679898e-03 0.000000000000000000e+00 0.000000000000000000e+00 0.000000000000000000e+00 0.000000000000000000e+00 0.000000000000000000e+00 4.167044812497640305e-03 3.127141464318543198e-03 2.614792191755515877e-03 4.184948728569477935e-04 0.000000000000000000e+00 2.780588780955994062e-04 0.000000000000000000e+00 9.738501692788953260e-04 0.000000000000000000e+00 0.000000000000000000e+00 0.000000000000000000e+00 0.000000000000000000e+00 6.084812701402049278e-04 0.000000000000000000e+00 1.849136393007290045e-03 1.249375623813830070e-03
4.983206808186257941e-03 4.604564354584245872e-03 0.000000000000000000e+00 0.000000000000000000e+00 4.756229880096994253e-03 0.000000000000000000e+00 0.000000000000000000e+00 3.800166849027189053e-03 4.664562102719754279e-03 4.436127403842774972e-03 0.000000000000000000e+00 0.000000000000000000e+00 0.000000000000000000e+00 2.074533612483670918e-03 0.000000000000000000e+00 4.647002586158234701e-03 2.865599118177623861e-03 1.162950733700816950e-03 0.000000000000000000e+00 3.613475344996612115e-03 5.424791807387842986e-04 0.000000000000000000e+00 0.000000000000000000e+00 0.000000000000000000e+00 0.000000000000000000e+00
2.812752590659042904e-03 1.131092433541516047e-03 3.368521233836386207e-03 0.000000000000000000e+00 0.000000000000000000e+00 2.660267044399699209e-03 0.000000000000000000e+00 4.801946366750722318e-03 3.989274775593006604e-03 0.000000000000000000e+00 1.773445277035812923e-03 0.000000000000000000e+00 2.530244959225848127e-03 3.227965635602663124e-03 0.000000000000000000e+00 2.317918250446310800e-03 0.000000000000000000e+00 1.171432741234766954e-03 0.000000000000000000e+00 4.150928527610831670e-03 2.146402764691782931e-03 3.123206181418153836e-03 3.074210991179070207e-03 0.000000000000000000e+00 4.587174927578719849e-03
2.320820952054132059e-03 1.260120130280793088e-03 4.538661568073813101e-05 2.664185987882278055e-04 1.363094673606599994e-03 0.000000000000000000e+00 0.000000000000000000e+00 0.000000000000000000e+00 0.000000000000000000e+00 3.901078893300537805e-03 4.203604333180703837e-04 2.116041641235797029e-03 4.429714833509922935e-03 0.000000000000000000e+00 0.000000000000000000e+00 3.219288889389740945e-03 0.000000000000000000e+00 0.000000000000000000e+00 0.000000000000000000e+00 2.860710805337634936e-03 2.554008024462380011e-03 9.697465143374589709e-04 4.808585813222884635e-03 0.000000000000000000e+00 0.000000000000000000e+00
4.993907906478962759e-03 2.253191295018499088e-03 2.079018181923346798e-03 2.482760038090342167e-03 6.813438820017745116e-04 0.000000000000000000e+00 0.000000000000000000e+00 3.213855472286625010e-03 0.000000000000000000e+00 4.931879741823635629e-03 0.000000000000000000e+00 4.576472981927473191e-03 0.000000000000000000e+00 0.000000000000000000e+00 0.000000000000000000e+00 3.099588347572044839e-03 0.000000000000000000e+00 5.275840294681732314e-04 0.000000000000000000e+00 0.000000000000000000e+00 0.000000000000000000e+00 0.000000000000000000e+00 1.747551771226131968e-03 0.000000000000000000e+00 1.512937753369016048e-03
1.868017257144198107e-03 0.000000000000000000e+00 3.170615020271928992e-03 1.328486749425689074e-03 0.000000000000000000e+00 0.000000000000000000e+00 4.127663935430678395e-03 1.599009044813930972e-03 3.495664529461635882e-03 0.000000000000000000e+00 0.000000000000000000e+00 2.135536118613650097e-03 0.000000000000000000e+00 3.317905166616519851e-04 0.000000000000000000e+00 3.712772969739759881e-03 2.645124572794026185e-03 1.112028391992318094e-03 8.243697761848892917e-04 0.000000000000000000e+00 0.000000000000000000e+00 0.000000000000000000e+00 4.962149967963900773e-03 1.787547117191189919e-03 7.983390802708161590e-04
0.000000000000000000e+00 4.848837926564441431e-03 3.504454400664575031e-03 2.665037323348626828e-03 0.000000000000000000e+00 4.851182459183799381e-03 2.633295331079542161e-03 3.161764238390517030e-03 2.855387132077510850e-03 3.368773036872789797e-03 1.131376377986956965e-03 0.000000000000000000e+00 3.180492721288803899e-03 0.000000000000000000e+00 3.297114387494756195e-03 1.106130459188954963e-03 0.000000000000000000e+00 3.759371765583528063e-03 2.009345164392290200e-03 9.408313337371860445e-04 0.000000000000000000e+00 0.000000000000000000e+00 8.452222863306126143e-04 0.000000000000000000e+00 0.000000000000000000e+00
4.466539654388708425e-03 8.968442298804512030e-04 3.443160952098173969e-03 2.609952436889155080e-03 0.000000000000000000e+00 0.000000000000000000e+00 0.000000000000000000e+00 0.000000000000000000e+00 3.045377739537372900e-03 3.946765367317366926e-04 3.562724126827478827e-03 2.411571894770273006e-03 0.000000000000000000e+00 4.960639812002976337e-03 2.383686836742574845e-03 1.636775187663143090e-03 0.000000000000000000e+00 0.000000000000000000e+00 0.000000000000000000e+00 1.879558957046568004e-03 0.000000000000000000e+00 0.000000000000000000e+00 4.088321995658433100e-03 1.654259913962941942e-03 0.000000000000000000e+00
