# File created on Fri May 17 15:42:00 2024
# The following metaparameters were used for this matrix optimization : gamma0 = 0.5; alpha0 = 0; sigma0 = 0.25; l0 = 1;p = 1; R0 = 1; S0 = 0.05; NR = 25; NS = 25; matrix path = matrices/Nr25_Nc25/consumption/RandTrix_Nr25_Nc25_Nest0.55_Conn0.3824.txt; convergence threshold = 1e-08
3.423098902815550e-03 0.000000000000000e+00 0.000000000000000e+00 2.204954731977085e-03 0.000000000000000e+00 0.000000000000000e+00 0.000000000000000e+00 2.791577594524792e-03 0.000000000000000e+00 0.000000000000000e+00 1.909670799233167e-03 0.000000000000000e+00 0.000000000000000e+00 0.000000000000000e+00 0.000000000000000e+00 2.992450870181935e-05 3.643100292013975e-03 3.856251315105894e-03 0.000000000000000e+00 0.000000000000000e+00 7.518553765073930e-04 0.000000000000000e+00 0.000000000000000e+00 6.722069540535662e-04 3.599944426438496e-04 
0.000000000000000e+00 0.000000000000000e+00 0.000000000000000e+00 0.000000000000000e+00 0.000000000000000e+00 0.000000000000000e+00 0.000000000000000e+00 0.000000000000000e+00 0.000000000000000e+00 0.000000000000000e+00 2.748234208467493e-03 0.000000000000000e+00 2.133363935528081e-03 0.000000000000000e+00 0.000000000000000e+00 3.060369717922280e-03 4.438936163059410e-03 1.095507908068514e-04 0.000000000000000e+00 0.000000000000000e+00 3.481936576457321e-03 0.000000000000000e+00 0.000000000000000e+00 4.235367680188104e-03 0.000000000000000e+00 
2.424973512622977e-03 0.000000000000000e+00 0.000000000000000e+00 0.000000000000000e+00 0.000000000000000e+00 3.687867617977438e-03 9.106957762164008e-04 4.607416466248851e-03 0.000000000000000e+00 0.000000000000000e+00 0.000000000000000e+00 0.000000000000000e+00 3.391763579512970e-03 0.000000000000000e+00 0.000000000000000e+00 2.204999071379615e-03 3.300464023300141e-03 0.000000000000000e+00 1.482900729589732e-03 2.115600834052665e-03 3.296010116195001e-03 1.611716942330698e-03 0.000000000000000e+00 4.081844650597508e-03 0.000000000000000e+00 
0.000000000000000e+00 0.000000000000000e+00 0.000000000000000e+00 1.737913355090339e-03 4.685596362940383e-03 4.085306637019123e-03 0.000000000000000e+00 4.564262675029023e-03 0.000000000000000e+00 5.627934597882333e-04 2.544758417880740e-03 4.457961922935270e-03 0.000000000000000e+00 0.000000000000000e+00 0.000000000000000e+00 4.998725381340430e-03 0.000000000000000e+00 0.000000000000000e+00 4.111470027111279e-03 0.000000000000000e+00 3.805869965327790e-03 0.000000000000000e+00 0.000000000000000e+00 3.531272144112393e-03 3.797992451554700e-03 
1.417292029650195e-03 1.401471518148163e-03 0.000000000000000e+00 0.000000000000000e+00 0.000000000000000e+00 2.081802070038341e-03 1.065116866054872e-03 3.889281126317257e-03 0.000000000000000e+00 4.704217894298363e-05 0.000000000000000e+00 1.739980930966796e-03 2.839367307437992e-03 0.000000000000000e+00 4.001650301856512e-03 0.000000000000000e+00 2.201095635073395e-03 1.770480796640806e-03 3.307290222705989e-03 0.000000000000000e+00 3.501725720578495e-04 0.000000000000000e+00 2.959177471152035e-03 3.878982712767148e-03 3.309063560556471e-03 
0.000000000000000e+00 2.199715493577803e-03 1.529550487790521e-03 1.171994801677335e-03 4.349876691091420e-03 0.000000000000000e+00 1.008849117338362e-03 0.000000000000000e+00 0.000000000000000e+00 0.000000000000000e+00 5.305372609137309e-04 0.000000000000000e+00 4.199846617139218e-03 0.000000000000000e+00 0.000000000000000e+00 0.000000000000000e+00 0.000000000000000e+00 0.000000000000000e+00 0.000000000000000e+00 2.241460109246589e-03 4.998710070458133e-03 2.733393568827208e-03 2.888200390741231e-03 0.000000000000000e+00 0.000000000000000e+00 
0.000000000000000e+00 4.590683495060807e-03 0.000000000000000e+00 0.000000000000000e+00 3.447708545986857e-03 1.797980279905257e-03 1.786556762166429e-03 0.000000000000000e+00 0.000000000000000e+00 3.576093287081296e-03 0.000000000000000e+00 0.000000000000000e+00 0.000000000000000e+00 1.926522315892021e-03 0.000000000000000e+00 0.000000000000000e+00 0.000000000000000e+00 2.190806855152568e-03 4.621165366541371e-03 0.000000000000000e+00 5.729343257818782e-04 0.000000000000000e+00 0.000000000000000e+00 4.923311642781256e-03 0.000000000000000e+00 
0.000000000000000e+00 0.000000000000000e+00 0.000000000000000e+00 0.000000000000000e+00 0.000000000000000e+00 0.000000000000000e+00 0.000000000000000e+00 1.768193452267465e-03 0.000000000000000e+00 4.134816781416444e-03 0.000000000000000e+00 0.000000000000000e+00 2.995407015921484e-03 0.000000000000000e+00 0.000000000000000e+00 0.000000000000000e+00 0.000000000000000e+00 3.970174998724142e-03 0.000000000000000e+00 0.000000000000000e+00 0.000000000000000e+00 0.000000000000000e+00 0.000000000000000e+00 1.570742252265995e-04 2.122740326714985e-03 
4.738758491224936e-03 4.311738584792538e-03 2.096217754882279e-04 4.062873650960420e-03 3.567655459209819e-03 0.000000000000000e+00 0.000000000000000e+00 3.725113212684626e-03 0.000000000000000e+00 4.117319611317749e-03 0.000000000000000e+00 5.675704848057963e-04 0.000000000000000e+00 0.000000000000000e+00 0.000000000000000e+00 4.922574987281666e-03 0.000000000000000e+00 2.319881268000138e-04 4.662250494315052e-03 0.000000000000000e+00 4.088391482452289e-04 0.000000000000000e+00 0.000000000000000e+00 1.322291327434392e-04 3.472010741178305e-03 
0.000000000000000e+00 0.000000000000000e+00 0.000000000000000e+00 1.687431437068155e-03 1.796080660462938e-03 2.757595801026859e-04 0.000000000000000e+00 3.902477226636105e-03 0.000000000000000e+00 3.663674766572150e-03 0.000000000000000e+00 0.000000000000000e+00 0.000000000000000e+00 0.000000000000000e+00 1.937883858241335e-03 0.000000000000000e+00 2.663434154788950e-03 4.128781665651544e-05 0.000000000000000e+00 3.240430861079560e-03 0.000000000000000e+00 0.000000000000000e+00 7.607360442272969e-04 0.000000000000000e+00 4.964009280266762e-03 
0.000000000000000e+00 2.316711997375079e-03 8.453421046757378e-04 1.014664263639073e-03 2.219489332107299e-04 1.939735052398008e-03 1.644253312935740e-03 1.148133210703636e-03 0.000000000000000e+00 0.000000000000000e+00 2.192022210346533e-03 0.000000000000000e+00 9.291188068465579e-04 1.739213741391829e-04 1.720140625533050e-03 3.641618013204446e-03 0.000000000000000e+00 4.160308570715454e-03 0.000000000000000e+00 0.000000000000000e+00 1.620703422630185e-04 1.196773031676589e-03 2.330459111565074e-03 2.779689202755477e-03 0.000000000000000e+00 
2.412804698198244e-03 0.000000000000000e+00 0.000000000000000e+00 0.000000000000000e+00 0.000000000000000e+00 3.759485851523276e-03 6.253492545632185e-04 0.000000000000000e+00 3.022466631901581e-03 3.201593696022658e-04 1.034169687662544e-04 0.000000000000000e+00 3.958088765725058e-04 0.000000000000000e+00 0.000000000000000e+00 2.463158248311720e-03 4.844035966787541e-03 0.000000000000000e+00 0.000000000000000e+00 0.000000000000000e+00 3.474808250172839e-03 8.593136783419824e-04 1.687838927241390e-03 0.000000000000000e+00 1.074607367190571e-03 
0.000000000000000e+00 0.000000000000000e+00 2.380396370323983e-03 2.727589875840638e-03 0.000000000000000e+00 0.000000000000000e+00 1.265000244331451e-03 0.000000000000000e+00 3.041180152663697e-04 0.000000000000000e+00 2.039762541603731e-04 2.398139498462693e-03 3.031600302787958e-03 0.000000000000000e+00 3.737886360273688e-03 0.000000000000000e+00 2.628422741710922e-03 3.448019453997436e-03 2.395280759127150e-03 3.675913708012372e-03 1.930843889911028e-03 1.969003483291078e-03 3.203695338994525e-03 0.000000000000000e+00 0.000000000000000e+00 
0.000000000000000e+00 0.000000000000000e+00 0.000000000000000e+00 0.000000000000000e+00 2.393130405152516e-03 0.000000000000000e+00 0.000000000000000e+00 3.735693533588332e-03 4.029601464822667e-03 4.409435129216416e-03 3.990720670546006e-03 0.000000000000000e+00 4.513982447774508e-04 0.000000000000000e+00 0.000000000000000e+00 0.000000000000000e+00 3.027145128257528e-04 3.445680284296577e-03 3.681327127771814e-03 0.000000000000000e+00 0.000000000000000e+00 5.079441103510638e-04 0.000000000000000e+00 0.000000000000000e+00 0.000000000000000e+00 
1.722751959812915e-03 3.436850522730688e-03 9.511808721748184e-04 1.535820705083546e-03 0.000000000000000e+00 0.000000000000000e+00 0.000000000000000e+00 9.087480109004281e-04 3.677897163310677e-03 4.876383027369514e-03 1.624246792280826e-03 0.000000000000000e+00 0.000000000000000e+00 0.000000000000000e+00 0.000000000000000e+00 4.335589635802590e-03 1.922303415964334e-03 0.000000000000000e+00 0.000000000000000e+00 0.000000000000000e+00 1.706724971337935e-03 0.000000000000000e+00 2.167597438117482e-03 0.000000000000000e+00 4.828355003294451e-03 
7.219556245302529e-04 0.000000000000000e+00 0.000000000000000e+00 2.110844619825180e-03 4.777474861186474e-03 0.000000000000000e+00 0.000000000000000e+00 0.000000000000000e+00 5.899973302468437e-04 0.000000000000000e+00 4.810836811689340e-03 0.000000000000000e+00 0.000000000000000e+00 0.000000000000000e+00 0.000000000000000e+00 4.066534487990825e-03 0.000000000000000e+00 2.448575946913524e-03 2.005056168803029e-03 1.575567313088265e-03 4.794262128074655e-03 0.000000000000000e+00 1.272652073160461e-03 0.000000000000000e+00 1.211287454545835e-03 
3.558728374630196e-03 0.000000000000000e+00 1.538267855083139e-03 0.000000000000000e+00 0.000000000000000e+00 3.877112573064927e-03 0.000000000000000e+00 0.000000000000000e+00 0.000000000000000e+00 4.849448783012380e-03 2.800701768967458e-03 0.000000000000000e+00 4.917533492161055e-03 0.000000000000000e+00 0.000000000000000e+00 3.483097691354094e-03 0.000000000000000e+00 7.158054303233020e-04 0.000000000000000e+00 0.000000000000000e+00 1.915250240519693e-03 3.229315887787306e-04 0.000000000000000e+00 0.000000000000000e+00 0.000000000000000e+00 
4.312979041971545e-03 0.000000000000000e+00 0.000000000000000e+00 0.000000000000000e+00 3.559394969333955e-03 5.557525197476606e-04 4.671407547667754e-03 0.000000000000000e+00 0.000000000000000e+00 0.000000000000000e+00 2.800878472960475e-03 0.000000000000000e+00 0.000000000000000e+00 0.000000000000000e+00 3.047754005079208e-03 1.766621552454643e-03 0.000000000000000e+00 2.575292367882357e-03 0.000000000000000e+00 0.000000000000000e+00 0.000000000000000e+00 4.438005543027445e-03 1.421595413192427e-03 0.000000000000000e+00 0.000000000000000e+00 
5.461457887071916e-04 0.000000000000000e+00 2.928430730668803e-03 0.000000000000000e+00 4.594587991801621e-04 0.000000000000000e+00 3.307975564815899e-03 1.747301954029972e-03 0.000000000000000e+00 4.384415594300290e-03 0.000000000000000e+00 0.000000000000000e+00 1.883513979146044e-04 0.000000000000000e+00 0.000000000000000e+00 2.590445356120680e-03 0.000000000000000e+00 0.000000000000000e+00 1.061320429324366e-04 0.000000000000000e+00 0.000000000000000e+00 4.890624119577450e-03 0.000000000000000e+00 4.484615346854334e-03 1.404706740313609e-03 
3.283904138826277e-04 2.495835805175516e-03 0.000000000000000e+00 0.000000000000000e+00 1.830528176557382e-03 0.000000000000000e+00 0.000000000000000e+00 4.358836706879668e-03 0.000000000000000e+00 0.000000000000000e+00 9.502486214832498e-04 0.000000000000000e+00 0.000000000000000e+00 0.000000000000000e+00 4.185463617928488e-03 0.000000000000000e+00 2.337418801330854e-03 9.285206619799747e-05 8.312777994065524e-04 2.246998240833449e-03 0.000000000000000e+00 2.757143348166203e-03 0.000000000000000e+00 3.676156061099954e-03 1.508285277052018e-04 
1.546063657872248e-03 4.348753646096833e-03 8.774198009945527e-05 2.612587170881778e-03 2.206424097241522e-04 2.245225567498187e-03 4.665204643965065e-03 0.000000000000000e+00 2.314916097697269e-03 3.717898622990419e-03 0.000000000000000e+00 4.776191954659647e-03 4.627347087931499e-03 2.380198602639499e-03 0.000000000000000e+00 2.064931671509799e-03 0.000000000000000e+00 0.000000000000000e+00 3.979042367934592e-03 0.000000000000000e+00 3.978180161513972e-03 0.000000000000000e+00 3.717328992585046e-03 3.724849130183225e-03 7.695505369279586e-04 
0.000000000000000e+00 0.000000000000000e+00 1.192018025956739e-03 0.000000000000000e+00 0.000000000000000e+00 0.000000000000000e+00 0.000000000000000e+00 4.477865227286068e-03 0.000000000000000e+00 8.819253652946665e-04 0.000000000000000e+00 4.714220703923435e-04 0.000000000000000e+00 1.498174023575819e-03 0.000000000000000e+00 0.000000000000000e+00 2.963977601242311e-03 2.530037497052657e-03 3.325437132447680e-03 0.000000000000000e+00 4.551994122451234e-03 4.552401532281947e-03 3.689659909249202e-03 3.125799634017176e-03 0.000000000000000e+00 
3.598842989237963e-03 4.977955449652908e-03 4.410427738693580e-03 4.783733402172690e-03 3.222151279420644e-03 0.000000000000000e+00 0.000000000000000e+00 0.000000000000000e+00 4.669389475465219e-03 1.993033947978842e-04 0.000000000000000e+00 1.236217518566065e-04 2.761536286579319e-03 9.846143058276858e-04 3.110959236587330e-03 0.000000000000000e+00 0.000000000000000e+00 0.000000000000000e+00 7.911516218234975e-04 4.645669373886912e-03 0.000000000000000e+00 0.000000000000000e+00 3.637521516545581e-03 0.000000000000000e+00 2.859791537153754e-03 
0.000000000000000e+00 0.000000000000000e+00 4.059744825150255e-03 0.000000000000000e+00 0.000000000000000e+00 1.897713780590082e-04 3.380484706470171e-03 1.503053625145551e-03 2.800607836928711e-03 0.000000000000000e+00 0.000000000000000e+00 7.906408098392882e-04 0.000000000000000e+00 0.000000000000000e+00 0.000000000000000e+00 3.966876836184162e-03 0.000000000000000e+00 2.651112722404442e-03 4.000362114410906e-03 0.000000000000000e+00 0.000000000000000e+00 3.928798691083764e-03 0.000000000000000e+00 4.592514114450925e-03 3.366792048512516e-03 
0.000000000000000e+00 0.000000000000000e+00 0.000000000000000e+00 0.000000000000000e+00 1.666482482495054e-03 0.000000000000000e+00 2.404374137429978e-03 0.000000000000000e+00 0.000000000000000e+00 4.448044864359266e-03 4.834437805318588e-03 4.105975452368448e-03 0.000000000000000e+00 1.647997852310506e-03 0.000000000000000e+00 3.684564976334502e-03 9.668564338277144e-04 1.743199282406075e-03 1.467436384933998e-03 4.507921454776129e-03 0.000000000000000e+00 0.000000000000000e+00 0.000000000000000e+00 0.000000000000000e+00 2.859369036524663e-03 