# # File created on Fri May 17 15:41:58 2024
#  # The following metaparameters were used for this matrix optimization : gamma0 = 0.5; alpha0 = 0; sigma0 = 0.25; l0 = 1;p = 1; R0 = 1; S0 = 0.05; NR = 25; NS = 25; matrix path = matrices/Nr25_Nc25/consumption/RandTrix_Nr25_Nc25_Nest0.45_Conn0.424.txt; convergence threshold = 1e-08
# 
2.241679882810410172e-03 4.191278232089774153e-03 3.954327100475952747e-03 0.000000000000000000e+00 0.000000000000000000e+00 2.295126907416782103e-03 4.534495566449471896e-03 2.432005139975914210e-03 0.000000000000000000e+00 3.890922189611990063e-04 0.000000000000000000e+00 1.206557628911187019e-04 0.000000000000000000e+00 0.000000000000000000e+00 0.000000000000000000e+00 3.971653563813908223e-03 4.016405578087808327e-03 0.000000000000000000e+00 0.000000000000000000e+00 4.582466803506502970e-03 0.000000000000000000e+00 0.000000000000000000e+00 0.000000000000000000e+00 0.000000000000000000e+00 0.000000000000000000e+00
0.000000000000000000e+00 1.265973234780972106e-03 1.038153514945531087e-03 2.205522014641392824e-03 8.138467525667519853e-04 7.191742001721189480e-04 0.000000000000000000e+00 0.000000000000000000e+00 9.544133937676471625e-04 4.343426577295759865e-03 3.171815874426186978e-03 9.692053071901562348e-04 4.235719463536787716e-03 0.000000000000000000e+00 2.727013857140333022e-03 2.684581320693239879e-03 2.527666913261457805e-03 0.000000000000000000e+00 4.692798811036100887e-03 4.318972781060548619e-03 2.711399891082864801e-03 3.781066869053694053e-03 0.000000000000000000e+00 2.374582801737086090e-03 1.549978633975256006e-03
1.997946384281806039e-03 0.000000000000000000e+00 0.000000000000000000e+00 0.000000000000000000e+00 3.601958888692693810e-03 1.466454019469413993e-03 0.000000000000000000e+00 0.000000000000000000e+00 3.274241186432577059e-03 0.000000000000000000e+00 2.238940134311151204e-03 8.644676050333524684e-04 4.675714080223172808e-03 0.000000000000000000e+00 0.000000000000000000e+00 3.861614994603116205e-03 0.000000000000000000e+00 0.000000000000000000e+00 0.000000000000000000e+00 3.883375269498663945e-03 4.379303873281882760e-03 0.000000000000000000e+00 9.078157566205513358e-04 1.551456456569112047e-03 0.000000000000000000e+00
3.743856571087640986e-03 1.343618432269185056e-03 0.000000000000000000e+00 1.953381766262282052e-03 3.236316977776021106e-03 0.000000000000000000e+00 0.000000000000000000e+00 0.000000000000000000e+00 4.311904858486570978e-03 0.000000000000000000e+00 1.950136024584747099e-03 3.900692162786960002e-03 0.000000000000000000e+00 6.846861652164991157e-04 0.000000000000000000e+00 0.000000000000000000e+00 0.000000000000000000e+00 0.000000000000000000e+00 5.602490456285739127e-04 0.000000000000000000e+00 4.124903399300101740e-03 2.635426136059387889e-03 4.107101206138204209e-04 0.000000000000000000e+00 0.000000000000000000e+00
0.000000000000000000e+00 4.565526108458090038e-03 0.000000000000000000e+00 0.000000000000000000e+00 2.351411441289381205e-03 2.067228664508204920e-03 1.519157367034798967e-03 0.000000000000000000e+00 4.451534334945143716e-03 0.000000000000000000e+00 3.179181261863105960e-03 0.000000000000000000e+00 2.897888946645165841e-03 0.000000000000000000e+00 4.409500275439928035e-03 5.593020958160124789e-04 3.025256022694447922e-03 0.000000000000000000e+00 3.460318260477691053e-03 1.227976111215319053e-03 0.000000000000000000e+00 0.000000000000000000e+00 0.000000000000000000e+00 4.869930090791874631e-03 0.000000000000000000e+00
0.000000000000000000e+00 1.930265128180824914e-03 0.000000000000000000e+00 0.000000000000000000e+00 0.000000000000000000e+00 4.424803014903748097e-03 0.000000000000000000e+00 3.644922456554305738e-05 0.000000000000000000e+00 0.000000000000000000e+00 2.469752052394114192e-03 1.654467911536930966e-03 0.000000000000000000e+00 4.681692362385339937e-03 0.000000000000000000e+00 0.000000000000000000e+00 0.000000000000000000e+00 0.000000000000000000e+00 0.000000000000000000e+00 8.704757560698064833e-04 1.225604803409319904e-03 3.751126687971908201e-03 4.027952224236314854e-03 0.000000000000000000e+00 9.415039547735153504e-04
0.000000000000000000e+00 4.913465659209279718e-03 4.631647531850384067e-03 0.000000000000000000e+00 0.000000000000000000e+00 3.566318267355826892e-03 0.000000000000000000e+00 5.230831795982590409e-04 0.000000000000000000e+00 2.535443713697608896e-03 1.057601491676554099e-03 0.000000000000000000e+00 0.000000000000000000e+00 1.623858070790205020e-03 0.000000000000000000e+00 0.000000000000000000e+00 0.000000000000000000e+00 0.000000000000000000e+00 0.000000000000000000e+00 4.338864651427728168e-03 0.000000000000000000e+00 0.000000000000000000e+00 0.000000000000000000e+00 0.000000000000000000e+00 0.000000000000000000e+00
0.000000000000000000e+00 0.000000000000000000e+00 2.588349940172773173e-03 6.702462325790363180e-04 0.000000000000000000e+00 0.000000000000000000e+00 0.000000000000000000e+00 0.000000000000000000e+00 0.000000000000000000e+00 0.000000000000000000e+00 1.046817024487365060e-03 0.000000000000000000e+00 1.105399751648298906e-03 0.000000000000000000e+00 4.711122535510122236e-03 3.542818388415071903e-03 1.579317300086205021e-03 0.000000000000000000e+00 2.554093808339607825e-03 3.885806511044080213e-03 4.513142159975312880e-03 0.000000000000000000e+00 3.667805971940199007e-03 3.284250422180709939e-03 0.000000000000000000e+00
1.596769907395806062e-04 4.501790574701682382e-03 2.581726714661785813e-03 2.299873420225802961e-03 0.000000000000000000e+00 4.473820690201777230e-04 0.000000000000000000e+00 4.293709036633701868e-03 0.000000000000000000e+00 0.000000000000000000e+00 4.957043616078266046e-03 0.000000000000000000e+00 0.000000000000000000e+00 3.295902083192317911e-03 4.791628244061082141e-03 0.000000000000000000e+00 2.657468107110852809e-03 6.660743966790471466e-04 0.000000000000000000e+00 1.026007540112482087e-03 3.396131360160304182e-04 1.238585486372784008e-03 2.714622581935959792e-03 3.277200213598307956e-03 0.000000000000000000e+00
0.000000000000000000e+00 4.672605333112030829e-03 4.308887737960599706e-03 4.768656263991585993e-03 1.409880856400834003e-03 0.000000000000000000e+00 0.000000000000000000e+00 0.000000000000000000e+00 4.535236250800320397e-03 1.858169426689383055e-03 2.273384432760484821e-03 3.401539111593359851e-03 0.000000000000000000e+00 0.000000000000000000e+00 3.153262174270093140e-03 1.838285361589791958e-04 0.000000000000000000e+00 0.000000000000000000e+00 4.848250700727335660e-03 0.000000000000000000e+00 0.000000000000000000e+00 1.473660831392233042e-05 9.039886874685143991e-04 0.000000000000000000e+00 4.676105373297667796e-03
3.546805028797813189e-03 4.849864128762086668e-03 0.000000000000000000e+00 1.647628990127850091e-03 0.000000000000000000e+00 1.109016131016643926e-03 0.000000000000000000e+00 9.032079317668515557e-04 4.538532796366488882e-03 4.280738772427612401e-03 7.064100801680740912e-04 2.663065970497903012e-03 1.190753543118684048e-03 3.660293416792552088e-03 0.000000000000000000e+00 3.015345181520650945e-03 3.307615740532668033e-03 0.000000000000000000e+00 3.752160357878488064e-04 0.000000000000000000e+00 0.000000000000000000e+00 0.000000000000000000e+00 0.000000000000000000e+00 0.000000000000000000e+00 4.285135845271481093e-03
3.559033250919938114e-03 2.443775802178325095e-03 2.446857727682071049e-03 5.905293173484658757e-04 0.000000000000000000e+00 4.810425187296372973e-03 0.000000000000000000e+00 0.000000000000000000e+00 0.000000000000000000e+00 0.000000000000000000e+00 0.000000000000000000e+00 0.000000000000000000e+00 0.000000000000000000e+00 3.580883510962178042e-04 4.291411550460436965e-03 1.822711428752766009e-03 2.936490338649783930e-03 0.000000000000000000e+00 4.665989510695116131e-03 3.367695903520458948e-03 0.000000000000000000e+00 1.170559581148274955e-03 0.000000000000000000e+00 0.000000000000000000e+00 0.000000000000000000e+00
3.564206512380839031e-03 0.000000000000000000e+00 0.000000000000000000e+00 0.000000000000000000e+00 4.463719765616214197e-03 0.000000000000000000e+00 4.355689570975807695e-03 4.560843211097689214e-04 1.118036089821451912e-03 4.398394150580510649e-03 0.000000000000000000e+00 0.000000000000000000e+00 0.000000000000000000e+00 1.590526680904112916e-03 5.862237327747021106e-04 1.239596531636398893e-03 2.389839046072594897e-03 9.650281485962876630e-04 0.000000000000000000e+00 3.284978221078285049e-03 2.347372930310878160e-03 0.000000000000000000e+00 1.780022141247073093e-03 0.000000000000000000e+00 2.714707122422452181e-03
1.190480168639766918e-03 0.000000000000000000e+00 4.908371952247392832e-03 3.844843530888649146e-03 0.000000000000000000e+00 2.597397729945476988e-04 0.000000000000000000e+00 0.000000000000000000e+00 2.925737394240927967e-03 4.500361073200428823e-03 0.000000000000000000e+00 1.035952438052738971e-03 0.000000000000000000e+00 0.000000000000000000e+00 0.000000000000000000e+00 0.000000000000000000e+00 3.923421393130560077e-03 3.091091417274658207e-03 2.107335065284673178e-03 0.000000000000000000e+00 4.388447875028379797e-03 3.982364236317740831e-04 0.000000000000000000e+00 0.000000000000000000e+00 2.657171693736413206e-03
0.000000000000000000e+00 0.000000000000000000e+00 3.175145725313904843e-04 1.062776933984160063e-03 4.108943929547855672e-03 0.000000000000000000e+00 4.647849066848838868e-03 8.875812900646550463e-04 2.183876249639539035e-03 1.394011635138054034e-03 0.000000000000000000e+00 0.000000000000000000e+00 1.058415571154168932e-03 0.000000000000000000e+00 5.904754045477887420e-04 3.669820166132402826e-03 0.000000000000000000e+00 3.925916621191218037e-03 3.097923594328708141e-04 0.000000000000000000e+00 0.000000000000000000e+00 3.684374342733194227e-05 0.000000000000000000e+00 2.763121956651504001e-03 0.000000000000000000e+00
4.562939085451625174e-03 0.000000000000000000e+00 0.000000000000000000e+00 4.862234374759033051e-04 0.000000000000000000e+00 0.000000000000000000e+00 4.721874242873599740e-03 0.000000000000000000e+00 0.000000000000000000e+00 2.896992137887782932e-03 0.000000000000000000e+00 3.866989869377973187e-04 2.726046369106928813e-03 4.107815768102754915e-03 1.093717853407623992e-03 2.616614301142804015e-03 3.696823338911908209e-03 0.000000000000000000e+00 4.017744253545754880e-03 2.260102155905721003e-03 0.000000000000000000e+00 4.879752612225001819e-03 3.751782125799651025e-03 0.000000000000000000e+00 4.626246667753885697e-03
0.000000000000000000e+00 0.000000000000000000e+00 3.083931316533791191e-03 3.766124631920649089e-03 0.000000000000000000e+00 2.487103103613223960e-03 0.000000000000000000e+00 4.764037029338855610e-03 0.000000000000000000e+00 4.697504247951456158e-03 3.225863552577739029e-03 0.000000000000000000e+00 0.000000000000000000e+00 0.000000000000000000e+00 0.000000000000000000e+00 4.980303800798297625e-03 2.114931121076310885e-03 1.208902817551146987e-03 4.113807087708653849e-04 0.000000000000000000e+00 4.708877018782467103e-03 0.000000000000000000e+00 3.414776835906685026e-03 3.688614154901643811e-03 3.448916037529203924e-03
0.000000000000000000e+00 0.000000000000000000e+00 0.000000000000000000e+00 4.255038302183312277e-03 0.000000000000000000e+00 0.000000000000000000e+00 1.277985699590312909e-03 0.000000000000000000e+00 3.660611320103026906e-04 4.871243034923332382e-03 8.979477616675494121e-04 3.079508571261103857e-03 1.687589769165731080e-03 0.000000000000000000e+00 4.084667726417933777e-03 0.000000000000000000e+00 4.153097274028724750e-03 0.000000000000000000e+00 4.355004162189512681e-03 4.880668091303819005e-03 0.000000000000000000e+00 0.000000000000000000e+00 2.552070349213609885e-03 4.170005246151494219e-03 3.925501985990216200e-03
3.565476077435398954e-03 0.000000000000000000e+00 4.699318278330667613e-03 0.000000000000000000e+00 0.000000000000000000e+00 1.726100645477229986e-03 0.000000000000000000e+00 2.112545436573889848e-03 0.000000000000000000e+00 4.853500961759812590e-03 2.624226175725545129e-03 0.000000000000000000e+00 0.000000000000000000e+00 0.000000000000000000e+00 3.512226994777773847e-03 0.000000000000000000e+00 2.638943175005399860e-03 7.128290146594891191e-04 1.298645171557308905e-03 0.000000000000000000e+00 5.502753664883144403e-04 0.000000000000000000e+00 0.000000000000000000e+00 0.000000000000000000e+00 7.380538831648241664e-04
3.544822973759418142e-03 0.000000000000000000e+00 2.723792027115366863e-03 3.654644797103354971e-03 0.000000000000000000e+00 0.000000000000000000e+00 2.343055815796885911e-03 0.000000000000000000e+00 2.672242792693254264e-04 0.000000000000000000e+00 5.934171383770352540e-04 1.745714140568839978e-03 0.000000000000000000e+00 0.000000000000000000e+00 1.168750915080718966e-03 0.000000000000000000e+00 1.172172539875671049e-03 0.000000000000000000e+00 0.000000000000000000e+00 1.998709607483357877e-03 4.827841763724424122e-04 4.309799396279512251e-03 2.639665619385435759e-04 0.000000000000000000e+00 9.930635701620399523e-04
0.000000000000000000e+00 0.000000000000000000e+00 4.805396617774726313e-03 0.000000000000000000e+00 0.000000000000000000e+00 0.000000000000000000e+00 0.000000000000000000e+00 0.000000000000000000e+00 1.554740877605524044e-03 9.752200232471918816e-04 4.945535872262410773e-03 0.000000000000000000e+00 8.400261220710520077e-05 1.613495256506382054e-03 0.000000000000000000e+00 2.585407745847403006e-03 0.000000000000000000e+00 0.000000000000000000e+00 0.000000000000000000e+00 0.000000000000000000e+00 0.000000000000000000e+00 2.065249632810176126e-03 4.586882632122486758e-03 0.000000000000000000e+00 4.820287218084518682e-03
2.814071501207627071e-03 4.372096420651723318e-03 2.264713517608798066e-03 9.775129753990419331e-05 0.000000000000000000e+00 2.146803302130045887e-03 0.000000000000000000e+00 2.761574119559937184e-03 0.000000000000000000e+00 0.000000000000000000e+00 9.718437160444545362e-04 0.000000000000000000e+00 1.604920087065656031e-03 0.000000000000000000e+00 1.192174532288017104e-03 2.187681343019921842e-03 3.362136008162669920e-04 2.539205521909274153e-03 0.000000000000000000e+00 0.000000000000000000e+00 0.000000000000000000e+00 1.491170946060342041e-03 1.858664995350660940e-03 1.500857137076078108e-03 0.000000000000000000e+00
1.463655251100072930e-03 3.392751394753840133e-03 0.000000000000000000e+00 1.878750953493788043e-03 4.321120575918139910e-03 8.782559945253903312e-05 3.571825077516630094e-03 2.444901813315651130e-03 0.000000000000000000e+00 5.775237799016617315e-04 2.249498863129212149e-03 0.000000000000000000e+00 0.000000000000000000e+00 0.000000000000000000e+00 4.113791730561125806e-03 4.728949846968272079e-03 0.000000000000000000e+00 3.435937498305654137e-03 0.000000000000000000e+00 1.972746347592937120e-03 6.912259481490463193e-04 0.000000000000000000e+00 0.000000000000000000e+00 2.669405451312951982e-03 2.720681581428179008e-03
4.980359004658939208e-03 0.000000000000000000e+00 1.775111948578781068e-03 3.525600536909870124e-03 0.000000000000000000e+00 1.597689533315994892e-03 4.702965191342556306e-03 0.000000000000000000e+00 0.000000000000000000e+00 7.334099191206261501e-04 3.410999180780180818e-03 0.000000000000000000e+00 0.000000000000000000e+00 0.000000000000000000e+00 0.000000000000000000e+00 0.000000000000000000e+00 4.524895143442811581e-03 0.000000000000000000e+00 0.000000000000000000e+00 0.000000000000000000e+00 3.741090649404337897e-03 7.285350916152040198e-04 9.030374610946888866e-04 2.412497141785747198e-03 0.000000000000000000e+00
0.000000000000000000e+00 4.715404549121888882e-03 0.000000000000000000e+00 4.507957960514948873e-04 0.000000000000000000e+00 8.430410216820682446e-04 0.000000000000000000e+00 0.000000000000000000e+00 0.000000000000000000e+00 0.000000000000000000e+00 0.000000000000000000e+00 9.141133030158973480e-04 2.474736392830805161e-03 0.000000000000000000e+00 0.000000000000000000e+00 1.844575764088437044e-03 0.000000000000000000e+00 1.953257813595413173e-03 1.647159327643000007e-04 6.116257332260227305e-04 0.000000000000000000e+00 1.455046311462904988e-04 0.000000000000000000e+00 0.000000000000000000e+00 0.000000000000000000e+00
