# # File created on Fri May 17 15:41:58 2024
#  # The following metaparameters were used for this matrix optimization : gamma0 = 0.5; alpha0 = 0; sigma0 = 0.25; l0 = 1;p = 1; R0 = 1; S0 = 0.05; NR = 25; NS = 25; matrix path = matrices/Nr25_Nc25/consumption/RandTrix_Nr25_Nc25_Nest0.45_Conn0.2672.txt; convergence threshold = 1e-08
# 
0.000000000000000000e+00 0.000000000000000000e+00 0.000000000000000000e+00 0.000000000000000000e+00 0.000000000000000000e+00 0.000000000000000000e+00 0.000000000000000000e+00 0.000000000000000000e+00 0.000000000000000000e+00 1.858781963517961919e-03 0.000000000000000000e+00 4.615419072593346210e-03 0.000000000000000000e+00 4.067990786860854746e-03 4.472038399093722165e-04 0.000000000000000000e+00 8.817565232068744511e-04 3.741840466112617003e-03 0.000000000000000000e+00 1.755299267192805086e-03 0.000000000000000000e+00 0.000000000000000000e+00 2.037164545976714088e-03 2.722787811341432791e-03 4.679153108149971749e-03
0.000000000000000000e+00 0.000000000000000000e+00 7.076851671731619218e-04 2.253999492023868987e-04 2.836510265689730944e-04 1.981375271177557903e-03 3.675158710192734032e-03 0.000000000000000000e+00 0.000000000000000000e+00 0.000000000000000000e+00 4.284296235003165303e-03 9.348994357748197613e-04 2.050427136939964208e-03 4.745049947973907153e-03 4.315062529279941640e-03 0.000000000000000000e+00 0.000000000000000000e+00 0.000000000000000000e+00 2.690349485298015181e-03 1.261183383488499992e-03 2.316743301885837089e-03 2.692636182250146819e-03 0.000000000000000000e+00 0.000000000000000000e+00 0.000000000000000000e+00
0.000000000000000000e+00 2.763102888304589961e-03 1.724253542829447001e-03 1.990184014411131887e-03 0.000000000000000000e+00 2.070880205593221904e-03 0.000000000000000000e+00 0.000000000000000000e+00 0.000000000000000000e+00 6.115541373007622782e-04 0.000000000000000000e+00 0.000000000000000000e+00 1.457027204454662897e-03 0.000000000000000000e+00 0.000000000000000000e+00 3.404232129483675175e-03 0.000000000000000000e+00 2.626990222551126887e-03 0.000000000000000000e+00 3.761539923484719192e-03 0.000000000000000000e+00 4.931629826296606966e-04 0.000000000000000000e+00 1.302469015461362985e-03 0.000000000000000000e+00
4.812478863317894845e-03 0.000000000000000000e+00 8.656156829234367940e-04 0.000000000000000000e+00 4.540534473174287662e-03 0.000000000000000000e+00 3.317468142229041978e-03 0.000000000000000000e+00 0.000000000000000000e+00 0.000000000000000000e+00 3.083413615507292829e-03 2.370024062298799021e-03 4.460001503873803688e-03 4.790901613673631196e-03 4.048070690145913258e-04 3.311015920250097964e-03 0.000000000000000000e+00 4.431428457426887118e-04 2.281941978215051934e-03 4.729855643514978107e-04 0.000000000000000000e+00 6.907360420992308481e-04 2.037743263904529152e-03 0.000000000000000000e+00 9.387081883680846515e-05
0.000000000000000000e+00 0.000000000000000000e+00 1.525511538906689033e-03 3.188814998797843796e-03 1.689715073534094015e-03 4.690912082442799322e-03 0.000000000000000000e+00 1.691225856525972954e-03 3.131158314622857052e-03 2.310036781025859992e-03 3.467529427449384059e-04 0.000000000000000000e+00 1.826665407068584022e-03 0.000000000000000000e+00 2.454603587491228055e-03 3.637910177765707812e-03 0.000000000000000000e+00 0.000000000000000000e+00 9.266790206781354419e-04 9.949059927202099935e-04 0.000000000000000000e+00 0.000000000000000000e+00 0.000000000000000000e+00 0.000000000000000000e+00 0.000000000000000000e+00
2.743377433643418017e-03 0.000000000000000000e+00 2.012965969821460793e-03 4.959355222903281263e-03 4.299198974306511940e-03 7.731854367046147626e-04 0.000000000000000000e+00 0.000000000000000000e+00 3.720242484473096963e-03 0.000000000000000000e+00 0.000000000000000000e+00 3.585578046984336850e-03 0.000000000000000000e+00 0.000000000000000000e+00 0.000000000000000000e+00 2.179570837389669790e-03 3.974736118641255221e-03 0.000000000000000000e+00 0.000000000000000000e+00 0.000000000000000000e+00 2.633371533795760867e-03 0.000000000000000000e+00 0.000000000000000000e+00 0.000000000000000000e+00 1.697365426527621107e-03
0.000000000000000000e+00 0.000000000000000000e+00 3.389043725032796824e-03 0.000000000000000000e+00 0.000000000000000000e+00 2.140631321965751847e-03 0.000000000000000000e+00 4.783955389271494704e-03 0.000000000000000000e+00 0.000000000000000000e+00 0.000000000000000000e+00 1.378316165514589971e-03 1.267745689704067105e-03 0.000000000000000000e+00 0.000000000000000000e+00 2.040611649348717058e-03 3.405244371720931792e-03 0.000000000000000000e+00 0.000000000000000000e+00 4.783515260502592056e-03 0.000000000000000000e+00 0.000000000000000000e+00 2.547912401410841899e-03 0.000000000000000000e+00 0.000000000000000000e+00
0.000000000000000000e+00 0.000000000000000000e+00 1.657199210505624042e-03 0.000000000000000000e+00 1.828546081859529042e-03 0.000000000000000000e+00 1.219149835761985001e-04 0.000000000000000000e+00 2.087208364223070063e-04 0.000000000000000000e+00 1.459499865630656951e-03 1.397294616993499960e-05 1.695103417307611098e-03 3.761744456137550933e-03 2.779734173269557840e-03 3.441418082218713841e-04 2.684879626236253217e-03 0.000000000000000000e+00 1.208012967869226016e-03 0.000000000000000000e+00 4.427985640592576981e-03 1.102677082419572076e-03 0.000000000000000000e+00 0.000000000000000000e+00 0.000000000000000000e+00
9.626601783503714203e-04 2.182968238394522847e-03 1.195059822235032987e-04 6.839002687207426873e-04 0.000000000000000000e+00 1.348721809185240940e-03 0.000000000000000000e+00 0.000000000000000000e+00 3.326702817212482972e-03 0.000000000000000000e+00 0.000000000000000000e+00 1.290331726722960919e-03 0.000000000000000000e+00 1.118982093008288924e-03 0.000000000000000000e+00 3.058416467717822804e-03 4.889430555170687365e-03 0.000000000000000000e+00 1.745024150189401031e-03 0.000000000000000000e+00 0.000000000000000000e+00 2.391236908695882138e-03 0.000000000000000000e+00 2.815832093752702967e-03 1.524827105370148020e-03
2.356539248239815799e-03 0.000000000000000000e+00 1.694276965334596966e-03 2.492227945401266024e-03 0.000000000000000000e+00 3.253369664894219856e-03 0.000000000000000000e+00 1.173996638780046070e-03 3.378461013952321207e-03 0.000000000000000000e+00 0.000000000000000000e+00 0.000000000000000000e+00 0.000000000000000000e+00 1.230802376959750982e-03 0.000000000000000000e+00 4.829621591223933613e-03 0.000000000000000000e+00 1.038879196921425928e-03 3.208513491331832067e-03 4.363316873318635186e-03 4.964430465555789811e-03 0.000000000000000000e+00 0.000000000000000000e+00 0.000000000000000000e+00 0.000000000000000000e+00
4.477177613668710076e-04 4.891765484231774645e-03 0.000000000000000000e+00 0.000000000000000000e+00 5.450272262417344511e-04 4.426189880733218639e-03 3.588464056242155007e-03 4.676394854658813723e-03 3.390305513565101177e-03 0.000000000000000000e+00 8.500740903703277911e-04 3.693247709005368067e-03 0.000000000000000000e+00 0.000000000000000000e+00 0.000000000000000000e+00 1.469103882776087071e-03 0.000000000000000000e+00 0.000000000000000000e+00 4.899121354982351878e-03 1.662623549524334899e-03 3.594898682611793062e-03 0.000000000000000000e+00 1.494548869017931023e-03 0.000000000000000000e+00 3.738937929697826006e-03
0.000000000000000000e+00 4.862899218681861202e-03 0.000000000000000000e+00 1.287231881934639910e-03 3.400469374792701796e-03 1.441125825387310931e-03 2.788930502660328086e-03 0.000000000000000000e+00 1.872389216298600903e-03 4.225841127010184634e-03 2.541646036495895117e-03 4.714387855018177358e-03 0.000000000000000000e+00 2.061429267271013086e-03 0.000000000000000000e+00 0.000000000000000000e+00 0.000000000000000000e+00 0.000000000000000000e+00 4.801838358273305234e-03 4.169554244711735046e-03 0.000000000000000000e+00 0.000000000000000000e+00 2.464356162356479835e-03 3.748655458527763110e-03 0.000000000000000000e+00
7.496595923058932019e-04 3.415498141836881101e-03 1.449299055579423906e-03 3.859129652078274828e-03 0.000000000000000000e+00 4.685360384424893353e-03 2.969041816823390131e-03 0.000000000000000000e+00 4.409731943741000346e-03 3.696480951580509954e-03 4.891949262274972177e-03 0.000000000000000000e+00 0.000000000000000000e+00 4.289442123744362928e-03 0.000000000000000000e+00 4.547901987610111774e-03 8.996941490738984441e-04 0.000000000000000000e+00 4.000271215200907997e-03 0.000000000000000000e+00 0.000000000000000000e+00 8.326504587183943158e-04 0.000000000000000000e+00 1.781916200050200939e-03 0.000000000000000000e+00
1.117145255965222052e-03 3.713799669761411095e-05 2.859351024157034005e-03 4.820313702509678583e-03 0.000000000000000000e+00 0.000000000000000000e+00 5.105879359566408131e-04 0.000000000000000000e+00 0.000000000000000000e+00 1.498953112988861023e-03 0.000000000000000000e+00 2.926746844476089786e-03 2.288534966511661991e-03 0.000000000000000000e+00 0.000000000000000000e+00 4.430601851425281131e-03 0.000000000000000000e+00 0.000000000000000000e+00 0.000000000000000000e+00 2.451119769325208007e-03 4.449017978447353076e-03 0.000000000000000000e+00 0.000000000000000000e+00 0.000000000000000000e+00 3.182803022035556864e-04
2.631228411616425185e-03 0.000000000000000000e+00 4.618612337146967809e-04 3.742067119175615086e-03 6.863304842778450627e-05 2.146615335749630944e-03 0.000000000000000000e+00 0.000000000000000000e+00 3.354203638893499782e-04 0.000000000000000000e+00 2.218307183960987160e-03 3.165475823971012140e-03 0.000000000000000000e+00 0.000000000000000000e+00 4.559549647694743739e-03 0.000000000000000000e+00 0.000000000000000000e+00 1.310517359428084927e-03 6.346745213015739587e-04 4.390670752735292663e-03 0.000000000000000000e+00 4.860901281346300361e-03 2.096849107549951172e-03 1.627350072945754969e-03 6.660558087814577458e-04
0.000000000000000000e+00 3.882194944094825156e-03 2.968722643957652854e-03 0.000000000000000000e+00 0.000000000000000000e+00 0.000000000000000000e+00 0.000000000000000000e+00 5.892928292828957665e-04 3.443103387137315136e-03 3.691019241683890159e-03 4.025808001670199213e-03 1.130734890919763954e-03 0.000000000000000000e+00 0.000000000000000000e+00 9.678939963796687109e-04 0.000000000000000000e+00 3.658508014948707188e-03 3.371187954791422022e-03 0.000000000000000000e+00 2.957746019588630010e-03 4.083595258055192426e-03 0.000000000000000000e+00 3.970623952979456146e-03 2.951458455056108800e-03 0.000000000000000000e+00
0.000000000000000000e+00 4.674656855731275026e-03 4.275221738163160860e-03 1.681948416407462064e-03 7.565590652777551435e-05 3.384489112532228835e-03 0.000000000000000000e+00 2.851828761046022037e-03 0.000000000000000000e+00 0.000000000000000000e+00 3.687780294882504143e-03 0.000000000000000000e+00 2.383372100975394959e-04 0.000000000000000000e+00 1.425463942178392023e-03 0.000000000000000000e+00 4.343870064978955919e-03 0.000000000000000000e+00 0.000000000000000000e+00 1.911435100526508082e-03 0.000000000000000000e+00 0.000000000000000000e+00 2.102856052735503200e-03 4.363866064296786744e-03 1.934355232485410062e-03
2.901173513732013148e-04 4.530611621459603756e-03 0.000000000000000000e+00 0.000000000000000000e+00 1.807683333039562974e-03 3.980745428417268618e-03 0.000000000000000000e+00 4.425927937286020138e-03 0.000000000000000000e+00 0.000000000000000000e+00 4.141143362431863942e-03 3.377778072787349182e-03 2.958500590039026944e-03 0.000000000000000000e+00 7.502688764594735811e-04 1.436486560547416916e-03 4.421363568652996422e-03 0.000000000000000000e+00 0.000000000000000000e+00 1.316393959671103989e-03 0.000000000000000000e+00 0.000000000000000000e+00 0.000000000000000000e+00 0.000000000000000000e+00 1.916309306299037937e-03
0.000000000000000000e+00 3.964725347963968943e-03 1.623947025498226945e-03 0.000000000000000000e+00 3.040466996143768950e-03 3.497651981251661147e-03 0.000000000000000000e+00 3.557139571029910817e-03 0.000000000000000000e+00 0.000000000000000000e+00 2.195235310258801097e-03 0.000000000000000000e+00 4.590438831404104053e-03 4.360089134806792617e-03 3.378638222111878149e-03 2.839568537599404009e-03 0.000000000000000000e+00 3.946230778581677652e-03 4.652233134928822865e-03 2.721017633235291080e-03 0.000000000000000000e+00 0.000000000000000000e+00 1.436438661095991052e-03 2.038467869266149916e-03 0.000000000000000000e+00
1.445211507705309933e-03 0.000000000000000000e+00 0.000000000000000000e+00 0.000000000000000000e+00 3.799570885014595840e-03 3.973880763902299003e-03 0.000000000000000000e+00 3.827977844020176109e-04 0.000000000000000000e+00 0.000000000000000000e+00 1.170860047786186054e-04 3.853114216507112950e-03 0.000000000000000000e+00 0.000000000000000000e+00 0.000000000000000000e+00 1.567462995174496998e-03 3.022708614418237027e-03 3.024023154982912170e-03 1.398220824037217083e-03 2.071467596721841928e-04 0.000000000000000000e+00 3.518700796647326054e-04 0.000000000000000000e+00 0.000000000000000000e+00 0.000000000000000000e+00
0.000000000000000000e+00 7.374066791722229310e-04 0.000000000000000000e+00 2.330182522251845155e-03 0.000000000000000000e+00 0.000000000000000000e+00 1.949318374215174921e-03 0.000000000000000000e+00 3.816407753417922193e-04 0.000000000000000000e+00 0.000000000000000000e+00 0.000000000000000000e+00 1.746317198037008935e-03 0.000000000000000000e+00 0.000000000000000000e+00 2.524609505527455975e-03 3.835102810300749197e-03 2.077712097172607856e-03 1.835196953155865960e-03 4.410098085136745193e-03 0.000000000000000000e+00 0.000000000000000000e+00 0.000000000000000000e+00 0.000000000000000000e+00 0.000000000000000000e+00
3.950556939123223664e-03 3.052295865434576008e-03 2.569820794622008821e-03 0.000000000000000000e+00 1.869304381024797018e-03 1.755600879931833082e-03 3.518103235686471063e-03 4.409929217632464825e-04 0.000000000000000000e+00 4.057256018955466073e-03 0.000000000000000000e+00 4.646684637595086854e-03 0.000000000000000000e+00 6.815707256802386056e-04 2.615084993130123003e-03 3.542270186113942107e-03 0.000000000000000000e+00 0.000000000000000000e+00 2.020458165256859995e-03 2.111816083182193205e-03 3.360566039861013089e-03 1.134817490228345969e-03 4.903701214734799280e-03 3.250834364262642807e-03 1.061198159810706077e-03
0.000000000000000000e+00 2.652348951172174129e-03 0.000000000000000000e+00 0.000000000000000000e+00 2.515431069854843962e-03 5.313708616937827100e-04 0.000000000000000000e+00 0.000000000000000000e+00 3.952597711838925880e-03 1.065087043076807030e-03 4.392509768312759071e-03 0.000000000000000000e+00 0.000000000000000000e+00 0.000000000000000000e+00 3.610446227704466188e-03 0.000000000000000000e+00 0.000000000000000000e+00 1.820530372615941899e-03 0.000000000000000000e+00 3.310629030252440139e-03 0.000000000000000000e+00 0.000000000000000000e+00 2.413036649718486824e-03 3.627920912961984847e-03 3.282019257066291166e-03
0.000000000000000000e+00 4.545433704466456289e-03 8.852649987065368492e-05 0.000000000000000000e+00 0.000000000000000000e+00 0.000000000000000000e+00 0.000000000000000000e+00 1.957845147080020196e-03 2.284832596083915830e-03 0.000000000000000000e+00 4.645395230207565763e-03 0.000000000000000000e+00 2.404883823380559935e-03 3.725215755851234069e-03 0.000000000000000000e+00 0.000000000000000000e+00 3.540833475115049908e-03 0.000000000000000000e+00 0.000000000000000000e+00 2.112117452863590105e-03 0.000000000000000000e+00 2.499706001861870010e-03 3.964211651511757341e-03 2.835052016801959036e-05 0.000000000000000000e+00
0.000000000000000000e+00 0.000000000000000000e+00 0.000000000000000000e+00 1.932311018634809982e-03 0.000000000000000000e+00 0.000000000000000000e+00 0.000000000000000000e+00 4.828523310311566737e-03 0.000000000000000000e+00 4.268501426143800868e-03 2.603576180017812963e-03 1.888397805215751924e-03 0.000000000000000000e+00 7.717668135057624383e-04 1.545294004451107893e-03 1.462938332049914907e-03 0.000000000000000000e+00 0.000000000000000000e+00 0.000000000000000000e+00 1.305517893218019910e-03 2.846928329876127154e-03 1.571543967572402957e-03 2.866981703906619841e-03 3.535205157606622771e-04 0.000000000000000000e+00
