# # File created on Fri May 17 15:42:00 2024
#  # The following metaparameters were used for this matrix optimization : gamma0 = 0.5; alpha0 = 0; sigma0 = 0.25; l0 = 1;p = 1; R0 = 1; S0 = 0.05; NR = 25; NS = 25; matrix path = matrices/Nr25_Nc25/consumption/RandTrix_Nr25_Nc25_Nest0.25_Conn0.184.txt; convergence threshold = 1e-08
# 
0.000000000000000000e+00 4.413552525747373861e-03 0.000000000000000000e+00 3.012099958503647833e-03 0.000000000000000000e+00 0.000000000000000000e+00 0.000000000000000000e+00 0.000000000000000000e+00 1.640649162047096979e-03 0.000000000000000000e+00 0.000000000000000000e+00 3.114924007175670900e-03 4.250787362180827658e-03 4.470912556753156228e-03 3.604054423883689198e-03 4.430027564172321283e-03 2.552605286892986039e-04 0.000000000000000000e+00 0.000000000000000000e+00 3.446249032353883215e-03 1.721451305083974910e-05 3.145059286932506797e-03 0.000000000000000000e+00 3.293714115864257094e-03 2.187279828545862000e-03
1.832157491900269055e-03 0.000000000000000000e+00 5.644637411544044161e-04 3.769084395212022199e-03 2.656310108901304909e-03 3.226463626674920884e-03 5.858532307271267520e-04 0.000000000000000000e+00 4.200684872438401572e-03 0.000000000000000000e+00 0.000000000000000000e+00 0.000000000000000000e+00 0.000000000000000000e+00 0.000000000000000000e+00 0.000000000000000000e+00 0.000000000000000000e+00 3.706884071748537800e-03 0.000000000000000000e+00 3.456848124452965940e-03 9.450139394126472539e-04 0.000000000000000000e+00 0.000000000000000000e+00 0.000000000000000000e+00 0.000000000000000000e+00 0.000000000000000000e+00
0.000000000000000000e+00 3.640874805724450807e-03 0.000000000000000000e+00 0.000000000000000000e+00 1.873903659713852020e-03 0.000000000000000000e+00 4.258211986368112649e-03 1.409801182254184911e-04 4.514613201409821766e-03 2.459926640547544993e-03 0.000000000000000000e+00 3.425729654052561864e-03 0.000000000000000000e+00 0.000000000000000000e+00 0.000000000000000000e+00 7.529019874370156920e-05 1.180321196847070996e-03 0.000000000000000000e+00 0.000000000000000000e+00 0.000000000000000000e+00 0.000000000000000000e+00 1.501014778571351004e-03 0.000000000000000000e+00 0.000000000000000000e+00 3.900518247248226187e-03
2.025894196048913954e-03 0.000000000000000000e+00 1.045760381865286099e-03 0.000000000000000000e+00 3.864216059001915077e-03 5.840459215810925222e-04 3.673016945668751941e-03 1.599103885996322038e-03 1.739632925436515034e-03 4.057272870465715789e-03 4.793678852788986131e-03 0.000000000000000000e+00 0.000000000000000000e+00 2.904832794957703818e-03 1.095625880024754051e-03 0.000000000000000000e+00 3.926829543544453974e-03 0.000000000000000000e+00 1.213424236233866943e-03 5.538837823213753472e-04 1.138339997703057037e-03 0.000000000000000000e+00 0.000000000000000000e+00 0.000000000000000000e+00 0.000000000000000000e+00
0.000000000000000000e+00 3.157053399692839098e-03 3.644994029465371040e-03 1.348666813117194987e-03 4.175646400792646989e-04 0.000000000000000000e+00 0.000000000000000000e+00 0.000000000000000000e+00 0.000000000000000000e+00 1.034646116381917951e-03 4.377180418660425384e-03 0.000000000000000000e+00 0.000000000000000000e+00 2.392089907344927945e-03 0.000000000000000000e+00 0.000000000000000000e+00 0.000000000000000000e+00 0.000000000000000000e+00 0.000000000000000000e+00 0.000000000000000000e+00 4.379418553907525255e-03 1.220752337073281041e-03 0.000000000000000000e+00 4.767897322545524251e-03 3.958108860772737055e-03
2.995926131788058215e-03 0.000000000000000000e+00 0.000000000000000000e+00 3.827918987171219801e-03 0.000000000000000000e+00 0.000000000000000000e+00 4.301569830440703061e-03 0.000000000000000000e+00 0.000000000000000000e+00 4.763990465019818724e-03 3.631202387253815861e-03 0.000000000000000000e+00 4.409017910438316201e-03 0.000000000000000000e+00 3.772896366596088964e-03 0.000000000000000000e+00 0.000000000000000000e+00 0.000000000000000000e+00 6.114145967535943591e-04 0.000000000000000000e+00 0.000000000000000000e+00 0.000000000000000000e+00 0.000000000000000000e+00 1.876468382349735103e-04 0.000000000000000000e+00
1.220780368839281035e-03 0.000000000000000000e+00 0.000000000000000000e+00 0.000000000000000000e+00 0.000000000000000000e+00 0.000000000000000000e+00 4.370881126448860135e-03 2.421044995920542883e-04 2.782917664053054935e-03 4.391397235739212014e-03 0.000000000000000000e+00 0.000000000000000000e+00 0.000000000000000000e+00 2.238451387008614200e-03 4.913515398656974863e-03 2.966156597089820036e-03 4.390019293594702582e-03 0.000000000000000000e+00 0.000000000000000000e+00 0.000000000000000000e+00 4.772832450912331201e-03 3.386221817747974826e-03 1.892036625203720977e-03 6.313141748114965571e-05 4.104514654311141805e-03
0.000000000000000000e+00 1.683665977859107911e-03 0.000000000000000000e+00 0.000000000000000000e+00 2.839548447038502902e-03 0.000000000000000000e+00 2.473003398546298054e-03 3.901223524950249173e-03 0.000000000000000000e+00 0.000000000000000000e+00 0.000000000000000000e+00 0.000000000000000000e+00 2.268432708568714033e-03 2.431990104538679122e-03 4.491636263225760005e-03 2.077891874068559831e-03 0.000000000000000000e+00 0.000000000000000000e+00 0.000000000000000000e+00 1.779344384218670095e-03 8.108828545178249549e-04 2.386839427798569113e-03 3.660735991591493842e-03 0.000000000000000000e+00 3.145485037190145008e-03
7.291882079223557366e-04 1.338471031299086952e-03 3.301456422920393831e-04 2.602106227083652960e-03 0.000000000000000000e+00 0.000000000000000000e+00 3.023633987713063211e-03 0.000000000000000000e+00 4.390633382020787089e-03 1.217401160226372001e-04 0.000000000000000000e+00 0.000000000000000000e+00 2.929431018273392917e-03 4.144009139963573431e-03 1.435699291973741108e-03 2.519313190147502149e-04 4.849035740937167327e-03 0.000000000000000000e+00 0.000000000000000000e+00 7.261553553897713521e-04 1.660146714617933119e-04 0.000000000000000000e+00 1.975337066595030892e-03 0.000000000000000000e+00 1.077306771774118018e-03
2.519494404980937943e-04 1.553988857573123912e-03 0.000000000000000000e+00 2.141287112742318918e-03 0.000000000000000000e+00 0.000000000000000000e+00 2.456110981389533071e-03 0.000000000000000000e+00 0.000000000000000000e+00 0.000000000000000000e+00 0.000000000000000000e+00 3.667881723484096856e-03 7.060342677664490111e-04 2.467815789127750931e-03 3.921150088792862802e-03 0.000000000000000000e+00 2.273499199768075785e-03 0.000000000000000000e+00 7.801756941177527809e-04 0.000000000000000000e+00 4.784419001024230005e-03 0.000000000000000000e+00 3.579077512449836858e-03 0.000000000000000000e+00 0.000000000000000000e+00
0.000000000000000000e+00 0.000000000000000000e+00 2.232051109725507847e-03 3.586881230957942104e-03 2.147039400175452021e-04 5.210932627864226473e-04 0.000000000000000000e+00 3.634132756586902057e-03 0.000000000000000000e+00 0.000000000000000000e+00 0.000000000000000000e+00 0.000000000000000000e+00 4.820562971261542137e-03 4.886699718115537078e-03 0.000000000000000000e+00 0.000000000000000000e+00 0.000000000000000000e+00 2.768335598030623092e-03 3.667873576344452945e-03 5.020073089639218904e-04 0.000000000000000000e+00 6.327954271443353255e-04 0.000000000000000000e+00 0.000000000000000000e+00 1.092246453458841932e-03
0.000000000000000000e+00 0.000000000000000000e+00 3.152788990709874933e-03 0.000000000000000000e+00 0.000000000000000000e+00 4.821347190764001082e-03 1.163966636504582984e-03 2.705613081804982868e-03 0.000000000000000000e+00 2.888365831300341007e-03 0.000000000000000000e+00 0.000000000000000000e+00 0.000000000000000000e+00 4.993701102435710651e-04 0.000000000000000000e+00 1.420237406930095064e-03 1.837456668092185964e-04 4.021106956678641674e-03 3.680413176620936193e-03 0.000000000000000000e+00 2.150324156592926025e-03 0.000000000000000000e+00 6.235836353853607900e-04 2.097857727984838924e-03 2.982014295515863795e-03
4.880449195605982178e-03 0.000000000000000000e+00 0.000000000000000000e+00 0.000000000000000000e+00 0.000000000000000000e+00 0.000000000000000000e+00 0.000000000000000000e+00 0.000000000000000000e+00 3.187696500133564183e-03 0.000000000000000000e+00 0.000000000000000000e+00 4.347874520893458411e-03 0.000000000000000000e+00 0.000000000000000000e+00 2.510997199904065145e-03 0.000000000000000000e+00 2.922881312471795837e-03 0.000000000000000000e+00 1.052528364419513035e-05 7.429232187895548753e-04 0.000000000000000000e+00 0.000000000000000000e+00 1.076720200297546972e-03 0.000000000000000000e+00 1.536492634040560919e-03
2.089394051983611052e-03 0.000000000000000000e+00 0.000000000000000000e+00 0.000000000000000000e+00 0.000000000000000000e+00 2.729036195772696020e-03 0.000000000000000000e+00 0.000000000000000000e+00 0.000000000000000000e+00 0.000000000000000000e+00 4.948557104180742287e-03 0.000000000000000000e+00 3.191547636251256849e-03 2.894711273424097932e-03 0.000000000000000000e+00 0.000000000000000000e+00 0.000000000000000000e+00 2.273672992566925805e-03 3.858902188482860821e-03 1.605505323479199933e-03 0.000000000000000000e+00 4.046880318993553889e-03 0.000000000000000000e+00 0.000000000000000000e+00 3.413269204508535999e-03
3.155208746350580788e-04 0.000000000000000000e+00 0.000000000000000000e+00 1.520951963703426942e-03 2.510858675852005797e-03 0.000000000000000000e+00 1.547028800190787100e-03 3.557481519350643253e-04 0.000000000000000000e+00 1.800348727120381059e-03 2.385026315477373118e-03 3.986973729660436665e-03 3.010246291783110102e-03 1.727525806154482950e-03 4.668857262556350141e-03 0.000000000000000000e+00 3.120036986474201014e-03 3.148420057575273840e-03 1.031513167014479031e-03 0.000000000000000000e+00 4.998680483154487042e-03 0.000000000000000000e+00 1.333367369706356040e-03 0.000000000000000000e+00 3.682759558136094926e-03
0.000000000000000000e+00 9.430724182275035047e-04 1.612909412001794921e-03 0.000000000000000000e+00 4.538168673964171340e-03 3.786610365136383952e-03 0.000000000000000000e+00 0.000000000000000000e+00 4.718170844756511099e-03 0.000000000000000000e+00 2.242031576621689865e-04 1.318818248883243905e-03 5.339070051653845277e-04 8.685064643704583278e-04 4.558396845329394306e-03 1.806802652129111059e-03 2.824605884839237902e-03 3.792762053012503111e-03 2.964388870296122153e-03 2.854368694386702140e-03 2.527360953382462149e-03 2.031683695466700995e-03 4.256436832063099571e-03 4.483350623670737112e-03 2.966412163031438912e-03
0.000000000000000000e+00 0.000000000000000000e+00 0.000000000000000000e+00 2.634547787229742869e-03 4.553684859474565853e-03 2.964494100658121838e-03 0.000000000000000000e+00 0.000000000000000000e+00 4.808836767930069721e-03 0.000000000000000000e+00 0.000000000000000000e+00 0.000000000000000000e+00 1.105839471012303983e-03 0.000000000000000000e+00 0.000000000000000000e+00 2.248785223750234972e-04 1.734474838173403902e-03 0.000000000000000000e+00 0.000000000000000000e+00 0.000000000000000000e+00 0.000000000000000000e+00 0.000000000000000000e+00 0.000000000000000000e+00 0.000000000000000000e+00 0.000000000000000000e+00
3.121003782565173051e-03 0.000000000000000000e+00 0.000000000000000000e+00 4.085029789263926788e-04 1.234859403455370935e-03 3.470214829985972856e-03 2.356748610369702786e-03 1.334987404831801915e-03 4.099987691017472659e-03 0.000000000000000000e+00 0.000000000000000000e+00 0.000000000000000000e+00 0.000000000000000000e+00 0.000000000000000000e+00 0.000000000000000000e+00 4.931612775890745898e-03 2.643782733648776181e-03 0.000000000000000000e+00 4.225545891543495101e-03 0.000000000000000000e+00 0.000000000000000000e+00 0.000000000000000000e+00 3.277105217439992869e-03 2.547400617021623043e-03 0.000000000000000000e+00
4.877263393423261588e-03 0.000000000000000000e+00 0.000000000000000000e+00 4.617646378003694742e-03 0.000000000000000000e+00 0.000000000000000000e+00 0.000000000000000000e+00 0.000000000000000000e+00 0.000000000000000000e+00 2.765233412810477829e-03 2.836262271204478998e-03 0.000000000000000000e+00 0.000000000000000000e+00 0.000000000000000000e+00 3.777728455856698038e-03 0.000000000000000000e+00 0.000000000000000000e+00 3.787279181512241168e-03 1.891298614905315113e-04 0.000000000000000000e+00 1.273439531272098921e-03 4.888703778936439107e-03 0.000000000000000000e+00 0.000000000000000000e+00 2.892258237873971804e-03
2.273172584019289046e-03 0.000000000000000000e+00 0.000000000000000000e+00 0.000000000000000000e+00 3.940245497768880140e-03 0.000000000000000000e+00 0.000000000000000000e+00 0.000000000000000000e+00 0.000000000000000000e+00 0.000000000000000000e+00 2.920673548268552886e-03 4.099936424705810656e-03 3.828721553637603851e-03 0.000000000000000000e+00 0.000000000000000000e+00 3.420140701257626953e-03 2.312289881616546184e-03 4.663024682254992941e-03 0.000000000000000000e+00 0.000000000000000000e+00 2.994462686916808843e-03 0.000000000000000000e+00 2.283163077655490057e-03 0.000000000000000000e+00 1.712503214382805981e-03
3.483173894866560191e-03 8.360756316328197581e-04 0.000000000000000000e+00 0.000000000000000000e+00 0.000000000000000000e+00 0.000000000000000000e+00 0.000000000000000000e+00 1.656969358146148045e-03 4.552371470216428663e-03 3.559118628012944820e-04 0.000000000000000000e+00 0.000000000000000000e+00 0.000000000000000000e+00 0.000000000000000000e+00 0.000000000000000000e+00 0.000000000000000000e+00 9.953379924409167748e-04 2.847113755917043010e-03 0.000000000000000000e+00 1.322010925940918973e-03 4.382695286177100066e-03 4.967507688279335781e-03 2.407190219863142040e-03 3.080095045637532957e-03 1.671363608322975905e-03
2.178812834207296146e-03 1.727924370332506020e-03 1.940394025104487949e-03 3.756699133929791799e-03 0.000000000000000000e+00 0.000000000000000000e+00 1.269354239343344938e-03 0.000000000000000000e+00 0.000000000000000000e+00 0.000000000000000000e+00 0.000000000000000000e+00 3.995779069141422815e-04 0.000000000000000000e+00 0.000000000000000000e+00 2.858527267824169989e-03 2.545221836812095167e-03 0.000000000000000000e+00 0.000000000000000000e+00 0.000000000000000000e+00 0.000000000000000000e+00 0.000000000000000000e+00 3.443320692660479035e-03 1.187418880248898925e-03 3.279513008569356122e-03 0.000000000000000000e+00
4.049010133543732085e-04 1.780294234496427892e-03 2.125958618468775166e-03 0.000000000000000000e+00 0.000000000000000000e+00 3.214158269769025206e-03 3.132070515225921208e-03 1.663175339307335022e-04 0.000000000000000000e+00 1.791303708962923040e-03 4.347294693034417751e-04 3.032235995417706040e-03 1.211670037967975963e-03 1.737509980415621012e-03 0.000000000000000000e+00 0.000000000000000000e+00 0.000000000000000000e+00 4.661231995353186212e-03 7.567701113649473541e-04 6.398440045812302333e-04 3.494407799341803841e-03 3.832113331311318063e-03 1.164456973710852961e-03 4.048864005016383251e-03 2.772285872034386200e-04
0.000000000000000000e+00 0.000000000000000000e+00 5.638324584423582992e-04 0.000000000000000000e+00 0.000000000000000000e+00 0.000000000000000000e+00 0.000000000000000000e+00 1.692332413421702042e-04 4.069765985128256242e-03 0.000000000000000000e+00 2.612311950739981941e-03 0.000000000000000000e+00 0.000000000000000000e+00 0.000000000000000000e+00 1.787734363229927063e-03 0.000000000000000000e+00 0.000000000000000000e+00 0.000000000000000000e+00 2.996773760971719984e-03 4.879225353359038266e-03 0.000000000000000000e+00 0.000000000000000000e+00 0.000000000000000000e+00 0.000000000000000000e+00 6.982879018087758968e-06
3.498694818117209938e-03 0.000000000000000000e+00 9.041187278245311999e-04 3.461622381338801818e-03 4.832186726987506252e-03 0.000000000000000000e+00 0.000000000000000000e+00 2.540155392091206828e-03 1.512656788750480104e-03 3.649740101500913853e-03 0.000000000000000000e+00 0.000000000000000000e+00 4.754797729154612400e-03 0.000000000000000000e+00 4.761130644944235957e-04 0.000000000000000000e+00 2.934773240004268959e-03 4.495338209057811625e-03 0.000000000000000000e+00 0.000000000000000000e+00 0.000000000000000000e+00 0.000000000000000000e+00 8.550534640360243823e-04 2.743115355678555148e-03 4.192095950245977240e-03
