# File created on Mon Apr 29 00:46:41 2024
# The following metaparameters were used for this matrix optimization : gamma0 = 0.5; alpha0 = 0; sigma0 = 0.25; l0 = 1;p = 1; R0 = 1; S0 = 0.05; NR = 25; NS = 25; matrix path = matrices/Nr25_Nc25/consumption/RandTrix_Nr25_Nc25_Nest0.4_Conn0.3712.txt; convergence threshold = 1e-08
1.217359720962011e+00 0.000000000000000e+00 4.928541946525494e-01 0.000000000000000e+00 6.152046418098147e-01 0.000000000000000e+00 0.000000000000000e+00 7.579406681091935e-01 1.313099602960917e-01 0.000000000000000e+00 0.000000000000000e+00 0.000000000000000e+00 0.000000000000000e+00 0.000000000000000e+00 0.000000000000000e+00 0.000000000000000e+00 0.000000000000000e+00 0.000000000000000e+00 0.000000000000000e+00 7.847295931816659e-01 2.946834693734176e-01 2.069098078443615e-01 0.000000000000000e+00 6.452421106164233e-01 0.000000000000000e+00 
0.000000000000000e+00 0.000000000000000e+00 0.000000000000000e+00 0.000000000000000e+00 0.000000000000000e+00 0.000000000000000e+00 0.000000000000000e+00 0.000000000000000e+00 0.000000000000000e+00 0.000000000000000e+00 1.300181157025602e+00 0.000000000000000e+00 3.534790661056837e-01 0.000000000000000e+00 1.559126161962416e+00 0.000000000000000e+00 0.000000000000000e+00 8.339652930065076e-01 0.000000000000000e+00 0.000000000000000e+00 0.000000000000000e+00 1.023868891369302e+00 0.000000000000000e+00 0.000000000000000e+00 7.314824201700479e-01 
0.000000000000000e+00 7.449484859238768e-01 7.572369480575158e-01 9.059675324271683e-02 0.000000000000000e+00 0.000000000000000e+00 8.090897509369093e-01 0.000000000000000e+00 0.000000000000000e+00 0.000000000000000e+00 2.886877904209235e-01 0.000000000000000e+00 0.000000000000000e+00 8.631474158577690e-01 0.000000000000000e+00 0.000000000000000e+00 9.570532135806112e-01 0.000000000000000e+00 0.000000000000000e+00 0.000000000000000e+00 0.000000000000000e+00 0.000000000000000e+00 0.000000000000000e+00 0.000000000000000e+00 4.192640922918298e-01 
0.000000000000000e+00 0.000000000000000e+00 0.000000000000000e+00 1.148234408560426e+00 0.000000000000000e+00 0.000000000000000e+00 0.000000000000000e+00 0.000000000000000e+00 0.000000000000000e+00 0.000000000000000e+00 0.000000000000000e+00 0.000000000000000e+00 1.711459739224612e-01 0.000000000000000e+00 0.000000000000000e+00 6.967903321019717e-01 8.774544634249134e-01 0.000000000000000e+00 9.326251003388682e-01 5.111732089865238e-01 0.000000000000000e+00 0.000000000000000e+00 0.000000000000000e+00 2.116337455954092e+00 0.000000000000000e+00 
1.012660130950030e-01 0.000000000000000e+00 0.000000000000000e+00 4.284513506634939e-01 0.000000000000000e+00 0.000000000000000e+00 4.478137325259552e-01 0.000000000000000e+00 1.192875935874764e+00 1.088575207068316e+00 1.374914887491144e-01 0.000000000000000e+00 0.000000000000000e+00 0.000000000000000e+00 1.615280448684620e+00 0.000000000000000e+00 1.749672477643505e-01 0.000000000000000e+00 0.000000000000000e+00 0.000000000000000e+00 0.000000000000000e+00 0.000000000000000e+00 0.000000000000000e+00 3.906769663283463e-01 0.000000000000000e+00 
0.000000000000000e+00 0.000000000000000e+00 0.000000000000000e+00 0.000000000000000e+00 0.000000000000000e+00 0.000000000000000e+00 4.689163076317092e-01 0.000000000000000e+00 0.000000000000000e+00 1.691055256942692e+00 0.000000000000000e+00 0.000000000000000e+00 0.000000000000000e+00 8.441595504282022e-01 1.444381661986164e-01 0.000000000000000e+00 8.123664520271078e-01 0.000000000000000e+00 0.000000000000000e+00 4.117981570997559e-01 0.000000000000000e+00 0.000000000000000e+00 0.000000000000000e+00 0.000000000000000e+00 0.000000000000000e+00 
4.770183717999268e-01 3.391497001214436e-03 0.000000000000000e+00 0.000000000000000e+00 0.000000000000000e+00 0.000000000000000e+00 0.000000000000000e+00 0.000000000000000e+00 0.000000000000000e+00 0.000000000000000e+00 0.000000000000000e+00 3.846112347572351e-01 1.014796101289881e+00 1.738883307054930e-01 0.000000000000000e+00 1.320379106892665e+00 0.000000000000000e+00 0.000000000000000e+00 5.765416819604361e-01 0.000000000000000e+00 0.000000000000000e+00 0.000000000000000e+00 1.130928905565009e+00 0.000000000000000e+00 3.275119451677666e-01 
0.000000000000000e+00 3.950563684445537e-01 2.135091716510786e-01 0.000000000000000e+00 0.000000000000000e+00 0.000000000000000e+00 2.882597293389915e-01 0.000000000000000e+00 6.511226944069550e-01 0.000000000000000e+00 0.000000000000000e+00 0.000000000000000e+00 8.022332774701944e-01 0.000000000000000e+00 0.000000000000000e+00 1.299141737284081e+00 0.000000000000000e+00 1.269928170953871e-03 7.125093135430050e-01 0.000000000000000e+00 0.000000000000000e+00 0.000000000000000e+00 0.000000000000000e+00 0.000000000000000e+00 0.000000000000000e+00 
0.000000000000000e+00 0.000000000000000e+00 0.000000000000000e+00 4.040020812548630e-01 0.000000000000000e+00 0.000000000000000e+00 9.377990715124481e-01 1.151254430222917e+00 0.000000000000000e+00 0.000000000000000e+00 0.000000000000000e+00 7.231202212174297e-01 0.000000000000000e+00 0.000000000000000e+00 0.000000000000000e+00 1.102659310871844e+00 0.000000000000000e+00 0.000000000000000e+00 0.000000000000000e+00 0.000000000000000e+00 2.729946580282486e-01 0.000000000000000e+00 0.000000000000000e+00 0.000000000000000e+00 0.000000000000000e+00 
0.000000000000000e+00 0.000000000000000e+00 0.000000000000000e+00 1.424517225270431e+00 4.589407652990190e-01 0.000000000000000e+00 0.000000000000000e+00 2.346122493766992e-01 0.000000000000000e+00 0.000000000000000e+00 0.000000000000000e+00 0.000000000000000e+00 7.494459474115123e-01 5.034451553944249e-01 0.000000000000000e+00 0.000000000000000e+00 0.000000000000000e+00 0.000000000000000e+00 0.000000000000000e+00 7.082066469673108e-01 0.000000000000000e+00 5.523571356669296e-01 0.000000000000000e+00 0.000000000000000e+00 0.000000000000000e+00 
0.000000000000000e+00 9.242131688396871e-01 0.000000000000000e+00 0.000000000000000e+00 0.000000000000000e+00 0.000000000000000e+00 0.000000000000000e+00 0.000000000000000e+00 6.810954484957883e-01 0.000000000000000e+00 0.000000000000000e+00 0.000000000000000e+00 8.894560016385522e-01 0.000000000000000e+00 0.000000000000000e+00 2.593305559741226e-01 8.535788485971647e-01 6.868274367944542e-02 0.000000000000000e+00 1.280589671962041e-01 0.000000000000000e+00 0.000000000000000e+00 0.000000000000000e+00 0.000000000000000e+00 0.000000000000000e+00 
0.000000000000000e+00 0.000000000000000e+00 1.415409342791111e-01 0.000000000000000e+00 1.025796582848003e-01 0.000000000000000e+00 0.000000000000000e+00 0.000000000000000e+00 0.000000000000000e+00 0.000000000000000e+00 0.000000000000000e+00 0.000000000000000e+00 0.000000000000000e+00 0.000000000000000e+00 3.498782377306758e-01 4.348815025164459e-02 3.887854555188049e-01 1.031781170668539e+00 0.000000000000000e+00 1.244624426588335e+00 6.595078756481612e-01 8.192862592316530e-01 0.000000000000000e+00 7.827494252355814e-01 0.000000000000000e+00 
0.000000000000000e+00 6.899307422431360e-02 1.198528247852968e+00 0.000000000000000e+00 0.000000000000000e+00 0.000000000000000e+00 3.294343766456719e-01 0.000000000000000e+00 0.000000000000000e+00 1.069493795567278e+00 7.209222150150370e-01 0.000000000000000e+00 0.000000000000000e+00 0.000000000000000e+00 0.000000000000000e+00 0.000000000000000e+00 0.000000000000000e+00 0.000000000000000e+00 1.005836827676004e+00 0.000000000000000e+00 0.000000000000000e+00 0.000000000000000e+00 0.000000000000000e+00 0.000000000000000e+00 0.000000000000000e+00 
0.000000000000000e+00 0.000000000000000e+00 1.267917164562726e-01 0.000000000000000e+00 3.685490475570845e-01 0.000000000000000e+00 0.000000000000000e+00 9.436787346144902e-01 0.000000000000000e+00 9.206938431343245e-01 0.000000000000000e+00 0.000000000000000e+00 0.000000000000000e+00 0.000000000000000e+00 0.000000000000000e+00 2.402749923056086e-01 8.831149555270545e-01 1.228357281694244e-01 1.132340554915406e+00 0.000000000000000e+00 0.000000000000000e+00 0.000000000000000e+00 1.565721569513705e-01 0.000000000000000e+00 0.000000000000000e+00 
0.000000000000000e+00 0.000000000000000e+00 0.000000000000000e+00 4.686607422598574e-01 5.959604811098182e-01 0.000000000000000e+00 0.000000000000000e+00 0.000000000000000e+00 0.000000000000000e+00 3.587536488425352e-01 1.054551507001426e+00 4.148236786112763e-01 2.172462377267474e-01 0.000000000000000e+00 0.000000000000000e+00 0.000000000000000e+00 0.000000000000000e+00 0.000000000000000e+00 3.604637286404244e-01 1.006985802054106e+00 0.000000000000000e+00 0.000000000000000e+00 0.000000000000000e+00 0.000000000000000e+00 0.000000000000000e+00 
5.544999545468133e-01 0.000000000000000e+00 7.609385598642419e-01 0.000000000000000e+00 0.000000000000000e+00 4.416678836004546e-01 0.000000000000000e+00 0.000000000000000e+00 2.355722209361269e-01 0.000000000000000e+00 0.000000000000000e+00 0.000000000000000e+00 0.000000000000000e+00 3.713253991993873e-01 3.795614149595815e-01 6.916783655108968e-01 0.000000000000000e+00 7.878556297302609e-01 0.000000000000000e+00 0.000000000000000e+00 0.000000000000000e+00 0.000000000000000e+00 0.000000000000000e+00 0.000000000000000e+00 0.000000000000000e+00 
0.000000000000000e+00 4.674204599087844e-02 0.000000000000000e+00 1.448686671396564e+00 1.040629855848678e+00 0.000000000000000e+00 0.000000000000000e+00 1.059004476457421e+00 0.000000000000000e+00 0.000000000000000e+00 0.000000000000000e+00 0.000000000000000e+00 0.000000000000000e+00 0.000000000000000e+00 0.000000000000000e+00 0.000000000000000e+00 3.082813495170900e-01 0.000000000000000e+00 0.000000000000000e+00 0.000000000000000e+00 0.000000000000000e+00 0.000000000000000e+00 0.000000000000000e+00 0.000000000000000e+00 0.000000000000000e+00 
0.000000000000000e+00 1.072855892843906e+00 0.000000000000000e+00 2.357968444113858e-01 8.505400789694994e-02 1.212967706165626e-01 0.000000000000000e+00 0.000000000000000e+00 0.000000000000000e+00 0.000000000000000e+00 9.627774902403594e-03 4.077275124957893e-01 5.086197223568450e-01 0.000000000000000e+00 0.000000000000000e+00 5.657224102855345e-01 1.572341252414538e-01 0.000000000000000e+00 0.000000000000000e+00 1.267536531953359e+00 0.000000000000000e+00 0.000000000000000e+00 0.000000000000000e+00 1.555488902406743e-01 0.000000000000000e+00 
0.000000000000000e+00 0.000000000000000e+00 9.210895301018236e-01 0.000000000000000e+00 0.000000000000000e+00 0.000000000000000e+00 0.000000000000000e+00 2.015721028062463e-01 0.000000000000000e+00 7.594885221250916e-01 4.264504782726474e-01 0.000000000000000e+00 0.000000000000000e+00 0.000000000000000e+00 0.000000000000000e+00 0.000000000000000e+00 1.018632246795647e+00 3.791489520837758e-01 0.000000000000000e+00 0.000000000000000e+00 0.000000000000000e+00 0.000000000000000e+00 0.000000000000000e+00 0.000000000000000e+00 0.000000000000000e+00 
5.821471603471584e-01 0.000000000000000e+00 0.000000000000000e+00 0.000000000000000e+00 0.000000000000000e+00 0.000000000000000e+00 0.000000000000000e+00 0.000000000000000e+00 0.000000000000000e+00 1.233177571951142e+00 0.000000000000000e+00 0.000000000000000e+00 0.000000000000000e+00 1.629114982000045e-01 0.000000000000000e+00 0.000000000000000e+00 6.398816530252701e-01 0.000000000000000e+00 0.000000000000000e+00 0.000000000000000e+00 1.373485853891487e-01 0.000000000000000e+00 8.946218525539944e-02 0.000000000000000e+00 3.070639349450615e-02 
5.920084167642946e-01 0.000000000000000e+00 0.000000000000000e+00 0.000000000000000e+00 6.310726408985964e-02 0.000000000000000e+00 0.000000000000000e+00 8.566474978850942e-02 0.000000000000000e+00 2.048584918719092e-01 2.383824348612011e-01 4.105683942514927e-01 0.000000000000000e+00 1.141751372385976e+00 0.000000000000000e+00 0.000000000000000e+00 0.000000000000000e+00 4.306311400546974e-01 0.000000000000000e+00 0.000000000000000e+00 2.441310678365737e-01 0.000000000000000e+00 0.000000000000000e+00 4.550145636792473e-01 0.000000000000000e+00 
0.000000000000000e+00 0.000000000000000e+00 0.000000000000000e+00 3.684161375440613e-01 0.000000000000000e+00 0.000000000000000e+00 0.000000000000000e+00 1.000005065268144e+00 0.000000000000000e+00 0.000000000000000e+00 0.000000000000000e+00 0.000000000000000e+00 3.320558137708383e-01 0.000000000000000e+00 5.359752613082284e-01 0.000000000000000e+00 6.156222609724252e-01 0.000000000000000e+00 0.000000000000000e+00 6.659098366538333e-01 0.000000000000000e+00 0.000000000000000e+00 0.000000000000000e+00 0.000000000000000e+00 0.000000000000000e+00 
0.000000000000000e+00 0.000000000000000e+00 0.000000000000000e+00 0.000000000000000e+00 4.595950306074267e-01 0.000000000000000e+00 4.305870029827699e-01 6.119215025871827e-01 0.000000000000000e+00 0.000000000000000e+00 0.000000000000000e+00 0.000000000000000e+00 4.236685635286704e-01 0.000000000000000e+00 5.872857445029271e-01 0.000000000000000e+00 0.000000000000000e+00 0.000000000000000e+00 0.000000000000000e+00 0.000000000000000e+00 0.000000000000000e+00 2.552695913936178e-01 0.000000000000000e+00 0.000000000000000e+00 0.000000000000000e+00 
0.000000000000000e+00 5.113055596706667e-01 0.000000000000000e+00 1.015230553934859e+00 0.000000000000000e+00 0.000000000000000e+00 0.000000000000000e+00 0.000000000000000e+00 0.000000000000000e+00 0.000000000000000e+00 0.000000000000000e+00 0.000000000000000e+00 0.000000000000000e+00 5.536696260839291e-02 0.000000000000000e+00 0.000000000000000e+00 0.000000000000000e+00 7.914659407723929e-02 0.000000000000000e+00 0.000000000000000e+00 2.985144976189267e-01 0.000000000000000e+00 0.000000000000000e+00 0.000000000000000e+00 0.000000000000000e+00 
0.000000000000000e+00 0.000000000000000e+00 6.028551802382248e-01 0.000000000000000e+00 0.000000000000000e+00 0.000000000000000e+00 6.085807611572501e-01 0.000000000000000e+00 0.000000000000000e+00 1.202432524523130e-01 0.000000000000000e+00 0.000000000000000e+00 0.000000000000000e+00 0.000000000000000e+00 0.000000000000000e+00 0.000000000000000e+00 0.000000000000000e+00 0.000000000000000e+00 1.737092827594822e-01 0.000000000000000e+00 0.000000000000000e+00 0.000000000000000e+00 3.111587569308278e-01 5.668098972804158e-01 0.000000000000000e+00 