# # File created on Fri May 17 15:42:00 2024
#  # The following metaparameters were used for this matrix optimization : gamma0 = 0.5; alpha0 = 0; sigma0 = 0.25; l0 = 1;p = 1; R0 = 1; S0 = 0.05; NR = 25; NS = 25; matrix path = matrices/Nr25_Nc25/consumption/RandTrix_Nr25_Nc25_Nest0.1_Conn0.0816.txt; convergence threshold = 1e-08
# 
2.268408142634207041e-04 0.000000000000000000e+00 0.000000000000000000e+00 6.235132131683214464e-04 0.000000000000000000e+00 2.322330190373698196e-03 2.724662441888636016e-03 3.115439891151621041e-03 0.000000000000000000e+00 4.626139578727607102e-03 4.279058599644821291e-03 0.000000000000000000e+00 0.000000000000000000e+00 0.000000000000000000e+00 1.605861745115140906e-03 3.384084239426515817e-03 1.254487680564259989e-03 1.304218036232013917e-03 0.000000000000000000e+00 0.000000000000000000e+00 2.976025689966813915e-03 0.000000000000000000e+00 0.000000000000000000e+00 1.300475423412109999e-03 4.923582220549524956e-03
2.798394692751465188e-03 0.000000000000000000e+00 1.772598347058166072e-03 0.000000000000000000e+00 3.833974411759919106e-03 0.000000000000000000e+00 2.308064816868654178e-03 3.434063143692992186e-03 0.000000000000000000e+00 0.000000000000000000e+00 3.944428379188743162e-04 3.205849866253356138e-03 0.000000000000000000e+00 3.685261471282857797e-03 3.766804390030601031e-03 0.000000000000000000e+00 0.000000000000000000e+00 0.000000000000000000e+00 0.000000000000000000e+00 0.000000000000000000e+00 3.811171292972456107e-03 0.000000000000000000e+00 0.000000000000000000e+00 0.000000000000000000e+00 0.000000000000000000e+00
4.019114183918449761e-03 0.000000000000000000e+00 0.000000000000000000e+00 2.423470274678945005e-03 0.000000000000000000e+00 2.085929125261847157e-03 0.000000000000000000e+00 1.840919997716737892e-03 0.000000000000000000e+00 4.741012353958641221e-03 0.000000000000000000e+00 0.000000000000000000e+00 4.099236227387464786e-03 0.000000000000000000e+00 4.615640787265938919e-03 5.227804525554989677e-04 0.000000000000000000e+00 0.000000000000000000e+00 2.907933093974059136e-03 1.166596327066452042e-03 2.164080610143803186e-03 0.000000000000000000e+00 0.000000000000000000e+00 2.278795354235441020e-03 0.000000000000000000e+00
1.255212375762619929e-03 0.000000000000000000e+00 1.282878720108776094e-04 0.000000000000000000e+00 2.100922264447191001e-03 0.000000000000000000e+00 4.712055947436780655e-03 0.000000000000000000e+00 0.000000000000000000e+00 0.000000000000000000e+00 4.349268068315727091e-03 0.000000000000000000e+00 0.000000000000000000e+00 2.135163065857822919e-03 1.641625561815534054e-03 4.197910462094315079e-03 0.000000000000000000e+00 0.000000000000000000e+00 0.000000000000000000e+00 0.000000000000000000e+00 0.000000000000000000e+00 0.000000000000000000e+00 3.157398941441820830e-03 7.116088121152920826e-04 0.000000000000000000e+00
2.550100752118581848e-03 2.816954130406116880e-03 0.000000000000000000e+00 0.000000000000000000e+00 4.039699875632045932e-03 0.000000000000000000e+00 3.036454780217748978e-03 4.857812292269967323e-03 0.000000000000000000e+00 0.000000000000000000e+00 4.702932099308157129e-03 1.766268140530173961e-03 4.168975345634923571e-03 3.341475480352041998e-03 2.704334464687986085e-03 2.772183380373625071e-03 0.000000000000000000e+00 0.000000000000000000e+00 0.000000000000000000e+00 0.000000000000000000e+00 5.341514316040898861e-04 3.131611282151891117e-03 0.000000000000000000e+00 0.000000000000000000e+00 4.271604914114628636e-03
0.000000000000000000e+00 4.627685558541935230e-04 3.251494872384822106e-03 3.650243122859807895e-03 4.106364687539256798e-03 1.786759674311534955e-03 3.089909552500473924e-04 0.000000000000000000e+00 0.000000000000000000e+00 3.925179280013705793e-03 1.582915134408575042e-03 3.299677630930215183e-03 7.421156139671697535e-04 4.985350484145527859e-04 1.120685997361524919e-03 0.000000000000000000e+00 4.572632766709912658e-03 0.000000000000000000e+00 3.230953712700612886e-03 0.000000000000000000e+00 3.148015562551815128e-03 3.489242886446321983e-04 0.000000000000000000e+00 3.643386146981140127e-03 1.812131462501380972e-03
0.000000000000000000e+00 2.544793008410151103e-03 0.000000000000000000e+00 0.000000000000000000e+00 0.000000000000000000e+00 0.000000000000000000e+00 2.479810140333574883e-03 5.021125290533833300e-04 1.372384748173412043e-03 2.112170888915178030e-03 0.000000000000000000e+00 0.000000000000000000e+00 0.000000000000000000e+00 0.000000000000000000e+00 0.000000000000000000e+00 0.000000000000000000e+00 3.749762923167820200e-03 0.000000000000000000e+00 3.248084463761505801e-03 6.348970290459078668e-04 0.000000000000000000e+00 0.000000000000000000e+00 0.000000000000000000e+00 9.960176756736072081e-04 0.000000000000000000e+00
3.452032704332311827e-04 0.000000000000000000e+00 4.423523979949208970e-03 0.000000000000000000e+00 0.000000000000000000e+00 0.000000000000000000e+00 3.767537095885481902e-03 0.000000000000000000e+00 0.000000000000000000e+00 4.016735516513737607e-03 3.357484434985846811e-03 1.483690965591547006e-03 2.305752232408583152e-03 0.000000000000000000e+00 0.000000000000000000e+00 4.291008496276902187e-03 0.000000000000000000e+00 1.828374881265312909e-03 0.000000000000000000e+00 3.389524106007442070e-03 2.162375300336326085e-04 4.143304414535160969e-03 0.000000000000000000e+00 2.619465311602643069e-03 2.787151619556508825e-03
4.567422202375813825e-03 1.235601171712064072e-03 0.000000000000000000e+00 0.000000000000000000e+00 1.813653260688047027e-03 1.292266272287015015e-03 0.000000000000000000e+00 1.555641342316645050e-03 0.000000000000000000e+00 0.000000000000000000e+00 1.962165363279675962e-03 0.000000000000000000e+00 5.789606156326621445e-04 3.489600548476776837e-03 0.000000000000000000e+00 1.042754693588319060e-03 2.844798656045258861e-03 0.000000000000000000e+00 2.913922737992345833e-03 4.455211441701804193e-03 0.000000000000000000e+00 0.000000000000000000e+00 4.028206390532459123e-03 0.000000000000000000e+00 4.368739976746499609e-03
2.807609298525835101e-03 0.000000000000000000e+00 0.000000000000000000e+00 0.000000000000000000e+00 0.000000000000000000e+00 0.000000000000000000e+00 0.000000000000000000e+00 3.391779503239340104e-03 6.973306133691683020e-04 0.000000000000000000e+00 1.267221019338242124e-04 5.192065033611195255e-04 0.000000000000000000e+00 3.524104022612050812e-03 0.000000000000000000e+00 4.924854273068077909e-03 0.000000000000000000e+00 0.000000000000000000e+00 3.860576553877003835e-03 9.378250873141383824e-05 9.808223180817771537e-05 0.000000000000000000e+00 1.099053529926363000e-03 3.392882641108316017e-03 0.000000000000000000e+00
3.555599749677864057e-03 5.123487647295680084e-04 0.000000000000000000e+00 0.000000000000000000e+00 4.478085533767217630e-03 1.052472584713319906e-03 1.563331683954453022e-03 0.000000000000000000e+00 4.644743388746069845e-03 0.000000000000000000e+00 2.073437696258039094e-03 1.565065047644615933e-03 4.173575729237650848e-03 1.464770789243406094e-03 2.960829400682970201e-03 0.000000000000000000e+00 0.000000000000000000e+00 0.000000000000000000e+00 0.000000000000000000e+00 2.347798329438178892e-03 0.000000000000000000e+00 2.213451618128455065e-03 4.865127084212180972e-03 0.000000000000000000e+00 0.000000000000000000e+00
0.000000000000000000e+00 0.000000000000000000e+00 0.000000000000000000e+00 0.000000000000000000e+00 0.000000000000000000e+00 2.234768378829310193e-03 2.415148796013658842e-03 0.000000000000000000e+00 4.174732226742486883e-04 0.000000000000000000e+00 3.146014416951645881e-03 2.422503618898212089e-03 0.000000000000000000e+00 2.888608158282290894e-03 4.806946461424110167e-03 0.000000000000000000e+00 6.842872973414545210e-04 1.896589907175936975e-03 2.893986989990150922e-03 3.437826615343492036e-03 0.000000000000000000e+00 0.000000000000000000e+00 7.687502994638222399e-04 0.000000000000000000e+00 0.000000000000000000e+00
0.000000000000000000e+00 3.267041417514264089e-03 3.372701481530074145e-03 3.085395836800757050e-03 0.000000000000000000e+00 4.482689791063602415e-03 0.000000000000000000e+00 1.253897492781777100e-03 4.004693522081492763e-03 0.000000000000000000e+00 0.000000000000000000e+00 1.362826779753387001e-03 3.155803958916039015e-03 4.059779966589286380e-03 0.000000000000000000e+00 0.000000000000000000e+00 0.000000000000000000e+00 0.000000000000000000e+00 0.000000000000000000e+00 7.502659156294169457e-05 1.841961308163481961e-03 0.000000000000000000e+00 0.000000000000000000e+00 3.707901057986745172e-03 4.726118627405780613e-03
3.796573096628175215e-03 0.000000000000000000e+00 0.000000000000000000e+00 2.933269690950699067e-03 1.175895061966585010e-03 0.000000000000000000e+00 0.000000000000000000e+00 8.587560058279296261e-04 4.885968701464959117e-03 1.299095305802130907e-03 0.000000000000000000e+00 4.386551471768407144e-03 1.013651811882151097e-03 0.000000000000000000e+00 0.000000000000000000e+00 0.000000000000000000e+00 3.316823866147127105e-03 0.000000000000000000e+00 0.000000000000000000e+00 0.000000000000000000e+00 0.000000000000000000e+00 1.950048812802467925e-03 0.000000000000000000e+00 0.000000000000000000e+00 7.039916953692371832e-04
0.000000000000000000e+00 4.180010217700469259e-03 4.502873267547525919e-03 0.000000000000000000e+00 7.042391654227491251e-04 3.244451793985616271e-04 0.000000000000000000e+00 2.467548756692773074e-03 7.468521879511269904e-04 4.194618863727863321e-03 4.485873395474669102e-03 3.958056007098353750e-03 0.000000000000000000e+00 4.048018989316269980e-03 0.000000000000000000e+00 1.938164209734274035e-03 0.000000000000000000e+00 0.000000000000000000e+00 0.000000000000000000e+00 8.117131662116096194e-04 3.501756683891577016e-03 0.000000000000000000e+00 0.000000000000000000e+00 3.274452871335428901e-03 2.612664600163161141e-03
2.019899014784434007e-03 0.000000000000000000e+00 0.000000000000000000e+00 0.000000000000000000e+00 0.000000000000000000e+00 1.451676625911071071e-03 4.116383792833825869e-03 0.000000000000000000e+00 2.164742859144622947e-03 0.000000000000000000e+00 0.000000000000000000e+00 4.762179119800114338e-03 0.000000000000000000e+00 0.000000000000000000e+00 0.000000000000000000e+00 4.291713952573158325e-03 0.000000000000000000e+00 3.636195166457492807e-03 4.421383931123281860e-03 2.997801547831764786e-03 0.000000000000000000e+00 0.000000000000000000e+00 0.000000000000000000e+00 0.000000000000000000e+00 0.000000000000000000e+00
4.145147879334587851e-03 0.000000000000000000e+00 0.000000000000000000e+00 0.000000000000000000e+00 0.000000000000000000e+00 0.000000000000000000e+00 3.881234618641845983e-03 0.000000000000000000e+00 3.632783823096706784e-03 9.192286350931928407e-05 0.000000000000000000e+00 4.992128295284336235e-03 1.945767743130338997e-04 0.000000000000000000e+00 2.556994326287251058e-03 0.000000000000000000e+00 0.000000000000000000e+00 0.000000000000000000e+00 0.000000000000000000e+00 4.583915397400218673e-03 0.000000000000000000e+00 0.000000000000000000e+00 0.000000000000000000e+00 0.000000000000000000e+00 0.000000000000000000e+00
0.000000000000000000e+00 0.000000000000000000e+00 0.000000000000000000e+00 2.618652692415904086e-03 7.137563761933889009e-04 4.590036780492175693e-03 1.156213886580257895e-03 4.807917409428025431e-03 2.355631033772542880e-04 0.000000000000000000e+00 2.922211951296306131e-03 3.293000046859988900e-03 0.000000000000000000e+00 4.148816752660626148e-03 2.638878087641936127e-03 3.927252115460640181e-03 0.000000000000000000e+00 0.000000000000000000e+00 0.000000000000000000e+00 2.180586525633730101e-03 1.447572166184225937e-03 1.660369093788284945e-03 0.000000000000000000e+00 1.901204658300548059e-03 0.000000000000000000e+00
0.000000000000000000e+00 1.040346478058886900e-03 0.000000000000000000e+00 1.714261210616142925e-03 0.000000000000000000e+00 3.838922280987476163e-03 1.059077698923188053e-03 0.000000000000000000e+00 0.000000000000000000e+00 0.000000000000000000e+00 0.000000000000000000e+00 3.086766789660784147e-03 7.497279273526341907e-04 0.000000000000000000e+00 0.000000000000000000e+00 4.948350151177605821e-03 0.000000000000000000e+00 0.000000000000000000e+00 0.000000000000000000e+00 0.000000000000000000e+00 0.000000000000000000e+00 0.000000000000000000e+00 0.000000000000000000e+00 1.340198380768720934e-04 0.000000000000000000e+00
3.354418221123368817e-03 0.000000000000000000e+00 2.619761460599859867e-03 2.620213427917164085e-03 4.297725799415936729e-03 0.000000000000000000e+00 1.809086599475640900e-03 0.000000000000000000e+00 0.000000000000000000e+00 2.156360483375678854e-03 4.124106661302927128e-03 0.000000000000000000e+00 0.000000000000000000e+00 1.464541539298254034e-03 0.000000000000000000e+00 0.000000000000000000e+00 0.000000000000000000e+00 0.000000000000000000e+00 0.000000000000000000e+00 0.000000000000000000e+00 0.000000000000000000e+00 4.050929980540685961e-03 1.778114675815310091e-03 2.572721216447099862e-03 7.895672490379956540e-04
0.000000000000000000e+00 1.380803287512843936e-03 4.016531217943039751e-03 0.000000000000000000e+00 3.102244805278011903e-03 0.000000000000000000e+00 4.905869871073586727e-03 3.325915381584798949e-03 2.340955027559554064e-03 0.000000000000000000e+00 0.000000000000000000e+00 4.088948794786720180e-03 0.000000000000000000e+00 2.296066659235704039e-03 0.000000000000000000e+00 0.000000000000000000e+00 0.000000000000000000e+00 4.921457411555934906e-03 1.403864445339839985e-03 0.000000000000000000e+00 0.000000000000000000e+00 0.000000000000000000e+00 2.089840375020926132e-03 2.180658042041989930e-03 0.000000000000000000e+00
1.993388061851372999e-03 0.000000000000000000e+00 0.000000000000000000e+00 7.230461960305187242e-04 6.535890927849664434e-04 3.136054753166602101e-03 0.000000000000000000e+00 3.394215193540482157e-03 0.000000000000000000e+00 0.000000000000000000e+00 0.000000000000000000e+00 0.000000000000000000e+00 3.351170969115511143e-04 4.177375443034802953e-03 3.376320213897429211e-03 0.000000000000000000e+00 1.107881414082816009e-03 0.000000000000000000e+00 0.000000000000000000e+00 0.000000000000000000e+00 1.397747195033040898e-03 0.000000000000000000e+00 3.432259240580639182e-03 2.352639112912226996e-03 0.000000000000000000e+00
3.497415042565677791e-03 0.000000000000000000e+00 0.000000000000000000e+00 0.000000000000000000e+00 0.000000000000000000e+00 0.000000000000000000e+00 3.833030605687176053e-03 3.046411059223924113e-03 2.210994063810175873e-03 3.010048682402750170e-03 0.000000000000000000e+00 0.000000000000000000e+00 4.629390140146410690e-03 1.837079348051718014e-03 2.912189934403603894e-03 3.329505941983309028e-03 0.000000000000000000e+00 3.802836283777567827e-03 3.774114571615038143e-03 1.426987627890604965e-03 0.000000000000000000e+00 2.281562762974592793e-03 4.368940055008208034e-03 4.435476359790825216e-04 0.000000000000000000e+00
3.803418806507410151e-03 4.068988493988336293e-03 2.033050377720833132e-03 0.000000000000000000e+00 5.106112075210441931e-04 0.000000000000000000e+00 0.000000000000000000e+00 1.013065278736369982e-03 4.043805928392991966e-03 4.235801385104344223e-03 4.963098796509467746e-03 0.000000000000000000e+00 4.217924140780892651e-03 0.000000000000000000e+00 3.256249365641617800e-03 2.907660186097137112e-03 0.000000000000000000e+00 3.258703327271098189e-03 3.331961944651828152e-03 0.000000000000000000e+00 4.148559162588509944e-03 0.000000000000000000e+00 0.000000000000000000e+00 4.712662802571185132e-03 0.000000000000000000e+00
0.000000000000000000e+00 0.000000000000000000e+00 0.000000000000000000e+00 0.000000000000000000e+00 0.000000000000000000e+00 0.000000000000000000e+00 0.000000000000000000e+00 4.446605836675380195e-03 0.000000000000000000e+00 0.000000000000000000e+00 0.000000000000000000e+00 0.000000000000000000e+00 0.000000000000000000e+00 3.594245115277163935e-03 2.368460058581790210e-03 0.000000000000000000e+00 3.431239776620687021e-03 2.963461138686531251e-04 1.475947121518769083e-04 0.000000000000000000e+00 1.805158353697693867e-04 0.000000000000000000e+00 0.000000000000000000e+00 0.000000000000000000e+00 4.935060742296839241e-03
