# # File created on Fri May 17 15:42:00 2024
#  # The following metaparameters were used for this matrix optimization : gamma0 = 0.5; alpha0 = 0; sigma0 = 0.25; l0 = 1;p = 1; R0 = 1; S0 = 0.05; NR = 25; NS = 25; matrix path = matrices/Nr25_Nc25/consumption/RandTrix_Nr25_Nc25_Nest0.2_Conn0.0896.txt; convergence threshold = 1e-08
# 
4.272115400090879637e-03 2.337906499758022998e-03 2.828124134739065827e-03 0.000000000000000000e+00 2.644641208530916152e-03 3.928637361541770928e-03 3.424503203511845145e-03 0.000000000000000000e+00 0.000000000000000000e+00 3.933666988596487384e-03 4.839472197163127015e-03 0.000000000000000000e+00 0.000000000000000000e+00 1.387066359672165048e-03 2.425078888993457190e-03 0.000000000000000000e+00 0.000000000000000000e+00 0.000000000000000000e+00 0.000000000000000000e+00 3.993905128813309696e-03 0.000000000000000000e+00 8.863725639843712117e-04 0.000000000000000000e+00 0.000000000000000000e+00 1.680146394329310941e-03
0.000000000000000000e+00 0.000000000000000000e+00 3.766992156750703820e-03 9.410947105796468393e-04 4.456618461424056814e-03 7.827107685865510034e-04 0.000000000000000000e+00 0.000000000000000000e+00 8.965004020816028476e-05 1.676476934431597949e-03 0.000000000000000000e+00 0.000000000000000000e+00 0.000000000000000000e+00 0.000000000000000000e+00 2.905372800291532945e-03 7.517964885768290556e-04 0.000000000000000000e+00 4.881370076006335884e-04 4.623880930182815673e-03 1.764851061202322080e-03 1.155741627292005075e-03 3.352706750910411111e-03 4.202496934323275007e-03 0.000000000000000000e+00 6.015086173782942681e-04
2.808143374579278977e-03 1.322251390194416039e-03 0.000000000000000000e+00 0.000000000000000000e+00 9.769586519292351983e-04 3.866005469328400845e-03 4.296094529590709261e-03 4.285834203289800768e-04 1.558598014243841039e-04 4.043889305559600247e-04 0.000000000000000000e+00 2.659215670577824969e-03 0.000000000000000000e+00 1.887755304835197958e-03 1.492660741047840967e-03 0.000000000000000000e+00 4.572321403983539180e-03 9.112164088203902586e-04 0.000000000000000000e+00 4.131659912204155294e-03 0.000000000000000000e+00 8.032177901190193153e-04 1.536393626086749982e-03 2.935094277662727734e-04 0.000000000000000000e+00
0.000000000000000000e+00 4.885658710150241535e-04 0.000000000000000000e+00 2.578749920620135977e-04 2.483357578158063798e-03 0.000000000000000000e+00 0.000000000000000000e+00 0.000000000000000000e+00 0.000000000000000000e+00 3.678880675026796870e-03 8.820067334401871222e-04 7.795771486623499476e-04 4.833461922008219606e-03 2.723912308852874040e-03 0.000000000000000000e+00 5.312397735338168347e-04 4.649047941278143005e-03 6.668091938787082049e-04 4.085247169818874424e-03 6.543093871654759482e-04 1.873077392957490017e-03 0.000000000000000000e+00 2.383214460380601949e-03 3.310720853186028948e-04 1.355064781987368964e-03
0.000000000000000000e+00 3.417343369230974124e-03 4.979837826880592405e-04 1.065083326142563999e-03 0.000000000000000000e+00 0.000000000000000000e+00 0.000000000000000000e+00 7.142251185831580227e-04 4.991318318909321056e-04 5.037949957324822613e-04 1.163812811990640054e-03 0.000000000000000000e+00 0.000000000000000000e+00 4.056587401901482100e-03 0.000000000000000000e+00 3.002920791780848853e-03 2.701552297377405004e-04 0.000000000000000000e+00 0.000000000000000000e+00 4.864757938685812175e-04 0.000000000000000000e+00 5.171210026604519889e-04 2.553351585999588842e-03 0.000000000000000000e+00 0.000000000000000000e+00
3.998895995933426581e-03 0.000000000000000000e+00 0.000000000000000000e+00 0.000000000000000000e+00 0.000000000000000000e+00 2.941991548835377890e-03 2.860764533047448210e-03 0.000000000000000000e+00 0.000000000000000000e+00 0.000000000000000000e+00 4.877951245330523419e-03 2.124306637311927908e-03 2.470024835430826866e-03 2.426416151618007895e-03 4.269289061483489203e-03 2.331218511948735059e-03 5.486323192887658518e-04 1.551715252208095940e-03 3.274868685981963947e-04 0.000000000000000000e+00 0.000000000000000000e+00 3.620603783598820829e-03 0.000000000000000000e+00 9.098932029165939525e-04 0.000000000000000000e+00
4.241802420230170352e-03 2.363306509905328812e-03 0.000000000000000000e+00 0.000000000000000000e+00 1.000915194678036937e-04 0.000000000000000000e+00 0.000000000000000000e+00 0.000000000000000000e+00 4.306527470992384948e-03 3.794917403112496156e-03 0.000000000000000000e+00 0.000000000000000000e+00 0.000000000000000000e+00 7.814105172602447968e-04 0.000000000000000000e+00 0.000000000000000000e+00 4.180158408018271737e-03 0.000000000000000000e+00 1.063800274242972027e-03 1.420012649439259976e-03 0.000000000000000000e+00 2.856352065484379140e-03 0.000000000000000000e+00 0.000000000000000000e+00 6.247374719000457245e-04
1.150388017765729959e-04 0.000000000000000000e+00 2.466895837705858005e-03 0.000000000000000000e+00 4.549125641351161632e-03 3.781385022563537798e-03 6.193579004201239455e-04 0.000000000000000000e+00 4.948283077543734823e-03 0.000000000000000000e+00 0.000000000000000000e+00 1.078036406357346091e-03 0.000000000000000000e+00 0.000000000000000000e+00 0.000000000000000000e+00 0.000000000000000000e+00 1.277586965480516108e-03 8.096169630147533177e-04 5.703584222240598361e-04 0.000000000000000000e+00 5.545648443985316855e-04 1.843899126964441103e-03 0.000000000000000000e+00 9.213204689917408371e-04 1.879875636779869972e-03
0.000000000000000000e+00 4.728350852835070880e-03 4.019979676714260063e-03 4.238581803030249881e-03 1.045940560494537045e-03 0.000000000000000000e+00 0.000000000000000000e+00 0.000000000000000000e+00 4.978917141774764910e-03 4.949935106708490276e-04 0.000000000000000000e+00 0.000000000000000000e+00 4.103620531376942111e-03 0.000000000000000000e+00 1.379725489410652027e-03 0.000000000000000000e+00 0.000000000000000000e+00 0.000000000000000000e+00 3.224597660217774168e-03 2.260043470460161054e-03 3.770612540050483183e-04 9.712949546510263495e-04 3.307596440390098841e-03 0.000000000000000000e+00 2.257124395468702166e-03
1.966021830839252086e-03 3.202219363024077017e-03 1.063890625266389941e-03 0.000000000000000000e+00 6.535721679316299155e-04 9.186987337001637942e-04 1.923395392241277055e-03 3.721443019490097964e-03 4.658840534206653769e-03 3.523028404236404863e-03 0.000000000000000000e+00 1.159883355333158006e-04 4.480058897340302194e-03 0.000000000000000000e+00 3.203092279454122868e-03 0.000000000000000000e+00 0.000000000000000000e+00 0.000000000000000000e+00 0.000000000000000000e+00 0.000000000000000000e+00 0.000000000000000000e+00 1.074794739783343969e-04 4.197270154217013632e-03 0.000000000000000000e+00 4.579164076528361056e-03
0.000000000000000000e+00 1.387910827913878958e-03 2.682445920804795141e-03 0.000000000000000000e+00 0.000000000000000000e+00 0.000000000000000000e+00 4.942068838176050249e-03 0.000000000000000000e+00 0.000000000000000000e+00 0.000000000000000000e+00 3.667254394174162928e-03 3.804603640850633128e-03 0.000000000000000000e+00 0.000000000000000000e+00 4.044368665066852726e-03 4.942926225567944795e-03 4.032242399458238306e-03 0.000000000000000000e+00 0.000000000000000000e+00 0.000000000000000000e+00 0.000000000000000000e+00 2.728545543942016184e-03 0.000000000000000000e+00 0.000000000000000000e+00 1.280863551770471901e-03
4.433529509548452333e-03 2.264644102025749025e-04 0.000000000000000000e+00 0.000000000000000000e+00 4.890755564954963122e-03 0.000000000000000000e+00 0.000000000000000000e+00 2.386529197255544878e-03 3.718036601139513252e-04 1.676406358711943038e-03 3.388956254517515830e-03 0.000000000000000000e+00 4.439255388968808141e-03 2.689331853060336012e-03 0.000000000000000000e+00 0.000000000000000000e+00 2.025586627470024083e-03 3.491525113536563061e-03 2.835590569277806131e-03 3.292514992284713889e-03 4.843509395812312796e-03 3.093802301815583040e-03 0.000000000000000000e+00 0.000000000000000000e+00 0.000000000000000000e+00
4.792898212332808751e-03 0.000000000000000000e+00 0.000000000000000000e+00 0.000000000000000000e+00 0.000000000000000000e+00 1.726065793833525108e-03 0.000000000000000000e+00 0.000000000000000000e+00 4.490412126334230886e-04 6.558330324476003594e-04 4.299715087055715028e-03 1.705012958218822972e-03 3.558549915931670179e-03 0.000000000000000000e+00 2.081074996288556026e-03 3.425254365252631931e-03 0.000000000000000000e+00 0.000000000000000000e+00 9.757751966958779161e-04 0.000000000000000000e+00 0.000000000000000000e+00 0.000000000000000000e+00 3.483755566379760204e-03 0.000000000000000000e+00 4.639465967950360224e-03
0.000000000000000000e+00 1.444397218500522059e-05 0.000000000000000000e+00 2.240837695938602129e-04 0.000000000000000000e+00 0.000000000000000000e+00 0.000000000000000000e+00 2.420921858314529183e-03 1.618102946746560007e-03 0.000000000000000000e+00 0.000000000000000000e+00 0.000000000000000000e+00 0.000000000000000000e+00 0.000000000000000000e+00 0.000000000000000000e+00 0.000000000000000000e+00 4.873175763740544321e-03 0.000000000000000000e+00 4.971519026623167845e-03 0.000000000000000000e+00 0.000000000000000000e+00 2.175575071670798107e-03 1.955164505494660140e-03 0.000000000000000000e+00 3.338471435426771002e-03
4.729019598362257416e-03 8.264290571371422922e-04 0.000000000000000000e+00 1.592361551500524105e-03 3.648439767003368219e-04 0.000000000000000000e+00 1.315560964968885086e-03 4.071570482334910777e-03 0.000000000000000000e+00 1.706879022032837048e-03 0.000000000000000000e+00 0.000000000000000000e+00 0.000000000000000000e+00 0.000000000000000000e+00 2.755214644920843045e-03 3.688905179945901197e-03 1.572060846838917040e-03 4.981814121823240071e-03 3.967342927872256897e-03 0.000000000000000000e+00 0.000000000000000000e+00 0.000000000000000000e+00 0.000000000000000000e+00 0.000000000000000000e+00 0.000000000000000000e+00
2.740142719362446012e-03 0.000000000000000000e+00 4.481635097803342120e-03 1.900582109708828012e-03 0.000000000000000000e+00 4.786223776630717242e-03 0.000000000000000000e+00 1.310985429202026972e-03 0.000000000000000000e+00 0.000000000000000000e+00 0.000000000000000000e+00 0.000000000000000000e+00 3.895252669918449281e-05 3.738107685989170911e-03 4.618643295546360356e-03 2.341017056632580060e-03 1.308661229584147075e-03 0.000000000000000000e+00 0.000000000000000000e+00 2.492033407052209916e-03 4.520281604854046315e-03 4.162545550658537999e-03 3.792731097627222853e-03 4.074001184842285955e-04 4.940873872985714239e-03
1.296873377027418003e-03 0.000000000000000000e+00 0.000000000000000000e+00 0.000000000000000000e+00 4.252145509302406381e-03 1.651077043282007028e-03 0.000000000000000000e+00 2.262520592305083955e-03 3.432706248388802794e-03 0.000000000000000000e+00 0.000000000000000000e+00 0.000000000000000000e+00 0.000000000000000000e+00 5.056742894461772149e-04 0.000000000000000000e+00 1.870015794229798944e-03 1.484024820429337985e-03 0.000000000000000000e+00 0.000000000000000000e+00 0.000000000000000000e+00 0.000000000000000000e+00 4.571041913213031750e-03 4.965580381360286920e-03 0.000000000000000000e+00 0.000000000000000000e+00
2.240829651416074032e-03 0.000000000000000000e+00 3.880448544260012918e-04 0.000000000000000000e+00 3.485674426698255092e-03 0.000000000000000000e+00 9.643796125940426759e-04 0.000000000000000000e+00 2.075220311697277813e-03 8.578750668232253606e-04 4.563515078788903112e-03 0.000000000000000000e+00 0.000000000000000000e+00 8.057648438145220996e-04 3.644830374352443845e-04 0.000000000000000000e+00 2.180335857834135149e-03 7.040039113813342537e-04 0.000000000000000000e+00 1.997813460546768883e-03 3.332409050711475102e-03 1.200597286613862931e-03 2.920287947458711023e-03 0.000000000000000000e+00 0.000000000000000000e+00
2.968577130550288917e-03 7.996725266329017534e-04 1.192296601957102894e-03 0.000000000000000000e+00 1.907353100795961074e-03 0.000000000000000000e+00 0.000000000000000000e+00 0.000000000000000000e+00 4.009750879757664581e-03 2.416479558860532961e-03 2.757869546189996041e-03 0.000000000000000000e+00 0.000000000000000000e+00 2.147494933987427988e-03 0.000000000000000000e+00 0.000000000000000000e+00 0.000000000000000000e+00 3.290847310351870027e-03 3.503543127910800029e-03 3.376894581826152004e-03 1.257130444451876961e-03 0.000000000000000000e+00 0.000000000000000000e+00 0.000000000000000000e+00 4.861734017507817612e-03
0.000000000000000000e+00 4.076310445353959963e-03 4.481983752667085055e-03 0.000000000000000000e+00 0.000000000000000000e+00 0.000000000000000000e+00 0.000000000000000000e+00 0.000000000000000000e+00 1.579882460156564012e-03 0.000000000000000000e+00 0.000000000000000000e+00 1.090569659075726937e-03 0.000000000000000000e+00 4.671657424778118752e-05 0.000000000000000000e+00 0.000000000000000000e+00 2.100662701453342995e-03 4.742587898189863996e-03 0.000000000000000000e+00 3.483541901545145984e-03 4.139903163198721363e-03 0.000000000000000000e+00 3.387158974557396944e-03 2.198260457806737889e-03 0.000000000000000000e+00
0.000000000000000000e+00 7.825246622846980754e-05 4.002403973155283651e-03 2.852826951255479915e-03 1.594352572520933058e-03 4.529761550834158872e-03 2.271748318853814962e-03 0.000000000000000000e+00 0.000000000000000000e+00 0.000000000000000000e+00 0.000000000000000000e+00 0.000000000000000000e+00 0.000000000000000000e+00 4.413213271981026274e-03 0.000000000000000000e+00 0.000000000000000000e+00 0.000000000000000000e+00 4.181261983187150102e-03 5.728429070102335771e-04 3.137541354744859991e-03 3.536977161998835963e-03 4.631894300022854766e-03 0.000000000000000000e+00 3.129082556542680908e-03 0.000000000000000000e+00
0.000000000000000000e+00 0.000000000000000000e+00 8.878714698305676094e-04 3.512473975694570174e-03 0.000000000000000000e+00 0.000000000000000000e+00 1.884100899685866920e-03 3.706610873956238048e-03 0.000000000000000000e+00 1.211252091879666103e-03 4.366946983959926797e-04 0.000000000000000000e+00 4.748578457912698038e-03 0.000000000000000000e+00 3.509540444083230921e-03 0.000000000000000000e+00 4.536908102553711269e-03 8.020309975043180949e-04 0.000000000000000000e+00 0.000000000000000000e+00 1.189170398170222081e-03 5.643575059719202090e-04 2.190405529017070037e-03 0.000000000000000000e+00 2.649691534127631906e-03
0.000000000000000000e+00 4.693492827390725007e-03 2.662386176021519935e-03 1.424212563508585067e-03 4.839401696864602601e-03 0.000000000000000000e+00 4.219878517853068410e-03 1.989837543041913029e-03 0.000000000000000000e+00 4.849692635190862647e-03 1.601988152718391905e-03 0.000000000000000000e+00 0.000000000000000000e+00 4.629566409519803374e-03 2.289923963875825207e-03 3.407474046662460100e-03 1.942465740690894893e-03 3.376036375859859089e-03 4.614225633623443112e-04 5.721799353409830766e-04 0.000000000000000000e+00 1.567786050510177037e-03 2.949699504198073988e-03 2.147832127921475188e-03 4.058375503630475998e-04
2.700824252971021841e-03 0.000000000000000000e+00 0.000000000000000000e+00 4.009037257126040962e-03 0.000000000000000000e+00 3.822234208346186098e-03 9.348453453235231522e-04 0.000000000000000000e+00 4.364439747723988967e-03 2.444760830258521796e-04 0.000000000000000000e+00 3.463944004180619009e-03 3.175113855937169906e-03 8.442200074163200719e-04 0.000000000000000000e+00 4.128283136262236690e-03 4.444648498267259745e-03 0.000000000000000000e+00 2.647473378380684871e-03 1.045458115547558912e-03 0.000000000000000000e+00 0.000000000000000000e+00 2.018641391403095103e-03 2.963605217562979149e-03 7.153489848231353501e-04
4.949255723579190983e-03 1.559403072485635066e-04 4.996434401756977848e-04 0.000000000000000000e+00 4.593015244135129418e-03 0.000000000000000000e+00 0.000000000000000000e+00 0.000000000000000000e+00 0.000000000000000000e+00 0.000000000000000000e+00 3.269228645215185858e-03 0.000000000000000000e+00 0.000000000000000000e+00 0.000000000000000000e+00 0.000000000000000000e+00 0.000000000000000000e+00 0.000000000000000000e+00 0.000000000000000000e+00 0.000000000000000000e+00 5.920892704410298836e-04 0.000000000000000000e+00 0.000000000000000000e+00 0.000000000000000000e+00 0.000000000000000000e+00 3.132626570913407812e-04
