# # File created on Fri May 17 15:41:56 2024
#  # The following metaparameters were used for this matrix optimization : gamma0 = 0.5; alpha0 = 0; sigma0 = 0.25; l0 = 1;p = 1; R0 = 1; S0 = 0.05; NR = 25; NS = 25; matrix path = matrices/Nr25_Nc25/consumption/RandTrix_Nr25_Nc25_Nest0.3_Conn0.128.txt; convergence threshold = 1e-08
# 
3.207621310821723954e-04 4.324117830206143133e-03 1.371063131712722111e-04 1.496693379890080009e-03 4.029049821210229851e-03 0.000000000000000000e+00 2.998994813612722819e-03 0.000000000000000000e+00 0.000000000000000000e+00 1.352136388674261055e-03 0.000000000000000000e+00 3.956404684700149180e-03 6.139649289640374680e-04 0.000000000000000000e+00 1.095982794388594087e-03 0.000000000000000000e+00 0.000000000000000000e+00 2.973327046032419197e-03 1.683549056296940964e-03 0.000000000000000000e+00 4.122250127718518099e-03 3.509620527098955816e-03 3.832396694279142924e-03 0.000000000000000000e+00 0.000000000000000000e+00
0.000000000000000000e+00 2.610833383711872076e-03 1.755035332928435964e-03 2.490030937133810070e-03 4.542221610726563871e-03 9.005144809450758023e-04 1.820132139499807018e-03 2.423572807070872945e-03 2.486548141204453829e-03 0.000000000000000000e+00 3.343564101933844002e-03 1.443181667001290983e-03 1.156856151300788898e-03 0.000000000000000000e+00 0.000000000000000000e+00 0.000000000000000000e+00 0.000000000000000000e+00 0.000000000000000000e+00 2.781537556814442166e-05 0.000000000000000000e+00 0.000000000000000000e+00 0.000000000000000000e+00 5.522220344228453244e-04 0.000000000000000000e+00 3.101594180695211016e-03
3.107041069826651028e-03 5.800941087904732318e-04 6.104671986422053947e-04 0.000000000000000000e+00 0.000000000000000000e+00 0.000000000000000000e+00 0.000000000000000000e+00 0.000000000000000000e+00 0.000000000000000000e+00 4.268900573689766650e-03 4.353693122956655767e-04 0.000000000000000000e+00 3.686843741948604095e-03 0.000000000000000000e+00 6.316461699644290359e-05 0.000000000000000000e+00 1.784403447219719101e-03 0.000000000000000000e+00 0.000000000000000000e+00 2.352972726558497010e-03 0.000000000000000000e+00 2.425138584327555819e-03 0.000000000000000000e+00 2.474493369631371870e-03 7.909344044873710335e-05
4.313948450079650374e-03 0.000000000000000000e+00 4.846402224920853298e-03 0.000000000000000000e+00 3.588097707105952945e-03 1.277660800300724903e-04 1.946795530425281901e-03 7.628482948738898439e-04 2.413355633107473839e-03 0.000000000000000000e+00 2.140054219261458991e-03 0.000000000000000000e+00 5.207735238345850663e-04 4.826137876403091033e-03 0.000000000000000000e+00 4.720902049079408851e-03 3.797468955031012196e-03 0.000000000000000000e+00 3.150731596947514788e-03 3.824357387639940129e-03 0.000000000000000000e+00 4.415615833738677394e-03 1.984440415802848825e-03 3.323299468656974818e-03 0.000000000000000000e+00
3.551846339730420875e-03 0.000000000000000000e+00 3.699112702449789802e-03 0.000000000000000000e+00 0.000000000000000000e+00 0.000000000000000000e+00 0.000000000000000000e+00 3.433371269634433870e-03 3.106110869711940087e-03 4.591479820306524837e-03 0.000000000000000000e+00 0.000000000000000000e+00 6.460041698392207481e-04 4.308404017890187648e-03 4.575804230920870255e-03 1.441478571808993978e-03 1.083623689323353094e-03 0.000000000000000000e+00 1.812854127263172901e-03 4.440765871078949587e-03 0.000000000000000000e+00 0.000000000000000000e+00 0.000000000000000000e+00 2.561044022915800068e-03 8.453619166069556868e-04
0.000000000000000000e+00 7.095341020007481800e-04 3.862340399199676918e-03 0.000000000000000000e+00 3.923710674470435623e-03 0.000000000000000000e+00 0.000000000000000000e+00 0.000000000000000000e+00 1.885916854332552904e-03 4.824518565956887120e-03 4.856266448875490305e-03 5.804389820602017837e-04 0.000000000000000000e+00 1.051539634019142948e-03 2.532996496365516863e-03 6.148596435286184580e-04 4.423704849203485834e-03 0.000000000000000000e+00 2.069966703692519092e-03 4.791155826658886376e-03 0.000000000000000000e+00 1.729798913038996027e-03 1.589018697105737919e-03 4.035023489122828606e-03 0.000000000000000000e+00
0.000000000000000000e+00 0.000000000000000000e+00 3.736904291706037891e-03 0.000000000000000000e+00 0.000000000000000000e+00 3.217773861351407028e-03 1.214265284742576051e-03 4.661041494569789952e-03 0.000000000000000000e+00 1.549051243147416988e-03 0.000000000000000000e+00 2.842802899298437977e-03 0.000000000000000000e+00 9.038827371341098520e-06 1.460706441776849027e-03 3.544734477131068068e-03 0.000000000000000000e+00 2.399601379799835149e-03 0.000000000000000000e+00 0.000000000000000000e+00 4.896883331468314914e-03 0.000000000000000000e+00 0.000000000000000000e+00 0.000000000000000000e+00 4.493669757621154663e-03
4.455567801057760610e-03 2.717287347192171802e-03 0.000000000000000000e+00 1.356843420114879021e-03 3.823170688533778904e-03 3.396510347155187130e-03 0.000000000000000000e+00 4.209567110167588590e-03 2.997064453313929167e-03 0.000000000000000000e+00 0.000000000000000000e+00 0.000000000000000000e+00 4.477317081798297058e-03 0.000000000000000000e+00 0.000000000000000000e+00 0.000000000000000000e+00 0.000000000000000000e+00 1.243790524862763971e-03 0.000000000000000000e+00 3.538124580723701895e-04 0.000000000000000000e+00 3.521726125277927118e-03 0.000000000000000000e+00 0.000000000000000000e+00 0.000000000000000000e+00
4.468476943718000319e-03 2.635392038386255836e-03 2.811359670136786160e-03 6.235290552313915626e-04 1.588205533586667991e-03 2.220519687785779076e-03 0.000000000000000000e+00 8.254950545435495645e-04 1.981081356590314881e-04 8.945414119385853473e-04 0.000000000000000000e+00 2.055674250388668956e-03 0.000000000000000000e+00 0.000000000000000000e+00 0.000000000000000000e+00 0.000000000000000000e+00 2.584817073876154864e-03 0.000000000000000000e+00 0.000000000000000000e+00 3.156990849056713969e-03 4.723714933534743816e-03 0.000000000000000000e+00 0.000000000000000000e+00 0.000000000000000000e+00 4.049182126299576828e-03
3.530466240105526073e-03 1.571415801326189049e-03 4.881274886406343949e-04 3.484826795827598162e-03 4.880537665781365698e-03 0.000000000000000000e+00 0.000000000000000000e+00 7.946871405001223630e-04 3.832365506374097938e-03 3.041240473451342977e-03 4.070809216294339096e-03 0.000000000000000000e+00 1.972496056090412061e-03 4.733795351752966875e-03 0.000000000000000000e+00 4.087294731823312016e-03 2.683931878597035914e-03 0.000000000000000000e+00 0.000000000000000000e+00 1.878558033002438897e-03 0.000000000000000000e+00 0.000000000000000000e+00 2.745324203539754870e-03 6.320725364596551429e-04 2.750848110691620982e-03
3.558252644461107231e-04 1.094504501868400945e-04 0.000000000000000000e+00 0.000000000000000000e+00 3.735661525790019959e-03 3.419619939968812248e-04 0.000000000000000000e+00 0.000000000000000000e+00 1.256943076958876016e-04 3.852175532010657967e-03 0.000000000000000000e+00 0.000000000000000000e+00 0.000000000000000000e+00 1.055090573257793079e-03 4.091595685838655787e-03 5.693585875161427841e-04 3.511708095765304211e-03 0.000000000000000000e+00 2.834702286865849793e-03 3.186027997658011889e-03 0.000000000000000000e+00 2.238482785160170793e-03 3.493987180889880704e-05 3.596779649786652037e-03 0.000000000000000000e+00
4.524172546324831644e-03 4.083140174057293178e-04 0.000000000000000000e+00 0.000000000000000000e+00 1.147945587063013044e-03 0.000000000000000000e+00 1.862576824541306011e-03 2.107750986843466134e-03 3.129870862097251100e-03 0.000000000000000000e+00 0.000000000000000000e+00 4.504590597798905152e-03 0.000000000000000000e+00 1.608572176872445029e-03 0.000000000000000000e+00 3.674311439029690190e-03 2.181945599825423944e-03 0.000000000000000000e+00 0.000000000000000000e+00 1.816164733740973898e-03 4.327941502594631791e-03 0.000000000000000000e+00 0.000000000000000000e+00 4.139523150657221928e-03 0.000000000000000000e+00
3.709165178663785100e-03 0.000000000000000000e+00 0.000000000000000000e+00 0.000000000000000000e+00 1.693788718979362048e-03 0.000000000000000000e+00 0.000000000000000000e+00 2.180549747565963935e-03 0.000000000000000000e+00 0.000000000000000000e+00 0.000000000000000000e+00 4.731889190167732663e-03 4.886393726977364751e-03 0.000000000000000000e+00 0.000000000000000000e+00 1.886879844718323011e-03 5.116421605297355327e-04 3.116113826316668951e-03 1.135159707726336037e-03 0.000000000000000000e+00 7.287590206933167907e-04 0.000000000000000000e+00 0.000000000000000000e+00 2.589653952680839085e-03 0.000000000000000000e+00
3.162805028744383805e-04 0.000000000000000000e+00 0.000000000000000000e+00 0.000000000000000000e+00 1.761428565706837056e-03 0.000000000000000000e+00 1.008057419667405998e-03 0.000000000000000000e+00 0.000000000000000000e+00 4.833875379371985713e-03 0.000000000000000000e+00 0.000000000000000000e+00 0.000000000000000000e+00 0.000000000000000000e+00 0.000000000000000000e+00 0.000000000000000000e+00 3.296252145089789958e-03 0.000000000000000000e+00 0.000000000000000000e+00 1.421121762330365950e-03 0.000000000000000000e+00 1.605264018490224018e-03 0.000000000000000000e+00 0.000000000000000000e+00 0.000000000000000000e+00
4.401549558369196626e-03 0.000000000000000000e+00 0.000000000000000000e+00 0.000000000000000000e+00 0.000000000000000000e+00 0.000000000000000000e+00 0.000000000000000000e+00 4.776780802542189390e-03 1.398486305963336047e-03 3.209583447812221994e-03 2.834854429268064170e-03 0.000000000000000000e+00 9.403454050745798732e-04 1.105801196711949904e-03 0.000000000000000000e+00 0.000000000000000000e+00 4.084784787304147381e-03 2.652582972686262815e-03 3.127872082051543802e-03 1.705753153994124050e-03 0.000000000000000000e+00 2.661423742138814270e-04 1.477795068156199064e-03 0.000000000000000000e+00 0.000000000000000000e+00
0.000000000000000000e+00 0.000000000000000000e+00 0.000000000000000000e+00 0.000000000000000000e+00 0.000000000000000000e+00 0.000000000000000000e+00 2.668424339664179998e-03 4.056062436785364206e-04 0.000000000000000000e+00 4.750631025249006829e-03 0.000000000000000000e+00 0.000000000000000000e+00 2.654048875460372162e-03 0.000000000000000000e+00 0.000000000000000000e+00 2.053115420796518178e-03 0.000000000000000000e+00 0.000000000000000000e+00 0.000000000000000000e+00 4.239452009745779161e-03 0.000000000000000000e+00 1.485098989008373045e-03 0.000000000000000000e+00 2.130444385468235891e-03 1.250048126797739039e-05
3.566011507157257170e-03 0.000000000000000000e+00 4.501576792802210354e-03 4.204252178785961198e-03 0.000000000000000000e+00 2.645240791772452815e-03 0.000000000000000000e+00 4.221248081662234627e-03 0.000000000000000000e+00 2.244554382566862037e-03 1.905204073304833960e-03 5.913227519694727206e-04 3.677392973026106984e-03 0.000000000000000000e+00 3.162199136458118003e-04 3.453098029792574914e-04 0.000000000000000000e+00 0.000000000000000000e+00 0.000000000000000000e+00 0.000000000000000000e+00 0.000000000000000000e+00 3.642033847867726039e-04 0.000000000000000000e+00 0.000000000000000000e+00 0.000000000000000000e+00
0.000000000000000000e+00 3.977889650794048937e-04 0.000000000000000000e+00 4.634001030177650748e-03 0.000000000000000000e+00 4.362661331704755017e-04 3.268549732887939940e-03 9.959093530057419423e-04 4.587823730130251168e-04 2.043991475830605163e-03 0.000000000000000000e+00 1.506295609836555980e-03 3.020450883452142216e-03 2.597784430211054832e-04 4.590211652702230120e-04 0.000000000000000000e+00 0.000000000000000000e+00 1.238999655153321961e-03 0.000000000000000000e+00 3.018005253763055094e-03 0.000000000000000000e+00 2.716302475594213183e-03 1.207086987432450919e-03 2.157287479428933973e-03 6.376788545448136298e-04
2.588254226513819878e-05 2.771886441000859843e-03 3.340223423097148157e-04 0.000000000000000000e+00 0.000000000000000000e+00 0.000000000000000000e+00 0.000000000000000000e+00 0.000000000000000000e+00 4.758433141555602807e-04 0.000000000000000000e+00 0.000000000000000000e+00 0.000000000000000000e+00 3.382218561462820884e-03 0.000000000000000000e+00 4.371558534577803246e-03 0.000000000000000000e+00 0.000000000000000000e+00 4.229042814067977656e-03 3.165426563554569160e-03 0.000000000000000000e+00 2.625088128651806903e-03 0.000000000000000000e+00 2.942100794342777170e-06 4.148824776245439196e-03 2.115142290690799967e-03
0.000000000000000000e+00 1.354040125025188972e-04 0.000000000000000000e+00 0.000000000000000000e+00 0.000000000000000000e+00 0.000000000000000000e+00 0.000000000000000000e+00 1.343888180999096033e-03 0.000000000000000000e+00 2.792356130345733951e-03 2.818517435121275800e-03 2.234258458852977133e-03 1.487842255591222086e-03 4.601686004312971652e-03 2.141456003504388101e-03 0.000000000000000000e+00 0.000000000000000000e+00 4.329544824922941862e-03 1.573298208213700939e-03 3.706100822554497104e-03 3.070047397715134924e-03 4.323964355032739772e-03 0.000000000000000000e+00 0.000000000000000000e+00 0.000000000000000000e+00
2.436492620947214121e-04 0.000000000000000000e+00 3.248982074650426117e-03 2.906547640727666013e-03 0.000000000000000000e+00 0.000000000000000000e+00 0.000000000000000000e+00 9.043661954403820662e-04 2.604246984369830171e-03 1.422309921225984892e-03 0.000000000000000000e+00 0.000000000000000000e+00 0.000000000000000000e+00 0.000000000000000000e+00 1.445813288598425976e-03 4.723345866753709166e-04 4.638328931935982967e-03 2.935324643411887143e-03 2.498310985308360190e-03 4.324225507091406309e-03 0.000000000000000000e+00 0.000000000000000000e+00 4.207159772280523631e-03 1.011323666293396061e-03 0.000000000000000000e+00
0.000000000000000000e+00 3.402950305863872930e-03 0.000000000000000000e+00 0.000000000000000000e+00 0.000000000000000000e+00 0.000000000000000000e+00 0.000000000000000000e+00 0.000000000000000000e+00 0.000000000000000000e+00 0.000000000000000000e+00 1.196840939082103976e-03 0.000000000000000000e+00 9.694051250409978530e-04 0.000000000000000000e+00 0.000000000000000000e+00 0.000000000000000000e+00 0.000000000000000000e+00 0.000000000000000000e+00 4.319152958264691269e-03 0.000000000000000000e+00 3.241311328361252009e-03 0.000000000000000000e+00 4.436679977155409335e-03 3.464525565817546879e-03 0.000000000000000000e+00
0.000000000000000000e+00 1.528703970714753984e-03 0.000000000000000000e+00 1.784794932588369080e-03 3.826733139064520013e-03 0.000000000000000000e+00 4.277282803146623732e-04 0.000000000000000000e+00 4.013944794919215714e-03 1.810182449408261930e-03 0.000000000000000000e+00 0.000000000000000000e+00 0.000000000000000000e+00 9.869966849972830383e-04 3.309000009214994095e-03 0.000000000000000000e+00 0.000000000000000000e+00 2.987505297047647872e-03 0.000000000000000000e+00 1.230429306704910065e-03 4.144950624794072058e-03 0.000000000000000000e+00 3.647447549638562316e-05 0.000000000000000000e+00 0.000000000000000000e+00
0.000000000000000000e+00 0.000000000000000000e+00 0.000000000000000000e+00 0.000000000000000000e+00 3.277559180941299038e-03 3.789745202815871915e-03 2.923363575002898163e-04 1.993796045188951042e-03 2.189869257384037798e-03 0.000000000000000000e+00 4.079002713077564853e-03 0.000000000000000000e+00 0.000000000000000000e+00 0.000000000000000000e+00 0.000000000000000000e+00 4.378643526601711661e-03 4.489200708802131186e-03 2.032705296623910866e-03 0.000000000000000000e+00 0.000000000000000000e+00 0.000000000000000000e+00 0.000000000000000000e+00 0.000000000000000000e+00 3.264299148457284029e-04 1.647353990359128962e-03
0.000000000000000000e+00 3.423801298664031195e-03 2.243361959883304925e-03 0.000000000000000000e+00 0.000000000000000000e+00 0.000000000000000000e+00 3.739161726796946155e-04 1.688381071069911974e-03 3.148759630316344798e-03 3.607977825704654015e-03 1.801692791542968081e-04 0.000000000000000000e+00 2.810801327938925072e-03 0.000000000000000000e+00 0.000000000000000000e+00 7.014822919017583156e-04 0.000000000000000000e+00 4.266839999412076236e-03 4.067755814004247843e-03 1.731220143172594009e-04 3.590905723689662155e-03 0.000000000000000000e+00 0.000000000000000000e+00 1.264082049042055929e-03 4.287027079101874902e-03
