# File created on Mon Apr 29 05:43:42 2024
# The following metaparameters were used for this matrix optimization : gamma0 = 0.5; alpha0 = 0; sigma0 = 0.25; l0 = 1;p = 1; R0 = 1; S0 = 0.05; NR = 25; NS = 25; matrix path = matrices/Nr25_Nc25/consumption/RandTrix_Nr25_Nc25_Nest0.35_Conn0.272.txt; convergence threshold = 1e-08
0.000000000000000e+00 0.000000000000000e+00 0.000000000000000e+00 9.639073917248885e-01 9.488559065221128e-01 3.745645697050407e-01 4.424469264165818e-01 8.139475720132845e-01 0.000000000000000e+00 0.000000000000000e+00 0.000000000000000e+00 3.668650618714554e-01 0.000000000000000e+00 0.000000000000000e+00 2.126621575904208e-01 0.000000000000000e+00 0.000000000000000e+00 0.000000000000000e+00 8.924519205790963e-01 0.000000000000000e+00 0.000000000000000e+00 0.000000000000000e+00 0.000000000000000e+00 3.245748476981085e-01 0.000000000000000e+00 
0.000000000000000e+00 0.000000000000000e+00 0.000000000000000e+00 0.000000000000000e+00 0.000000000000000e+00 1.885049385036041e-01 0.000000000000000e+00 2.701630892743208e-01 1.219061870975992e+00 9.556643202356617e-01 0.000000000000000e+00 0.000000000000000e+00 0.000000000000000e+00 0.000000000000000e+00 6.918348036746536e-01 0.000000000000000e+00 0.000000000000000e+00 0.000000000000000e+00 0.000000000000000e+00 7.520758127159631e-01 0.000000000000000e+00 0.000000000000000e+00 1.173855915161622e+00 0.000000000000000e+00 0.000000000000000e+00 
6.245047712301170e-01 0.000000000000000e+00 0.000000000000000e+00 0.000000000000000e+00 0.000000000000000e+00 0.000000000000000e+00 3.921549827305552e-01 0.000000000000000e+00 0.000000000000000e+00 0.000000000000000e+00 0.000000000000000e+00 3.443692864288527e-01 0.000000000000000e+00 0.000000000000000e+00 9.119416306857730e-01 0.000000000000000e+00 6.519423188340118e-01 0.000000000000000e+00 0.000000000000000e+00 9.825889926093499e-01 5.856263618689383e-01 0.000000000000000e+00 1.144256374527731e-01 0.000000000000000e+00 0.000000000000000e+00 
0.000000000000000e+00 0.000000000000000e+00 1.732565367114501e-01 0.000000000000000e+00 0.000000000000000e+00 0.000000000000000e+00 7.581754831954990e-01 0.000000000000000e+00 5.192697630464430e-01 1.086002852012532e+00 0.000000000000000e+00 0.000000000000000e+00 5.570457032272679e-01 0.000000000000000e+00 0.000000000000000e+00 4.118088005101189e-01 0.000000000000000e+00 1.215229135977484e+00 0.000000000000000e+00 0.000000000000000e+00 0.000000000000000e+00 0.000000000000000e+00 0.000000000000000e+00 0.000000000000000e+00 0.000000000000000e+00 
8.486731600971050e-01 9.637144076579160e-01 0.000000000000000e+00 2.017756202689239e-01 0.000000000000000e+00 2.893766718357784e-01 0.000000000000000e+00 0.000000000000000e+00 0.000000000000000e+00 2.272269217082906e-01 0.000000000000000e+00 0.000000000000000e+00 1.635528567808882e-01 0.000000000000000e+00 0.000000000000000e+00 1.115532529193067e-01 0.000000000000000e+00 0.000000000000000e+00 2.873579354723462e-01 0.000000000000000e+00 6.692827253154763e-01 0.000000000000000e+00 0.000000000000000e+00 0.000000000000000e+00 0.000000000000000e+00 
0.000000000000000e+00 0.000000000000000e+00 4.890889735795692e-01 0.000000000000000e+00 2.183969127210548e-01 6.818457227171066e-01 5.395429772287038e-01 6.262631885131575e-01 0.000000000000000e+00 0.000000000000000e+00 2.889496867364571e-01 0.000000000000000e+00 0.000000000000000e+00 0.000000000000000e+00 0.000000000000000e+00 0.000000000000000e+00 0.000000000000000e+00 0.000000000000000e+00 6.232082744841425e-01 0.000000000000000e+00 0.000000000000000e+00 0.000000000000000e+00 0.000000000000000e+00 7.034555011127116e-01 0.000000000000000e+00 
9.791949760135883e-02 5.080279384287052e-01 4.290942325903843e-01 4.681792518106094e-01 0.000000000000000e+00 0.000000000000000e+00 0.000000000000000e+00 0.000000000000000e+00 0.000000000000000e+00 0.000000000000000e+00 3.417910155166155e-01 0.000000000000000e+00 0.000000000000000e+00 0.000000000000000e+00 0.000000000000000e+00 0.000000000000000e+00 0.000000000000000e+00 0.000000000000000e+00 1.107247429180973e+00 0.000000000000000e+00 0.000000000000000e+00 0.000000000000000e+00 1.044782564551032e-01 1.020776508690449e+00 0.000000000000000e+00 
0.000000000000000e+00 0.000000000000000e+00 0.000000000000000e+00 0.000000000000000e+00 5.011850768460094e-01 0.000000000000000e+00 0.000000000000000e+00 0.000000000000000e+00 2.201501805965128e-01 9.293201657481973e-01 0.000000000000000e+00 0.000000000000000e+00 0.000000000000000e+00 0.000000000000000e+00 0.000000000000000e+00 0.000000000000000e+00 7.260257590557852e-01 2.121793172893949e-01 0.000000000000000e+00 0.000000000000000e+00 7.204648957508682e-01 0.000000000000000e+00 2.532158872725311e-01 2.320754091391398e-01 1.266309301881106e-01 
0.000000000000000e+00 0.000000000000000e+00 0.000000000000000e+00 0.000000000000000e+00 1.283053584997303e+00 4.191033236549687e-01 0.000000000000000e+00 0.000000000000000e+00 0.000000000000000e+00 0.000000000000000e+00 4.085941095579561e-01 5.014295360727557e-01 0.000000000000000e+00 0.000000000000000e+00 0.000000000000000e+00 3.364368616415509e-01 0.000000000000000e+00 3.638293237851936e-01 1.585645762131256e-01 0.000000000000000e+00 0.000000000000000e+00 6.643054694988453e-01 0.000000000000000e+00 0.000000000000000e+00 0.000000000000000e+00 
0.000000000000000e+00 0.000000000000000e+00 0.000000000000000e+00 8.762380151006287e-01 0.000000000000000e+00 4.631546967451779e-01 2.360893280402026e-01 5.165365874195270e-01 0.000000000000000e+00 0.000000000000000e+00 0.000000000000000e+00 6.949817309150093e-01 0.000000000000000e+00 0.000000000000000e+00 0.000000000000000e+00 0.000000000000000e+00 0.000000000000000e+00 0.000000000000000e+00 7.698647604512746e-01 0.000000000000000e+00 0.000000000000000e+00 0.000000000000000e+00 0.000000000000000e+00 3.883660453772324e-01 0.000000000000000e+00 
4.264272233391335e-01 8.126031675630684e-01 0.000000000000000e+00 0.000000000000000e+00 0.000000000000000e+00 3.044249538995206e-01 0.000000000000000e+00 0.000000000000000e+00 0.000000000000000e+00 0.000000000000000e+00 0.000000000000000e+00 0.000000000000000e+00 0.000000000000000e+00 3.989029185307563e-01 0.000000000000000e+00 5.383048398689323e-01 0.000000000000000e+00 0.000000000000000e+00 0.000000000000000e+00 0.000000000000000e+00 0.000000000000000e+00 4.429115532614093e-01 0.000000000000000e+00 0.000000000000000e+00 0.000000000000000e+00 
0.000000000000000e+00 1.328324927258688e+00 5.112149894056324e-01 0.000000000000000e+00 5.316017798198153e-01 0.000000000000000e+00 0.000000000000000e+00 0.000000000000000e+00 0.000000000000000e+00 0.000000000000000e+00 0.000000000000000e+00 3.479951723752800e-02 1.236381408712612e-01 0.000000000000000e+00 0.000000000000000e+00 0.000000000000000e+00 0.000000000000000e+00 0.000000000000000e+00 0.000000000000000e+00 0.000000000000000e+00 0.000000000000000e+00 0.000000000000000e+00 0.000000000000000e+00 0.000000000000000e+00 2.209055117717179e-01 
0.000000000000000e+00 5.505228458319799e-01 4.738184019801781e-01 0.000000000000000e+00 0.000000000000000e+00 0.000000000000000e+00 0.000000000000000e+00 0.000000000000000e+00 6.146747364550588e-01 0.000000000000000e+00 0.000000000000000e+00 0.000000000000000e+00 0.000000000000000e+00 0.000000000000000e+00 5.266755442405578e-01 0.000000000000000e+00 1.342273940256606e-01 0.000000000000000e+00 0.000000000000000e+00 0.000000000000000e+00 0.000000000000000e+00 0.000000000000000e+00 0.000000000000000e+00 2.089416534179033e-01 2.593582326820942e-01 
3.827115308487160e-01 0.000000000000000e+00 0.000000000000000e+00 0.000000000000000e+00 0.000000000000000e+00 0.000000000000000e+00 0.000000000000000e+00 0.000000000000000e+00 4.081573080393889e-01 6.733790723102696e-01 0.000000000000000e+00 0.000000000000000e+00 4.268857126587277e-01 0.000000000000000e+00 0.000000000000000e+00 5.992349780271893e-01 0.000000000000000e+00 9.005170643452978e-01 1.696305817912601e-01 0.000000000000000e+00 5.437311063372542e-01 0.000000000000000e+00 0.000000000000000e+00 0.000000000000000e+00 0.000000000000000e+00 
7.342414588329127e-01 0.000000000000000e+00 0.000000000000000e+00 0.000000000000000e+00 0.000000000000000e+00 3.144846190829533e-01 0.000000000000000e+00 0.000000000000000e+00 0.000000000000000e+00 0.000000000000000e+00 0.000000000000000e+00 0.000000000000000e+00 4.831300614757566e-02 0.000000000000000e+00 0.000000000000000e+00 0.000000000000000e+00 0.000000000000000e+00 0.000000000000000e+00 5.451079555921103e-01 0.000000000000000e+00 0.000000000000000e+00 0.000000000000000e+00 3.531263618321449e-01 0.000000000000000e+00 5.262075152844541e-01 
6.613070054726899e-01 0.000000000000000e+00 0.000000000000000e+00 0.000000000000000e+00 0.000000000000000e+00 4.478919467069526e-01 0.000000000000000e+00 3.971454436425553e-01 0.000000000000000e+00 0.000000000000000e+00 0.000000000000000e+00 0.000000000000000e+00 0.000000000000000e+00 0.000000000000000e+00 0.000000000000000e+00 0.000000000000000e+00 0.000000000000000e+00 0.000000000000000e+00 1.374301047005512e+00 0.000000000000000e+00 0.000000000000000e+00 3.548353068449864e-02 0.000000000000000e+00 0.000000000000000e+00 0.000000000000000e+00 
0.000000000000000e+00 1.244209347577938e-01 0.000000000000000e+00 0.000000000000000e+00 0.000000000000000e+00 4.898151355337102e-01 0.000000000000000e+00 0.000000000000000e+00 8.447505214677914e-01 2.497291510945229e-01 0.000000000000000e+00 0.000000000000000e+00 0.000000000000000e+00 0.000000000000000e+00 0.000000000000000e+00 0.000000000000000e+00 0.000000000000000e+00 0.000000000000000e+00 0.000000000000000e+00 0.000000000000000e+00 3.827278954935209e-01 0.000000000000000e+00 0.000000000000000e+00 0.000000000000000e+00 0.000000000000000e+00 
4.786390804339512e-01 0.000000000000000e+00 0.000000000000000e+00 5.061648398486532e-01 0.000000000000000e+00 0.000000000000000e+00 0.000000000000000e+00 5.175832914881359e-01 0.000000000000000e+00 0.000000000000000e+00 0.000000000000000e+00 0.000000000000000e+00 0.000000000000000e+00 0.000000000000000e+00 0.000000000000000e+00 2.888007138285239e-01 0.000000000000000e+00 0.000000000000000e+00 0.000000000000000e+00 0.000000000000000e+00 0.000000000000000e+00 0.000000000000000e+00 0.000000000000000e+00 0.000000000000000e+00 2.999558978068991e-01 
4.951632329441776e-01 0.000000000000000e+00 2.179007983465157e-01 3.416451242439748e-01 6.230097187859382e-01 0.000000000000000e+00 0.000000000000000e+00 0.000000000000000e+00 0.000000000000000e+00 0.000000000000000e+00 0.000000000000000e+00 0.000000000000000e+00 1.976391625844734e-01 1.208230911372769e-02 8.297065967679376e-03 0.000000000000000e+00 0.000000000000000e+00 0.000000000000000e+00 0.000000000000000e+00 0.000000000000000e+00 0.000000000000000e+00 0.000000000000000e+00 0.000000000000000e+00 0.000000000000000e+00 0.000000000000000e+00 
0.000000000000000e+00 0.000000000000000e+00 0.000000000000000e+00 0.000000000000000e+00 0.000000000000000e+00 3.210388731728576e-01 0.000000000000000e+00 0.000000000000000e+00 0.000000000000000e+00 0.000000000000000e+00 0.000000000000000e+00 3.265433588043583e-01 0.000000000000000e+00 0.000000000000000e+00 0.000000000000000e+00 6.701702048086259e-02 0.000000000000000e+00 8.302866820753967e-01 0.000000000000000e+00 0.000000000000000e+00 0.000000000000000e+00 0.000000000000000e+00 0.000000000000000e+00 0.000000000000000e+00 2.434060963606267e-01 
0.000000000000000e+00 0.000000000000000e+00 4.362635550106204e-01 0.000000000000000e+00 0.000000000000000e+00 0.000000000000000e+00 2.655927374203808e-01 4.149023550824967e-01 0.000000000000000e+00 0.000000000000000e+00 0.000000000000000e+00 0.000000000000000e+00 0.000000000000000e+00 0.000000000000000e+00 0.000000000000000e+00 0.000000000000000e+00 0.000000000000000e+00 0.000000000000000e+00 0.000000000000000e+00 0.000000000000000e+00 4.917993410279419e-01 4.398230228993117e-01 0.000000000000000e+00 0.000000000000000e+00 0.000000000000000e+00 
0.000000000000000e+00 0.000000000000000e+00 7.568593893849997e-01 2.740443639041158e-01 3.583893313967594e-01 0.000000000000000e+00 0.000000000000000e+00 0.000000000000000e+00 0.000000000000000e+00 0.000000000000000e+00 0.000000000000000e+00 0.000000000000000e+00 0.000000000000000e+00 0.000000000000000e+00 0.000000000000000e+00 0.000000000000000e+00 0.000000000000000e+00 0.000000000000000e+00 0.000000000000000e+00 0.000000000000000e+00 0.000000000000000e+00 0.000000000000000e+00 0.000000000000000e+00 0.000000000000000e+00 1.718404287735856e-01 
6.535288625682082e-01 0.000000000000000e+00 0.000000000000000e+00 0.000000000000000e+00 0.000000000000000e+00 0.000000000000000e+00 2.605380607716139e-01 0.000000000000000e+00 0.000000000000000e+00 0.000000000000000e+00 3.505722342008397e-01 0.000000000000000e+00 0.000000000000000e+00 0.000000000000000e+00 0.000000000000000e+00 0.000000000000000e+00 0.000000000000000e+00 0.000000000000000e+00 0.000000000000000e+00 0.000000000000000e+00 0.000000000000000e+00 0.000000000000000e+00 0.000000000000000e+00 0.000000000000000e+00 0.000000000000000e+00 
0.000000000000000e+00 6.989289735009703e-01 0.000000000000000e+00 5.137595542414339e-01 0.000000000000000e+00 0.000000000000000e+00 3.824273812849448e-01 0.000000000000000e+00 0.000000000000000e+00 0.000000000000000e+00 0.000000000000000e+00 0.000000000000000e+00 0.000000000000000e+00 0.000000000000000e+00 0.000000000000000e+00 0.000000000000000e+00 0.000000000000000e+00 0.000000000000000e+00 0.000000000000000e+00 0.000000000000000e+00 0.000000000000000e+00 0.000000000000000e+00 0.000000000000000e+00 0.000000000000000e+00 0.000000000000000e+00 
5.886455256168156e-01 0.000000000000000e+00 0.000000000000000e+00 0.000000000000000e+00 5.008741998480886e-01 0.000000000000000e+00 0.000000000000000e+00 0.000000000000000e+00 0.000000000000000e+00 0.000000000000000e+00 0.000000000000000e+00 0.000000000000000e+00 0.000000000000000e+00 0.000000000000000e+00 0.000000000000000e+00 0.000000000000000e+00 0.000000000000000e+00 0.000000000000000e+00 0.000000000000000e+00 0.000000000000000e+00 0.000000000000000e+00 0.000000000000000e+00 0.000000000000000e+00 0.000000000000000e+00 0.000000000000000e+00 