# File created on Fri May 17 15:41:54 2024
# The following metaparameters were used for this matrix optimization : gamma0 = 0.5; alpha0 = 0; sigma0 = 0.25; l0 = 1;p = 1; R0 = 1; S0 = 0.05; NR = 25; NS = 25; matrix path = matrices/Nr25_Nc25/consumption/RandTrix_Nr25_Nc25_Nest0.25_Conn0.184.txt; convergence threshold = 1e-08
2.082339746845640e-03 4.353815031257839e-03 0.000000000000000e+00 1.184792983429877e-03 0.000000000000000e+00 1.615481276440125e-03 0.000000000000000e+00 4.507710550139668e-03 1.157368373310690e-03 1.040764220577891e-03 0.000000000000000e+00 3.622814637320748e-03 0.000000000000000e+00 6.342933023619602e-04 5.592949521044262e-04 0.000000000000000e+00 3.111677670207139e-03 2.358242765048445e-03 3.858948066233532e-04 0.000000000000000e+00 4.827959245176202e-03 1.646456011711842e-04 0.000000000000000e+00 1.032858738251618e-03 0.000000000000000e+00 
0.000000000000000e+00 0.000000000000000e+00 9.480797512467216e-04 0.000000000000000e+00 4.049810247899464e-03 0.000000000000000e+00 2.347248980857122e-03 4.275382534680372e-03 2.378917289208033e-03 4.694771597899904e-03 1.258370391743246e-03 1.287361085571928e-03 0.000000000000000e+00 0.000000000000000e+00 0.000000000000000e+00 0.000000000000000e+00 4.864973486385222e-03 0.000000000000000e+00 1.472247274753498e-04 2.048798647563147e-03 1.574652952358558e-03 0.000000000000000e+00 3.521898312382846e-04 2.480351111643729e-03 0.000000000000000e+00 
0.000000000000000e+00 0.000000000000000e+00 0.000000000000000e+00 0.000000000000000e+00 0.000000000000000e+00 0.000000000000000e+00 0.000000000000000e+00 0.000000000000000e+00 0.000000000000000e+00 9.419229695589769e-04 4.801377847820441e-03 6.735109692693147e-05 0.000000000000000e+00 2.829348878655219e-03 9.043308873278178e-04 5.078307072752848e-04 6.943409680667840e-04 0.000000000000000e+00 0.000000000000000e+00 0.000000000000000e+00 3.315881787456673e-03 0.000000000000000e+00 0.000000000000000e+00 0.000000000000000e+00 0.000000000000000e+00 
3.059965297669227e-03 0.000000000000000e+00 4.078993498866407e-03 1.780209001534298e-03 0.000000000000000e+00 1.379660226170546e-03 1.933726130992849e-03 0.000000000000000e+00 2.070732871708082e-04 0.000000000000000e+00 0.000000000000000e+00 0.000000000000000e+00 3.697414388440834e-03 0.000000000000000e+00 3.775345320391746e-03 2.208396608436739e-03 0.000000000000000e+00 8.806585111676648e-04 0.000000000000000e+00 1.933783370670277e-03 7.740866649228953e-04 0.000000000000000e+00 4.951888653764589e-03 0.000000000000000e+00 0.000000000000000e+00 
0.000000000000000e+00 1.945153653014872e-03 0.000000000000000e+00 0.000000000000000e+00 0.000000000000000e+00 3.781909990556020e-03 0.000000000000000e+00 4.214432257905387e-03 1.883697231439292e-04 0.000000000000000e+00 4.055064190506078e-03 0.000000000000000e+00 7.207804384694288e-04 2.683368774649194e-03 4.705804308218155e-03 0.000000000000000e+00 3.516857078812218e-03 0.000000000000000e+00 3.992860896345166e-03 0.000000000000000e+00 3.925531678577953e-03 1.798058337877781e-03 0.000000000000000e+00 1.614062537838406e-03 3.229269535964731e-03 
3.228859330669805e-03 1.699634236066300e-03 0.000000000000000e+00 0.000000000000000e+00 0.000000000000000e+00 3.670325098510258e-03 3.770079930802482e-03 0.000000000000000e+00 2.467517648951255e-03 0.000000000000000e+00 0.000000000000000e+00 4.693845975154441e-04 0.000000000000000e+00 7.417077846908573e-04 0.000000000000000e+00 0.000000000000000e+00 1.928683324508464e-03 0.000000000000000e+00 0.000000000000000e+00 4.799924088963094e-03 0.000000000000000e+00 2.299120194527868e-03 0.000000000000000e+00 5.009910061318921e-04 3.340505627399008e-04 
1.459347215480055e-03 0.000000000000000e+00 0.000000000000000e+00 0.000000000000000e+00 4.270250471360242e-03 0.000000000000000e+00 0.000000000000000e+00 1.596819575849773e-03 0.000000000000000e+00 2.381185420532406e-03 0.000000000000000e+00 2.868858188394021e-03 0.000000000000000e+00 0.000000000000000e+00 0.000000000000000e+00 0.000000000000000e+00 0.000000000000000e+00 0.000000000000000e+00 2.642240066403770e-03 0.000000000000000e+00 1.775458787393605e-03 0.000000000000000e+00 0.000000000000000e+00 9.542417618829031e-04 3.898212772371934e-03 
2.238656069901695e-03 3.482861409436471e-03 0.000000000000000e+00 0.000000000000000e+00 0.000000000000000e+00 3.542660681021762e-03 3.396717376073094e-03 0.000000000000000e+00 3.485439604289669e-03 3.253283222028411e-03 2.058609542244864e-04 0.000000000000000e+00 2.547245201691807e-03 0.000000000000000e+00 0.000000000000000e+00 0.000000000000000e+00 2.528871104238222e-03 0.000000000000000e+00 0.000000000000000e+00 0.000000000000000e+00 0.000000000000000e+00 2.282324451540973e-03 0.000000000000000e+00 1.483102176282463e-03 1.531842444366478e-04 
0.000000000000000e+00 2.768556557981241e-03 0.000000000000000e+00 8.625488800578260e-04 2.503029710219065e-03 0.000000000000000e+00 0.000000000000000e+00 0.000000000000000e+00 4.651210921125537e-03 3.159355381497833e-03 4.434086168694129e-03 0.000000000000000e+00 2.682226610594798e-03 2.086429970085549e-03 3.186890794894601e-03 0.000000000000000e+00 3.696098778070035e-03 0.000000000000000e+00 0.000000000000000e+00 0.000000000000000e+00 3.768301284532077e-03 0.000000000000000e+00 0.000000000000000e+00 3.155457725731188e-03 3.439092611920446e-03 
0.000000000000000e+00 2.723725224855249e-03 0.000000000000000e+00 1.494254544369752e-04 2.826258634670568e-03 0.000000000000000e+00 0.000000000000000e+00 0.000000000000000e+00 3.674618442840133e-03 0.000000000000000e+00 0.000000000000000e+00 1.452521150120348e-04 2.169236788541324e-03 3.293050599450234e-03 4.572125817808381e-03 8.715429009138371e-04 4.050175219043848e-03 3.853808668399674e-03 0.000000000000000e+00 0.000000000000000e+00 0.000000000000000e+00 8.989254433268542e-04 3.147524912815184e-03 0.000000000000000e+00 0.000000000000000e+00 
2.673700720343224e-03 0.000000000000000e+00 0.000000000000000e+00 1.554951493310925e-03 0.000000000000000e+00 0.000000000000000e+00 4.808028289237414e-03 4.588430611088753e-03 0.000000000000000e+00 0.000000000000000e+00 1.450426890242011e-03 2.433654726933258e-03 0.000000000000000e+00 3.514711689524545e-04 3.712709012773675e-03 0.000000000000000e+00 0.000000000000000e+00 4.291709443468063e-03 4.481460762364112e-03 0.000000000000000e+00 0.000000000000000e+00 0.000000000000000e+00 0.000000000000000e+00 0.000000000000000e+00 9.437751157356466e-04 
3.579268732611039e-03 0.000000000000000e+00 0.000000000000000e+00 0.000000000000000e+00 3.012890367119308e-03 4.449395936511084e-03 0.000000000000000e+00 3.923558680371102e-03 0.000000000000000e+00 0.000000000000000e+00 0.000000000000000e+00 0.000000000000000e+00 0.000000000000000e+00 0.000000000000000e+00 0.000000000000000e+00 2.812510624560154e-04 4.031766864809922e-03 0.000000000000000e+00 4.744096616702284e-03 0.000000000000000e+00 0.000000000000000e+00 1.320350335343646e-03 2.164887036435171e-03 0.000000000000000e+00 0.000000000000000e+00 
2.140312802699188e-03 0.000000000000000e+00 0.000000000000000e+00 1.059880364073736e-03 1.509815282754256e-03 5.814521152991893e-04 0.000000000000000e+00 0.000000000000000e+00 0.000000000000000e+00 1.379397449363803e-03 1.910436895196861e-03 3.997862670049515e-03 0.000000000000000e+00 0.000000000000000e+00 1.068204383306622e-03 1.925160729070832e-03 3.078203154750388e-03 0.000000000000000e+00 0.000000000000000e+00 0.000000000000000e+00 6.561043709637858e-04 0.000000000000000e+00 0.000000000000000e+00 1.931426283566780e-03 9.531335153078932e-04 
0.000000000000000e+00 0.000000000000000e+00 4.894477705395113e-03 0.000000000000000e+00 2.433964237240739e-03 0.000000000000000e+00 0.000000000000000e+00 3.223819259510115e-03 3.679863946992284e-04 2.070330429897462e-03 1.311916359992416e-03 0.000000000000000e+00 0.000000000000000e+00 4.728562696810536e-03 4.347610232897025e-03 0.000000000000000e+00 0.000000000000000e+00 0.000000000000000e+00 0.000000000000000e+00 1.294297695993146e-03 0.000000000000000e+00 3.492746495803918e-03 3.405993291460942e-03 0.000000000000000e+00 0.000000000000000e+00 
0.000000000000000e+00 5.431862268072886e-04 5.888436370743898e-05 0.000000000000000e+00 2.687724837426813e-03 0.000000000000000e+00 0.000000000000000e+00 1.200480450991561e-03 2.374892609852242e-03 7.252025073430347e-04 2.631721855610574e-03 0.000000000000000e+00 0.000000000000000e+00 1.396843669431070e-03 2.781126020270419e-03 9.188264977483075e-04 3.065669276433535e-03 3.669049229054789e-03 4.649202724032279e-03 0.000000000000000e+00 0.000000000000000e+00 1.351113536260772e-03 2.494167643197720e-03 2.882930471029181e-03 0.000000000000000e+00 
1.101692323008103e-03 4.340611114742075e-03 0.000000000000000e+00 3.576926497496470e-03 2.296825201455593e-03 1.014214708154075e-03 4.828561313116788e-03 3.632111242456508e-03 3.318303989421777e-03 1.279907258844594e-03 2.293412677191853e-03 3.633718003595724e-03 0.000000000000000e+00 3.888285309749056e-03 0.000000000000000e+00 3.645731677937545e-03 1.303096296661236e-03 2.606663148445893e-03 2.181440928257131e-03 0.000000000000000e+00 0.000000000000000e+00 0.000000000000000e+00 4.574408162401835e-05 0.000000000000000e+00 0.000000000000000e+00 
0.000000000000000e+00 0.000000000000000e+00 2.992374573334213e-03 0.000000000000000e+00 0.000000000000000e+00 0.000000000000000e+00 0.000000000000000e+00 0.000000000000000e+00 0.000000000000000e+00 0.000000000000000e+00 3.198651935024292e-03 3.637783275826303e-03 0.000000000000000e+00 1.793521128590604e-04 0.000000000000000e+00 3.336027930692894e-03 0.000000000000000e+00 4.143966968670348e-03 0.000000000000000e+00 3.933650161866456e-03 1.718490830400998e-03 0.000000000000000e+00 1.377281225941364e-04 1.557494361379803e-03 0.000000000000000e+00 
1.276777317510589e-03 0.000000000000000e+00 0.000000000000000e+00 4.698708543532322e-04 8.546381492149082e-04 4.525157099746070e-03 0.000000000000000e+00 4.397932636292079e-03 4.528613257161244e-03 3.104557028719734e-03 0.000000000000000e+00 3.607202037155892e-04 0.000000000000000e+00 2.325583395700591e-03 0.000000000000000e+00 0.000000000000000e+00 4.898246379905838e-03 1.170869785610875e-03 3.094466039854380e-03 1.318543249526574e-04 1.613613844566162e-03 1.155138215674576e-03 0.000000000000000e+00 0.000000000000000e+00 1.106165312130078e-03 
8.592896190202363e-04 4.369090877203330e-04 0.000000000000000e+00 0.000000000000000e+00 4.464468220884161e-03 0.000000000000000e+00 4.495644918695737e-03 0.000000000000000e+00 0.000000000000000e+00 3.761283693132886e-06 0.000000000000000e+00 2.806042007662575e-03 0.000000000000000e+00 3.396946058688980e-03 4.074622708035619e-03 0.000000000000000e+00 0.000000000000000e+00 0.000000000000000e+00 0.000000000000000e+00 4.885930216388434e-03 1.313405659026142e-03 0.000000000000000e+00 0.000000000000000e+00 3.202596868776057e-03 0.000000000000000e+00 
0.000000000000000e+00 2.343796931431821e-03 1.995483845196677e-03 3.730750142159631e-03 0.000000000000000e+00 0.000000000000000e+00 0.000000000000000e+00 0.000000000000000e+00 3.265455127938426e-03 0.000000000000000e+00 3.419118036076243e-03 0.000000000000000e+00 0.000000000000000e+00 0.000000000000000e+00 0.000000000000000e+00 4.065138239579656e-03 2.746645103424041e-03 0.000000000000000e+00 1.450599543214789e-03 3.202461595210887e-03 1.871595197159246e-03 4.761254303812390e-03 3.670571059591954e-03 2.466214772545558e-03 3.697224244588664e-03 
3.291440320070315e-03 0.000000000000000e+00 1.546397808565984e-03 2.562221440890819e-04 0.000000000000000e+00 0.000000000000000e+00 0.000000000000000e+00 2.454885521669141e-04 0.000000000000000e+00 1.911393275327009e-03 0.000000000000000e+00 3.062290693036536e-03 0.000000000000000e+00 0.000000000000000e+00 1.812237397819446e-03 2.698662420484044e-03 0.000000000000000e+00 1.500800230292506e-03 4.135695582440580e-03 0.000000000000000e+00 3.690744622642366e-03 0.000000000000000e+00 1.701959943650446e-03 0.000000000000000e+00 0.000000000000000e+00 
0.000000000000000e+00 0.000000000000000e+00 8.144501657135086e-05 0.000000000000000e+00 3.313362102476359e-03 3.646095267885111e-03 0.000000000000000e+00 0.000000000000000e+00 0.000000000000000e+00 0.000000000000000e+00 4.572012065504032e-03 0.000000000000000e+00 0.000000000000000e+00 3.768128423489548e-03 1.404812942041710e-03 0.000000000000000e+00 0.000000000000000e+00 8.797043337152083e-04 3.416352740497118e-03 0.000000000000000e+00 4.460631717763042e-03 0.000000000000000e+00 0.000000000000000e+00 1.871886333427034e-03 4.820277516327358e-03 
0.000000000000000e+00 5.529286355444537e-04 3.750735473803277e-03 2.856185515729205e-03 3.255844380279308e-03 0.000000000000000e+00 0.000000000000000e+00 2.506358107439592e-03 1.227428039910165e-03 0.000000000000000e+00 3.708879560043524e-03 0.000000000000000e+00 3.703723777289838e-03 2.664695436049743e-03 4.472785039431299e-03 0.000000000000000e+00 2.923867812707517e-03 3.472288798473938e-03 0.000000000000000e+00 4.802469302405635e-03 3.589252350149529e-03 0.000000000000000e+00 0.000000000000000e+00 8.174107567819996e-05 4.273276566055774e-03 
3.882410438998361e-03 4.100448837699143e-03 2.267642156605995e-03 0.000000000000000e+00 2.050917170739279e-04 0.000000000000000e+00 3.933461621356960e-03 0.000000000000000e+00 1.112189201467178e-03 1.727976305323178e-03 0.000000000000000e+00 1.084359128076328e-03 0.000000000000000e+00 6.272786836030541e-04 4.286429971891656e-03 2.736686227788387e-03 0.000000000000000e+00 0.000000000000000e+00 5.004346393895361e-04 4.970957576743563e-03 0.000000000000000e+00 0.000000000000000e+00 4.738148827405565e-03 0.000000000000000e+00 0.000000000000000e+00 
2.800577217647832e-03 0.000000000000000e+00 4.682872813767442e-03 0.000000000000000e+00 4.537857524621467e-03 0.000000000000000e+00 3.611218521936310e-03 0.000000000000000e+00 0.000000000000000e+00 0.000000000000000e+00 0.000000000000000e+00 0.000000000000000e+00 1.320964363285326e-03 2.872477961284078e-03 1.573212963063984e-03 0.000000000000000e+00 3.093533908994731e-03 4.714517018204739e-04 0.000000000000000e+00 2.813681213422000e-03 1.339196030981661e-03 0.000000000000000e+00 0.000000000000000e+00 1.196392660846670e-03 4.253851242934711e-03 