# # File created on Fri May 17 15:42:07 2024
#  # The following metaparameters were used for this matrix optimization : gamma0 = 0.5; alpha0 = 0; sigma0 = 0.25; l0 = 1;p = 1; R0 = 1; S0 = 0.05; NR = 25; NS = 25; matrix path = matrices/Nr25_Nc25/consumption/RandTrix_Nr25_Nc25_Nest0.5_Conn0.2496.txt; convergence threshold = 1e-08
# 
1.515006913450878036e-03 2.966770015939121201e-03 2.768721694493563815e-03 0.000000000000000000e+00 1.228887714548028941e-03 0.000000000000000000e+00 4.587880151060009896e-03 1.184204803052595024e-03 0.000000000000000000e+00 1.167430301759508991e-03 0.000000000000000000e+00 0.000000000000000000e+00 2.273795262997938861e-03 4.594202440463080427e-03 2.282425271209706855e-03 0.000000000000000000e+00 0.000000000000000000e+00 0.000000000000000000e+00 1.488177138518518954e-03 1.957942802061359011e-03 0.000000000000000000e+00 0.000000000000000000e+00 2.092651929027595798e-03 0.000000000000000000e+00 0.000000000000000000e+00
0.000000000000000000e+00 3.141454413866354069e-03 0.000000000000000000e+00 0.000000000000000000e+00 0.000000000000000000e+00 0.000000000000000000e+00 1.144113805278636946e-03 0.000000000000000000e+00 0.000000000000000000e+00 0.000000000000000000e+00 4.739372372993311960e-03 3.525298220503507007e-03 0.000000000000000000e+00 0.000000000000000000e+00 0.000000000000000000e+00 0.000000000000000000e+00 2.887474016327996797e-03 0.000000000000000000e+00 3.663281755948878150e-03 1.102183214135575009e-03 2.219756176731198932e-03 0.000000000000000000e+00 0.000000000000000000e+00 4.988459271480180125e-03 7.417071622024468732e-04
0.000000000000000000e+00 8.565572342182361468e-04 0.000000000000000000e+00 2.165917979405903118e-04 4.437837318689642416e-03 0.000000000000000000e+00 2.637166893736909816e-03 1.921696214024276031e-03 0.000000000000000000e+00 0.000000000000000000e+00 1.483273316958791041e-03 0.000000000000000000e+00 0.000000000000000000e+00 0.000000000000000000e+00 0.000000000000000000e+00 3.556288580211678079e-03 0.000000000000000000e+00 3.263991765619653120e-03 1.282485254869617040e-03 0.000000000000000000e+00 0.000000000000000000e+00 2.168512809805100191e-03 3.948380179306132907e-03 9.055153298982728362e-04 0.000000000000000000e+00
9.246890205981278272e-04 3.732118431684953823e-03 0.000000000000000000e+00 0.000000000000000000e+00 1.519622153451419960e-03 0.000000000000000000e+00 3.157103583271740881e-03 3.786546083209480114e-03 4.026423350423461410e-03 4.356857006305172100e-03 0.000000000000000000e+00 3.333610498732807095e-03 0.000000000000000000e+00 3.602449950427859867e-03 2.410891644472508855e-03 4.492459740044274855e-03 1.549037799633847055e-03 3.154924710103305073e-03 5.723490011178904667e-05 4.406953760407412296e-03 4.019312810366263387e-03 0.000000000000000000e+00 4.636253663962692888e-03 2.038568215222576023e-03 0.000000000000000000e+00
2.542386702678125100e-03 9.468314209950321044e-04 6.174962141271500777e-05 0.000000000000000000e+00 3.427171659157777963e-03 0.000000000000000000e+00 4.450023671906625823e-03 2.253746824898864975e-03 0.000000000000000000e+00 0.000000000000000000e+00 1.145182998498734013e-03 0.000000000000000000e+00 2.224225085025169010e-03 5.348781952812389036e-04 0.000000000000000000e+00 0.000000000000000000e+00 4.020575195920778923e-03 0.000000000000000000e+00 0.000000000000000000e+00 0.000000000000000000e+00 4.586492151155066067e-03 0.000000000000000000e+00 8.346128039016155074e-04 4.988266695134385698e-03 0.000000000000000000e+00
4.532281682054085069e-03 0.000000000000000000e+00 1.579827011236349102e-03 1.072083487235041092e-03 0.000000000000000000e+00 0.000000000000000000e+00 0.000000000000000000e+00 3.586963618873202121e-03 0.000000000000000000e+00 9.729992101509797337e-05 3.802336599316992211e-03 7.722844462872823380e-04 1.620338169782277894e-03 0.000000000000000000e+00 4.513455124016680156e-03 0.000000000000000000e+00 0.000000000000000000e+00 1.979186599706755142e-03 4.943957959210792084e-03 0.000000000000000000e+00 4.609289735848029132e-03 0.000000000000000000e+00 0.000000000000000000e+00 2.374105952856601833e-03 0.000000000000000000e+00
0.000000000000000000e+00 0.000000000000000000e+00 2.823757964694626138e-04 0.000000000000000000e+00 3.509182771794748783e-04 0.000000000000000000e+00 4.158776528190527219e-03 0.000000000000000000e+00 0.000000000000000000e+00 0.000000000000000000e+00 0.000000000000000000e+00 0.000000000000000000e+00 3.300720639541925103e-03 4.348991747804818199e-05 1.670726569282810978e-03 3.494406612898614921e-03 2.806832362205424931e-03 2.222590532404728793e-03 0.000000000000000000e+00 4.142318206326825285e-03 4.200871366346398648e-03 3.181859720728076168e-03 2.184203676630410134e-03 2.218523117249526083e-03 0.000000000000000000e+00
0.000000000000000000e+00 0.000000000000000000e+00 0.000000000000000000e+00 4.007446317350790189e-03 0.000000000000000000e+00 4.260949736518638599e-03 2.028843136448672899e-03 2.497972149577974785e-03 2.335281410226065172e-03 0.000000000000000000e+00 2.359373345653135133e-03 0.000000000000000000e+00 0.000000000000000000e+00 0.000000000000000000e+00 1.798428448312425947e-03 0.000000000000000000e+00 2.411022792012933180e-03 0.000000000000000000e+00 1.682399664095427958e-03 0.000000000000000000e+00 3.238134958218907150e-03 0.000000000000000000e+00 0.000000000000000000e+00 0.000000000000000000e+00 0.000000000000000000e+00
0.000000000000000000e+00 0.000000000000000000e+00 0.000000000000000000e+00 0.000000000000000000e+00 0.000000000000000000e+00 4.183339667463912594e-03 0.000000000000000000e+00 0.000000000000000000e+00 0.000000000000000000e+00 0.000000000000000000e+00 0.000000000000000000e+00 0.000000000000000000e+00 0.000000000000000000e+00 0.000000000000000000e+00 1.499916467772148066e-03 0.000000000000000000e+00 0.000000000000000000e+00 4.775298868131949877e-03 4.084819735849684955e-03 0.000000000000000000e+00 9.707195490665166326e-04 0.000000000000000000e+00 0.000000000000000000e+00 0.000000000000000000e+00 1.453036376796876901e-03
0.000000000000000000e+00 3.345105267368517210e-03 1.881804573635486059e-03 0.000000000000000000e+00 0.000000000000000000e+00 3.202310988347857102e-04 0.000000000000000000e+00 0.000000000000000000e+00 1.350902246456211955e-03 2.642912444558118048e-03 1.539756188761368062e-03 4.818419408851926165e-04 0.000000000000000000e+00 0.000000000000000000e+00 0.000000000000000000e+00 0.000000000000000000e+00 2.169236630619487786e-03 3.570361644559762963e-03 0.000000000000000000e+00 4.076088117728060220e-03 0.000000000000000000e+00 1.749302755669965076e-03 3.280791565733473004e-03 3.655786765629534009e-03 2.129288577496184134e-03
0.000000000000000000e+00 4.417044432958957927e-03 0.000000000000000000e+00 0.000000000000000000e+00 0.000000000000000000e+00 0.000000000000000000e+00 4.157254499385460919e-03 1.739158738434288956e-03 0.000000000000000000e+00 0.000000000000000000e+00 2.416028569340226192e-03 0.000000000000000000e+00 1.229300462849804935e-03 1.726553533110874918e-03 0.000000000000000000e+00 1.804065027297708894e-03 2.149327238376545855e-03 3.547887878257565200e-03 1.929754737579908929e-03 0.000000000000000000e+00 0.000000000000000000e+00 0.000000000000000000e+00 0.000000000000000000e+00 0.000000000000000000e+00 4.041261134028854840e-03
2.350379878927669024e-03 2.688505741342073121e-03 0.000000000000000000e+00 0.000000000000000000e+00 1.774678008427819009e-03 8.867877373823573756e-06 0.000000000000000000e+00 1.740653314953566908e-03 0.000000000000000000e+00 0.000000000000000000e+00 3.971456533842918600e-03 2.496085579000236962e-03 0.000000000000000000e+00 0.000000000000000000e+00 3.263426985440414860e-03 3.137898557652455105e-03 0.000000000000000000e+00 2.079752835864598977e-04 0.000000000000000000e+00 2.863177836278955977e-03 0.000000000000000000e+00 0.000000000000000000e+00 1.446210835105848913e-03 5.865472665722464615e-04 2.600683627419662133e-03
3.736865583655296207e-03 4.168122620598583607e-03 0.000000000000000000e+00 0.000000000000000000e+00 0.000000000000000000e+00 2.605253124965560118e-03 0.000000000000000000e+00 7.873110375253589708e-04 2.815809809947905033e-03 0.000000000000000000e+00 3.901811914703485085e-03 3.659319524254038905e-03 0.000000000000000000e+00 0.000000000000000000e+00 0.000000000000000000e+00 0.000000000000000000e+00 3.929004654583149667e-03 3.226523868192452196e-03 4.604620700164240195e-03 4.611050258061375113e-04 4.921837140479922920e-03 2.589097654739338106e-03 2.405735856044963206e-03 4.309177877206494915e-03 4.583064453921550062e-03
3.991420267087028573e-03 1.689612852410482102e-03 0.000000000000000000e+00 7.003502364573110624e-04 0.000000000000000000e+00 0.000000000000000000e+00 0.000000000000000000e+00 0.000000000000000000e+00 0.000000000000000000e+00 1.488150801946168909e-03 7.784999262581939394e-04 1.564371671102316895e-03 0.000000000000000000e+00 0.000000000000000000e+00 1.273021244962645919e-03 6.013049855771905941e-04 0.000000000000000000e+00 8.747894247944331932e-04 3.467801646007160916e-03 2.600263300129239830e-03 3.706289374481679805e-03 0.000000000000000000e+00 8.097183009992235539e-04 0.000000000000000000e+00 0.000000000000000000e+00
0.000000000000000000e+00 1.878813950853638892e-03 0.000000000000000000e+00 0.000000000000000000e+00 3.659225362066425885e-04 1.706914557190719042e-03 1.495464233429539972e-03 5.694789346507761517e-04 0.000000000000000000e+00 4.435734033260427061e-04 0.000000000000000000e+00 0.000000000000000000e+00 0.000000000000000000e+00 0.000000000000000000e+00 0.000000000000000000e+00 0.000000000000000000e+00 0.000000000000000000e+00 0.000000000000000000e+00 0.000000000000000000e+00 2.322773061344137000e-03 0.000000000000000000e+00 1.531756490160474929e-03 0.000000000000000000e+00 3.357371032211548152e-03 3.154067384413190064e-03
0.000000000000000000e+00 4.256180294401133712e-03 2.028020059301376046e-03 1.508633370206860069e-03 0.000000000000000000e+00 1.010732904377183031e-03 0.000000000000000000e+00 3.493344267500959107e-03 0.000000000000000000e+00 0.000000000000000000e+00 0.000000000000000000e+00 0.000000000000000000e+00 0.000000000000000000e+00 0.000000000000000000e+00 0.000000000000000000e+00 0.000000000000000000e+00 0.000000000000000000e+00 1.860606054501462046e-03 0.000000000000000000e+00 0.000000000000000000e+00 3.927988069917147905e-03 0.000000000000000000e+00 2.648536867325147195e-04 2.532988273755548084e-03 0.000000000000000000e+00
1.441692637758566937e-03 0.000000000000000000e+00 1.633136996456706087e-03 4.507523279007656647e-03 3.269834993270184093e-03 4.810091994648383793e-04 0.000000000000000000e+00 2.706580571004446080e-03 0.000000000000000000e+00 0.000000000000000000e+00 0.000000000000000000e+00 0.000000000000000000e+00 0.000000000000000000e+00 3.981558262323196210e-04 1.224658739054850952e-03 0.000000000000000000e+00 2.614040737648619904e-03 0.000000000000000000e+00 3.798726503905188942e-03 2.425791356429995006e-04 0.000000000000000000e+00 0.000000000000000000e+00 3.009716015598799116e-03 0.000000000000000000e+00 3.889882988781144958e-03
4.714554437076271150e-03 0.000000000000000000e+00 0.000000000000000000e+00 6.851234458137974923e-04 0.000000000000000000e+00 2.417030551833468106e-04 0.000000000000000000e+00 4.761296743028574363e-03 3.624682101136431859e-03 3.027901785857108931e-03 0.000000000000000000e+00 0.000000000000000000e+00 1.309264483639876932e-03 0.000000000000000000e+00 0.000000000000000000e+00 0.000000000000000000e+00 4.998098712496146581e-03 4.797928570172874975e-03 0.000000000000000000e+00 0.000000000000000000e+00 0.000000000000000000e+00 2.023915588164339977e-03 0.000000000000000000e+00 4.353037141282730012e-03 0.000000000000000000e+00
0.000000000000000000e+00 0.000000000000000000e+00 0.000000000000000000e+00 0.000000000000000000e+00 0.000000000000000000e+00 0.000000000000000000e+00 1.848619552949373052e-03 0.000000000000000000e+00 1.635913729852949902e-03 4.953581256474591001e-03 0.000000000000000000e+00 0.000000000000000000e+00 3.298957130775007941e-03 0.000000000000000000e+00 0.000000000000000000e+00 0.000000000000000000e+00 0.000000000000000000e+00 0.000000000000000000e+00 2.095984201442549120e-04 1.486262346886633046e-03 0.000000000000000000e+00 1.998488317758357041e-03 8.109323204714475502e-04 9.875705718792289825e-04 1.269524174022000108e-03
3.463678901299240085e-03 3.293205079955180067e-03 0.000000000000000000e+00 0.000000000000000000e+00 3.877574437913013962e-03 0.000000000000000000e+00 1.994977409730916938e-03 0.000000000000000000e+00 1.100585913571946019e-03 3.488419077033521037e-03 3.909113383251178707e-03 0.000000000000000000e+00 0.000000000000000000e+00 0.000000000000000000e+00 1.248117138367056071e-03 0.000000000000000000e+00 0.000000000000000000e+00 3.613223357305009840e-03 2.554287704400871970e-03 2.763855546971913141e-04 6.179724147536497713e-04 0.000000000000000000e+00 0.000000000000000000e+00 0.000000000000000000e+00 4.952252387892836644e-03
0.000000000000000000e+00 0.000000000000000000e+00 2.420832592948661023e-03 0.000000000000000000e+00 0.000000000000000000e+00 0.000000000000000000e+00 4.184242756251136709e-03 2.112635951135715133e-04 0.000000000000000000e+00 0.000000000000000000e+00 0.000000000000000000e+00 0.000000000000000000e+00 4.661037745581768019e-03 0.000000000000000000e+00 0.000000000000000000e+00 1.521859638641239040e-03 4.947535139559596819e-03 4.864299318388291306e-03 0.000000000000000000e+00 0.000000000000000000e+00 3.667604914339334804e-03 2.369498257378031911e-03 1.716587166066441085e-03 3.943916455208169879e-04 0.000000000000000000e+00
0.000000000000000000e+00 0.000000000000000000e+00 0.000000000000000000e+00 1.398855354285219064e-03 0.000000000000000000e+00 3.011871611782411789e-03 0.000000000000000000e+00 0.000000000000000000e+00 0.000000000000000000e+00 1.374103406150784066e-04 0.000000000000000000e+00 8.411212960531272233e-06 1.996885074277884083e-03 0.000000000000000000e+00 0.000000000000000000e+00 1.248856559219718937e-03 0.000000000000000000e+00 4.642294025149006076e-03 0.000000000000000000e+00 0.000000000000000000e+00 0.000000000000000000e+00 4.011244846965854836e-03 0.000000000000000000e+00 0.000000000000000000e+00 0.000000000000000000e+00
0.000000000000000000e+00 2.913633247345311875e-03 0.000000000000000000e+00 3.963537016608836318e-03 0.000000000000000000e+00 0.000000000000000000e+00 2.217330709022084095e-03 2.617583941593681213e-03 4.783862504698367137e-03 2.564273876435048827e-03 0.000000000000000000e+00 2.619645872206134880e-03 0.000000000000000000e+00 1.889853892485202102e-04 0.000000000000000000e+00 0.000000000000000000e+00 3.737879466965153986e-03 0.000000000000000000e+00 3.402573176050606918e-04 6.160657843463545258e-04 0.000000000000000000e+00 4.416423731740951736e-03 0.000000000000000000e+00 3.055000131925247192e-03 0.000000000000000000e+00
3.860549225387488199e-03 0.000000000000000000e+00 3.313055565188363204e-03 0.000000000000000000e+00 0.000000000000000000e+00 0.000000000000000000e+00 1.617092855036294900e-03 0.000000000000000000e+00 1.717777261548525001e-03 2.588927828799751901e-03 4.672919234417490832e-03 1.444917033808003912e-03 0.000000000000000000e+00 0.000000000000000000e+00 1.056889820508879899e-03 2.022923019894805080e-04 4.761828540710893662e-03 0.000000000000000000e+00 0.000000000000000000e+00 1.292092102063172911e-03 4.881701052292121597e-03 0.000000000000000000e+00 0.000000000000000000e+00 3.255356228505873993e-03 0.000000000000000000e+00
3.125980432980002104e-03 0.000000000000000000e+00 0.000000000000000000e+00 1.140364116843983972e-03 2.865262487520291862e-03 2.512464752922691918e-03 0.000000000000000000e+00 3.167585892660260919e-03 0.000000000000000000e+00 9.816822666998009130e-04 4.158366459589638194e-03 2.371082872633218882e-04 0.000000000000000000e+00 2.071492857175176189e-03 3.250512545141080820e-03 0.000000000000000000e+00 2.572864416299757914e-03 2.284548257213373824e-03 0.000000000000000000e+00 9.106956877524993678e-04 0.000000000000000000e+00 7.667442960594487425e-04 4.264888556301748256e-03 0.000000000000000000e+00 0.000000000000000000e+00
