# # File created on Fri May 17 15:42:05 2024
#  # The following metaparameters were used for this matrix optimization : gamma0 = 0.5; alpha0 = 0; sigma0 = 0.25; l0 = 1;p = 1; R0 = 1; S0 = 0.05; NR = 25; NS = 25; matrix path = matrices/Nr25_Nc25/consumption/RandTrix_Nr25_Nc25_Nest0.4_Conn0.272.txt; convergence threshold = 1e-08
# 
1.202609607703895985e-03 0.000000000000000000e+00 1.315537726961916098e-03 0.000000000000000000e+00 1.843548678623565954e-04 1.776524665447892998e-03 1.108054979396041074e-03 0.000000000000000000e+00 0.000000000000000000e+00 0.000000000000000000e+00 1.449076505406022035e-03 2.506003334084737008e-03 7.366859502304343209e-04 2.003450079972792213e-03 0.000000000000000000e+00 3.065297432851441135e-03 0.000000000000000000e+00 0.000000000000000000e+00 3.577692111741266785e-03 1.398166786000523947e-03 0.000000000000000000e+00 0.000000000000000000e+00 1.427946313097856051e-03 2.818356852794568195e-03 0.000000000000000000e+00
0.000000000000000000e+00 4.601888208420727017e-03 0.000000000000000000e+00 2.276671869430561043e-03 3.530811230451506096e-04 0.000000000000000000e+00 3.391912820359728898e-03 3.813894573150523968e-03 0.000000000000000000e+00 0.000000000000000000e+00 0.000000000000000000e+00 0.000000000000000000e+00 4.415323055915673102e-04 1.243515863862692909e-03 0.000000000000000000e+00 4.047406474306373611e-03 3.720533770144683096e-03 0.000000000000000000e+00 0.000000000000000000e+00 1.126583290447119058e-03 0.000000000000000000e+00 0.000000000000000000e+00 1.518758319498471994e-03 1.245268885549032003e-03 0.000000000000000000e+00
0.000000000000000000e+00 0.000000000000000000e+00 0.000000000000000000e+00 0.000000000000000000e+00 0.000000000000000000e+00 0.000000000000000000e+00 0.000000000000000000e+00 0.000000000000000000e+00 0.000000000000000000e+00 3.564815076412121788e-04 1.417448939462293955e-03 0.000000000000000000e+00 2.826585044329622820e-03 0.000000000000000000e+00 4.121595899703086804e-03 0.000000000000000000e+00 1.562836500140334106e-04 3.827751452236459115e-03 0.000000000000000000e+00 3.552431481344576168e-03 0.000000000000000000e+00 3.924362273113025067e-03 6.786387139308486466e-04 0.000000000000000000e+00 0.000000000000000000e+00
1.525317695625886963e-03 1.377784455432737917e-03 4.534437317459072913e-04 6.737245260646965812e-04 7.721357438463434270e-04 0.000000000000000000e+00 2.613037586612411986e-04 0.000000000000000000e+00 0.000000000000000000e+00 0.000000000000000000e+00 0.000000000000000000e+00 0.000000000000000000e+00 1.345700657434552999e-03 0.000000000000000000e+00 0.000000000000000000e+00 0.000000000000000000e+00 0.000000000000000000e+00 3.146830988794585039e-03 6.243865903018507978e-04 0.000000000000000000e+00 4.713703060208813272e-03 1.777028723549813971e-03 1.126103215520300000e-03 0.000000000000000000e+00 0.000000000000000000e+00
0.000000000000000000e+00 3.122518098039203834e-03 0.000000000000000000e+00 2.587508685989279786e-03 0.000000000000000000e+00 4.948058830736115285e-03 0.000000000000000000e+00 4.837249892511523083e-03 0.000000000000000000e+00 0.000000000000000000e+00 0.000000000000000000e+00 1.852036079895246932e-03 2.821637453414908153e-03 3.998565824533939321e-03 0.000000000000000000e+00 0.000000000000000000e+00 1.727796031697021069e-03 0.000000000000000000e+00 0.000000000000000000e+00 1.714036226405917939e-04 1.391744845276896101e-03 4.343820557821719344e-03 0.000000000000000000e+00 7.168096556885684371e-04 8.209717923192538097e-04
0.000000000000000000e+00 1.571076940655237106e-03 8.011127079870380106e-04 0.000000000000000000e+00 4.517570770022984877e-03 1.422319846630741005e-03 0.000000000000000000e+00 2.524514190281895113e-03 0.000000000000000000e+00 0.000000000000000000e+00 1.813150382270798918e-03 2.498268533312265113e-03 2.270092563239200101e-03 0.000000000000000000e+00 8.874836656475781817e-04 2.861914137479147982e-03 0.000000000000000000e+00 0.000000000000000000e+00 2.683324947849397772e-04 2.819016902000448055e-05 0.000000000000000000e+00 4.660804693381592756e-03 1.115760621812451068e-03 9.180445317123193504e-05 4.092839257064451348e-03
0.000000000000000000e+00 0.000000000000000000e+00 2.343777113143662855e-03 3.015542407797902179e-03 3.423177023538670916e-03 0.000000000000000000e+00 2.360498094307268094e-03 0.000000000000000000e+00 1.778287972589208095e-03 0.000000000000000000e+00 0.000000000000000000e+00 0.000000000000000000e+00 6.085081619709890388e-04 0.000000000000000000e+00 4.225639962071840380e-03 0.000000000000000000e+00 0.000000000000000000e+00 4.635969933910735405e-03 0.000000000000000000e+00 2.068432919587379158e-03 0.000000000000000000e+00 4.730662856800888112e-03 1.745732748051752976e-03 0.000000000000000000e+00 3.069457237244018095e-03
0.000000000000000000e+00 0.000000000000000000e+00 0.000000000000000000e+00 0.000000000000000000e+00 4.205972218526882016e-03 1.915012024502240088e-03 5.726879327873115038e-05 4.003111042922793961e-03 0.000000000000000000e+00 0.000000000000000000e+00 0.000000000000000000e+00 0.000000000000000000e+00 0.000000000000000000e+00 0.000000000000000000e+00 0.000000000000000000e+00 0.000000000000000000e+00 7.013394599985387596e-04 4.433847035267583434e-03 0.000000000000000000e+00 0.000000000000000000e+00 2.139413008796219886e-04 3.470268029467257938e-03 2.166050266585701090e-03 4.412087773370335086e-03 1.013881760766454070e-03
0.000000000000000000e+00 0.000000000000000000e+00 1.856140962729144932e-03 0.000000000000000000e+00 2.968716693165421912e-03 0.000000000000000000e+00 0.000000000000000000e+00 0.000000000000000000e+00 0.000000000000000000e+00 0.000000000000000000e+00 0.000000000000000000e+00 4.358912796454981337e-03 4.544572088166953100e-03 0.000000000000000000e+00 1.650665529991854059e-04 4.615258525910909126e-03 2.229180939045974971e-03 0.000000000000000000e+00 0.000000000000000000e+00 2.755522993615140085e-03 4.346171884253571750e-04 2.834272546426066814e-03 3.464248417333470800e-03 0.000000000000000000e+00 3.980264809474720611e-03
0.000000000000000000e+00 4.195022206068086713e-03 0.000000000000000000e+00 0.000000000000000000e+00 0.000000000000000000e+00 9.274557241115472970e-04 0.000000000000000000e+00 4.119266260625167181e-03 6.527013371046263288e-04 0.000000000000000000e+00 2.357946428253316143e-03 0.000000000000000000e+00 3.685093882107583988e-03 2.054299811998951033e-03 0.000000000000000000e+00 6.460865740518990409e-04 2.897138749640283065e-03 2.008787014782676111e-03 0.000000000000000000e+00 2.513835616032759814e-03 1.646540137512004977e-03 0.000000000000000000e+00 3.020085318143816023e-03 1.763035168497309037e-05 0.000000000000000000e+00
3.070494917292854956e-03 0.000000000000000000e+00 0.000000000000000000e+00 0.000000000000000000e+00 9.948191399838744037e-04 0.000000000000000000e+00 0.000000000000000000e+00 1.006402202516806050e-03 0.000000000000000000e+00 3.884736569247401999e-03 0.000000000000000000e+00 0.000000000000000000e+00 0.000000000000000000e+00 0.000000000000000000e+00 0.000000000000000000e+00 0.000000000000000000e+00 0.000000000000000000e+00 0.000000000000000000e+00 0.000000000000000000e+00 0.000000000000000000e+00 2.953478122913652179e-03 0.000000000000000000e+00 2.738224224864531115e-03 0.000000000000000000e+00 0.000000000000000000e+00
3.860104448801950192e-04 1.739863940679182031e-03 3.078309511349977871e-04 2.931042311837705854e-03 0.000000000000000000e+00 2.799036000798523112e-04 2.368906209255428139e-03 3.993629090048969425e-03 0.000000000000000000e+00 5.067882535623510071e-04 0.000000000000000000e+00 1.908035052353027061e-03 2.894937591802094947e-03 3.972442094602747151e-03 1.515498597753346059e-03 0.000000000000000000e+00 1.232497960305524052e-03 0.000000000000000000e+00 0.000000000000000000e+00 0.000000000000000000e+00 0.000000000000000000e+00 0.000000000000000000e+00 0.000000000000000000e+00 0.000000000000000000e+00 1.795652428772525093e-03
3.325613352582354205e-03 1.358889906853039987e-03 0.000000000000000000e+00 4.152465095109373651e-03 3.724416789039594871e-03 1.414726425280713037e-03 8.669135312058966246e-04 0.000000000000000000e+00 0.000000000000000000e+00 0.000000000000000000e+00 0.000000000000000000e+00 2.884153375230156819e-03 0.000000000000000000e+00 1.998428095630800164e-03 0.000000000000000000e+00 2.803593527885210861e-03 1.323342848999081028e-03 1.779424899638188968e-03 1.039020904159347961e-03 0.000000000000000000e+00 0.000000000000000000e+00 0.000000000000000000e+00 3.722356877238335048e-04 4.587688699408984210e-03 0.000000000000000000e+00
0.000000000000000000e+00 0.000000000000000000e+00 2.202425528593880948e-03 2.254192807903118885e-03 0.000000000000000000e+00 0.000000000000000000e+00 0.000000000000000000e+00 0.000000000000000000e+00 0.000000000000000000e+00 0.000000000000000000e+00 3.681988016625157168e-03 3.165436617379386100e-03 7.036357621910715229e-04 0.000000000000000000e+00 0.000000000000000000e+00 0.000000000000000000e+00 3.449899859878285957e-03 0.000000000000000000e+00 0.000000000000000000e+00 3.887454464779561015e-03 1.898457870017509954e-03 0.000000000000000000e+00 0.000000000000000000e+00 6.372849325686640075e-04 2.333136012391478879e-03
3.239817462486581888e-03 3.513003859737883969e-03 0.000000000000000000e+00 0.000000000000000000e+00 0.000000000000000000e+00 2.494062964059162810e-03 4.825135763539300723e-03 0.000000000000000000e+00 0.000000000000000000e+00 2.335834691891930208e-03 0.000000000000000000e+00 0.000000000000000000e+00 0.000000000000000000e+00 0.000000000000000000e+00 0.000000000000000000e+00 0.000000000000000000e+00 0.000000000000000000e+00 2.705964373418056831e-03 0.000000000000000000e+00 3.912230818236656429e-03 2.513419689811659859e-03 1.528410467986470985e-03 0.000000000000000000e+00 3.661221437889526815e-03 0.000000000000000000e+00
4.613232425696407908e-03 0.000000000000000000e+00 1.996155640271368801e-03 0.000000000000000000e+00 0.000000000000000000e+00 1.850024865277791935e-03 1.764546105742646059e-03 1.794872534693508961e-03 4.564479155258468167e-03 3.834582909229561874e-03 0.000000000000000000e+00 4.201123347433961125e-03 2.331940180468025951e-04 0.000000000000000000e+00 3.378006499370741177e-03 0.000000000000000000e+00 4.975498701864491079e-03 0.000000000000000000e+00 4.722358241921125778e-03 2.968204339174702975e-03 0.000000000000000000e+00 0.000000000000000000e+00 3.936163634097258760e-04 3.591558674593469747e-04 1.656563740246880939e-03
0.000000000000000000e+00 0.000000000000000000e+00 8.467095330521921630e-05 1.483448751101696956e-03 4.654130601311988295e-03 0.000000000000000000e+00 0.000000000000000000e+00 0.000000000000000000e+00 0.000000000000000000e+00 4.170348179813817419e-03 0.000000000000000000e+00 0.000000000000000000e+00 0.000000000000000000e+00 0.000000000000000000e+00 0.000000000000000000e+00 2.717832194677215207e-03 2.503869370930695160e-03 0.000000000000000000e+00 4.991069336860337255e-03 0.000000000000000000e+00 4.492446436024010933e-03 2.878122889440934851e-03 0.000000000000000000e+00 0.000000000000000000e+00 0.000000000000000000e+00
4.805191279257710162e-03 3.083728062306616020e-03 1.382193477707028976e-03 3.424968919574819092e-03 1.662720166920126936e-03 5.835172005959649456e-04 4.061582448879236945e-03 2.118223037158673949e-03 1.742456013059388072e-04 0.000000000000000000e+00 0.000000000000000000e+00 4.667449110891411235e-03 0.000000000000000000e+00 4.682861724528990591e-03 0.000000000000000000e+00 4.824715086120590947e-03 0.000000000000000000e+00 0.000000000000000000e+00 0.000000000000000000e+00 0.000000000000000000e+00 0.000000000000000000e+00 0.000000000000000000e+00 4.142404643111986112e-03 1.233309097917176895e-03 3.162207592345426827e-03
1.205532864163803061e-03 0.000000000000000000e+00 0.000000000000000000e+00 0.000000000000000000e+00 0.000000000000000000e+00 0.000000000000000000e+00 0.000000000000000000e+00 2.533218629802783985e-03 0.000000000000000000e+00 8.008977998412073309e-05 4.697687239547349708e-03 0.000000000000000000e+00 1.161066565884185959e-03 2.786737587185219786e-03 0.000000000000000000e+00 0.000000000000000000e+00 4.366107455025925940e-03 0.000000000000000000e+00 0.000000000000000000e+00 0.000000000000000000e+00 0.000000000000000000e+00 3.816642450136486110e-03 8.160582917251496104e-04 0.000000000000000000e+00 0.000000000000000000e+00
3.772903696629061922e-03 0.000000000000000000e+00 1.701987749460354962e-03 0.000000000000000000e+00 3.583404539918734824e-03 0.000000000000000000e+00 0.000000000000000000e+00 4.599396462469737372e-03 0.000000000000000000e+00 8.231030845228645611e-04 2.920795707587940833e-03 3.288491420684961850e-03 4.011613342997774091e-03 4.633797985370353284e-03 0.000000000000000000e+00 0.000000000000000000e+00 0.000000000000000000e+00 0.000000000000000000e+00 0.000000000000000000e+00 0.000000000000000000e+00 4.139305396447789769e-03 0.000000000000000000e+00 3.682849104484992898e-03 9.459154548641175893e-04 8.911176124386154191e-04
0.000000000000000000e+00 2.916259449794309910e-03 4.511107782647894829e-04 2.356080741559976165e-03 2.619278937379782794e-03 0.000000000000000000e+00 0.000000000000000000e+00 3.741218839393141947e-03 4.830846914863720122e-03 3.893648317822906001e-03 2.725472077306220070e-03 0.000000000000000000e+00 9.157166478824629689e-04 0.000000000000000000e+00 0.000000000000000000e+00 0.000000000000000000e+00 0.000000000000000000e+00 0.000000000000000000e+00 3.906613264403423387e-03 7.053840916749121084e-04 4.408051832597128898e-03 5.616830814724594169e-04 4.486707712937030093e-03 4.644532041219929966e-04 3.899879074190404013e-03
0.000000000000000000e+00 4.113908653610325906e-03 0.000000000000000000e+00 0.000000000000000000e+00 2.756963826003819892e-03 0.000000000000000000e+00 0.000000000000000000e+00 3.633189265121418085e-03 0.000000000000000000e+00 4.471842772262977703e-03 2.853732511926697097e-03 0.000000000000000000e+00 2.135244491824297985e-03 4.990311027917733976e-03 4.572303339779025012e-03 7.856216940180806539e-04 0.000000000000000000e+00 0.000000000000000000e+00 0.000000000000000000e+00 0.000000000000000000e+00 0.000000000000000000e+00 2.047035448260411971e-04 1.830434271965597970e-03 0.000000000000000000e+00 0.000000000000000000e+00
3.482420267967595989e-03 1.839199468540826058e-04 0.000000000000000000e+00 0.000000000000000000e+00 0.000000000000000000e+00 0.000000000000000000e+00 2.916097295464195084e-03 3.717583193059710144e-03 4.423818254740547601e-03 0.000000000000000000e+00 0.000000000000000000e+00 3.407439222266580962e-03 0.000000000000000000e+00 0.000000000000000000e+00 0.000000000000000000e+00 0.000000000000000000e+00 0.000000000000000000e+00 0.000000000000000000e+00 3.569855329483914794e-03 0.000000000000000000e+00 4.962235996468112621e-03 8.082884267698696576e-05 1.999897437496333912e-03 0.000000000000000000e+00 3.066863384198481157e-03
0.000000000000000000e+00 0.000000000000000000e+00 0.000000000000000000e+00 3.688409572514254886e-03 4.271739050198547667e-03 0.000000000000000000e+00 2.854352859276210186e-03 0.000000000000000000e+00 1.122909637013906094e-03 1.509363194542830957e-03 0.000000000000000000e+00 0.000000000000000000e+00 0.000000000000000000e+00 0.000000000000000000e+00 0.000000000000000000e+00 0.000000000000000000e+00 1.442098040046195040e-03 0.000000000000000000e+00 6.604165006087596738e-04 1.635707369702825995e-03 0.000000000000000000e+00 4.546784880523762305e-03 0.000000000000000000e+00 1.227388090778673904e-03 2.300269773247010010e-03
2.077878222111606034e-03 2.056768597684414056e-04 0.000000000000000000e+00 0.000000000000000000e+00 3.774013555057197794e-03 3.962206685872223942e-04 0.000000000000000000e+00 0.000000000000000000e+00 3.329990555148992868e-03 4.759380216194881996e-03 0.000000000000000000e+00 4.564477258693377427e-03 4.520242394495604422e-03 0.000000000000000000e+00 2.620863817474144986e-03 2.604027069743997981e-03 5.738478078331087258e-04 0.000000000000000000e+00 4.868285259772251426e-03 0.000000000000000000e+00 2.020715737369583979e-03 0.000000000000000000e+00 0.000000000000000000e+00 0.000000000000000000e+00 4.275305868287082069e-03
