# File created on Mon Apr 29 22:50:00 2024
# The following metaparameters were used for this matrix optimization : gamma0 = 0.5; alpha0 = 0; sigma0 = 0.25; l0 = 1;p = 1; R0 = 1; S0 = 0.05; NR = 25; NS = 25; matrix path = matrices/Nr25_Nc25/consumption/RandTrix_Nr25_Nc25_Nest0.35_Conn0.272.txt; convergence threshold = 1e-08
0.000000000000000e+00 0.000000000000000e+00 0.000000000000000e+00 5.127023711804914e-01 1.342269819882293e+00 2.866125432365159e-01 4.620166303145510e-01 2.477625767301909e-01 0.000000000000000e+00 7.991395167849883e-01 0.000000000000000e+00 0.000000000000000e+00 0.000000000000000e+00 0.000000000000000e+00 0.000000000000000e+00 1.015866346478927e+00 0.000000000000000e+00 0.000000000000000e+00 0.000000000000000e+00 4.098788506895878e-01 6.456918559652208e-01 0.000000000000000e+00 0.000000000000000e+00 0.000000000000000e+00 0.000000000000000e+00 
0.000000000000000e+00 5.756818730674957e-01 0.000000000000000e+00 0.000000000000000e+00 4.996201027917459e-01 6.571435112078629e-02 0.000000000000000e+00 0.000000000000000e+00 0.000000000000000e+00 9.301908648733827e-01 9.536530256511089e-01 1.173987474156797e-01 0.000000000000000e+00 0.000000000000000e+00 0.000000000000000e+00 7.301089116686597e-01 1.875336742155635e-01 3.147864777744007e-01 0.000000000000000e+00 6.080296290476430e-01 0.000000000000000e+00 5.630945532301406e-01 0.000000000000000e+00 0.000000000000000e+00 2.373085269553610e-01 
0.000000000000000e+00 4.135745484353739e-01 0.000000000000000e+00 0.000000000000000e+00 0.000000000000000e+00 0.000000000000000e+00 0.000000000000000e+00 0.000000000000000e+00 3.354838835892315e-01 0.000000000000000e+00 0.000000000000000e+00 0.000000000000000e+00 0.000000000000000e+00 0.000000000000000e+00 3.985465951534038e-01 0.000000000000000e+00 0.000000000000000e+00 0.000000000000000e+00 5.420136513099175e-01 9.546573729013761e-01 1.292304224166614e+00 0.000000000000000e+00 3.809727490041185e-01 0.000000000000000e+00 0.000000000000000e+00 
9.718041206139063e-01 4.835333517457731e-01 2.891583998741091e-01 0.000000000000000e+00 0.000000000000000e+00 0.000000000000000e+00 0.000000000000000e+00 0.000000000000000e+00 4.494326146015428e-01 0.000000000000000e+00 0.000000000000000e+00 4.459984581658754e-01 5.005563075829146e-01 0.000000000000000e+00 2.629107902346925e-01 0.000000000000000e+00 0.000000000000000e+00 1.671530629536988e-01 3.443212178803416e-01 5.270165156844495e-01 0.000000000000000e+00 0.000000000000000e+00 0.000000000000000e+00 0.000000000000000e+00 0.000000000000000e+00 
9.727961490840727e-01 6.201091432664192e-01 0.000000000000000e+00 0.000000000000000e+00 0.000000000000000e+00 1.974299667785927e-01 3.974884628453316e-01 0.000000000000000e+00 0.000000000000000e+00 0.000000000000000e+00 0.000000000000000e+00 2.238333282764707e-01 0.000000000000000e+00 0.000000000000000e+00 3.974687397024123e-01 7.719629787035404e-01 5.187118764334753e-01 0.000000000000000e+00 0.000000000000000e+00 0.000000000000000e+00 0.000000000000000e+00 3.149874126066003e-01 0.000000000000000e+00 2.348169744433570e-01 0.000000000000000e+00 
1.468449669456580e-01 2.701606933438117e-01 8.714639055715905e-01 0.000000000000000e+00 0.000000000000000e+00 2.138321216322344e-01 0.000000000000000e+00 8.630545535800558e-01 0.000000000000000e+00 1.220268965838379e+00 0.000000000000000e+00 0.000000000000000e+00 0.000000000000000e+00 0.000000000000000e+00 0.000000000000000e+00 0.000000000000000e+00 0.000000000000000e+00 0.000000000000000e+00 0.000000000000000e+00 0.000000000000000e+00 0.000000000000000e+00 0.000000000000000e+00 0.000000000000000e+00 1.951340044455516e-01 3.169412861144220e-01 
1.790472016986214e-01 0.000000000000000e+00 7.404540987260185e-01 0.000000000000000e+00 0.000000000000000e+00 0.000000000000000e+00 0.000000000000000e+00 0.000000000000000e+00 1.025498957553752e+00 0.000000000000000e+00 3.991817933206550e-01 0.000000000000000e+00 8.427958425083895e-01 0.000000000000000e+00 0.000000000000000e+00 0.000000000000000e+00 0.000000000000000e+00 0.000000000000000e+00 1.011307206302706e-01 0.000000000000000e+00 0.000000000000000e+00 0.000000000000000e+00 0.000000000000000e+00 9.947558597571667e-01 0.000000000000000e+00 
0.000000000000000e+00 0.000000000000000e+00 5.280976310254757e-01 1.641900245206137e-01 2.933172361919255e-01 0.000000000000000e+00 5.074555115267540e-01 0.000000000000000e+00 0.000000000000000e+00 7.922000223242904e-01 0.000000000000000e+00 0.000000000000000e+00 0.000000000000000e+00 0.000000000000000e+00 0.000000000000000e+00 0.000000000000000e+00 0.000000000000000e+00 5.530760720460584e-01 0.000000000000000e+00 0.000000000000000e+00 1.829759277412720e-01 0.000000000000000e+00 0.000000000000000e+00 6.740380871124677e-02 0.000000000000000e+00 
0.000000000000000e+00 0.000000000000000e+00 6.005313007092048e-01 0.000000000000000e+00 2.869084643134119e-01 5.239812575292913e-01 0.000000000000000e+00 0.000000000000000e+00 0.000000000000000e+00 0.000000000000000e+00 4.880966616338933e-01 6.623690857623627e-01 3.457125899818890e-01 0.000000000000000e+00 0.000000000000000e+00 0.000000000000000e+00 1.406702986239075e-01 0.000000000000000e+00 0.000000000000000e+00 0.000000000000000e+00 0.000000000000000e+00 0.000000000000000e+00 6.504148614513136e-01 0.000000000000000e+00 0.000000000000000e+00 
0.000000000000000e+00 8.363080004361663e-01 5.023859871454727e-01 4.688466622860099e-01 0.000000000000000e+00 0.000000000000000e+00 0.000000000000000e+00 1.619216795339060e-01 0.000000000000000e+00 6.536126859378249e-01 0.000000000000000e+00 0.000000000000000e+00 2.684642050186741e-01 0.000000000000000e+00 0.000000000000000e+00 0.000000000000000e+00 0.000000000000000e+00 0.000000000000000e+00 0.000000000000000e+00 1.326913709308124e-01 0.000000000000000e+00 0.000000000000000e+00 0.000000000000000e+00 0.000000000000000e+00 4.256001460771994e-01 
5.267913815715219e-01 0.000000000000000e+00 0.000000000000000e+00 1.791785553112267e-01 0.000000000000000e+00 4.837081233552005e-01 0.000000000000000e+00 0.000000000000000e+00 7.325997137348690e-01 0.000000000000000e+00 2.611738872748735e-02 0.000000000000000e+00 0.000000000000000e+00 0.000000000000000e+00 7.161553158538090e-01 1.526552399569246e-01 0.000000000000000e+00 0.000000000000000e+00 0.000000000000000e+00 2.751659750118534e-03 0.000000000000000e+00 0.000000000000000e+00 0.000000000000000e+00 1.472835335192842e-01 0.000000000000000e+00 
0.000000000000000e+00 1.119831855860709e+00 5.773845501228932e-01 0.000000000000000e+00 3.720438057211764e-01 0.000000000000000e+00 0.000000000000000e+00 0.000000000000000e+00 0.000000000000000e+00 0.000000000000000e+00 0.000000000000000e+00 0.000000000000000e+00 0.000000000000000e+00 0.000000000000000e+00 0.000000000000000e+00 0.000000000000000e+00 0.000000000000000e+00 0.000000000000000e+00 0.000000000000000e+00 0.000000000000000e+00 0.000000000000000e+00 4.250727570185891e-01 0.000000000000000e+00 0.000000000000000e+00 5.155403411134690e-01 
0.000000000000000e+00 1.691919256795621e-01 4.749559270288384e-01 3.853732910382253e-01 0.000000000000000e+00 0.000000000000000e+00 0.000000000000000e+00 0.000000000000000e+00 3.048345498989098e-01 2.388404870092773e-01 0.000000000000000e+00 0.000000000000000e+00 0.000000000000000e+00 3.283561941653528e-01 1.396968244503662e-01 4.219828702953247e-01 7.391114523419831e-01 0.000000000000000e+00 0.000000000000000e+00 2.875809135849788e-01 0.000000000000000e+00 0.000000000000000e+00 0.000000000000000e+00 0.000000000000000e+00 0.000000000000000e+00 
5.086529770200263e-01 2.149460203931307e-01 0.000000000000000e+00 2.664894428910955e-01 0.000000000000000e+00 0.000000000000000e+00 0.000000000000000e+00 0.000000000000000e+00 0.000000000000000e+00 3.333799775021328e-01 0.000000000000000e+00 0.000000000000000e+00 5.839111743137046e-01 1.025718934590400e-02 0.000000000000000e+00 5.808966256092851e-01 0.000000000000000e+00 8.541948885831711e-01 0.000000000000000e+00 1.787847785043310e-01 0.000000000000000e+00 0.000000000000000e+00 0.000000000000000e+00 0.000000000000000e+00 0.000000000000000e+00 
6.158937945370307e-01 0.000000000000000e+00 0.000000000000000e+00 0.000000000000000e+00 0.000000000000000e+00 4.054997283893535e-01 0.000000000000000e+00 0.000000000000000e+00 0.000000000000000e+00 0.000000000000000e+00 8.430234611004763e-02 0.000000000000000e+00 0.000000000000000e+00 3.318550400237974e-02 0.000000000000000e+00 0.000000000000000e+00 0.000000000000000e+00 3.543168727468904e-01 6.849360208460114e-01 0.000000000000000e+00 0.000000000000000e+00 0.000000000000000e+00 0.000000000000000e+00 0.000000000000000e+00 1.324941559438059e-01 
5.470513625864084e-01 0.000000000000000e+00 0.000000000000000e+00 0.000000000000000e+00 0.000000000000000e+00 0.000000000000000e+00 0.000000000000000e+00 0.000000000000000e+00 0.000000000000000e+00 0.000000000000000e+00 3.743947862703188e-01 2.685152934293774e-01 0.000000000000000e+00 0.000000000000000e+00 0.000000000000000e+00 0.000000000000000e+00 0.000000000000000e+00 3.542762686074074e-02 7.353642481764480e-01 0.000000000000000e+00 0.000000000000000e+00 4.622012513964626e-01 0.000000000000000e+00 0.000000000000000e+00 6.321418467887094e-01 
0.000000000000000e+00 4.390009106332043e-01 0.000000000000000e+00 0.000000000000000e+00 0.000000000000000e+00 0.000000000000000e+00 0.000000000000000e+00 4.288307246573553e-01 7.313342220180050e-01 0.000000000000000e+00 0.000000000000000e+00 2.181984114626379e-01 0.000000000000000e+00 0.000000000000000e+00 0.000000000000000e+00 2.349020067151227e-01 0.000000000000000e+00 0.000000000000000e+00 0.000000000000000e+00 0.000000000000000e+00 1.569871594226381e-01 0.000000000000000e+00 0.000000000000000e+00 0.000000000000000e+00 0.000000000000000e+00 
5.325997332747087e-01 0.000000000000000e+00 0.000000000000000e+00 4.895870444603770e-01 0.000000000000000e+00 0.000000000000000e+00 0.000000000000000e+00 4.429966308059134e-01 0.000000000000000e+00 0.000000000000000e+00 0.000000000000000e+00 0.000000000000000e+00 0.000000000000000e+00 0.000000000000000e+00 0.000000000000000e+00 4.499186510167975e-01 0.000000000000000e+00 0.000000000000000e+00 0.000000000000000e+00 0.000000000000000e+00 0.000000000000000e+00 0.000000000000000e+00 0.000000000000000e+00 0.000000000000000e+00 3.409512271743331e-01 
5.394747153792304e-01 0.000000000000000e+00 6.538016891300599e-01 0.000000000000000e+00 3.535941441535286e-01 0.000000000000000e+00 3.714151593837419e-01 0.000000000000000e+00 0.000000000000000e+00 0.000000000000000e+00 0.000000000000000e+00 0.000000000000000e+00 0.000000000000000e+00 0.000000000000000e+00 0.000000000000000e+00 0.000000000000000e+00 0.000000000000000e+00 0.000000000000000e+00 0.000000000000000e+00 0.000000000000000e+00 0.000000000000000e+00 0.000000000000000e+00 0.000000000000000e+00 0.000000000000000e+00 0.000000000000000e+00 
0.000000000000000e+00 0.000000000000000e+00 0.000000000000000e+00 0.000000000000000e+00 0.000000000000000e+00 4.876497002799076e-01 0.000000000000000e+00 0.000000000000000e+00 0.000000000000000e+00 0.000000000000000e+00 0.000000000000000e+00 4.703787425900177e-01 0.000000000000000e+00 0.000000000000000e+00 0.000000000000000e+00 0.000000000000000e+00 0.000000000000000e+00 3.072916643896726e-01 0.000000000000000e+00 0.000000000000000e+00 3.401758408965771e-02 0.000000000000000e+00 0.000000000000000e+00 0.000000000000000e+00 3.014155261934322e-01 
0.000000000000000e+00 0.000000000000000e+00 6.691126985076258e-01 0.000000000000000e+00 0.000000000000000e+00 0.000000000000000e+00 5.450312705043456e-01 3.507248279968326e-01 0.000000000000000e+00 0.000000000000000e+00 0.000000000000000e+00 0.000000000000000e+00 0.000000000000000e+00 0.000000000000000e+00 0.000000000000000e+00 0.000000000000000e+00 0.000000000000000e+00 0.000000000000000e+00 0.000000000000000e+00 0.000000000000000e+00 4.104925769817613e-01 0.000000000000000e+00 0.000000000000000e+00 0.000000000000000e+00 0.000000000000000e+00 
0.000000000000000e+00 0.000000000000000e+00 4.467123945310187e-01 5.179287712190767e-01 4.617264125665320e-01 0.000000000000000e+00 0.000000000000000e+00 0.000000000000000e+00 0.000000000000000e+00 0.000000000000000e+00 0.000000000000000e+00 0.000000000000000e+00 0.000000000000000e+00 0.000000000000000e+00 0.000000000000000e+00 0.000000000000000e+00 3.334974515277121e-01 0.000000000000000e+00 0.000000000000000e+00 0.000000000000000e+00 2.978200901193081e-01 0.000000000000000e+00 0.000000000000000e+00 0.000000000000000e+00 0.000000000000000e+00 
4.546309633811714e-01 0.000000000000000e+00 0.000000000000000e+00 0.000000000000000e+00 0.000000000000000e+00 0.000000000000000e+00 5.152918953001333e-01 0.000000000000000e+00 0.000000000000000e+00 0.000000000000000e+00 5.551328182591539e-01 0.000000000000000e+00 0.000000000000000e+00 0.000000000000000e+00 0.000000000000000e+00 0.000000000000000e+00 0.000000000000000e+00 0.000000000000000e+00 0.000000000000000e+00 0.000000000000000e+00 0.000000000000000e+00 0.000000000000000e+00 0.000000000000000e+00 0.000000000000000e+00 0.000000000000000e+00 
0.000000000000000e+00 5.231687183235647e-01 0.000000000000000e+00 5.434565721772674e-01 0.000000000000000e+00 0.000000000000000e+00 5.342451879001167e-01 0.000000000000000e+00 0.000000000000000e+00 0.000000000000000e+00 0.000000000000000e+00 0.000000000000000e+00 0.000000000000000e+00 0.000000000000000e+00 0.000000000000000e+00 0.000000000000000e+00 0.000000000000000e+00 0.000000000000000e+00 0.000000000000000e+00 0.000000000000000e+00 0.000000000000000e+00 0.000000000000000e+00 0.000000000000000e+00 0.000000000000000e+00 0.000000000000000e+00 
4.868039441341746e-01 0.000000000000000e+00 0.000000000000000e+00 0.000000000000000e+00 5.129894211424024e-01 0.000000000000000e+00 0.000000000000000e+00 0.000000000000000e+00 0.000000000000000e+00 0.000000000000000e+00 0.000000000000000e+00 0.000000000000000e+00 0.000000000000000e+00 0.000000000000000e+00 0.000000000000000e+00 0.000000000000000e+00 0.000000000000000e+00 0.000000000000000e+00 0.000000000000000e+00 0.000000000000000e+00 0.000000000000000e+00 0.000000000000000e+00 0.000000000000000e+00 0.000000000000000e+00 0.000000000000000e+00 