# File created on Tue Apr 30 05:15:03 2024
# The following metaparameters were used for this matrix optimization : gamma0 = 0.5; alpha0 = 0; sigma0 = 0.25; l0 = 1;p = 1; R0 = 1; S0 = 0.05; NR = 25; NS = 25; matrix path = matrices/Nr25_Nc25/consumption/RandTrix_Nr25_Nc25_Nest0.6_Conn0.3168.txt; convergence threshold = 1e-08
1.374767350456667e+00 0.000000000000000e+00 3.976575204323102e-01 0.000000000000000e+00 0.000000000000000e+00 7.836315090542882e-01 0.000000000000000e+00 8.184952165129553e-01 3.746636310084775e-01 0.000000000000000e+00 2.020349828705232e-01 0.000000000000000e+00 6.970683255331438e-01 0.000000000000000e+00 5.159091891933277e-01 0.000000000000000e+00 0.000000000000000e+00 4.441191184245385e-01 0.000000000000000e+00 0.000000000000000e+00 3.831688778098178e-01 0.000000000000000e+00 1.052034662324668e+00 0.000000000000000e+00 0.000000000000000e+00 
7.035013424962324e-01 9.163023423221975e-01 0.000000000000000e+00 0.000000000000000e+00 4.777160963710656e-01 1.015238811602048e+00 6.209709165742089e-01 0.000000000000000e+00 0.000000000000000e+00 8.990263878255340e-01 1.559509829896286e-01 0.000000000000000e+00 5.014447953492405e-01 0.000000000000000e+00 0.000000000000000e+00 0.000000000000000e+00 0.000000000000000e+00 5.158418437110049e-01 0.000000000000000e+00 0.000000000000000e+00 0.000000000000000e+00 0.000000000000000e+00 0.000000000000000e+00 0.000000000000000e+00 1.997527044533342e+00 
2.037273548657262e+00 2.983271974467667e-01 0.000000000000000e+00 0.000000000000000e+00 0.000000000000000e+00 0.000000000000000e+00 0.000000000000000e+00 0.000000000000000e+00 7.726953567551537e-01 0.000000000000000e+00 0.000000000000000e+00 7.865958711102985e-01 0.000000000000000e+00 0.000000000000000e+00 0.000000000000000e+00 0.000000000000000e+00 0.000000000000000e+00 0.000000000000000e+00 1.199143250745257e+00 0.000000000000000e+00 7.567394489758586e-01 0.000000000000000e+00 0.000000000000000e+00 0.000000000000000e+00 1.433511143663967e+00 
0.000000000000000e+00 1.377188593683280e+00 5.496440102470991e-01 1.010002604355508e+00 0.000000000000000e+00 0.000000000000000e+00 0.000000000000000e+00 0.000000000000000e+00 0.000000000000000e+00 0.000000000000000e+00 0.000000000000000e+00 0.000000000000000e+00 0.000000000000000e+00 8.828223235598457e-01 0.000000000000000e+00 0.000000000000000e+00 9.595349172120629e-01 0.000000000000000e+00 0.000000000000000e+00 0.000000000000000e+00 0.000000000000000e+00 0.000000000000000e+00 0.000000000000000e+00 1.816062831875321e+00 0.000000000000000e+00 
1.529526651032174e+00 9.442572528846813e-01 0.000000000000000e+00 4.906624631106591e-01 0.000000000000000e+00 0.000000000000000e+00 0.000000000000000e+00 0.000000000000000e+00 0.000000000000000e+00 0.000000000000000e+00 0.000000000000000e+00 1.708533216322912e-01 0.000000000000000e+00 0.000000000000000e+00 0.000000000000000e+00 0.000000000000000e+00 0.000000000000000e+00 5.423398195973166e-01 0.000000000000000e+00 0.000000000000000e+00 0.000000000000000e+00 0.000000000000000e+00 0.000000000000000e+00 2.023228857517781e+00 0.000000000000000e+00 
1.490304087236351e+00 0.000000000000000e+00 0.000000000000000e+00 0.000000000000000e+00 0.000000000000000e+00 0.000000000000000e+00 0.000000000000000e+00 1.349125547918445e+00 0.000000000000000e+00 2.465577660713391e-01 0.000000000000000e+00 0.000000000000000e+00 0.000000000000000e+00 0.000000000000000e+00 9.005823612321746e-01 0.000000000000000e+00 0.000000000000000e+00 7.767413732802414e-01 0.000000000000000e+00 0.000000000000000e+00 0.000000000000000e+00 6.771709422897747e-01 0.000000000000000e+00 0.000000000000000e+00 0.000000000000000e+00 
1.270253046497805e+00 7.344656991589572e-01 0.000000000000000e+00 0.000000000000000e+00 0.000000000000000e+00 0.000000000000000e+00 0.000000000000000e+00 0.000000000000000e+00 1.114111452464084e+00 8.606578523038263e-01 0.000000000000000e+00 0.000000000000000e+00 0.000000000000000e+00 0.000000000000000e+00 0.000000000000000e+00 1.251635089843235e-01 0.000000000000000e+00 0.000000000000000e+00 1.269379367623716e+00 0.000000000000000e+00 1.017514350375806e+00 0.000000000000000e+00 0.000000000000000e+00 0.000000000000000e+00 0.000000000000000e+00 
6.998326048620506e-01 2.396733164951446e-01 1.561109015513475e-01 0.000000000000000e+00 0.000000000000000e+00 4.984580645876039e-01 0.000000000000000e+00 0.000000000000000e+00 3.815012504982634e-01 0.000000000000000e+00 0.000000000000000e+00 0.000000000000000e+00 1.144734841455843e+00 0.000000000000000e+00 0.000000000000000e+00 4.358411228577544e-02 0.000000000000000e+00 1.282967550794405e+00 0.000000000000000e+00 0.000000000000000e+00 0.000000000000000e+00 0.000000000000000e+00 5.463324406332477e-01 4.986637675793194e-01 0.000000000000000e+00 
0.000000000000000e+00 0.000000000000000e+00 0.000000000000000e+00 6.520688461500539e-01 0.000000000000000e+00 3.116388816029887e-01 6.873250694634354e-01 0.000000000000000e+00 5.295281625485598e-01 0.000000000000000e+00 3.597795441053196e-01 2.273599322875324e-01 1.421670572292949e+00 5.362338255941422e-01 0.000000000000000e+00 0.000000000000000e+00 0.000000000000000e+00 4.463308469508143e-01 0.000000000000000e+00 0.000000000000000e+00 4.090136046918228e-01 0.000000000000000e+00 0.000000000000000e+00 3.129299701996917e-01 0.000000000000000e+00 
0.000000000000000e+00 3.550282950598199e-01 4.963803525894833e-01 5.567132275432610e-01 0.000000000000000e+00 0.000000000000000e+00 0.000000000000000e+00 0.000000000000000e+00 1.020020651889742e+00 3.094202762956005e-01 0.000000000000000e+00 0.000000000000000e+00 0.000000000000000e+00 0.000000000000000e+00 1.165007811858767e+00 0.000000000000000e+00 0.000000000000000e+00 0.000000000000000e+00 0.000000000000000e+00 0.000000000000000e+00 0.000000000000000e+00 0.000000000000000e+00 3.086230276120222e-01 0.000000000000000e+00 0.000000000000000e+00 
2.557055397076159e-02 1.085778162461659e+00 4.061454610261261e-01 0.000000000000000e+00 7.627137901368205e-01 0.000000000000000e+00 0.000000000000000e+00 0.000000000000000e+00 0.000000000000000e+00 0.000000000000000e+00 0.000000000000000e+00 0.000000000000000e+00 0.000000000000000e+00 0.000000000000000e+00 6.140454575539338e-02 8.962917954438033e-01 0.000000000000000e+00 0.000000000000000e+00 0.000000000000000e+00 1.097062638587811e+00 0.000000000000000e+00 0.000000000000000e+00 0.000000000000000e+00 0.000000000000000e+00 0.000000000000000e+00 
1.101333134225218e+00 1.093940316307031e+00 0.000000000000000e+00 0.000000000000000e+00 0.000000000000000e+00 0.000000000000000e+00 0.000000000000000e+00 0.000000000000000e+00 0.000000000000000e+00 0.000000000000000e+00 0.000000000000000e+00 0.000000000000000e+00 0.000000000000000e+00 0.000000000000000e+00 0.000000000000000e+00 6.039861913287913e-01 0.000000000000000e+00 3.258543992633177e-01 5.834405214564293e-01 5.614260031948659e-01 1.448509484381961e-01 0.000000000000000e+00 0.000000000000000e+00 0.000000000000000e+00 0.000000000000000e+00 
0.000000000000000e+00 0.000000000000000e+00 9.952651857021316e-01 0.000000000000000e+00 8.537911522553433e-01 0.000000000000000e+00 0.000000000000000e+00 0.000000000000000e+00 3.200450105049677e-01 6.042819832490793e-01 0.000000000000000e+00 0.000000000000000e+00 0.000000000000000e+00 0.000000000000000e+00 0.000000000000000e+00 0.000000000000000e+00 0.000000000000000e+00 0.000000000000000e+00 3.718842995739649e-01 0.000000000000000e+00 0.000000000000000e+00 0.000000000000000e+00 0.000000000000000e+00 0.000000000000000e+00 0.000000000000000e+00 
1.720378418368407e-01 6.977572299882596e-01 7.901644391262419e-01 0.000000000000000e+00 0.000000000000000e+00 0.000000000000000e+00 0.000000000000000e+00 0.000000000000000e+00 0.000000000000000e+00 0.000000000000000e+00 7.874463695605143e-01 0.000000000000000e+00 3.812485328303293e-01 1.364426484612838e-01 0.000000000000000e+00 0.000000000000000e+00 0.000000000000000e+00 3.991581285992280e-01 0.000000000000000e+00 0.000000000000000e+00 0.000000000000000e+00 0.000000000000000e+00 0.000000000000000e+00 0.000000000000000e+00 0.000000000000000e+00 
1.777273009867960e-01 4.487173207515694e-01 0.000000000000000e+00 0.000000000000000e+00 0.000000000000000e+00 0.000000000000000e+00 2.642548616179615e-01 6.124469158186204e-01 0.000000000000000e+00 0.000000000000000e+00 2.055623532340322e-01 0.000000000000000e+00 1.415400715007041e-01 0.000000000000000e+00 0.000000000000000e+00 6.037862599300765e-01 0.000000000000000e+00 0.000000000000000e+00 8.486350964581369e-01 0.000000000000000e+00 4.675226911469029e-01 0.000000000000000e+00 0.000000000000000e+00 9.433771257677662e-02 0.000000000000000e+00 
5.324660801642177e-01 4.190238909608898e-01 6.397895168239922e-01 0.000000000000000e+00 1.327229674184445e-01 0.000000000000000e+00 0.000000000000000e+00 0.000000000000000e+00 0.000000000000000e+00 0.000000000000000e+00 0.000000000000000e+00 0.000000000000000e+00 0.000000000000000e+00 0.000000000000000e+00 0.000000000000000e+00 0.000000000000000e+00 0.000000000000000e+00 0.000000000000000e+00 0.000000000000000e+00 0.000000000000000e+00 2.720593065265503e-01 0.000000000000000e+00 1.271253080545845e+00 0.000000000000000e+00 0.000000000000000e+00 
0.000000000000000e+00 9.011406553957093e-01 0.000000000000000e+00 0.000000000000000e+00 0.000000000000000e+00 4.271627516979608e-01 0.000000000000000e+00 0.000000000000000e+00 0.000000000000000e+00 0.000000000000000e+00 0.000000000000000e+00 0.000000000000000e+00 0.000000000000000e+00 0.000000000000000e+00 4.024084409122904e-01 0.000000000000000e+00 0.000000000000000e+00 4.759953621953719e-01 0.000000000000000e+00 7.733188634729238e-01 0.000000000000000e+00 0.000000000000000e+00 0.000000000000000e+00 3.070906639908468e-01 7.758927012575270e-01 
0.000000000000000e+00 0.000000000000000e+00 0.000000000000000e+00 8.639179837686461e-01 0.000000000000000e+00 0.000000000000000e+00 0.000000000000000e+00 3.999552281045248e-01 0.000000000000000e+00 0.000000000000000e+00 0.000000000000000e+00 0.000000000000000e+00 5.033319399669165e-01 0.000000000000000e+00 6.303374564634627e-01 0.000000000000000e+00 0.000000000000000e+00 2.658231585112359e-01 0.000000000000000e+00 0.000000000000000e+00 0.000000000000000e+00 0.000000000000000e+00 0.000000000000000e+00 0.000000000000000e+00 1.877338387976388e-01 
0.000000000000000e+00 3.300973880974130e-01 0.000000000000000e+00 0.000000000000000e+00 0.000000000000000e+00 0.000000000000000e+00 1.196348464720424e-01 0.000000000000000e+00 1.099310090305085e+00 0.000000000000000e+00 0.000000000000000e+00 0.000000000000000e+00 6.090518063211046e-01 0.000000000000000e+00 0.000000000000000e+00 0.000000000000000e+00 0.000000000000000e+00 0.000000000000000e+00 0.000000000000000e+00 1.784331960435773e-01 1.288047520145276e+00 7.704694149975618e-01 0.000000000000000e+00 0.000000000000000e+00 0.000000000000000e+00 
0.000000000000000e+00 3.842113736615413e-01 0.000000000000000e+00 0.000000000000000e+00 0.000000000000000e+00 0.000000000000000e+00 2.783458093509596e-01 0.000000000000000e+00 0.000000000000000e+00 0.000000000000000e+00 0.000000000000000e+00 0.000000000000000e+00 0.000000000000000e+00 0.000000000000000e+00 0.000000000000000e+00 6.615773600015695e-01 0.000000000000000e+00 0.000000000000000e+00 9.814387528793945e-01 0.000000000000000e+00 0.000000000000000e+00 0.000000000000000e+00 0.000000000000000e+00 0.000000000000000e+00 0.000000000000000e+00 
0.000000000000000e+00 7.205528484520804e-01 0.000000000000000e+00 0.000000000000000e+00 0.000000000000000e+00 0.000000000000000e+00 0.000000000000000e+00 8.080983985733135e-01 0.000000000000000e+00 0.000000000000000e+00 0.000000000000000e+00 0.000000000000000e+00 1.071024853335283e-01 0.000000000000000e+00 0.000000000000000e+00 5.102069640538774e-01 0.000000000000000e+00 0.000000000000000e+00 0.000000000000000e+00 0.000000000000000e+00 0.000000000000000e+00 0.000000000000000e+00 4.396938147875344e-01 0.000000000000000e+00 0.000000000000000e+00 
9.907325799142088e-01 0.000000000000000e+00 0.000000000000000e+00 0.000000000000000e+00 0.000000000000000e+00 0.000000000000000e+00 0.000000000000000e+00 0.000000000000000e+00 0.000000000000000e+00 0.000000000000000e+00 0.000000000000000e+00 0.000000000000000e+00 0.000000000000000e+00 0.000000000000000e+00 0.000000000000000e+00 0.000000000000000e+00 0.000000000000000e+00 5.346502239152335e-01 0.000000000000000e+00 0.000000000000000e+00 0.000000000000000e+00 8.638982172620383e-01 0.000000000000000e+00 4.997279398187533e-02 0.000000000000000e+00 
0.000000000000000e+00 4.616849914799969e-01 0.000000000000000e+00 3.048667945204811e-02 0.000000000000000e+00 4.691283066696664e-01 0.000000000000000e+00 0.000000000000000e+00 6.388128107901862e-01 3.288812611025704e-01 0.000000000000000e+00 0.000000000000000e+00 0.000000000000000e+00 0.000000000000000e+00 0.000000000000000e+00 5.718774286678390e-01 3.145621548849176e-01 0.000000000000000e+00 0.000000000000000e+00 0.000000000000000e+00 0.000000000000000e+00 0.000000000000000e+00 0.000000000000000e+00 0.000000000000000e+00 1.041821463452117e+00 
0.000000000000000e+00 4.615810862030903e-01 0.000000000000000e+00 0.000000000000000e+00 0.000000000000000e+00 0.000000000000000e+00 1.375601087635194e-01 0.000000000000000e+00 0.000000000000000e+00 0.000000000000000e+00 0.000000000000000e+00 0.000000000000000e+00 0.000000000000000e+00 0.000000000000000e+00 0.000000000000000e+00 0.000000000000000e+00 0.000000000000000e+00 0.000000000000000e+00 0.000000000000000e+00 0.000000000000000e+00 0.000000000000000e+00 0.000000000000000e+00 0.000000000000000e+00 0.000000000000000e+00 6.296168801532313e-01 
0.000000000000000e+00 0.000000000000000e+00 2.636682501927728e-01 0.000000000000000e+00 0.000000000000000e+00 0.000000000000000e+00 0.000000000000000e+00 0.000000000000000e+00 0.000000000000000e+00 0.000000000000000e+00 0.000000000000000e+00 0.000000000000000e+00 0.000000000000000e+00 0.000000000000000e+00 0.000000000000000e+00 0.000000000000000e+00 0.000000000000000e+00 0.000000000000000e+00 0.000000000000000e+00 0.000000000000000e+00 0.000000000000000e+00 0.000000000000000e+00 3.549424785630417e-01 0.000000000000000e+00 0.000000000000000e+00 