# # File created on Fri May 17 15:42:04 2024
#  # The following metaparameters were used for this matrix optimization : gamma0 = 0.5; alpha0 = 0; sigma0 = 0.25; l0 = 1;p = 1; R0 = 1; S0 = 0.05; NR = 25; NS = 25; matrix path = matrices/Nr25_Nc25/consumption/RandTrix_Nr25_Nc25_Nest0.45_Conn0.384.txt; convergence threshold = 1e-08
# 
0.000000000000000000e+00 2.294319062166527961e-03 0.000000000000000000e+00 0.000000000000000000e+00 7.798028731955602500e-04 0.000000000000000000e+00 1.846461160446714921e-05 0.000000000000000000e+00 1.401504750406772993e-03 3.768652125178178960e-03 0.000000000000000000e+00 0.000000000000000000e+00 2.955635539015741189e-03 0.000000000000000000e+00 3.300029732975081134e-03 0.000000000000000000e+00 0.000000000000000000e+00 4.264154375527032248e-03 0.000000000000000000e+00 0.000000000000000000e+00 0.000000000000000000e+00 0.000000000000000000e+00 0.000000000000000000e+00 1.665349482072712908e-03 0.000000000000000000e+00
0.000000000000000000e+00 1.494288264976992037e-03 0.000000000000000000e+00 0.000000000000000000e+00 0.000000000000000000e+00 4.100759213136324390e-03 0.000000000000000000e+00 0.000000000000000000e+00 9.464010658516290890e-04 0.000000000000000000e+00 3.953516767075938160e-03 4.450588157659886995e-03 4.446352773231109119e-03 0.000000000000000000e+00 1.435484661168446923e-03 4.715856985646874923e-03 2.194966891122247191e-03 2.331160934855640906e-03 0.000000000000000000e+00 0.000000000000000000e+00 0.000000000000000000e+00 0.000000000000000000e+00 0.000000000000000000e+00 1.374620549250257047e-03 0.000000000000000000e+00
0.000000000000000000e+00 0.000000000000000000e+00 0.000000000000000000e+00 0.000000000000000000e+00 4.981127200146808105e-03 2.583645137711788019e-03 0.000000000000000000e+00 6.241338957847158498e-04 0.000000000000000000e+00 0.000000000000000000e+00 0.000000000000000000e+00 0.000000000000000000e+00 3.955988309839971080e-03 0.000000000000000000e+00 1.776548270800623001e-03 9.407271976500091327e-05 0.000000000000000000e+00 0.000000000000000000e+00 0.000000000000000000e+00 0.000000000000000000e+00 1.635555122630984919e-04 0.000000000000000000e+00 1.458693928447187026e-03 0.000000000000000000e+00 1.526894158615309900e-03
0.000000000000000000e+00 0.000000000000000000e+00 0.000000000000000000e+00 0.000000000000000000e+00 0.000000000000000000e+00 3.350306252321120105e-03 1.687401747748654059e-03 1.535586271782826955e-03 0.000000000000000000e+00 0.000000000000000000e+00 4.499771548423165020e-03 1.775442095008268086e-03 0.000000000000000000e+00 0.000000000000000000e+00 0.000000000000000000e+00 0.000000000000000000e+00 0.000000000000000000e+00 0.000000000000000000e+00 1.098116092000439060e-03 0.000000000000000000e+00 0.000000000000000000e+00 0.000000000000000000e+00 0.000000000000000000e+00 3.708770769443861179e-03 4.382473742301195782e-03
0.000000000000000000e+00 2.593671063666782000e-04 7.808934371353516311e-04 0.000000000000000000e+00 3.453803185170429852e-03 2.098490613007008166e-03 0.000000000000000000e+00 0.000000000000000000e+00 0.000000000000000000e+00 0.000000000000000000e+00 1.901919919150805993e-03 2.903697343098591861e-03 0.000000000000000000e+00 2.405712809483049990e-03 2.257406755194851962e-03 3.940464816126575793e-04 9.512593447622784935e-04 0.000000000000000000e+00 0.000000000000000000e+00 0.000000000000000000e+00 2.578276197228196020e-03 0.000000000000000000e+00 0.000000000000000000e+00 3.498335952183251937e-03 0.000000000000000000e+00
0.000000000000000000e+00 0.000000000000000000e+00 2.659153030914750181e-04 0.000000000000000000e+00 0.000000000000000000e+00 0.000000000000000000e+00 0.000000000000000000e+00 0.000000000000000000e+00 3.502818815215655822e-03 4.402030945951963814e-03 0.000000000000000000e+00 1.393812686157876093e-03 3.507732310403013139e-03 0.000000000000000000e+00 0.000000000000000000e+00 0.000000000000000000e+00 0.000000000000000000e+00 2.338296448578484812e-03 0.000000000000000000e+00 0.000000000000000000e+00 0.000000000000000000e+00 3.558491008845999018e-03 0.000000000000000000e+00 3.768045497300052948e-03 5.137125283241561697e-04
0.000000000000000000e+00 5.362330589659121096e-05 1.544797360686178071e-03 4.475774810313607951e-03 4.758800851471888319e-03 4.168161394504332068e-03 0.000000000000000000e+00 0.000000000000000000e+00 4.998086509147777433e-03 0.000000000000000000e+00 0.000000000000000000e+00 2.134701898283030991e-03 4.808902604028431754e-03 4.803037500125600240e-03 0.000000000000000000e+00 2.791623341535078885e-03 2.404763154912207060e-03 0.000000000000000000e+00 0.000000000000000000e+00 5.148318178526895342e-04 0.000000000000000000e+00 0.000000000000000000e+00 3.717284592570616769e-04 0.000000000000000000e+00 0.000000000000000000e+00
0.000000000000000000e+00 6.022497434298740987e-04 0.000000000000000000e+00 3.108784490236539801e-04 0.000000000000000000e+00 0.000000000000000000e+00 0.000000000000000000e+00 3.524309423447944886e-03 4.437296575834725684e-03 0.000000000000000000e+00 1.847990465600564923e-03 3.140276290683374077e-03 0.000000000000000000e+00 0.000000000000000000e+00 4.015283492210805667e-03 1.424351050321055994e-04 0.000000000000000000e+00 0.000000000000000000e+00 1.297470436169233981e-03 2.061327763704227847e-03 4.875567144444469328e-03 0.000000000000000000e+00 0.000000000000000000e+00 2.907726068420179912e-03 2.700167914214013799e-03
3.904445433737344096e-03 1.227503292299692060e-03 3.523866492005576102e-03 4.643320134300614292e-03 1.003401739046940952e-03 0.000000000000000000e+00 0.000000000000000000e+00 1.561555935525895094e-03 4.727852823139954037e-03 0.000000000000000000e+00 0.000000000000000000e+00 0.000000000000000000e+00 0.000000000000000000e+00 3.878897134024493834e-03 0.000000000000000000e+00 0.000000000000000000e+00 1.597114488715092005e-03 2.839431926023954899e-03 1.125643591597350925e-03 1.623734487364240919e-03 4.602705903701116014e-03 2.386374654741988191e-03 0.000000000000000000e+00 2.790819326516706081e-04 1.026444534737758034e-03
1.171274322462050044e-03 0.000000000000000000e+00 1.564851424511386896e-03 0.000000000000000000e+00 0.000000000000000000e+00 4.922960168129274054e-03 1.492752191758033899e-03 0.000000000000000000e+00 2.497933087687490006e-03 0.000000000000000000e+00 1.477493468510854106e-03 0.000000000000000000e+00 3.991816680589900003e-03 0.000000000000000000e+00 0.000000000000000000e+00 2.052756896316489978e-03 1.635939757402705107e-03 3.718641974994898146e-04 0.000000000000000000e+00 0.000000000000000000e+00 0.000000000000000000e+00 0.000000000000000000e+00 0.000000000000000000e+00 1.964718053698028943e-03 2.472202809507400949e-03
4.523627890453447639e-03 2.876268557944694970e-04 0.000000000000000000e+00 4.582527728235885958e-03 3.758086335585745174e-04 3.532710580151319883e-03 0.000000000000000000e+00 2.481583780203374875e-03 0.000000000000000000e+00 0.000000000000000000e+00 1.475582057381344056e-03 0.000000000000000000e+00 0.000000000000000000e+00 0.000000000000000000e+00 0.000000000000000000e+00 0.000000000000000000e+00 0.000000000000000000e+00 0.000000000000000000e+00 3.683929022133832052e-04 3.342778617475932173e-04 0.000000000000000000e+00 0.000000000000000000e+00 8.809679455544517637e-04 0.000000000000000000e+00 1.573848007169801949e-03
0.000000000000000000e+00 0.000000000000000000e+00 0.000000000000000000e+00 0.000000000000000000e+00 1.813765084301790001e-04 1.711948289466325070e-03 1.128330688902652893e-03 2.216353208586880903e-04 0.000000000000000000e+00 1.881391822795440991e-03 4.932639314188413081e-03 1.637882747248454096e-03 0.000000000000000000e+00 0.000000000000000000e+00 0.000000000000000000e+00 7.552129298341663747e-04 2.102833258486647150e-03 0.000000000000000000e+00 0.000000000000000000e+00 0.000000000000000000e+00 3.752045929322868952e-03 0.000000000000000000e+00 0.000000000000000000e+00 3.986702516509979706e-03 0.000000000000000000e+00
4.467342469977567294e-03 1.496436536447233933e-03 0.000000000000000000e+00 3.265844328963513933e-03 0.000000000000000000e+00 3.676661376145817089e-03 1.006872691440792011e-03 0.000000000000000000e+00 3.364426102280822922e-03 0.000000000000000000e+00 2.105066096204524870e-03 0.000000000000000000e+00 4.125086973167764286e-03 1.098487764415595914e-03 0.000000000000000000e+00 0.000000000000000000e+00 0.000000000000000000e+00 0.000000000000000000e+00 1.096076455811622902e-03 0.000000000000000000e+00 0.000000000000000000e+00 3.469076342966846953e-03 4.571329081124017070e-03 0.000000000000000000e+00 4.058817172916355000e-03
0.000000000000000000e+00 3.022035184795907915e-03 4.852741186725995602e-03 0.000000000000000000e+00 0.000000000000000000e+00 0.000000000000000000e+00 3.292003705484560904e-03 3.532784656569319930e-03 3.507528082454450160e-03 2.512975513904344943e-04 9.344206316631367693e-04 3.566077091935438825e-03 0.000000000000000000e+00 1.562678079986589037e-03 0.000000000000000000e+00 0.000000000000000000e+00 4.948195676171447677e-03 0.000000000000000000e+00 8.164458244550941001e-04 1.472107454514880003e-03 2.129571186473599824e-03 0.000000000000000000e+00 0.000000000000000000e+00 0.000000000000000000e+00 0.000000000000000000e+00
2.110203437633528974e-03 4.713073942261080708e-03 1.696079612788136065e-03 2.594570728852604174e-03 1.664271457935529927e-03 0.000000000000000000e+00 3.140826909805780835e-03 0.000000000000000000e+00 0.000000000000000000e+00 0.000000000000000000e+00 1.772856443349343954e-03 2.718751716850614179e-03 0.000000000000000000e+00 3.492963211966430923e-03 2.368715952322381947e-03 0.000000000000000000e+00 0.000000000000000000e+00 0.000000000000000000e+00 0.000000000000000000e+00 0.000000000000000000e+00 1.923823403975532999e-03 4.838351630843872216e-03 0.000000000000000000e+00 3.158099036235845203e-03 3.914569271361316785e-03
0.000000000000000000e+00 2.522451036795581979e-03 0.000000000000000000e+00 6.316019883721895115e-04 1.200675681697767035e-03 4.574260622983390701e-03 3.607649853920433160e-03 4.706060178446056300e-03 1.676853356667888000e-03 0.000000000000000000e+00 0.000000000000000000e+00 1.469815193496922011e-03 3.856096159266079754e-04 3.146298765089592872e-03 2.235446740679040110e-03 0.000000000000000000e+00 4.740528486491548364e-03 1.095307948012973903e-03 0.000000000000000000e+00 2.460956100435359936e-03 0.000000000000000000e+00 4.727525664739632913e-03 4.749355713815028163e-03 9.619187098741081464e-04 9.184658767525199054e-04
0.000000000000000000e+00 4.070941672777470682e-03 0.000000000000000000e+00 5.016901001526359160e-04 0.000000000000000000e+00 2.160690058279418017e-04 0.000000000000000000e+00 1.084589932153527930e-03 3.073167774344175932e-03 2.010713634890780917e-03 4.236144590503660790e-04 2.795469468561876010e-03 2.681510021774523821e-03 0.000000000000000000e+00 2.982475762549214801e-03 1.298489099026012977e-03 4.014363669971651033e-04 0.000000000000000000e+00 0.000000000000000000e+00 0.000000000000000000e+00 4.392412334622588371e-03 1.135878105678857913e-03 0.000000000000000000e+00 7.388401155186892803e-04 0.000000000000000000e+00
1.372289241695379049e-03 0.000000000000000000e+00 0.000000000000000000e+00 0.000000000000000000e+00 0.000000000000000000e+00 0.000000000000000000e+00 0.000000000000000000e+00 0.000000000000000000e+00 4.393227411030500851e-03 2.812242739412402787e-03 0.000000000000000000e+00 1.081978862537321014e-03 4.716548525149294804e-03 0.000000000000000000e+00 0.000000000000000000e+00 3.333537837753418852e-03 0.000000000000000000e+00 0.000000000000000000e+00 1.934082913044943904e-04 0.000000000000000000e+00 1.924968649912778100e-03 0.000000000000000000e+00 0.000000000000000000e+00 4.806053592198812792e-03 1.270026552683908025e-03
4.310436928913684643e-03 3.829780306632855902e-03 4.373737072669287192e-03 3.156251656418381998e-03 3.564723152931780197e-03 0.000000000000000000e+00 2.485864923229101197e-03 0.000000000000000000e+00 7.879510864920932778e-04 0.000000000000000000e+00 0.000000000000000000e+00 4.584078907941722784e-03 0.000000000000000000e+00 0.000000000000000000e+00 2.386684139972723110e-03 0.000000000000000000e+00 0.000000000000000000e+00 4.011751174275334647e-03 0.000000000000000000e+00 2.488638294176425889e-03 1.102612566100874070e-03 0.000000000000000000e+00 4.671901512438690770e-04 0.000000000000000000e+00 4.687557086993201019e-03
0.000000000000000000e+00 0.000000000000000000e+00 3.725059237553026044e-03 0.000000000000000000e+00 3.332735542700156813e-03 1.047910058161945083e-03 0.000000000000000000e+00 0.000000000000000000e+00 9.621242234367266598e-04 8.077316753424723834e-04 4.961890481884541869e-03 0.000000000000000000e+00 2.703390188505547936e-03 0.000000000000000000e+00 2.882373855855496856e-03 1.893952541704820936e-03 1.071488593944275921e-03 0.000000000000000000e+00 0.000000000000000000e+00 0.000000000000000000e+00 0.000000000000000000e+00 0.000000000000000000e+00 0.000000000000000000e+00 0.000000000000000000e+00 3.538535168609478147e-03
0.000000000000000000e+00 2.047256029444714798e-03 0.000000000000000000e+00 0.000000000000000000e+00 0.000000000000000000e+00 2.206800073230251805e-03 3.973304940613027990e-03 2.777054594845858922e-03 3.695221026029473985e-03 0.000000000000000000e+00 4.899099029138502016e-03 0.000000000000000000e+00 3.373863197941446169e-03 2.505022946661039033e-03 1.755707266507026097e-03 0.000000000000000000e+00 1.158698175066789080e-03 0.000000000000000000e+00 0.000000000000000000e+00 3.653508204867995154e-03 0.000000000000000000e+00 1.884783010737748048e-03 0.000000000000000000e+00 4.546721921659564194e-04 4.875050330594868017e-03
1.054665843477255041e-03 0.000000000000000000e+00 0.000000000000000000e+00 0.000000000000000000e+00 3.936813816312645896e-03 1.938301390484718041e-03 0.000000000000000000e+00 0.000000000000000000e+00 3.614407985805109889e-03 1.181283868223598904e-03 1.877191711556279018e-03 4.295105237460353047e-03 0.000000000000000000e+00 0.000000000000000000e+00 0.000000000000000000e+00 3.082289850854820837e-03 2.195434558857142868e-03 3.832279325047963873e-03 0.000000000000000000e+00 3.424861590194708174e-03 3.154137961969334918e-03 1.584991761037849931e-03 4.691945356444683982e-03 0.000000000000000000e+00 0.000000000000000000e+00
2.569434421136137896e-03 0.000000000000000000e+00 0.000000000000000000e+00 2.300265246182257861e-03 0.000000000000000000e+00 0.000000000000000000e+00 3.621794043599455004e-03 0.000000000000000000e+00 0.000000000000000000e+00 4.782834515420543615e-03 4.755570101498217579e-03 0.000000000000000000e+00 2.223614157824274976e-03 2.181939589056542186e-03 0.000000000000000000e+00 0.000000000000000000e+00 4.553607697659237986e-03 4.713975895075108238e-03 2.815107167658095159e-03 2.412041051193413842e-03 8.508223710339084516e-05 0.000000000000000000e+00 1.874920612998382929e-03 0.000000000000000000e+00 1.411283276657931095e-03
3.312083973991570944e-03 4.162782907168222774e-03 0.000000000000000000e+00 2.265216042664111844e-03 1.375767103480352071e-03 0.000000000000000000e+00 0.000000000000000000e+00 3.162461102935225105e-03 0.000000000000000000e+00 0.000000000000000000e+00 0.000000000000000000e+00 4.443764584466258598e-03 3.005765631711898155e-03 4.197440140391915197e-04 4.654833897302222689e-03 2.590185723864363906e-03 0.000000000000000000e+00 3.967589902092475036e-03 0.000000000000000000e+00 0.000000000000000000e+00 2.927982708448846876e-03 0.000000000000000000e+00 2.185206187443100893e-04 0.000000000000000000e+00 0.000000000000000000e+00
0.000000000000000000e+00 0.000000000000000000e+00 0.000000000000000000e+00 0.000000000000000000e+00 0.000000000000000000e+00 4.382926470510754152e-03 0.000000000000000000e+00 0.000000000000000000e+00 0.000000000000000000e+00 0.000000000000000000e+00 2.366092912796235060e-04 0.000000000000000000e+00 0.000000000000000000e+00 1.720251205622448003e-03 0.000000000000000000e+00 0.000000000000000000e+00 4.624710794639754798e-03 4.696082761628410374e-03 0.000000000000000000e+00 5.471907169839749282e-04 3.892201318647787924e-03 1.032050057148218083e-03 0.000000000000000000e+00 1.299768017379687940e-03 0.000000000000000000e+00
