# File created on Fri May 17 15:42:04 2024
# The following metaparameters were used for this matrix optimization : gamma0 = 0.5; alpha0 = 0; sigma0 = 0.25; l0 = 1;p = 1; R0 = 1; S0 = 0.05; NR = 25; NS = 25; matrix path = matrices/Nr25_Nc25/consumption/RandTrix_Nr25_Nc25_Nest0.45_Conn0.1856.txt; convergence threshold = 1e-08
2.987038489349791e-03 6.991681902351876e-04 0.000000000000000e+00 2.217705147444599e-03 4.863770766108328e-03 3.035170471922886e-03 3.344309336844182e-03 0.000000000000000e+00 0.000000000000000e+00 0.000000000000000e+00 0.000000000000000e+00 0.000000000000000e+00 0.000000000000000e+00 2.941527028294404e-03 0.000000000000000e+00 6.855017112317693e-04 3.844024706033029e-03 4.919167827073253e-03 3.378506025100276e-03 0.000000000000000e+00 0.000000000000000e+00 0.000000000000000e+00 0.000000000000000e+00 3.388334311754056e-03 3.014387668426713e-03 
0.000000000000000e+00 2.457608012713063e-03 0.000000000000000e+00 2.669966463551269e-03 1.590243572127155e-03 0.000000000000000e+00 3.326014704932973e-03 0.000000000000000e+00 0.000000000000000e+00 0.000000000000000e+00 1.142920960506628e-03 0.000000000000000e+00 4.356013519904566e-03 6.695966710043496e-04 0.000000000000000e+00 2.200473455601241e-03 0.000000000000000e+00 0.000000000000000e+00 0.000000000000000e+00 0.000000000000000e+00 0.000000000000000e+00 0.000000000000000e+00 0.000000000000000e+00 0.000000000000000e+00 1.928453248942232e-03 
0.000000000000000e+00 9.617189381301809e-04 0.000000000000000e+00 0.000000000000000e+00 0.000000000000000e+00 1.131315736386343e-03 0.000000000000000e+00 0.000000000000000e+00 0.000000000000000e+00 0.000000000000000e+00 9.243186855693075e-04 4.106304288497173e-03 4.131000153302063e-03 0.000000000000000e+00 0.000000000000000e+00 4.787194440976311e-03 3.758424657725211e-03 2.815596208299905e-03 2.539937772946224e-03 2.948935923299661e-03 0.000000000000000e+00 0.000000000000000e+00 2.988775105858842e-03 1.168039726144268e-03 0.000000000000000e+00 
0.000000000000000e+00 3.259145920720342e-03 3.102755297090422e-03 0.000000000000000e+00 3.214793575991501e-03 4.137744044101616e-03 4.750563015964745e-03 0.000000000000000e+00 1.218559808998514e-03 1.156482419982696e-03 0.000000000000000e+00 0.000000000000000e+00 0.000000000000000e+00 2.572169202214803e-04 0.000000000000000e+00 0.000000000000000e+00 0.000000000000000e+00 0.000000000000000e+00 0.000000000000000e+00 2.976987633560291e-03 3.507018835171105e-03 1.564143928349480e-03 1.657563576137780e-03 0.000000000000000e+00 2.083766700949199e-03 
4.415166631055826e-03 0.000000000000000e+00 4.711762250531866e-03 0.000000000000000e+00 4.027887262478635e-03 3.320480493649370e-03 2.718812577356259e-03 0.000000000000000e+00 0.000000000000000e+00 0.000000000000000e+00 0.000000000000000e+00 0.000000000000000e+00 0.000000000000000e+00 4.989104143570114e-03 0.000000000000000e+00 2.875116693145197e-03 0.000000000000000e+00 7.161042027334628e-04 3.786334763139821e-03 0.000000000000000e+00 0.000000000000000e+00 4.020543739616421e-03 0.000000000000000e+00 0.000000000000000e+00 0.000000000000000e+00 
0.000000000000000e+00 0.000000000000000e+00 0.000000000000000e+00 0.000000000000000e+00 2.255928429449452e-03 3.448793873868344e-03 0.000000000000000e+00 0.000000000000000e+00 2.056327063951229e-03 0.000000000000000e+00 8.482094774595992e-04 0.000000000000000e+00 3.155649019129898e-03 0.000000000000000e+00 0.000000000000000e+00 4.414632123417340e-03 9.086039249765161e-05 3.192742602818556e-03 0.000000000000000e+00 6.564803409017983e-05 3.311164242737507e-03 2.318428841186824e-03 2.894543647538971e-03 4.666389611966381e-03 0.000000000000000e+00 
8.098424012961543e-04 0.000000000000000e+00 0.000000000000000e+00 0.000000000000000e+00 2.441502613456096e-03 0.000000000000000e+00 0.000000000000000e+00 0.000000000000000e+00 4.604282143629929e-03 2.634763081466568e-03 1.720601500116483e-03 5.747294860165051e-04 3.592757105689883e-03 1.793387741650366e-03 0.000000000000000e+00 2.808380174004476e-03 0.000000000000000e+00 0.000000000000000e+00 4.959994674228486e-03 0.000000000000000e+00 0.000000000000000e+00 4.545229177564131e-03 1.521076601706435e-03 3.043743178972474e-03 1.278388009822257e-04 
3.838458874698087e-03 0.000000000000000e+00 0.000000000000000e+00 0.000000000000000e+00 0.000000000000000e+00 0.000000000000000e+00 1.763900225588838e-03 2.650748085337786e-03 7.269136298554857e-04 1.255968653629585e-03 0.000000000000000e+00 3.476437429170471e-03 1.798389810560146e-04 0.000000000000000e+00 4.450554606553807e-03 0.000000000000000e+00 0.000000000000000e+00 4.319575534515227e-04 3.588511837610794e-03 4.177749719211925e-05 2.823695065501103e-03 3.304839700492022e-03 0.000000000000000e+00 1.288713233955785e-04 4.331217786813965e-03 
0.000000000000000e+00 0.000000000000000e+00 0.000000000000000e+00 2.059049655177870e-03 2.035708473467688e-03 2.243276363978153e-03 1.661930925364457e-03 0.000000000000000e+00 3.782461797650082e-03 2.145347536155876e-03 1.771593737902078e-03 0.000000000000000e+00 4.896892708629882e-03 2.075861015919142e-03 1.764809172434621e-04 4.393430035819572e-03 0.000000000000000e+00 0.000000000000000e+00 3.850140079483660e-03 0.000000000000000e+00 0.000000000000000e+00 0.000000000000000e+00 4.787022046774107e-03 3.852323420232486e-03 0.000000000000000e+00 
2.451058516385348e-03 0.000000000000000e+00 2.009634391174320e-03 3.355701346724802e-03 0.000000000000000e+00 0.000000000000000e+00 1.456303450572935e-03 0.000000000000000e+00 0.000000000000000e+00 0.000000000000000e+00 5.331753969696397e-04 0.000000000000000e+00 4.321229947936275e-03 0.000000000000000e+00 0.000000000000000e+00 0.000000000000000e+00 4.129619945626717e-03 1.704815576825609e-03 0.000000000000000e+00 4.231714312742758e-03 0.000000000000000e+00 4.269437454742829e-03 0.000000000000000e+00 2.642175896106663e-03 0.000000000000000e+00 
0.000000000000000e+00 0.000000000000000e+00 0.000000000000000e+00 3.788429175504501e-03 0.000000000000000e+00 0.000000000000000e+00 0.000000000000000e+00 1.999476957531818e-03 0.000000000000000e+00 2.169170552192099e-03 7.042599055970081e-04 0.000000000000000e+00 0.000000000000000e+00 0.000000000000000e+00 2.492663312655792e-03 3.891825665265906e-03 0.000000000000000e+00 0.000000000000000e+00 0.000000000000000e+00 3.132259127218074e-03 3.242649016743767e-03 0.000000000000000e+00 0.000000000000000e+00 4.249430239860956e-03 6.578578940098342e-04 
5.807504694320923e-04 0.000000000000000e+00 0.000000000000000e+00 1.230425097644880e-03 0.000000000000000e+00 0.000000000000000e+00 0.000000000000000e+00 0.000000000000000e+00 0.000000000000000e+00 0.000000000000000e+00 3.744006257123817e-03 0.000000000000000e+00 1.562810789977362e-05 2.767467977186839e-03 0.000000000000000e+00 0.000000000000000e+00 0.000000000000000e+00 4.087075554500347e-03 0.000000000000000e+00 3.946313387418146e-03 0.000000000000000e+00 0.000000000000000e+00 0.000000000000000e+00 9.785571790500299e-04 3.681244365233324e-03 
5.903758187390306e-04 0.000000000000000e+00 6.118997480548957e-04 7.597937178336987e-04 0.000000000000000e+00 4.946054671317102e-04 9.752549355736938e-04 0.000000000000000e+00 2.917282601581783e-03 4.665567684789914e-03 0.000000000000000e+00 4.799141371429888e-03 3.393389518398348e-03 1.285261574285164e-03 0.000000000000000e+00 0.000000000000000e+00 4.032409284160620e-03 1.444889621459458e-03 3.980419435147252e-03 3.483119489711096e-03 8.589641293582222e-04 0.000000000000000e+00 0.000000000000000e+00 0.000000000000000e+00 0.000000000000000e+00 
3.131349492882547e-03 6.463434422956185e-04 3.590044189780426e-03 0.000000000000000e+00 0.000000000000000e+00 4.077512359366276e-03 0.000000000000000e+00 4.293007717185433e-03 2.703386532963500e-03 1.180720299298008e-03 3.215910312738371e-03 2.016734844370435e-03 2.683369715434822e-03 1.343876796191601e-03 0.000000000000000e+00 9.429997037395134e-04 0.000000000000000e+00 2.024214003513986e-03 9.977946575518415e-04 0.000000000000000e+00 0.000000000000000e+00 1.370738738337518e-03 3.688848960335431e-03 0.000000000000000e+00 2.659695445322594e-03 
0.000000000000000e+00 3.858114737198497e-03 1.020714263826876e-03 2.905693525252920e-03 1.002551845852653e-03 4.517060905531565e-03 4.300969166338757e-03 0.000000000000000e+00 0.000000000000000e+00 1.706737367750547e-03 1.605502106440114e-03 4.609634961715668e-03 3.104008534499281e-03 2.011075357681627e-03 4.489194791485368e-04 2.841909583109799e-03 2.796566300655485e-03 0.000000000000000e+00 0.000000000000000e+00 0.000000000000000e+00 1.952436923679443e-03 0.000000000000000e+00 0.000000000000000e+00 4.422582491878743e-03 0.000000000000000e+00 
2.485834798348586e-03 4.624545979221174e-03 3.488494161951868e-03 0.000000000000000e+00 3.634380733294474e-03 4.117640346275163e-03 0.000000000000000e+00 4.183242732210046e-03 2.241908457929735e-03 2.938107399473952e-03 0.000000000000000e+00 0.000000000000000e+00 0.000000000000000e+00 0.000000000000000e+00 0.000000000000000e+00 0.000000000000000e+00 3.022828170064789e-03 0.000000000000000e+00 9.877125011294442e-04 0.000000000000000e+00 4.853400185383658e-03 0.000000000000000e+00 1.609833004890465e-04 2.221726514430416e-03 0.000000000000000e+00 
0.000000000000000e+00 0.000000000000000e+00 0.000000000000000e+00 0.000000000000000e+00 2.571609061012848e-03 0.000000000000000e+00 0.000000000000000e+00 0.000000000000000e+00 2.709151438439205e-03 2.758925704882166e-04 0.000000000000000e+00 0.000000000000000e+00 0.000000000000000e+00 0.000000000000000e+00 0.000000000000000e+00 1.345389746471274e-03 1.230994738926962e-03 0.000000000000000e+00 2.211144459538516e-04 4.629628990207881e-04 5.987620934171504e-04 1.930073466153594e-03 5.894310500154733e-04 1.866362179722879e-03 0.000000000000000e+00 
0.000000000000000e+00 4.264563169428597e-03 3.974028254746498e-03 0.000000000000000e+00 0.000000000000000e+00 0.000000000000000e+00 0.000000000000000e+00 0.000000000000000e+00 3.583671336830734e-03 0.000000000000000e+00 4.013223444760103e-03 1.205587659861921e-03 4.471419867294373e-03 0.000000000000000e+00 3.014927032171728e-03 2.265852942785680e-04 0.000000000000000e+00 3.648390762261796e-04 4.171086671564789e-03 0.000000000000000e+00 0.000000000000000e+00 1.479422284141516e-03 0.000000000000000e+00 4.791387235907756e-03 0.000000000000000e+00 
3.885085810121263e-03 3.673088891848092e-03 0.000000000000000e+00 2.403064007249655e-04 1.160358599299413e-03 4.571249443507513e-03 2.684249683753383e-03 0.000000000000000e+00 2.842675766987616e-03 0.000000000000000e+00 0.000000000000000e+00 2.941798394023382e-03 2.353240789498124e-03 0.000000000000000e+00 1.775160751663465e-03 0.000000000000000e+00 0.000000000000000e+00 0.000000000000000e+00 0.000000000000000e+00 0.000000000000000e+00 0.000000000000000e+00 3.594230096359567e-03 0.000000000000000e+00 0.000000000000000e+00 8.107442682195413e-04 
5.798285261914508e-04 3.089292756488726e-03 2.916965320495829e-03 3.779980616961664e-04 0.000000000000000e+00 0.000000000000000e+00 0.000000000000000e+00 0.000000000000000e+00 2.939835984212313e-03 0.000000000000000e+00 4.898635360394470e-04 0.000000000000000e+00 4.066787246150916e-03 0.000000000000000e+00 0.000000000000000e+00 0.000000000000000e+00 0.000000000000000e+00 0.000000000000000e+00 0.000000000000000e+00 2.057167544749861e-03 8.531351824648575e-04 2.329230791624684e-03 1.882387792296592e-03 0.000000000000000e+00 2.616750373494240e-03 
1.457098177586140e-03 2.541665654605943e-04 1.834857874004732e-03 2.695477921003441e-03 0.000000000000000e+00 0.000000000000000e+00 0.000000000000000e+00 0.000000000000000e+00 1.871945203882679e-03 3.218537536696342e-03 0.000000000000000e+00 0.000000000000000e+00 1.858347552563505e-03 0.000000000000000e+00 0.000000000000000e+00 4.134895905545053e-03 0.000000000000000e+00 0.000000000000000e+00 4.233521005721106e-03 0.000000000000000e+00 2.460212397821958e-04 0.000000000000000e+00 0.000000000000000e+00 3.580904511677619e-03 1.170116799168707e-03 
0.000000000000000e+00 1.199393454990177e-03 2.993909275665054e-03 0.000000000000000e+00 2.667562263426580e-03 0.000000000000000e+00 0.000000000000000e+00 1.160311292408291e-03 0.000000000000000e+00 0.000000000000000e+00 0.000000000000000e+00 0.000000000000000e+00 1.323666109917480e-03 0.000000000000000e+00 4.366808236915233e-03 2.074758858176713e-03 0.000000000000000e+00 4.310272795135154e-03 0.000000000000000e+00 0.000000000000000e+00 0.000000000000000e+00 0.000000000000000e+00 0.000000000000000e+00 0.000000000000000e+00 0.000000000000000e+00 
4.213542833640829e-03 1.363608331854584e-03 4.316449948560943e-03 7.072293938973929e-04 0.000000000000000e+00 3.249439909076282e-03 0.000000000000000e+00 2.685108405637030e-03 0.000000000000000e+00 1.375862936201502e-03 3.809629820421175e-03 1.665148538816512e-03 2.824901442428240e-04 3.537370110760559e-03 0.000000000000000e+00 0.000000000000000e+00 8.311399209270296e-04 3.349678286011517e-03 4.446204831816630e-03 0.000000000000000e+00 0.000000000000000e+00 0.000000000000000e+00 4.512028937144301e-03 9.323084401746715e-04 4.541136643622871e-03 
2.036789901537625e-03 0.000000000000000e+00 1.924852345635806e-03 4.136367147423662e-03 0.000000000000000e+00 0.000000000000000e+00 1.827673608250937e-03 3.091940057207381e-03 0.000000000000000e+00 1.697047154672792e-03 2.300685524684628e-03 3.288006992247477e-03 0.000000000000000e+00 2.031362172467768e-03 1.930316744937978e-03 0.000000000000000e+00 2.868818016288210e-03 0.000000000000000e+00 4.923819244119192e-03 1.357250000841870e-03 0.000000000000000e+00 4.542936860714544e-03 1.073406580552331e-04 0.000000000000000e+00 0.000000000000000e+00 
0.000000000000000e+00 3.045432299975913e-03 6.382018248896384e-04 1.548030444544939e-03 4.625143043236377e-03 0.000000000000000e+00 2.821264429229884e-03 0.000000000000000e+00 0.000000000000000e+00 1.090912567619995e-03 4.476791730343166e-03 0.000000000000000e+00 0.000000000000000e+00 0.000000000000000e+00 0.000000000000000e+00 2.835484960800274e-03 0.000000000000000e+00 0.000000000000000e+00 2.795975534784765e-03 0.000000000000000e+00 4.266357706734730e-04 0.000000000000000e+00 0.000000000000000e+00 3.519657182199755e-03 2.527495461476397e-03 