# File created on Fri May 17 15:41:54 2024
# The following metaparameters were used for this matrix optimization : gamma0 = 0.5; alpha0 = 0; sigma0 = 0.25; l0 = 1;p = 1; R0 = 1; S0 = 0.05; NR = 25; NS = 25; matrix path = matrices/Nr25_Nc25/consumption/RandTrix_Nr25_Nc25_Nest0.1_Conn0.0816.txt; convergence threshold = 1e-08
0.000000000000000e+00 0.000000000000000e+00 0.000000000000000e+00 4.258840242227314e-03 0.000000000000000e+00 0.000000000000000e+00 4.095631368403544e-03 1.270964740585638e-03 0.000000000000000e+00 0.000000000000000e+00 0.000000000000000e+00 6.319629346253798e-04 1.876606116589368e-03 1.307927205200570e-03 2.519367632455989e-03 0.000000000000000e+00 0.000000000000000e+00 1.770134762292592e-03 0.000000000000000e+00 0.000000000000000e+00 0.000000000000000e+00 7.739815958894615e-04 4.129002937273264e-03 3.846005656202057e-03 2.578775508160219e-03 
0.000000000000000e+00 0.000000000000000e+00 0.000000000000000e+00 2.895980097729350e-03 0.000000000000000e+00 1.949658526601765e-03 3.956131784650162e-03 7.347957453861130e-05 0.000000000000000e+00 3.420673687319744e-03 0.000000000000000e+00 3.713469007505367e-03 0.000000000000000e+00 1.209004358182603e-03 1.649037081661808e-03 2.397958165027022e-03 9.550505782257627e-05 0.000000000000000e+00 0.000000000000000e+00 1.871671322612019e-03 0.000000000000000e+00 0.000000000000000e+00 0.000000000000000e+00 0.000000000000000e+00 0.000000000000000e+00 
0.000000000000000e+00 0.000000000000000e+00 4.114149501869886e-03 0.000000000000000e+00 0.000000000000000e+00 0.000000000000000e+00 3.609444145337318e-03 0.000000000000000e+00 4.860954539425399e-03 4.926667698246203e-03 2.737875585523381e-04 0.000000000000000e+00 6.813318226525967e-04 1.302992632807634e-03 0.000000000000000e+00 3.253741106725904e-03 1.244184699380009e-03 0.000000000000000e+00 1.440990149991807e-03 9.363688197637411e-04 4.130516393823504e-03 1.961338946719274e-03 2.423518389099907e-03 0.000000000000000e+00 4.742251670230098e-03 
2.968027543163292e-04 9.629741776078470e-04 1.277327050197635e-03 0.000000000000000e+00 0.000000000000000e+00 1.594640044115588e-03 2.139803587753520e-03 4.014394750165226e-03 9.086902742579441e-04 0.000000000000000e+00 2.601192229625649e-03 0.000000000000000e+00 0.000000000000000e+00 0.000000000000000e+00 0.000000000000000e+00 4.774800002631803e-04 0.000000000000000e+00 4.693605902450998e-04 0.000000000000000e+00 0.000000000000000e+00 5.626962152468142e-04 0.000000000000000e+00 0.000000000000000e+00 0.000000000000000e+00 0.000000000000000e+00 
0.000000000000000e+00 4.633982473209481e-03 0.000000000000000e+00 3.122430038094612e-03 3.930864907433283e-04 0.000000000000000e+00 3.334353226251625e-03 0.000000000000000e+00 0.000000000000000e+00 0.000000000000000e+00 8.976069519882206e-04 0.000000000000000e+00 1.250806277137536e-04 4.652774558993608e-03 4.020438337589078e-03 4.606405994894371e-04 0.000000000000000e+00 0.000000000000000e+00 1.472812162137408e-03 0.000000000000000e+00 3.655458643784528e-03 6.070246537757278e-04 0.000000000000000e+00 3.420957667730633e-03 0.000000000000000e+00 
3.010570841596515e-03 4.639679156151903e-03 0.000000000000000e+00 2.103773036142560e-03 0.000000000000000e+00 4.909609445030290e-03 3.766508304338871e-03 3.323359196844471e-03 4.840401425682108e-03 0.000000000000000e+00 2.539421890509309e-03 1.563406026768017e-03 2.764977288718973e-03 1.526952402240946e-03 0.000000000000000e+00 0.000000000000000e+00 4.212800090158809e-03 0.000000000000000e+00 3.487953799403353e-03 0.000000000000000e+00 0.000000000000000e+00 0.000000000000000e+00 4.178703813987792e-03 0.000000000000000e+00 3.521984653139481e-03 
0.000000000000000e+00 0.000000000000000e+00 0.000000000000000e+00 0.000000000000000e+00 2.296893511713506e-04 1.655913032973949e-03 0.000000000000000e+00 0.000000000000000e+00 3.358027072049325e-03 0.000000000000000e+00 0.000000000000000e+00 7.407407492805873e-04 4.556198176513303e-03 0.000000000000000e+00 0.000000000000000e+00 0.000000000000000e+00 0.000000000000000e+00 1.811017739334298e-03 0.000000000000000e+00 0.000000000000000e+00 3.985441641130961e-03 0.000000000000000e+00 4.774757580927297e-03 0.000000000000000e+00 0.000000000000000e+00 
1.000400494800386e-03 0.000000000000000e+00 2.582955988766442e-03 0.000000000000000e+00 0.000000000000000e+00 0.000000000000000e+00 3.945893018501938e-04 1.352689199804117e-03 2.156715447970847e-03 1.662981571754410e-03 3.752717892249106e-03 0.000000000000000e+00 0.000000000000000e+00 0.000000000000000e+00 4.886838513552497e-05 3.482484868020850e-03 0.000000000000000e+00 2.845716477883402e-03 0.000000000000000e+00 0.000000000000000e+00 0.000000000000000e+00 0.000000000000000e+00 2.725085861622400e-03 0.000000000000000e+00 0.000000000000000e+00 
0.000000000000000e+00 0.000000000000000e+00 0.000000000000000e+00 1.118649304851432e-03 0.000000000000000e+00 1.130469427666351e-03 4.808538138616024e-03 0.000000000000000e+00 0.000000000000000e+00 0.000000000000000e+00 3.947150516029234e-03 3.234420824306414e-03 0.000000000000000e+00 1.798962023788546e-03 0.000000000000000e+00 0.000000000000000e+00 0.000000000000000e+00 4.910411314497600e-03 3.493967888498235e-04 3.992783475398418e-03 0.000000000000000e+00 1.653813122869506e-03 3.821132888214955e-03 0.000000000000000e+00 2.557383279455843e-03 
0.000000000000000e+00 1.142781573305047e-03 0.000000000000000e+00 0.000000000000000e+00 4.567901679902896e-03 5.290032055126252e-04 0.000000000000000e+00 3.865421503417497e-03 0.000000000000000e+00 0.000000000000000e+00 3.301568788944390e-03 0.000000000000000e+00 6.610310554238315e-04 0.000000000000000e+00 0.000000000000000e+00 0.000000000000000e+00 4.459887927451175e-03 0.000000000000000e+00 1.724110081340677e-03 0.000000000000000e+00 0.000000000000000e+00 2.712567230884912e-04 0.000000000000000e+00 1.772223800627268e-03 0.000000000000000e+00 
0.000000000000000e+00 2.142298980438866e-03 0.000000000000000e+00 0.000000000000000e+00 0.000000000000000e+00 3.425921532637302e-04 0.000000000000000e+00 1.317026261912032e-03 3.521099992221888e-03 7.166302685089932e-04 0.000000000000000e+00 0.000000000000000e+00 0.000000000000000e+00 2.953056054982854e-03 0.000000000000000e+00 0.000000000000000e+00 0.000000000000000e+00 3.945393790745109e-03 2.125875083850615e-03 5.528078081148070e-04 8.907711352576623e-04 1.829759033745144e-03 0.000000000000000e+00 0.000000000000000e+00 3.512777237969979e-03 
3.618475919805362e-03 0.000000000000000e+00 3.958963774804980e-04 0.000000000000000e+00 3.758352224836707e-03 4.061074851742711e-03 1.012511201115862e-03 0.000000000000000e+00 1.981632673627283e-03 8.748745089783219e-04 0.000000000000000e+00 3.858998523727600e-03 4.927333130112791e-03 0.000000000000000e+00 0.000000000000000e+00 4.657974583883348e-03 0.000000000000000e+00 3.397958971431538e-03 1.878384735978372e-03 0.000000000000000e+00 9.853731522121335e-04 1.865116197075976e-03 0.000000000000000e+00 0.000000000000000e+00 0.000000000000000e+00 
4.080691733139026e-03 1.154548841439012e-04 2.763904726023833e-03 0.000000000000000e+00 0.000000000000000e+00 1.936709071183655e-03 0.000000000000000e+00 0.000000000000000e+00 0.000000000000000e+00 5.382440373121773e-04 0.000000000000000e+00 0.000000000000000e+00 0.000000000000000e+00 0.000000000000000e+00 0.000000000000000e+00 0.000000000000000e+00 2.314742616646397e-04 0.000000000000000e+00 2.888977386351319e-04 1.328462255210669e-03 2.006664525276504e-03 3.641918404575104e-03 0.000000000000000e+00 8.378112291743610e-04 2.532607770289545e-03 
2.932531259450837e-03 2.157420361743918e-03 0.000000000000000e+00 0.000000000000000e+00 0.000000000000000e+00 0.000000000000000e+00 0.000000000000000e+00 0.000000000000000e+00 0.000000000000000e+00 0.000000000000000e+00 1.092813880159662e-03 5.155253063186832e-04 0.000000000000000e+00 3.998407790767247e-03 1.346250906646576e-03 0.000000000000000e+00 0.000000000000000e+00 4.555606798686174e-03 0.000000000000000e+00 0.000000000000000e+00 0.000000000000000e+00 0.000000000000000e+00 9.239186378897413e-04 5.640633323486478e-05 4.863778587916858e-03 
0.000000000000000e+00 0.000000000000000e+00 0.000000000000000e+00 1.394036053551481e-03 0.000000000000000e+00 0.000000000000000e+00 3.082488745460358e-03 0.000000000000000e+00 0.000000000000000e+00 0.000000000000000e+00 0.000000000000000e+00 0.000000000000000e+00 0.000000000000000e+00 0.000000000000000e+00 0.000000000000000e+00 1.481220539240162e-03 0.000000000000000e+00 0.000000000000000e+00 2.943965540312405e-03 0.000000000000000e+00 0.000000000000000e+00 3.730313384436322e-03 0.000000000000000e+00 0.000000000000000e+00 0.000000000000000e+00 
1.898290127412201e-03 0.000000000000000e+00 3.405670546250885e-03 1.528664738418145e-03 0.000000000000000e+00 1.236567759993773e-03 0.000000000000000e+00 1.987086853756008e-05 1.812643088361534e-03 3.084818108102400e-03 4.548172035896425e-04 6.854672769846953e-04 4.834245534077996e-03 8.706942660151854e-04 3.623040878462620e-03 1.535612519587876e-03 1.505592601982371e-03 0.000000000000000e+00 1.310613827755690e-03 0.000000000000000e+00 0.000000000000000e+00 4.898141888027475e-03 3.132364500826304e-03 0.000000000000000e+00 0.000000000000000e+00 
0.000000000000000e+00 0.000000000000000e+00 2.396770306118805e-03 1.843660351671560e-03 4.147323368784301e-03 0.000000000000000e+00 0.000000000000000e+00 0.000000000000000e+00 0.000000000000000e+00 8.566205994494113e-04 0.000000000000000e+00 0.000000000000000e+00 0.000000000000000e+00 2.170521037142092e-03 0.000000000000000e+00 4.573899383645085e-03 0.000000000000000e+00 0.000000000000000e+00 2.581663854490085e-03 4.018222327083528e-04 0.000000000000000e+00 3.965210555682521e-03 2.095092491514130e-03 4.688304669519228e-03 0.000000000000000e+00 
2.586061540963825e-03 4.344966067849243e-03 0.000000000000000e+00 0.000000000000000e+00 0.000000000000000e+00 0.000000000000000e+00 3.663692257504041e-04 0.000000000000000e+00 0.000000000000000e+00 7.732731785729064e-04 4.724885272825345e-03 0.000000000000000e+00 3.669628606446015e-03 0.000000000000000e+00 0.000000000000000e+00 1.099941321743129e-03 4.442023208427564e-03 0.000000000000000e+00 0.000000000000000e+00 0.000000000000000e+00 0.000000000000000e+00 3.315152282439838e-03 0.000000000000000e+00 0.000000000000000e+00 0.000000000000000e+00 
0.000000000000000e+00 6.959588038142437e-04 2.071792101460046e-03 0.000000000000000e+00 0.000000000000000e+00 2.321586970625848e-03 0.000000000000000e+00 9.565049388221891e-04 4.356227003994847e-03 0.000000000000000e+00 2.608238690145069e-03 4.498285333959328e-03 0.000000000000000e+00 0.000000000000000e+00 0.000000000000000e+00 3.854081468824735e-03 1.792945088061404e-03 4.106871052926954e-03 3.870106598065004e-03 3.975817198563086e-03 0.000000000000000e+00 0.000000000000000e+00 1.019145608392802e-03 2.721743745329364e-03 2.089570946151456e-03 
0.000000000000000e+00 0.000000000000000e+00 0.000000000000000e+00 0.000000000000000e+00 0.000000000000000e+00 0.000000000000000e+00 0.000000000000000e+00 3.401224574615061e-03 3.017394136115880e-03 2.406483051730591e-04 0.000000000000000e+00 0.000000000000000e+00 4.823870343036343e-03 2.380177067154698e-03 7.709200821260903e-04 2.542656693550879e-03 1.108591843512449e-03 0.000000000000000e+00 3.729622327898636e-03 2.847650373196124e-03 4.113767145349227e-05 0.000000000000000e+00 1.418514858039330e-03 3.591183662372971e-03 0.000000000000000e+00 
1.194610825905787e-03 4.297962541035658e-03 2.367894213476878e-03 0.000000000000000e+00 2.123499049791221e-03 2.133300152433081e-03 4.408843875205943e-03 1.125934517392758e-03 0.000000000000000e+00 0.000000000000000e+00 0.000000000000000e+00 4.423671548003723e-03 1.040120068271240e-04 0.000000000000000e+00 2.572538805822371e-03 3.198840828220829e-03 2.606753536700114e-03 2.265037513827299e-03 0.000000000000000e+00 0.000000000000000e+00 3.609832208729571e-03 1.031385129782651e-03 0.000000000000000e+00 3.937714480129125e-04 4.336736359296775e-04 
2.643569294738601e-03 0.000000000000000e+00 0.000000000000000e+00 0.000000000000000e+00 0.000000000000000e+00 3.013384900130761e-03 1.382094220047321e-03 1.427751202581501e-04 0.000000000000000e+00 3.652121501858277e-03 2.796837947551396e-03 0.000000000000000e+00 0.000000000000000e+00 1.438148423179873e-03 0.000000000000000e+00 0.000000000000000e+00 0.000000000000000e+00 0.000000000000000e+00 4.393980102884857e-03 0.000000000000000e+00 2.651589116604046e-03 0.000000000000000e+00 2.724258247913174e-03 1.609626475612392e-03 3.482977305423365e-03 
2.872425393739325e-03 0.000000000000000e+00 9.511242067292071e-04 2.296247342304525e-03 0.000000000000000e+00 0.000000000000000e+00 0.000000000000000e+00 0.000000000000000e+00 0.000000000000000e+00 1.413160790416145e-03 2.774777441000194e-03 2.396205521812743e-03 8.787276074816221e-04 0.000000000000000e+00 0.000000000000000e+00 3.219057443421486e-03 0.000000000000000e+00 0.000000000000000e+00 0.000000000000000e+00 0.000000000000000e+00 0.000000000000000e+00 4.272291306714118e-03 3.285750840848645e-03 0.000000000000000e+00 1.414599629355108e-03 
0.000000000000000e+00 3.551184015683225e-03 0.000000000000000e+00 4.022846537496579e-03 2.461593129905740e-03 9.886021149919988e-04 0.000000000000000e+00 4.247775936571160e-04 3.606936526363142e-03 1.815680484740229e-03 0.000000000000000e+00 0.000000000000000e+00 0.000000000000000e+00 1.131420416729794e-03 1.522270674414896e-03 0.000000000000000e+00 0.000000000000000e+00 3.315910912628881e-03 3.652286499380976e-03 4.305260315341042e-03 0.000000000000000e+00 4.125166306816036e-03 8.096009057816116e-04 5.030584700732314e-05 4.232449503629140e-03 
0.000000000000000e+00 0.000000000000000e+00 1.331989059142520e-03 4.783726557087302e-03 3.795154069787790e-03 0.000000000000000e+00 0.000000000000000e+00 0.000000000000000e+00 2.573108970885430e-03 0.000000000000000e+00 0.000000000000000e+00 8.580216170252361e-04 0.000000000000000e+00 0.000000000000000e+00 0.000000000000000e+00 7.025143543301484e-04 3.013161497773908e-03 1.672761097487431e-03 2.985519482960937e-03 0.000000000000000e+00 2.928775248576921e-03 2.153318900085242e-03 1.898093718389221e-03 0.000000000000000e+00 0.000000000000000e+00 