# File created on Mon Apr 29 23:50:35 2024
# The following metaparameters were used for this matrix optimization : gamma0 = 0.5; alpha0 = 0; sigma0 = 0.25; l0 = 1;p = 1; R0 = 1; S0 = 0.05; NR = 25; NS = 25; matrix path = matrices/Nr25_Nc25/consumption/RandTrix_Nr25_Nc25_Nest0.3_Conn0.1776.txt; convergence threshold = 1e-08
7.816363528522474e-01 0.000000000000000e+00 8.016083210208936e-01 0.000000000000000e+00 0.000000000000000e+00 0.000000000000000e+00 0.000000000000000e+00 0.000000000000000e+00 0.000000000000000e+00 7.937515683749762e-01 0.000000000000000e+00 6.701335918128494e-01 0.000000000000000e+00 0.000000000000000e+00 0.000000000000000e+00 0.000000000000000e+00 0.000000000000000e+00 0.000000000000000e+00 1.013148796613700e+00 0.000000000000000e+00 0.000000000000000e+00 0.000000000000000e+00 0.000000000000000e+00 1.767275353078895e-01 0.000000000000000e+00 
9.235934165737147e-01 0.000000000000000e+00 5.728221356707823e-01 0.000000000000000e+00 3.121170389853249e-01 0.000000000000000e+00 0.000000000000000e+00 0.000000000000000e+00 0.000000000000000e+00 0.000000000000000e+00 0.000000000000000e+00 0.000000000000000e+00 0.000000000000000e+00 0.000000000000000e+00 0.000000000000000e+00 0.000000000000000e+00 0.000000000000000e+00 0.000000000000000e+00 0.000000000000000e+00 7.091861928547557e-01 4.925935122702292e-01 0.000000000000000e+00 0.000000000000000e+00 0.000000000000000e+00 0.000000000000000e+00 
3.232298953234080e-01 7.624792823876879e-01 0.000000000000000e+00 0.000000000000000e+00 0.000000000000000e+00 0.000000000000000e+00 0.000000000000000e+00 2.646058689865778e-01 0.000000000000000e+00 0.000000000000000e+00 0.000000000000000e+00 3.210956519441739e-01 0.000000000000000e+00 0.000000000000000e+00 9.428847311494061e-01 0.000000000000000e+00 4.424546279924422e-01 6.850887746028549e-03 0.000000000000000e+00 8.964613806719520e-01 0.000000000000000e+00 0.000000000000000e+00 0.000000000000000e+00 2.722372233144920e-01 0.000000000000000e+00 
0.000000000000000e+00 0.000000000000000e+00 3.655553168380405e-01 7.885706968319021e-02 0.000000000000000e+00 0.000000000000000e+00 4.945964957351444e-01 0.000000000000000e+00 0.000000000000000e+00 0.000000000000000e+00 2.718993522355908e-01 4.082935988570886e-01 0.000000000000000e+00 0.000000000000000e+00 0.000000000000000e+00 0.000000000000000e+00 0.000000000000000e+00 0.000000000000000e+00 0.000000000000000e+00 0.000000000000000e+00 3.888405176056710e-01 0.000000000000000e+00 9.726369649646569e-01 1.082429934593023e+00 7.382322359134801e-01 
0.000000000000000e+00 0.000000000000000e+00 4.128961512144997e-02 1.135547313678905e+00 0.000000000000000e+00 0.000000000000000e+00 0.000000000000000e+00 0.000000000000000e+00 0.000000000000000e+00 0.000000000000000e+00 0.000000000000000e+00 0.000000000000000e+00 0.000000000000000e+00 8.303481267214264e-01 0.000000000000000e+00 0.000000000000000e+00 5.593512111089577e-01 0.000000000000000e+00 0.000000000000000e+00 0.000000000000000e+00 3.171482805173581e-01 0.000000000000000e+00 0.000000000000000e+00 0.000000000000000e+00 1.367628589525468e+00 
5.978796910272995e-01 0.000000000000000e+00 9.001182593246268e-02 0.000000000000000e+00 4.070477061216538e-01 4.903381763790864e-01 4.399164579816603e-01 4.783682969524942e-01 0.000000000000000e+00 0.000000000000000e+00 0.000000000000000e+00 0.000000000000000e+00 0.000000000000000e+00 0.000000000000000e+00 0.000000000000000e+00 0.000000000000000e+00 0.000000000000000e+00 2.940219623710303e-01 0.000000000000000e+00 0.000000000000000e+00 0.000000000000000e+00 4.142557209633102e-03 0.000000000000000e+00 0.000000000000000e+00 0.000000000000000e+00 
0.000000000000000e+00 0.000000000000000e+00 0.000000000000000e+00 0.000000000000000e+00 0.000000000000000e+00 0.000000000000000e+00 0.000000000000000e+00 0.000000000000000e+00 5.029888727398599e-01 0.000000000000000e+00 0.000000000000000e+00 0.000000000000000e+00 0.000000000000000e+00 0.000000000000000e+00 5.250605156094672e-01 0.000000000000000e+00 4.091094828191787e-02 0.000000000000000e+00 0.000000000000000e+00 4.765619371787770e-01 6.218564317138847e-02 0.000000000000000e+00 0.000000000000000e+00 0.000000000000000e+00 1.067112121987835e+00 
3.379101376543473e-01 0.000000000000000e+00 0.000000000000000e+00 0.000000000000000e+00 0.000000000000000e+00 0.000000000000000e+00 0.000000000000000e+00 0.000000000000000e+00 0.000000000000000e+00 1.036057847436314e+00 7.579075974994635e-01 0.000000000000000e+00 0.000000000000000e+00 0.000000000000000e+00 0.000000000000000e+00 0.000000000000000e+00 0.000000000000000e+00 0.000000000000000e+00 6.983003787430395e-01 0.000000000000000e+00 0.000000000000000e+00 1.568598312947970e-02 0.000000000000000e+00 1.079831926645019e+00 0.000000000000000e+00 
0.000000000000000e+00 3.651170006973880e-01 0.000000000000000e+00 6.900723899104358e-01 0.000000000000000e+00 0.000000000000000e+00 5.617515918336013e-01 3.234607972753463e-01 0.000000000000000e+00 0.000000000000000e+00 0.000000000000000e+00 0.000000000000000e+00 2.773477893026800e-01 0.000000000000000e+00 0.000000000000000e+00 0.000000000000000e+00 0.000000000000000e+00 0.000000000000000e+00 0.000000000000000e+00 0.000000000000000e+00 0.000000000000000e+00 0.000000000000000e+00 0.000000000000000e+00 0.000000000000000e+00 0.000000000000000e+00 
0.000000000000000e+00 5.153248251083458e-01 2.735095689960831e-01 5.862862588642839e-01 5.413729113953924e-01 0.000000000000000e+00 0.000000000000000e+00 0.000000000000000e+00 0.000000000000000e+00 2.952684835102994e-03 0.000000000000000e+00 4.897269641425556e-01 0.000000000000000e+00 0.000000000000000e+00 0.000000000000000e+00 0.000000000000000e+00 0.000000000000000e+00 2.457175271617490e-01 0.000000000000000e+00 0.000000000000000e+00 0.000000000000000e+00 0.000000000000000e+00 1.162618758595747e-01 0.000000000000000e+00 0.000000000000000e+00 
0.000000000000000e+00 0.000000000000000e+00 0.000000000000000e+00 3.370713175725294e-01 0.000000000000000e+00 0.000000000000000e+00 6.471977951534209e-01 0.000000000000000e+00 0.000000000000000e+00 0.000000000000000e+00 5.798956140279140e-01 0.000000000000000e+00 0.000000000000000e+00 0.000000000000000e+00 0.000000000000000e+00 0.000000000000000e+00 0.000000000000000e+00 0.000000000000000e+00 0.000000000000000e+00 0.000000000000000e+00 0.000000000000000e+00 5.000844797592632e-01 8.552481600861166e-01 0.000000000000000e+00 1.010127613256366e+00 
0.000000000000000e+00 0.000000000000000e+00 3.321245466595704e-01 3.454772602030026e-01 4.975709585074077e-01 0.000000000000000e+00 3.119056184413500e-01 0.000000000000000e+00 0.000000000000000e+00 7.034537552342800e-01 0.000000000000000e+00 0.000000000000000e+00 0.000000000000000e+00 0.000000000000000e+00 0.000000000000000e+00 0.000000000000000e+00 2.960417114299819e-01 0.000000000000000e+00 3.819580573849318e-03 4.003279142982090e-01 0.000000000000000e+00 0.000000000000000e+00 0.000000000000000e+00 2.090181612343132e-01 8.845938358103789e-02 
0.000000000000000e+00 4.473594574910788e-01 4.861711835781122e-01 0.000000000000000e+00 0.000000000000000e+00 0.000000000000000e+00 0.000000000000000e+00 0.000000000000000e+00 0.000000000000000e+00 0.000000000000000e+00 0.000000000000000e+00 2.800269546893809e-01 0.000000000000000e+00 5.204961934795777e-01 0.000000000000000e+00 0.000000000000000e+00 0.000000000000000e+00 5.260911743329972e-01 0.000000000000000e+00 0.000000000000000e+00 0.000000000000000e+00 0.000000000000000e+00 0.000000000000000e+00 0.000000000000000e+00 0.000000000000000e+00 
2.489238533149914e-01 0.000000000000000e+00 0.000000000000000e+00 0.000000000000000e+00 0.000000000000000e+00 2.885075273703582e-01 6.474103146221709e-01 0.000000000000000e+00 0.000000000000000e+00 0.000000000000000e+00 0.000000000000000e+00 0.000000000000000e+00 0.000000000000000e+00 0.000000000000000e+00 0.000000000000000e+00 4.700807562193021e-01 0.000000000000000e+00 0.000000000000000e+00 0.000000000000000e+00 0.000000000000000e+00 0.000000000000000e+00 0.000000000000000e+00 0.000000000000000e+00 0.000000000000000e+00 0.000000000000000e+00 
0.000000000000000e+00 0.000000000000000e+00 0.000000000000000e+00 0.000000000000000e+00 0.000000000000000e+00 0.000000000000000e+00 0.000000000000000e+00 0.000000000000000e+00 0.000000000000000e+00 5.958504783200679e-01 0.000000000000000e+00 3.955194529683180e-01 0.000000000000000e+00 0.000000000000000e+00 0.000000000000000e+00 0.000000000000000e+00 5.287080276601960e-01 0.000000000000000e+00 0.000000000000000e+00 4.496125404947872e-01 0.000000000000000e+00 0.000000000000000e+00 0.000000000000000e+00 0.000000000000000e+00 0.000000000000000e+00 
5.093206049783016e-01 2.870908959505113e-01 0.000000000000000e+00 0.000000000000000e+00 0.000000000000000e+00 1.131385950043112e-01 0.000000000000000e+00 0.000000000000000e+00 3.014109333800234e-01 0.000000000000000e+00 0.000000000000000e+00 0.000000000000000e+00 0.000000000000000e+00 0.000000000000000e+00 0.000000000000000e+00 3.146908069272513e-02 0.000000000000000e+00 1.802886551551652e-01 0.000000000000000e+00 0.000000000000000e+00 0.000000000000000e+00 0.000000000000000e+00 0.000000000000000e+00 0.000000000000000e+00 0.000000000000000e+00 
0.000000000000000e+00 4.240685130075588e-01 0.000000000000000e+00 2.098843699300521e-02 4.576444869855800e-01 0.000000000000000e+00 0.000000000000000e+00 0.000000000000000e+00 0.000000000000000e+00 0.000000000000000e+00 0.000000000000000e+00 0.000000000000000e+00 0.000000000000000e+00 0.000000000000000e+00 0.000000000000000e+00 0.000000000000000e+00 0.000000000000000e+00 0.000000000000000e+00 0.000000000000000e+00 0.000000000000000e+00 0.000000000000000e+00 4.484480289514733e-01 0.000000000000000e+00 0.000000000000000e+00 0.000000000000000e+00 
0.000000000000000e+00 0.000000000000000e+00 0.000000000000000e+00 0.000000000000000e+00 0.000000000000000e+00 4.490328276084997e-01 0.000000000000000e+00 0.000000000000000e+00 0.000000000000000e+00 0.000000000000000e+00 0.000000000000000e+00 4.606765895927557e-01 0.000000000000000e+00 0.000000000000000e+00 0.000000000000000e+00 0.000000000000000e+00 0.000000000000000e+00 0.000000000000000e+00 0.000000000000000e+00 0.000000000000000e+00 0.000000000000000e+00 0.000000000000000e+00 0.000000000000000e+00 0.000000000000000e+00 0.000000000000000e+00 
0.000000000000000e+00 4.332623750500506e-01 0.000000000000000e+00 0.000000000000000e+00 2.968315380811756e-01 0.000000000000000e+00 0.000000000000000e+00 0.000000000000000e+00 0.000000000000000e+00 0.000000000000000e+00 0.000000000000000e+00 0.000000000000000e+00 0.000000000000000e+00 1.460508097503400e-01 0.000000000000000e+00 0.000000000000000e+00 0.000000000000000e+00 0.000000000000000e+00 0.000000000000000e+00 0.000000000000000e+00 0.000000000000000e+00 0.000000000000000e+00 0.000000000000000e+00 0.000000000000000e+00 1.004508147314218e-01 
3.401151191643872e-01 0.000000000000000e+00 0.000000000000000e+00 5.501498830804839e-01 0.000000000000000e+00 0.000000000000000e+00 0.000000000000000e+00 0.000000000000000e+00 0.000000000000000e+00 0.000000000000000e+00 0.000000000000000e+00 0.000000000000000e+00 0.000000000000000e+00 0.000000000000000e+00 0.000000000000000e+00 0.000000000000000e+00 0.000000000000000e+00 0.000000000000000e+00 0.000000000000000e+00 0.000000000000000e+00 0.000000000000000e+00 0.000000000000000e+00 0.000000000000000e+00 0.000000000000000e+00 0.000000000000000e+00 
2.840364161303526e-01 0.000000000000000e+00 0.000000000000000e+00 0.000000000000000e+00 0.000000000000000e+00 0.000000000000000e+00 0.000000000000000e+00 0.000000000000000e+00 0.000000000000000e+00 0.000000000000000e+00 0.000000000000000e+00 0.000000000000000e+00 0.000000000000000e+00 0.000000000000000e+00 0.000000000000000e+00 0.000000000000000e+00 0.000000000000000e+00 3.066023876031340e-01 0.000000000000000e+00 0.000000000000000e+00 0.000000000000000e+00 0.000000000000000e+00 0.000000000000000e+00 0.000000000000000e+00 0.000000000000000e+00 
3.623719312616147e-01 5.135932031873449e-01 0.000000000000000e+00 0.000000000000000e+00 0.000000000000000e+00 0.000000000000000e+00 0.000000000000000e+00 0.000000000000000e+00 0.000000000000000e+00 0.000000000000000e+00 0.000000000000000e+00 0.000000000000000e+00 0.000000000000000e+00 0.000000000000000e+00 0.000000000000000e+00 0.000000000000000e+00 0.000000000000000e+00 0.000000000000000e+00 0.000000000000000e+00 0.000000000000000e+00 1.834943559429794e-01 1.225446007441543e-01 0.000000000000000e+00 0.000000000000000e+00 0.000000000000000e+00 
0.000000000000000e+00 4.391746513539076e-01 0.000000000000000e+00 0.000000000000000e+00 0.000000000000000e+00 0.000000000000000e+00 0.000000000000000e+00 0.000000000000000e+00 0.000000000000000e+00 0.000000000000000e+00 0.000000000000000e+00 0.000000000000000e+00 4.418050263719411e-01 0.000000000000000e+00 0.000000000000000e+00 0.000000000000000e+00 0.000000000000000e+00 0.000000000000000e+00 6.683637751623650e-02 0.000000000000000e+00 0.000000000000000e+00 0.000000000000000e+00 0.000000000000000e+00 0.000000000000000e+00 0.000000000000000e+00 
0.000000000000000e+00 0.000000000000000e+00 0.000000000000000e+00 0.000000000000000e+00 0.000000000000000e+00 0.000000000000000e+00 0.000000000000000e+00 4.172702489227227e-01 0.000000000000000e+00 0.000000000000000e+00 0.000000000000000e+00 0.000000000000000e+00 0.000000000000000e+00 0.000000000000000e+00 0.000000000000000e+00 0.000000000000000e+00 0.000000000000000e+00 0.000000000000000e+00 0.000000000000000e+00 0.000000000000000e+00 0.000000000000000e+00 0.000000000000000e+00 0.000000000000000e+00 0.000000000000000e+00 0.000000000000000e+00 
0.000000000000000e+00 0.000000000000000e+00 0.000000000000000e+00 6.056982608204881e-01 0.000000000000000e+00 0.000000000000000e+00 0.000000000000000e+00 0.000000000000000e+00 0.000000000000000e+00 0.000000000000000e+00 0.000000000000000e+00 0.000000000000000e+00 0.000000000000000e+00 0.000000000000000e+00 0.000000000000000e+00 0.000000000000000e+00 0.000000000000000e+00 0.000000000000000e+00 0.000000000000000e+00 0.000000000000000e+00 0.000000000000000e+00 0.000000000000000e+00 0.000000000000000e+00 0.000000000000000e+00 0.000000000000000e+00 