# # File created on Fri May 17 15:41:56 2024
#  # The following metaparameters were used for this matrix optimization : gamma0 = 0.5; alpha0 = 0; sigma0 = 0.25; l0 = 1;p = 1; R0 = 1; S0 = 0.05; NR = 25; NS = 25; matrix path = matrices/Nr25_Nc25/consumption/RandTrix_Nr25_Nc25_Nest0.35_Conn0.3216.txt; convergence threshold = 1e-08
# 
0.000000000000000000e+00 0.000000000000000000e+00 0.000000000000000000e+00 6.157837167455319132e-04 0.000000000000000000e+00 2.595115482617915085e-03 3.517812461449954138e-03 7.341761514949812859e-04 1.139823078773597982e-03 0.000000000000000000e+00 3.116990808125883958e-03 0.000000000000000000e+00 0.000000000000000000e+00 0.000000000000000000e+00 1.954996062618748805e-03 0.000000000000000000e+00 0.000000000000000000e+00 0.000000000000000000e+00 0.000000000000000000e+00 0.000000000000000000e+00 0.000000000000000000e+00 1.809887181580825991e-04 2.811513156365528891e-03 3.271500433193041003e-04 0.000000000000000000e+00
1.554619854881256961e-04 2.576291199538037762e-04 0.000000000000000000e+00 0.000000000000000000e+00 0.000000000000000000e+00 0.000000000000000000e+00 4.757204311742579787e-03 1.383573341285431911e-03 4.350776003229722688e-03 3.762908023032971068e-03 4.730284832850873734e-03 0.000000000000000000e+00 0.000000000000000000e+00 0.000000000000000000e+00 0.000000000000000000e+00 3.298731767126977018e-03 1.920537230789523065e-03 0.000000000000000000e+00 2.307398984180186133e-03 0.000000000000000000e+00 1.676888282428000984e-03 0.000000000000000000e+00 3.635113339962500138e-03 4.270136459130950170e-03 0.000000000000000000e+00
0.000000000000000000e+00 0.000000000000000000e+00 0.000000000000000000e+00 4.743595551255148923e-03 0.000000000000000000e+00 3.263317820668156215e-03 0.000000000000000000e+00 0.000000000000000000e+00 1.428073417890108991e-03 2.335212536590961906e-03 0.000000000000000000e+00 8.860455947278591008e-04 2.425794971517343784e-03 0.000000000000000000e+00 2.966475953024599009e-03 0.000000000000000000e+00 0.000000000000000000e+00 0.000000000000000000e+00 1.597566306467120912e-03 0.000000000000000000e+00 1.180006528330018994e-03 2.023579364690128099e-03 0.000000000000000000e+00 0.000000000000000000e+00 0.000000000000000000e+00
3.365073852143810919e-03 0.000000000000000000e+00 0.000000000000000000e+00 1.465967889866992037e-03 7.517384005337344934e-04 0.000000000000000000e+00 2.437166904849756045e-03 0.000000000000000000e+00 0.000000000000000000e+00 1.908279368197816992e-03 2.573737980026930905e-04 0.000000000000000000e+00 0.000000000000000000e+00 0.000000000000000000e+00 0.000000000000000000e+00 2.848919843618289045e-03 3.083792452965865034e-03 1.591665978978854933e-03 0.000000000000000000e+00 8.385663416826158971e-06 2.034979173841127819e-03 0.000000000000000000e+00 3.199932600217162814e-03 0.000000000000000000e+00 3.731575174392888147e-03
0.000000000000000000e+00 2.367570240124381147e-03 4.723134804938938780e-03 2.333275151749831990e-03 0.000000000000000000e+00 1.554843126204892003e-03 4.026282505240313080e-03 7.903985570568889969e-04 0.000000000000000000e+00 6.926948761455753532e-04 3.726546579158697848e-03 2.967601432776479850e-03 2.277826310153865854e-03 4.746559193600908763e-03 0.000000000000000000e+00 0.000000000000000000e+00 0.000000000000000000e+00 0.000000000000000000e+00 9.129333820438378586e-04 1.854262036312111922e-03 0.000000000000000000e+00 0.000000000000000000e+00 4.402077318818089884e-03 0.000000000000000000e+00 0.000000000000000000e+00
1.792611677181562939e-03 4.944761998899573074e-03 0.000000000000000000e+00 2.218259242390645085e-03 2.346361901334871960e-04 0.000000000000000000e+00 2.686946610593632032e-03 4.314318594759627978e-03 4.979415553173330115e-03 0.000000000000000000e+00 1.015198299612965005e-03 0.000000000000000000e+00 3.365886789970011939e-03 0.000000000000000000e+00 0.000000000000000000e+00 1.117971251713701037e-03 0.000000000000000000e+00 0.000000000000000000e+00 0.000000000000000000e+00 0.000000000000000000e+00 3.752408086823456022e-03 0.000000000000000000e+00 0.000000000000000000e+00 4.393224041495031630e-03 1.423300880999742949e-03
0.000000000000000000e+00 5.898459550741672964e-04 2.337948895923248199e-03 0.000000000000000000e+00 0.000000000000000000e+00 0.000000000000000000e+00 0.000000000000000000e+00 1.620691313888057965e-03 1.039019777934843978e-04 1.376189024909721089e-03 2.815549574970916021e-03 6.881317490497368709e-04 0.000000000000000000e+00 4.703922719291147615e-03 2.463430355315040805e-03 1.736104074858554934e-03 0.000000000000000000e+00 0.000000000000000000e+00 3.854028968689198961e-03 0.000000000000000000e+00 0.000000000000000000e+00 4.217416742037296065e-03 3.735418318699651203e-03 0.000000000000000000e+00 3.471521858508444004e-03
0.000000000000000000e+00 0.000000000000000000e+00 0.000000000000000000e+00 0.000000000000000000e+00 3.340853696372241954e-03 2.598262951807163955e-03 0.000000000000000000e+00 0.000000000000000000e+00 0.000000000000000000e+00 0.000000000000000000e+00 2.781281865775666034e-03 3.357035332409458867e-03 0.000000000000000000e+00 3.421679633512488949e-03 0.000000000000000000e+00 0.000000000000000000e+00 2.242334209079773800e-03 1.687448849711905034e-03 0.000000000000000000e+00 4.048235879334796672e-03 0.000000000000000000e+00 0.000000000000000000e+00 0.000000000000000000e+00 0.000000000000000000e+00 1.277960681916489065e-03
0.000000000000000000e+00 2.419514162594464148e-03 4.178987812982593898e-03 0.000000000000000000e+00 2.838355974586449174e-03 2.282801952397865968e-03 0.000000000000000000e+00 0.000000000000000000e+00 0.000000000000000000e+00 0.000000000000000000e+00 4.998513643272910201e-03 3.069596158194832190e-03 0.000000000000000000e+00 2.840357339364310910e-03 0.000000000000000000e+00 0.000000000000000000e+00 0.000000000000000000e+00 3.918554915271794427e-03 0.000000000000000000e+00 0.000000000000000000e+00 0.000000000000000000e+00 0.000000000000000000e+00 0.000000000000000000e+00 1.277887265546436990e-05 1.206574397206258958e-03
0.000000000000000000e+00 0.000000000000000000e+00 1.642781963226319078e-03 1.221820886832168012e-03 9.994393746552857147e-04 0.000000000000000000e+00 1.898293593819460950e-03 0.000000000000000000e+00 0.000000000000000000e+00 3.230650794635569860e-03 1.280334126413165956e-04 7.837331821361222641e-04 0.000000000000000000e+00 0.000000000000000000e+00 2.415645276812555201e-03 0.000000000000000000e+00 0.000000000000000000e+00 7.371269582374885467e-04 0.000000000000000000e+00 5.821596553629396513e-04 0.000000000000000000e+00 3.095957926749934915e-03 0.000000000000000000e+00 2.760232990766978926e-03 0.000000000000000000e+00
0.000000000000000000e+00 3.461528346326886180e-03 0.000000000000000000e+00 0.000000000000000000e+00 2.280084844869894028e-03 1.692162899125572049e-03 0.000000000000000000e+00 0.000000000000000000e+00 0.000000000000000000e+00 1.213574129641003044e-04 1.910619557198860088e-03 0.000000000000000000e+00 2.871782046112496874e-03 0.000000000000000000e+00 0.000000000000000000e+00 0.000000000000000000e+00 4.947418076579192074e-04 4.259533922422551887e-04 4.535659926457953801e-03 0.000000000000000000e+00 4.345185763605524838e-03 0.000000000000000000e+00 0.000000000000000000e+00 1.974315111235587939e-03 0.000000000000000000e+00
3.179517460710191978e-03 1.347147750244404073e-03 3.215980557692797118e-03 2.443796784255678010e-03 0.000000000000000000e+00 0.000000000000000000e+00 0.000000000000000000e+00 9.086657942236360920e-04 2.962450749178383979e-03 1.833347308483596018e-03 2.533351298612011946e-03 3.857262730210136905e-03 2.566875355272312149e-03 0.000000000000000000e+00 2.846883176213796190e-04 3.136318807572465849e-03 0.000000000000000000e+00 0.000000000000000000e+00 0.000000000000000000e+00 0.000000000000000000e+00 0.000000000000000000e+00 0.000000000000000000e+00 0.000000000000000000e+00 1.739730687758632910e-03 2.133562563636165824e-03
0.000000000000000000e+00 0.000000000000000000e+00 0.000000000000000000e+00 0.000000000000000000e+00 2.570924147712309762e-04 0.000000000000000000e+00 0.000000000000000000e+00 0.000000000000000000e+00 9.626156047407766593e-04 2.598737795495306181e-03 0.000000000000000000e+00 0.000000000000000000e+00 0.000000000000000000e+00 0.000000000000000000e+00 5.115116501501782440e-04 0.000000000000000000e+00 0.000000000000000000e+00 1.937237129359921991e-04 0.000000000000000000e+00 1.871866033339220081e-03 4.866536671307782774e-04 0.000000000000000000e+00 0.000000000000000000e+00 3.043251028246893829e-03 0.000000000000000000e+00
2.627564742143223813e-03 8.888280314331760846e-04 1.525150246963013915e-03 3.155889074299287255e-04 0.000000000000000000e+00 0.000000000000000000e+00 0.000000000000000000e+00 0.000000000000000000e+00 3.668848763696146847e-03 4.810043682152957342e-03 0.000000000000000000e+00 1.926881071192440044e-03 0.000000000000000000e+00 0.000000000000000000e+00 1.466237235907720017e-03 6.986625412044179372e-04 0.000000000000000000e+00 2.958920041059390129e-03 0.000000000000000000e+00 2.620793111111356828e-03 2.985639759192768982e-03 1.423690644584071040e-03 0.000000000000000000e+00 0.000000000000000000e+00 4.997995480484409940e-03
2.516832661656110207e-03 0.000000000000000000e+00 0.000000000000000000e+00 0.000000000000000000e+00 2.654188321505184921e-03 0.000000000000000000e+00 0.000000000000000000e+00 2.551082710445786057e-03 1.164200883173029067e-03 0.000000000000000000e+00 0.000000000000000000e+00 0.000000000000000000e+00 3.327011297785129832e-03 0.000000000000000000e+00 0.000000000000000000e+00 0.000000000000000000e+00 0.000000000000000000e+00 3.000538056127296897e-03 4.751217947368128677e-03 2.769064478318809808e-03 4.508706137515835870e-03 4.595159489682572838e-03 0.000000000000000000e+00 0.000000000000000000e+00 2.267693617300098070e-03
2.106326628652597805e-03 0.000000000000000000e+00 0.000000000000000000e+00 1.369080219896402035e-03 1.026337520047129921e-03 0.000000000000000000e+00 1.750728765207509993e-03 2.034580807807111810e-03 1.439016644611001072e-03 0.000000000000000000e+00 0.000000000000000000e+00 5.415835222434724205e-04 0.000000000000000000e+00 2.278724498537693099e-03 3.428406798224854866e-03 0.000000000000000000e+00 1.190996402389231899e-03 0.000000000000000000e+00 0.000000000000000000e+00 0.000000000000000000e+00 0.000000000000000000e+00 0.000000000000000000e+00 3.044106901529421844e-03 1.094034689098567076e-03 0.000000000000000000e+00
3.165299528460774163e-03 5.407575058850156271e-04 2.251735998744609953e-03 0.000000000000000000e+00 8.868126534417677693e-04 0.000000000000000000e+00 0.000000000000000000e+00 9.042962758836276460e-04 4.697310999729279075e-03 1.176735673187000002e-03 0.000000000000000000e+00 2.424015335612653838e-03 7.251441595741841563e-05 2.497523830685263822e-03 0.000000000000000000e+00 0.000000000000000000e+00 0.000000000000000000e+00 0.000000000000000000e+00 4.595774701640900281e-03 4.218334173738116574e-03 1.951788557210178045e-03 0.000000000000000000e+00 4.191377583967014105e-03 0.000000000000000000e+00 3.330229738586134181e-03
0.000000000000000000e+00 3.734001268878103948e-04 0.000000000000000000e+00 4.333743399435697010e-04 2.805253564407220786e-03 4.167539493417264131e-03 0.000000000000000000e+00 3.543532941276379168e-03 0.000000000000000000e+00 2.534279793336534012e-03 0.000000000000000000e+00 3.132457478693578216e-03 0.000000000000000000e+00 4.905661566687730991e-03 0.000000000000000000e+00 0.000000000000000000e+00 0.000000000000000000e+00 0.000000000000000000e+00 9.104994388842106018e-04 1.523894489332818002e-03 1.424517388111996028e-03 4.391251121679498604e-03 0.000000000000000000e+00 2.395631348876387044e-03 1.052686929378306028e-03
3.977393382678542574e-03 3.232497075099329941e-03 1.818702037096193904e-03 2.969547532191414967e-03 0.000000000000000000e+00 0.000000000000000000e+00 0.000000000000000000e+00 2.871830167480248115e-03 7.752722730647918338e-04 1.042120866744549942e-03 0.000000000000000000e+00 0.000000000000000000e+00 0.000000000000000000e+00 5.911524053836699454e-04 0.000000000000000000e+00 0.000000000000000000e+00 2.698476091932161969e-03 0.000000000000000000e+00 0.000000000000000000e+00 0.000000000000000000e+00 3.522755732466443211e-03 0.000000000000000000e+00 0.000000000000000000e+00 3.536149803161415996e-03 0.000000000000000000e+00
0.000000000000000000e+00 1.507033991192208025e-03 3.310153418207287951e-03 0.000000000000000000e+00 0.000000000000000000e+00 1.566364222775370031e-04 0.000000000000000000e+00 0.000000000000000000e+00 3.198222863658903205e-03 4.788601673135876868e-03 1.376586091411719079e-03 0.000000000000000000e+00 0.000000000000000000e+00 0.000000000000000000e+00 0.000000000000000000e+00 3.863713162597199116e-03 0.000000000000000000e+00 0.000000000000000000e+00 0.000000000000000000e+00 0.000000000000000000e+00 3.842516501866834796e-03 0.000000000000000000e+00 0.000000000000000000e+00 8.927817414497407318e-04 0.000000000000000000e+00
4.519826931617069304e-03 8.392644771774167680e-04 3.127248235957650994e-03 4.437521313544546923e-03 1.468448690249762097e-03 1.211936650640932020e-03 0.000000000000000000e+00 0.000000000000000000e+00 2.939384699612870855e-03 9.094964134479728872e-04 4.593969538230683811e-03 0.000000000000000000e+00 0.000000000000000000e+00 0.000000000000000000e+00 2.010940430453779081e-03 0.000000000000000000e+00 2.639662885843086036e-03 2.219323906579717155e-03 0.000000000000000000e+00 2.660953070237562050e-03 1.592199880742974950e-03 4.416499789025593072e-03 0.000000000000000000e+00 3.234033935116599912e-04 0.000000000000000000e+00
2.537995266853595132e-03 0.000000000000000000e+00 1.883147233931596167e-05 0.000000000000000000e+00 0.000000000000000000e+00 1.787715653171748076e-03 0.000000000000000000e+00 0.000000000000000000e+00 3.225966864698540885e-03 0.000000000000000000e+00 9.994562055397296797e-04 3.576781593693960707e-05 0.000000000000000000e+00 0.000000000000000000e+00 1.798567179977669100e-03 0.000000000000000000e+00 2.521531219119518136e-03 0.000000000000000000e+00 4.192092223098641685e-03 0.000000000000000000e+00 3.286612795689030243e-04 0.000000000000000000e+00 0.000000000000000000e+00 3.609546039285615061e-03 0.000000000000000000e+00
0.000000000000000000e+00 2.473568644942560069e-03 0.000000000000000000e+00 0.000000000000000000e+00 0.000000000000000000e+00 8.064108696336740446e-05 0.000000000000000000e+00 2.299671782861484066e-03 2.468016946851146060e-03 0.000000000000000000e+00 0.000000000000000000e+00 4.825899109681278630e-03 0.000000000000000000e+00 0.000000000000000000e+00 9.419138665092232666e-04 4.721766773885790157e-03 1.680716515512993905e-03 6.548805646834468574e-04 0.000000000000000000e+00 3.367764000376285028e-03 0.000000000000000000e+00 0.000000000000000000e+00 3.910077000669990623e-03 0.000000000000000000e+00 0.000000000000000000e+00
0.000000000000000000e+00 0.000000000000000000e+00 0.000000000000000000e+00 0.000000000000000000e+00 4.441656744230695723e-03 0.000000000000000000e+00 0.000000000000000000e+00 3.361298699476415134e-03 3.064522945703764185e-04 3.039888494034514825e-03 0.000000000000000000e+00 4.474103959269272847e-04 0.000000000000000000e+00 8.561551547468293282e-04 0.000000000000000000e+00 1.464426284498116914e-03 0.000000000000000000e+00 1.146496355366495015e-03 1.764751298087981982e-03 1.125788837252793100e-03 0.000000000000000000e+00 0.000000000000000000e+00 0.000000000000000000e+00 0.000000000000000000e+00 3.944679583121455183e-03
1.046777684718922007e-04 2.303639634324015011e-05 0.000000000000000000e+00 0.000000000000000000e+00 1.672403399865011965e-04 0.000000000000000000e+00 0.000000000000000000e+00 3.863207955256322840e-03 0.000000000000000000e+00 0.000000000000000000e+00 1.041143871847001077e-03 2.523265323250952819e-04 0.000000000000000000e+00 0.000000000000000000e+00 4.252876422950265141e-04 0.000000000000000000e+00 7.904315427394445004e-04 4.148720335933739865e-03 0.000000000000000000e+00 0.000000000000000000e+00 3.932052762442169412e-03 0.000000000000000000e+00 0.000000000000000000e+00 0.000000000000000000e+00 0.000000000000000000e+00
