# # File created on Fri May 17 15:42:02 2024
#  # The following metaparameters were used for this matrix optimization : gamma0 = 0.5; alpha0 = 0; sigma0 = 0.25; l0 = 1;p = 1; R0 = 1; S0 = 0.05; NR = 25; NS = 25; matrix path = matrices/Nr25_Nc25/consumption/RandTrix_Nr25_Nc25_Nest0.25_Conn0.184.txt; convergence threshold = 1e-08
# 
0.000000000000000000e+00 0.000000000000000000e+00 0.000000000000000000e+00 0.000000000000000000e+00 4.835800995552324080e-03 4.571380508371232151e-03 0.000000000000000000e+00 2.823427682567193186e-03 0.000000000000000000e+00 0.000000000000000000e+00 8.433347037162818071e-04 2.099542616351490927e-03 1.678658263387699048e-04 1.216642329359718085e-03 2.125530691914075121e-03 0.000000000000000000e+00 0.000000000000000000e+00 4.339983026274410981e-03 1.766680046598312088e-03 2.169679199410403866e-03 5.193715529048948537e-04 3.827206719644976086e-03 0.000000000000000000e+00 0.000000000000000000e+00 6.838178690092502768e-04
1.271375474262150104e-03 0.000000000000000000e+00 1.819124543828357001e-03 0.000000000000000000e+00 0.000000000000000000e+00 1.458342256197383028e-03 0.000000000000000000e+00 3.010717701804064943e-03 4.968399496282985273e-03 0.000000000000000000e+00 2.949395738736676920e-03 4.164177586529810749e-04 4.090405163119742622e-03 0.000000000000000000e+00 2.611059440919472150e-03 0.000000000000000000e+00 0.000000000000000000e+00 0.000000000000000000e+00 0.000000000000000000e+00 9.379715211402514042e-04 0.000000000000000000e+00 0.000000000000000000e+00 0.000000000000000000e+00 0.000000000000000000e+00 4.346073494962871681e-03
4.246928026220484192e-04 1.296273867528520071e-03 0.000000000000000000e+00 2.289464929031626971e-03 1.642029699344903964e-03 0.000000000000000000e+00 2.631158240391463007e-03 6.885716381043578910e-04 0.000000000000000000e+00 0.000000000000000000e+00 0.000000000000000000e+00 0.000000000000000000e+00 3.960919902774031991e-03 0.000000000000000000e+00 4.566727284225312149e-03 2.447803120392225834e-03 0.000000000000000000e+00 0.000000000000000000e+00 0.000000000000000000e+00 0.000000000000000000e+00 0.000000000000000000e+00 0.000000000000000000e+00 4.624991599067479822e-03 4.660156047641159614e-03 0.000000000000000000e+00
3.624813645582134793e-03 0.000000000000000000e+00 1.045064087658127997e-03 4.863028530575751879e-03 0.000000000000000000e+00 0.000000000000000000e+00 3.325504878673795142e-03 0.000000000000000000e+00 0.000000000000000000e+00 0.000000000000000000e+00 0.000000000000000000e+00 2.798013443115717098e-03 0.000000000000000000e+00 1.702974845673714977e-03 0.000000000000000000e+00 4.148465653985915170e-04 0.000000000000000000e+00 4.437050448045002683e-03 2.655919726379526264e-04 0.000000000000000000e+00 0.000000000000000000e+00 0.000000000000000000e+00 0.000000000000000000e+00 0.000000000000000000e+00 1.344295198774912020e-03
6.605220926859347490e-04 2.716450627166575971e-04 2.175663126860784020e-03 0.000000000000000000e+00 4.139159353964545936e-03 1.135128577444861030e-03 0.000000000000000000e+00 0.000000000000000000e+00 0.000000000000000000e+00 1.975260483084508977e-03 3.697282374257604160e-03 0.000000000000000000e+00 4.776564122100090959e-03 0.000000000000000000e+00 5.265914096086309087e-05 4.646996173088266402e-03 0.000000000000000000e+00 0.000000000000000000e+00 5.744050866436663629e-04 0.000000000000000000e+00 0.000000000000000000e+00 0.000000000000000000e+00 0.000000000000000000e+00 0.000000000000000000e+00 2.834286785828497857e-03
0.000000000000000000e+00 1.613146723667966027e-03 3.658513259077384935e-03 4.776426648437769908e-03 0.000000000000000000e+00 0.000000000000000000e+00 0.000000000000000000e+00 0.000000000000000000e+00 0.000000000000000000e+00 0.000000000000000000e+00 0.000000000000000000e+00 3.824838196293363184e-03 2.918949724086059017e-03 0.000000000000000000e+00 1.449128362013321928e-03 0.000000000000000000e+00 4.737987537305337303e-03 6.024188248404883017e-04 8.996950192965924792e-04 7.938288592546203669e-04 2.683560877394421205e-03 3.134309554158234111e-03 0.000000000000000000e+00 3.538372876946747989e-03 0.000000000000000000e+00
2.328519187194314118e-03 0.000000000000000000e+00 0.000000000000000000e+00 0.000000000000000000e+00 0.000000000000000000e+00 2.446837372282224137e-04 2.917966142292358154e-03 0.000000000000000000e+00 0.000000000000000000e+00 4.932871056421791849e-03 0.000000000000000000e+00 4.226457290424081789e-03 0.000000000000000000e+00 0.000000000000000000e+00 6.924217899101142368e-04 0.000000000000000000e+00 0.000000000000000000e+00 0.000000000000000000e+00 4.645834610074540960e-03 0.000000000000000000e+00 0.000000000000000000e+00 3.105600614348162213e-03 3.041109777179860137e-03 3.963524511227494752e-03 0.000000000000000000e+00
0.000000000000000000e+00 1.664567666310265035e-03 0.000000000000000000e+00 0.000000000000000000e+00 4.717418166625297242e-04 4.440470880946852106e-03 0.000000000000000000e+00 4.068989448533366984e-03 3.906197529550058025e-03 3.456084455357986886e-03 0.000000000000000000e+00 1.243150596637334964e-03 0.000000000000000000e+00 2.886187743315000824e-03 0.000000000000000000e+00 0.000000000000000000e+00 0.000000000000000000e+00 4.741374174285722595e-03 3.822549180602813909e-04 0.000000000000000000e+00 0.000000000000000000e+00 3.241527162556778925e-03 0.000000000000000000e+00 0.000000000000000000e+00 0.000000000000000000e+00
4.960243334437101741e-03 0.000000000000000000e+00 4.876132802961118638e-03 0.000000000000000000e+00 0.000000000000000000e+00 0.000000000000000000e+00 4.445097109861182068e-03 0.000000000000000000e+00 0.000000000000000000e+00 3.716508198972139857e-04 0.000000000000000000e+00 3.344472232930625986e-03 4.894981406694262974e-03 4.692420266595710016e-03 0.000000000000000000e+00 2.526225602854377961e-03 8.650019303071371062e-04 4.580247442338663925e-03 0.000000000000000000e+00 2.966542852074424003e-03 0.000000000000000000e+00 0.000000000000000000e+00 0.000000000000000000e+00 4.197092954134061180e-03 0.000000000000000000e+00
0.000000000000000000e+00 3.260015720155942046e-03 0.000000000000000000e+00 0.000000000000000000e+00 4.252099420613155052e-03 0.000000000000000000e+00 0.000000000000000000e+00 0.000000000000000000e+00 0.000000000000000000e+00 1.141059287795265090e-03 0.000000000000000000e+00 3.710493989509412813e-03 3.514136110058230060e-03 4.368668828420816134e-04 0.000000000000000000e+00 0.000000000000000000e+00 0.000000000000000000e+00 4.453164753461249896e-03 0.000000000000000000e+00 4.772045997056294231e-03 1.414486227532633965e-03 3.289472599647982193e-03 2.866400360914627028e-03 0.000000000000000000e+00 0.000000000000000000e+00
2.430801406098128878e-03 1.645033544595980897e-03 0.000000000000000000e+00 2.309826941331790794e-03 0.000000000000000000e+00 4.782589794216469785e-03 4.602061556089444088e-04 3.198065718373074070e-03 1.041150034396143070e-03 3.438969532153079035e-03 0.000000000000000000e+00 0.000000000000000000e+00 0.000000000000000000e+00 0.000000000000000000e+00 0.000000000000000000e+00 1.848598943004213036e-03 3.125692144126899878e-03 4.613043159169018075e-03 2.734969279272836049e-03 9.964839337217054702e-04 1.624685575925201037e-03 0.000000000000000000e+00 2.906647350041479793e-03 0.000000000000000000e+00 3.429745455346275979e-03
0.000000000000000000e+00 1.012338708111310036e-03 0.000000000000000000e+00 0.000000000000000000e+00 4.578472569624281868e-03 4.912686934475860717e-03 2.887528750281447964e-03 0.000000000000000000e+00 0.000000000000000000e+00 2.153459479570359915e-03 0.000000000000000000e+00 3.060245077302337882e-04 0.000000000000000000e+00 0.000000000000000000e+00 2.688999195991693871e-03 0.000000000000000000e+00 0.000000000000000000e+00 4.178434117724283414e-03 4.265698520998195166e-03 4.898682889570599164e-03 2.998529899584738943e-03 2.450868165655176786e-03 4.134798972075425980e-04 7.727221391592586528e-04 1.537235727415531099e-04
2.102031394695733860e-03 0.000000000000000000e+00 4.135212801867687790e-03 0.000000000000000000e+00 0.000000000000000000e+00 2.449079365413556891e-03 1.414025697735781005e-03 1.945606551264963914e-03 0.000000000000000000e+00 0.000000000000000000e+00 0.000000000000000000e+00 0.000000000000000000e+00 4.186326329007564878e-04 0.000000000000000000e+00 1.649984864759114966e-03 3.519370871976624116e-03 0.000000000000000000e+00 0.000000000000000000e+00 2.516952210915286790e-03 0.000000000000000000e+00 0.000000000000000000e+00 5.769301181506518265e-04 1.681827794039977104e-03 4.910429520037533878e-03 0.000000000000000000e+00
2.213742014258055120e-03 2.598288427813625918e-03 0.000000000000000000e+00 0.000000000000000000e+00 0.000000000000000000e+00 4.315834275097246361e-03 3.439748769546071953e-05 4.190742331251926835e-03 4.948490121685916385e-03 1.436345235323551990e-03 2.812052548511365883e-03 1.126336276756634020e-03 0.000000000000000000e+00 3.397418270422807116e-03 0.000000000000000000e+00 3.011555053962629899e-03 0.000000000000000000e+00 0.000000000000000000e+00 1.685932306658279077e-03 1.262859311398831057e-03 4.208669840767889072e-04 0.000000000000000000e+00 3.441158846925394983e-03 1.647403092868406950e-03 0.000000000000000000e+00
0.000000000000000000e+00 0.000000000000000000e+00 0.000000000000000000e+00 0.000000000000000000e+00 0.000000000000000000e+00 0.000000000000000000e+00 0.000000000000000000e+00 0.000000000000000000e+00 0.000000000000000000e+00 3.389876530607256050e-03 0.000000000000000000e+00 0.000000000000000000e+00 0.000000000000000000e+00 4.935218310293669995e-03 2.199554330202877894e-03 3.287933203289798885e-03 3.351010919391975932e-03 4.952743716424779646e-03 1.458391853062618012e-03 2.720879298298155106e-03 0.000000000000000000e+00 0.000000000000000000e+00 0.000000000000000000e+00 3.154193584478333801e-03 0.000000000000000000e+00
0.000000000000000000e+00 0.000000000000000000e+00 1.761593099300223092e-03 0.000000000000000000e+00 0.000000000000000000e+00 8.477811104890007948e-04 3.227069881169403881e-03 0.000000000000000000e+00 0.000000000000000000e+00 0.000000000000000000e+00 3.809849839853629919e-03 4.837836041968739120e-03 8.424471133477864178e-04 1.167106852463595999e-04 0.000000000000000000e+00 0.000000000000000000e+00 4.673818931310648982e-03 0.000000000000000000e+00 2.011181222167676089e-03 0.000000000000000000e+00 4.425107776143293904e-03 9.386557787148912257e-04 9.087360100431761921e-04 2.188669001414071842e-03 0.000000000000000000e+00
2.179999484822064178e-03 0.000000000000000000e+00 0.000000000000000000e+00 0.000000000000000000e+00 0.000000000000000000e+00 4.732022116295309111e-03 2.068585517076372072e-04 4.458152406190823980e-03 0.000000000000000000e+00 0.000000000000000000e+00 1.023991119451778901e-03 4.208209616345647344e-03 1.566637352626786992e-03 0.000000000000000000e+00 2.282698167527211935e-04 4.956979819597925364e-03 2.943039991763971887e-03 0.000000000000000000e+00 0.000000000000000000e+00 0.000000000000000000e+00 0.000000000000000000e+00 0.000000000000000000e+00 0.000000000000000000e+00 4.453664456501852352e-03 0.000000000000000000e+00
0.000000000000000000e+00 3.227851636563537890e-03 4.417163876552169383e-03 7.835878758624951112e-05 2.584780074223106024e-03 0.000000000000000000e+00 0.000000000000000000e+00 0.000000000000000000e+00 0.000000000000000000e+00 0.000000000000000000e+00 1.172699545995606069e-03 4.922889090163916868e-03 0.000000000000000000e+00 0.000000000000000000e+00 0.000000000000000000e+00 0.000000000000000000e+00 0.000000000000000000e+00 8.880339431682913922e-04 3.039652554193712081e-03 0.000000000000000000e+00 0.000000000000000000e+00 0.000000000000000000e+00 2.569889372563338801e-03 9.537895974197251525e-04 0.000000000000000000e+00
0.000000000000000000e+00 5.527229129694918473e-04 3.706361421386731095e-03 1.887873221918784979e-03 0.000000000000000000e+00 5.426019826158362232e-04 0.000000000000000000e+00 0.000000000000000000e+00 4.114096279380349830e-03 0.000000000000000000e+00 3.856071502192603886e-03 0.000000000000000000e+00 0.000000000000000000e+00 0.000000000000000000e+00 0.000000000000000000e+00 4.322986608563217197e-03 0.000000000000000000e+00 0.000000000000000000e+00 0.000000000000000000e+00 4.309030340366036722e-03 0.000000000000000000e+00 4.733871203099120593e-03 0.000000000000000000e+00 4.987824864363919058e-03 0.000000000000000000e+00
0.000000000000000000e+00 4.470750543726975668e-03 1.998639877662629176e-03 0.000000000000000000e+00 1.414172621766997913e-03 0.000000000000000000e+00 0.000000000000000000e+00 2.505163180719183896e-03 2.497795041136029182e-03 0.000000000000000000e+00 0.000000000000000000e+00 0.000000000000000000e+00 0.000000000000000000e+00 0.000000000000000000e+00 2.062867838441043936e-04 0.000000000000000000e+00 4.066692949597820739e-03 4.677182661727031891e-03 3.767187116868032145e-03 0.000000000000000000e+00 2.428774461375743897e-03 0.000000000000000000e+00 0.000000000000000000e+00 1.788363131856671910e-03 0.000000000000000000e+00
0.000000000000000000e+00 1.135092986000438070e-03 0.000000000000000000e+00 0.000000000000000000e+00 0.000000000000000000e+00 6.379790817069839234e-05 1.712101653650817011e-03 0.000000000000000000e+00 7.089330785684204569e-04 0.000000000000000000e+00 0.000000000000000000e+00 1.001742743953070933e-03 0.000000000000000000e+00 3.221601335511427929e-04 0.000000000000000000e+00 0.000000000000000000e+00 0.000000000000000000e+00 2.845465507047712774e-04 1.649703085231802929e-03 0.000000000000000000e+00 0.000000000000000000e+00 0.000000000000000000e+00 0.000000000000000000e+00 0.000000000000000000e+00 3.668537427244167922e-03
1.626768682639067026e-03 5.225474025356333487e-04 0.000000000000000000e+00 4.136748221047941766e-04 0.000000000000000000e+00 3.148525392976735896e-03 9.210051147157410521e-04 1.370664885804361022e-03 0.000000000000000000e+00 1.877665215926695944e-03 0.000000000000000000e+00 1.634776239778505105e-03 4.082200219777770115e-04 0.000000000000000000e+00 0.000000000000000000e+00 0.000000000000000000e+00 4.189495646809153115e-04 0.000000000000000000e+00 0.000000000000000000e+00 0.000000000000000000e+00 0.000000000000000000e+00 0.000000000000000000e+00 2.039957362280791098e-03 4.663446303118511105e-03 0.000000000000000000e+00
2.380202230513168114e-03 0.000000000000000000e+00 0.000000000000000000e+00 4.623043181114489149e-03 2.159641136635537858e-03 0.000000000000000000e+00 1.782460687750397031e-03 3.618678786629417159e-03 0.000000000000000000e+00 5.652416202690728302e-04 0.000000000000000000e+00 0.000000000000000000e+00 2.910727097189157002e-03 0.000000000000000000e+00 0.000000000000000000e+00 1.807537030192726043e-03 0.000000000000000000e+00 0.000000000000000000e+00 7.757219462635479281e-04 0.000000000000000000e+00 2.762639795157314886e-03 2.812064981831847998e-03 4.509022922638362095e-03 2.934154534912068214e-03 0.000000000000000000e+00
2.044793701312299077e-03 3.335476405982351882e-03 2.543640909072191880e-03 0.000000000000000000e+00 0.000000000000000000e+00 1.460040619594676903e-03 0.000000000000000000e+00 0.000000000000000000e+00 0.000000000000000000e+00 1.046059324941224977e-03 2.416590034431066215e-03 2.221574457474903910e-03 0.000000000000000000e+00 0.000000000000000000e+00 0.000000000000000000e+00 0.000000000000000000e+00 3.166189564580235236e-04 0.000000000000000000e+00 4.658774317298404639e-03 4.813286151865551338e-03 3.497143159659969140e-03 0.000000000000000000e+00 0.000000000000000000e+00 4.003696709630092700e-03 1.814250725106486030e-03
0.000000000000000000e+00 0.000000000000000000e+00 0.000000000000000000e+00 0.000000000000000000e+00 0.000000000000000000e+00 3.206602969156460183e-03 0.000000000000000000e+00 0.000000000000000000e+00 9.389633556042774852e-04 1.309927485479955075e-03 0.000000000000000000e+00 3.323376497405351997e-03 1.215484562703894079e-03 4.643166094438038773e-03 0.000000000000000000e+00 0.000000000000000000e+00 3.724241946523007205e-03 1.560602245966976947e-03 4.873734424859220080e-03 0.000000000000000000e+00 5.259119342152923648e-04 3.535845288915445955e-03 2.164796161081756088e-03 2.048021435378359796e-03 0.000000000000000000e+00
