# # # File created on Tue Apr 30 15:58:35 2024
#  #  # The following metaparameters were used for this matrix optimization : gamma0 = 0.5; alpha0 = 0; sigma0 = 0.25; l0 = 1;p = 1; R0 = 1; S0 = 0.05; NR = 25; NS = 25; matrix path = matrices/Nr25_Nc25/consumption/RandTrix_Nr25_Nc25_Nest0.6_Conn0.44.txt; convergence threshold = 1e-08
# 
1.107920357464873939e+00 5.777792114929608536e-01 8.109536597606576969e-01 1.072708318855865040e+00 1.024935754170186897e+00 1.186989205340426068e+00 0.000000000000000000e+00 0.000000000000000000e+00 0.000000000000000000e+00 0.000000000000000000e+00 0.000000000000000000e+00 0.000000000000000000e+00 0.000000000000000000e+00 0.000000000000000000e+00 3.259773998524255756e-01 0.000000000000000000e+00 0.000000000000000000e+00 0.000000000000000000e+00 0.000000000000000000e+00 3.934206305024766093e-01 6.526970351221564881e-01 1.982972704388944907e+00 0.000000000000000000e+00 0.000000000000000000e+00 3.878338544513035835e-01
2.136935217443418189e+00 0.000000000000000000e+00 0.000000000000000000e+00 0.000000000000000000e+00 1.655644880805080099e+00 0.000000000000000000e+00 7.771924285412264988e-01 6.278034958133223986e-01 0.000000000000000000e+00 0.000000000000000000e+00 0.000000000000000000e+00 0.000000000000000000e+00 0.000000000000000000e+00 0.000000000000000000e+00 0.000000000000000000e+00 0.000000000000000000e+00 0.000000000000000000e+00 9.473746385166845752e-01 0.000000000000000000e+00 6.878707495030680352e-01 0.000000000000000000e+00 0.000000000000000000e+00 0.000000000000000000e+00 0.000000000000000000e+00 0.000000000000000000e+00
1.410601593818620048e+00 0.000000000000000000e+00 0.000000000000000000e+00 0.000000000000000000e+00 6.562430362840055986e-01 1.005863176607878051e+00 0.000000000000000000e+00 0.000000000000000000e+00 2.867830023446348853e-01 0.000000000000000000e+00 0.000000000000000000e+00 1.375241234327219952e-01 0.000000000000000000e+00 0.000000000000000000e+00 0.000000000000000000e+00 1.290000095969370930e+00 0.000000000000000000e+00 5.123239695956675055e-01 1.177435384939647056e+00 0.000000000000000000e+00 7.460488793121816675e-02 0.000000000000000000e+00 7.222484422482727817e-01 9.790962355362010650e-01 0.000000000000000000e+00
0.000000000000000000e+00 0.000000000000000000e+00 6.647162754097446502e-01 0.000000000000000000e+00 0.000000000000000000e+00 1.795095859043223996e+00 0.000000000000000000e+00 0.000000000000000000e+00 0.000000000000000000e+00 6.826718617689202517e-01 9.799411207752163622e-02 1.873592115409592029e+00 0.000000000000000000e+00 8.959678725417487000e-01 0.000000000000000000e+00 0.000000000000000000e+00 6.041619580999816330e-01 0.000000000000000000e+00 0.000000000000000000e+00 0.000000000000000000e+00 5.590651318716899354e-01 0.000000000000000000e+00 0.000000000000000000e+00 0.000000000000000000e+00 0.000000000000000000e+00
0.000000000000000000e+00 3.771816361601684209e-01 1.020780540129226033e+00 1.056908848475639928e+00 0.000000000000000000e+00 5.034136875466778127e-01 4.142973345087292980e-01 1.844427096818604117e-01 9.011454282486386358e-01 1.600898275115737013e+00 0.000000000000000000e+00 0.000000000000000000e+00 4.054326088097062741e-01 0.000000000000000000e+00 2.508185262905995860e-01 0.000000000000000000e+00 1.633887947176521083e-01 0.000000000000000000e+00 4.930589454070722910e-01 0.000000000000000000e+00 0.000000000000000000e+00 0.000000000000000000e+00 0.000000000000000000e+00 0.000000000000000000e+00 0.000000000000000000e+00
0.000000000000000000e+00 1.287706512985574037e+00 0.000000000000000000e+00 1.241086834959804985e+00 0.000000000000000000e+00 1.833562757489876960e+00 0.000000000000000000e+00 0.000000000000000000e+00 0.000000000000000000e+00 0.000000000000000000e+00 0.000000000000000000e+00 0.000000000000000000e+00 0.000000000000000000e+00 0.000000000000000000e+00 0.000000000000000000e+00 0.000000000000000000e+00 0.000000000000000000e+00 4.736410944026951952e-01 0.000000000000000000e+00 0.000000000000000000e+00 7.421154092954127535e-01 0.000000000000000000e+00 0.000000000000000000e+00 0.000000000000000000e+00 0.000000000000000000e+00
1.426065854342791983e+00 0.000000000000000000e+00 0.000000000000000000e+00 5.724699309528664681e-01 1.105102376847665990e+00 6.697853738463080964e-01 0.000000000000000000e+00 0.000000000000000000e+00 0.000000000000000000e+00 0.000000000000000000e+00 0.000000000000000000e+00 0.000000000000000000e+00 0.000000000000000000e+00 1.961831036650109050e-01 0.000000000000000000e+00 0.000000000000000000e+00 0.000000000000000000e+00 0.000000000000000000e+00 4.725398987656955208e-01 0.000000000000000000e+00 4.627929862383021176e-01 0.000000000000000000e+00 0.000000000000000000e+00 0.000000000000000000e+00 0.000000000000000000e+00
0.000000000000000000e+00 0.000000000000000000e+00 1.140900612415967075e+00 5.336452678377561210e-01 0.000000000000000000e+00 1.421291307551779903e+00 4.571283931594243705e-02 0.000000000000000000e+00 0.000000000000000000e+00 0.000000000000000000e+00 0.000000000000000000e+00 5.884625661572004951e-01 0.000000000000000000e+00 3.741640922611804143e-01 0.000000000000000000e+00 4.712323457235618740e-01 0.000000000000000000e+00 0.000000000000000000e+00 0.000000000000000000e+00 0.000000000000000000e+00 0.000000000000000000e+00 0.000000000000000000e+00 1.317058925665574920e+00 2.402736290810018049e-01 0.000000000000000000e+00
1.037220717916166990e+00 0.000000000000000000e+00 0.000000000000000000e+00 0.000000000000000000e+00 2.852803253236467149e-02 2.781289999621748832e-01 0.000000000000000000e+00 0.000000000000000000e+00 0.000000000000000000e+00 1.606316210983883996e+00 0.000000000000000000e+00 1.082132801296411095e+00 8.164694131631055063e-01 4.350861110542438848e-01 0.000000000000000000e+00 0.000000000000000000e+00 0.000000000000000000e+00 8.912632047305310001e-01 0.000000000000000000e+00 8.757078580394773715e-01 0.000000000000000000e+00 0.000000000000000000e+00 0.000000000000000000e+00 0.000000000000000000e+00 0.000000000000000000e+00
2.796930809541851859e-02 1.070835432874120974e+00 6.155440442105333254e-01 0.000000000000000000e+00 1.232256820861561963e-01 3.624427760484424943e-01 6.378359224280401307e-02 0.000000000000000000e+00 0.000000000000000000e+00 6.840711554987777276e-02 4.904004133400436949e-01 0.000000000000000000e+00 3.445254124562419085e-01 0.000000000000000000e+00 0.000000000000000000e+00 0.000000000000000000e+00 1.034598185612368992e-01 0.000000000000000000e+00 0.000000000000000000e+00 3.899141817723095760e-01 0.000000000000000000e+00 8.357451621628674276e-01 3.668708451646857105e-01 0.000000000000000000e+00 0.000000000000000000e+00
9.220488885230527787e-01 0.000000000000000000e+00 0.000000000000000000e+00 5.750250272691493914e-01 1.608313086099443012e+00 8.039694170060420753e-01 2.076605407152956884e-01 0.000000000000000000e+00 0.000000000000000000e+00 0.000000000000000000e+00 0.000000000000000000e+00 0.000000000000000000e+00 0.000000000000000000e+00 0.000000000000000000e+00 0.000000000000000000e+00 0.000000000000000000e+00 0.000000000000000000e+00 0.000000000000000000e+00 0.000000000000000000e+00 0.000000000000000000e+00 0.000000000000000000e+00 0.000000000000000000e+00 5.178294311795810234e-01 1.708119082940449118e-01 2.341169919552572032e-01
0.000000000000000000e+00 2.573851566666264246e-01 0.000000000000000000e+00 5.054643888866084955e-01 0.000000000000000000e+00 6.105318939158637104e-01 0.000000000000000000e+00 3.690122213368913773e-01 0.000000000000000000e+00 0.000000000000000000e+00 6.178485364879984232e-01 0.000000000000000000e+00 0.000000000000000000e+00 0.000000000000000000e+00 0.000000000000000000e+00 6.252343178203721985e-01 0.000000000000000000e+00 1.170810001727450089e+00 1.160411951475130987e+00 0.000000000000000000e+00 0.000000000000000000e+00 0.000000000000000000e+00 0.000000000000000000e+00 0.000000000000000000e+00 0.000000000000000000e+00
1.172901474016619039e+00 0.000000000000000000e+00 0.000000000000000000e+00 0.000000000000000000e+00 6.728576661551323168e-01 0.000000000000000000e+00 0.000000000000000000e+00 1.494177401384766124e-01 0.000000000000000000e+00 1.636162689007647053e+00 0.000000000000000000e+00 0.000000000000000000e+00 0.000000000000000000e+00 3.682124418454927883e-01 0.000000000000000000e+00 0.000000000000000000e+00 0.000000000000000000e+00 0.000000000000000000e+00 0.000000000000000000e+00 0.000000000000000000e+00 0.000000000000000000e+00 0.000000000000000000e+00 3.820734376633890261e-01 0.000000000000000000e+00 0.000000000000000000e+00
0.000000000000000000e+00 4.416468100316544021e-01 5.076568927862754599e-01 6.908600560217613706e-01 0.000000000000000000e+00 0.000000000000000000e+00 0.000000000000000000e+00 0.000000000000000000e+00 0.000000000000000000e+00 0.000000000000000000e+00 3.031942868042982187e-01 0.000000000000000000e+00 9.569712359617706943e-01 0.000000000000000000e+00 0.000000000000000000e+00 0.000000000000000000e+00 0.000000000000000000e+00 0.000000000000000000e+00 3.354816034675300873e-01 3.603576833704977833e-01 5.509798053564561870e-01 0.000000000000000000e+00 8.033905585094671675e-01 0.000000000000000000e+00 0.000000000000000000e+00
0.000000000000000000e+00 1.383697345896854003e+00 0.000000000000000000e+00 7.687145766655504309e-01 0.000000000000000000e+00 0.000000000000000000e+00 0.000000000000000000e+00 0.000000000000000000e+00 0.000000000000000000e+00 0.000000000000000000e+00 0.000000000000000000e+00 0.000000000000000000e+00 0.000000000000000000e+00 0.000000000000000000e+00 0.000000000000000000e+00 0.000000000000000000e+00 0.000000000000000000e+00 5.084300471447892322e-01 7.111769958138960401e-01 2.372750582321075941e-01 0.000000000000000000e+00 0.000000000000000000e+00 0.000000000000000000e+00 1.249434245248923991e+00 0.000000000000000000e+00
1.408304257918552960e+00 2.225721954412744896e-01 0.000000000000000000e+00 1.528805550607985064e-01 4.038711075999094069e-01 0.000000000000000000e+00 0.000000000000000000e+00 0.000000000000000000e+00 0.000000000000000000e+00 5.615336459855804763e-02 0.000000000000000000e+00 0.000000000000000000e+00 3.350296023840528825e-01 0.000000000000000000e+00 0.000000000000000000e+00 0.000000000000000000e+00 0.000000000000000000e+00 0.000000000000000000e+00 0.000000000000000000e+00 1.126254827147916027e+00 0.000000000000000000e+00 0.000000000000000000e+00 0.000000000000000000e+00 0.000000000000000000e+00 0.000000000000000000e+00
1.090324302900175013e+00 0.000000000000000000e+00 0.000000000000000000e+00 5.849346429929749291e-01 5.907622869841844260e-01 5.443819302770088742e-01 0.000000000000000000e+00 6.563680241250090530e-01 0.000000000000000000e+00 7.657185384599539679e-01 3.509615059128836090e-01 2.918457340348231885e-02 0.000000000000000000e+00 0.000000000000000000e+00 0.000000000000000000e+00 0.000000000000000000e+00 0.000000000000000000e+00 0.000000000000000000e+00 0.000000000000000000e+00 0.000000000000000000e+00 3.617785596907788781e-01 0.000000000000000000e+00 0.000000000000000000e+00 0.000000000000000000e+00 0.000000000000000000e+00
1.103095914636093022e+00 6.682083233135250877e-01 0.000000000000000000e+00 1.931362197429145056e-01 0.000000000000000000e+00 0.000000000000000000e+00 0.000000000000000000e+00 6.118874433075072172e-01 1.808324509698897020e-01 0.000000000000000000e+00 0.000000000000000000e+00 0.000000000000000000e+00 0.000000000000000000e+00 4.162479499336995126e-01 0.000000000000000000e+00 2.639100287147779222e-01 4.941067894707282804e-01 0.000000000000000000e+00 0.000000000000000000e+00 0.000000000000000000e+00 0.000000000000000000e+00 0.000000000000000000e+00 0.000000000000000000e+00 0.000000000000000000e+00 0.000000000000000000e+00
0.000000000000000000e+00 0.000000000000000000e+00 7.822868345373734655e-01 0.000000000000000000e+00 0.000000000000000000e+00 6.461109187981330937e-01 0.000000000000000000e+00 0.000000000000000000e+00 0.000000000000000000e+00 1.009471462885944026e+00 0.000000000000000000e+00 8.907393213161900469e-01 0.000000000000000000e+00 0.000000000000000000e+00 0.000000000000000000e+00 0.000000000000000000e+00 0.000000000000000000e+00 0.000000000000000000e+00 3.360342155718207269e-02 1.369313766354459949e-01 1.741043953135774092e-01 0.000000000000000000e+00 0.000000000000000000e+00 0.000000000000000000e+00 3.235889367146608242e-01
0.000000000000000000e+00 5.585750232015843642e-01 0.000000000000000000e+00 0.000000000000000000e+00 0.000000000000000000e+00 0.000000000000000000e+00 9.130363793624137747e-01 4.951954378860136119e-01 0.000000000000000000e+00 5.779756848720282170e-01 0.000000000000000000e+00 0.000000000000000000e+00 0.000000000000000000e+00 1.206402058387611928e-02 0.000000000000000000e+00 0.000000000000000000e+00 0.000000000000000000e+00 0.000000000000000000e+00 0.000000000000000000e+00 0.000000000000000000e+00 0.000000000000000000e+00 0.000000000000000000e+00 3.214158129890531956e-01 7.938600410665690443e-01 0.000000000000000000e+00
1.096530268204529923e+00 0.000000000000000000e+00 1.238519785251673971e-01 0.000000000000000000e+00 5.748224552345139182e-01 0.000000000000000000e+00 9.385389464848342689e-02 0.000000000000000000e+00 0.000000000000000000e+00 0.000000000000000000e+00 0.000000000000000000e+00 0.000000000000000000e+00 0.000000000000000000e+00 9.673686978474144160e-02 4.876248849170615185e-01 0.000000000000000000e+00 0.000000000000000000e+00 0.000000000000000000e+00 0.000000000000000000e+00 0.000000000000000000e+00 5.214884395722783061e-01 8.958247081427060943e-01 0.000000000000000000e+00 0.000000000000000000e+00 1.069482861227938064e-01
0.000000000000000000e+00 7.178273983038169215e-02 0.000000000000000000e+00 0.000000000000000000e+00 0.000000000000000000e+00 2.351043061048345983e-01 0.000000000000000000e+00 0.000000000000000000e+00 2.244988499573291885e-01 7.246322276734924461e-01 0.000000000000000000e+00 6.766116830183349640e-01 4.866462215225884069e-01 0.000000000000000000e+00 7.604723289855824797e-01 0.000000000000000000e+00 2.499427077463096947e-01 0.000000000000000000e+00 0.000000000000000000e+00 0.000000000000000000e+00 0.000000000000000000e+00 0.000000000000000000e+00 2.345776151635199924e-01 0.000000000000000000e+00 6.107452092760137230e-01
0.000000000000000000e+00 6.183057027582983256e-01 5.794281366587258342e-01 0.000000000000000000e+00 0.000000000000000000e+00 0.000000000000000000e+00 0.000000000000000000e+00 0.000000000000000000e+00 4.450545622255598910e-01 0.000000000000000000e+00 7.960783518672859271e-01 0.000000000000000000e+00 7.006085069333479742e-01 0.000000000000000000e+00 0.000000000000000000e+00 0.000000000000000000e+00 0.000000000000000000e+00 0.000000000000000000e+00 0.000000000000000000e+00 0.000000000000000000e+00 0.000000000000000000e+00 0.000000000000000000e+00 0.000000000000000000e+00 0.000000000000000000e+00 0.000000000000000000e+00
0.000000000000000000e+00 0.000000000000000000e+00 4.417790078809811782e-01 0.000000000000000000e+00 6.513278153309730589e-01 0.000000000000000000e+00 0.000000000000000000e+00 0.000000000000000000e+00 0.000000000000000000e+00 0.000000000000000000e+00 5.944984133344903832e-01 0.000000000000000000e+00 0.000000000000000000e+00 4.312551175960244731e-01 0.000000000000000000e+00 0.000000000000000000e+00 0.000000000000000000e+00 0.000000000000000000e+00 0.000000000000000000e+00 3.088440522321644899e-01 0.000000000000000000e+00 0.000000000000000000e+00 0.000000000000000000e+00 0.000000000000000000e+00 6.639263240624390106e-01
0.000000000000000000e+00 1.363020183066874891e+00 0.000000000000000000e+00 0.000000000000000000e+00 0.000000000000000000e+00 0.000000000000000000e+00 1.319452484098863898e-01 0.000000000000000000e+00 0.000000000000000000e+00 7.089985037408859381e-02 0.000000000000000000e+00 0.000000000000000000e+00 0.000000000000000000e+00 0.000000000000000000e+00 0.000000000000000000e+00 0.000000000000000000e+00 1.739880254189085096e-01 0.000000000000000000e+00 0.000000000000000000e+00 3.691578059808611201e-01 0.000000000000000000e+00 0.000000000000000000e+00 0.000000000000000000e+00 2.858972360263797863e-01 0.000000000000000000e+00
