# # # File created on Mon Apr 29 20:48:52 2024
#  #  # The following metaparameters were used for this matrix optimization : gamma0 = 0.5; alpha0 = 0; sigma0 = 0.25; l0 = 1;p = 1; R0 = 1; S0 = 0.05; NR = 25; NS = 25; matrix path = matrices/Nr25_Nc25/consumption/RandTrix_Nr25_Nc25_Nest0.25_Conn0.2336.txt; convergence threshold = 1e-08
# 
7.002986534118617046e-01 3.858335134926385024e-01 2.443187170421252941e-01 0.000000000000000000e+00 5.321578857429822840e-01 6.435065479969044600e-02 2.150283638003349096e-01 0.000000000000000000e+00 0.000000000000000000e+00 0.000000000000000000e+00 7.732385674124120367e-01 9.920677594612283823e-01 0.000000000000000000e+00 0.000000000000000000e+00 0.000000000000000000e+00 0.000000000000000000e+00 0.000000000000000000e+00 0.000000000000000000e+00 0.000000000000000000e+00 0.000000000000000000e+00 0.000000000000000000e+00 0.000000000000000000e+00 0.000000000000000000e+00 0.000000000000000000e+00 0.000000000000000000e+00
1.045695219490164085e+00 0.000000000000000000e+00 3.193948057955451891e-01 0.000000000000000000e+00 4.575892248995647171e-01 0.000000000000000000e+00 4.535993672128941223e-01 0.000000000000000000e+00 0.000000000000000000e+00 0.000000000000000000e+00 0.000000000000000000e+00 0.000000000000000000e+00 0.000000000000000000e+00 0.000000000000000000e+00 0.000000000000000000e+00 0.000000000000000000e+00 0.000000000000000000e+00 0.000000000000000000e+00 0.000000000000000000e+00 0.000000000000000000e+00 9.993790521714310815e-01 0.000000000000000000e+00 0.000000000000000000e+00 0.000000000000000000e+00 3.862846072812795017e-01
0.000000000000000000e+00 4.794120796432805864e-01 0.000000000000000000e+00 8.244480480369656972e-01 0.000000000000000000e+00 0.000000000000000000e+00 0.000000000000000000e+00 0.000000000000000000e+00 0.000000000000000000e+00 2.834037090266705028e-01 2.661204294652999014e-01 6.141500143786854382e-01 2.905933332802945190e-01 0.000000000000000000e+00 0.000000000000000000e+00 0.000000000000000000e+00 3.852889102618169970e-01 0.000000000000000000e+00 0.000000000000000000e+00 0.000000000000000000e+00 0.000000000000000000e+00 5.519781454919151509e-01 0.000000000000000000e+00 0.000000000000000000e+00 0.000000000000000000e+00
6.718302584112054721e-01 3.407197682925789950e-01 0.000000000000000000e+00 0.000000000000000000e+00 5.853236481350239107e-01 4.175999177450984146e-01 0.000000000000000000e+00 0.000000000000000000e+00 0.000000000000000000e+00 0.000000000000000000e+00 0.000000000000000000e+00 8.137697554665052069e-01 0.000000000000000000e+00 0.000000000000000000e+00 0.000000000000000000e+00 0.000000000000000000e+00 0.000000000000000000e+00 2.073249944506065090e-01 0.000000000000000000e+00 0.000000000000000000e+00 0.000000000000000000e+00 0.000000000000000000e+00 0.000000000000000000e+00 0.000000000000000000e+00 0.000000000000000000e+00
0.000000000000000000e+00 3.146721297608217061e-01 0.000000000000000000e+00 9.479185508089834622e-01 0.000000000000000000e+00 0.000000000000000000e+00 0.000000000000000000e+00 0.000000000000000000e+00 0.000000000000000000e+00 0.000000000000000000e+00 2.350747173899805920e-01 6.208461721803943956e-01 0.000000000000000000e+00 0.000000000000000000e+00 0.000000000000000000e+00 0.000000000000000000e+00 8.757884374374352854e-01 0.000000000000000000e+00 0.000000000000000000e+00 6.415616256753149671e-02 1.270428508544418911e-01 4.966879925651759148e-02 0.000000000000000000e+00 0.000000000000000000e+00 0.000000000000000000e+00
0.000000000000000000e+00 5.619772916435054055e-01 3.356089122478613240e-01 0.000000000000000000e+00 0.000000000000000000e+00 0.000000000000000000e+00 3.745538098579487274e-01 0.000000000000000000e+00 2.762298176412928963e-01 7.066119104511182636e-01 5.550732441073246148e-01 0.000000000000000000e+00 0.000000000000000000e+00 0.000000000000000000e+00 6.965353485046077431e-02 0.000000000000000000e+00 0.000000000000000000e+00 0.000000000000000000e+00 0.000000000000000000e+00 0.000000000000000000e+00 0.000000000000000000e+00 2.200387075103757972e-01 0.000000000000000000e+00 0.000000000000000000e+00 0.000000000000000000e+00
0.000000000000000000e+00 0.000000000000000000e+00 5.362984027718286084e-01 1.044355367995550982e-01 2.376803625962005950e-01 3.018481136497097039e-01 0.000000000000000000e+00 0.000000000000000000e+00 0.000000000000000000e+00 0.000000000000000000e+00 0.000000000000000000e+00 2.609025360647919123e-01 0.000000000000000000e+00 0.000000000000000000e+00 0.000000000000000000e+00 0.000000000000000000e+00 0.000000000000000000e+00 0.000000000000000000e+00 0.000000000000000000e+00 3.574461609711745980e-01 4.934520334426453769e-01 1.174615120142254998e-01 0.000000000000000000e+00 0.000000000000000000e+00 0.000000000000000000e+00
0.000000000000000000e+00 0.000000000000000000e+00 1.135670079280794997e-01 0.000000000000000000e+00 0.000000000000000000e+00 0.000000000000000000e+00 0.000000000000000000e+00 0.000000000000000000e+00 0.000000000000000000e+00 6.043181899255072320e-01 0.000000000000000000e+00 0.000000000000000000e+00 0.000000000000000000e+00 0.000000000000000000e+00 1.046675810963126008e+00 0.000000000000000000e+00 1.814297991635294982e-01 3.701184969582145268e-01 5.355212376338180924e-01 5.170260290306877282e-01 0.000000000000000000e+00 0.000000000000000000e+00 0.000000000000000000e+00 0.000000000000000000e+00 0.000000000000000000e+00
0.000000000000000000e+00 0.000000000000000000e+00 7.860310780391243091e-01 0.000000000000000000e+00 0.000000000000000000e+00 0.000000000000000000e+00 0.000000000000000000e+00 0.000000000000000000e+00 8.505769108780395493e-01 0.000000000000000000e+00 2.923231981548055081e-01 0.000000000000000000e+00 0.000000000000000000e+00 2.734374797590928274e-01 0.000000000000000000e+00 6.067116534424105145e-01 0.000000000000000000e+00 0.000000000000000000e+00 0.000000000000000000e+00 7.308366351480294343e-02 0.000000000000000000e+00 0.000000000000000000e+00 0.000000000000000000e+00 0.000000000000000000e+00 5.153923504176914916e-01
3.383236897412618127e-01 8.935374395893151966e-01 6.109346832458494303e-01 0.000000000000000000e+00 0.000000000000000000e+00 0.000000000000000000e+00 0.000000000000000000e+00 0.000000000000000000e+00 0.000000000000000000e+00 0.000000000000000000e+00 0.000000000000000000e+00 0.000000000000000000e+00 0.000000000000000000e+00 0.000000000000000000e+00 1.796693180526222067e-01 0.000000000000000000e+00 0.000000000000000000e+00 0.000000000000000000e+00 0.000000000000000000e+00 0.000000000000000000e+00 0.000000000000000000e+00 0.000000000000000000e+00 0.000000000000000000e+00 5.423342082806227316e-01 0.000000000000000000e+00
6.231738551964418615e-01 0.000000000000000000e+00 3.720097006861662892e-01 3.108447114812397105e-01 0.000000000000000000e+00 7.424383422411631184e-01 0.000000000000000000e+00 0.000000000000000000e+00 0.000000000000000000e+00 5.896109662283097741e-01 1.823823409352701846e-02 0.000000000000000000e+00 0.000000000000000000e+00 0.000000000000000000e+00 0.000000000000000000e+00 0.000000000000000000e+00 0.000000000000000000e+00 0.000000000000000000e+00 0.000000000000000000e+00 0.000000000000000000e+00 0.000000000000000000e+00 0.000000000000000000e+00 0.000000000000000000e+00 0.000000000000000000e+00 6.605052608751802445e-01
6.434442602279343282e-01 0.000000000000000000e+00 0.000000000000000000e+00 0.000000000000000000e+00 0.000000000000000000e+00 3.299905567088782798e-01 0.000000000000000000e+00 5.412444229641545368e-01 0.000000000000000000e+00 6.658130997102483795e-01 0.000000000000000000e+00 0.000000000000000000e+00 0.000000000000000000e+00 2.222973037621680040e-02 0.000000000000000000e+00 0.000000000000000000e+00 5.501697921389965273e-01 2.848332390435434069e-01 0.000000000000000000e+00 0.000000000000000000e+00 0.000000000000000000e+00 0.000000000000000000e+00 0.000000000000000000e+00 0.000000000000000000e+00 0.000000000000000000e+00
0.000000000000000000e+00 3.279951323825304188e-01 0.000000000000000000e+00 0.000000000000000000e+00 6.093872642305163678e-01 0.000000000000000000e+00 0.000000000000000000e+00 6.935392603218605290e-01 1.663816336982479049e-01 1.930161923695787943e-02 0.000000000000000000e+00 3.317458418327151048e-01 0.000000000000000000e+00 0.000000000000000000e+00 3.424329999304939753e-01 3.457976182137746934e-01 0.000000000000000000e+00 0.000000000000000000e+00 0.000000000000000000e+00 0.000000000000000000e+00 0.000000000000000000e+00 0.000000000000000000e+00 0.000000000000000000e+00 0.000000000000000000e+00 0.000000000000000000e+00
0.000000000000000000e+00 8.331670187909072656e-01 0.000000000000000000e+00 0.000000000000000000e+00 0.000000000000000000e+00 0.000000000000000000e+00 0.000000000000000000e+00 1.548047940690071012e-01 0.000000000000000000e+00 0.000000000000000000e+00 0.000000000000000000e+00 0.000000000000000000e+00 1.496532826965525920e-01 0.000000000000000000e+00 0.000000000000000000e+00 0.000000000000000000e+00 0.000000000000000000e+00 0.000000000000000000e+00 3.635334514790354854e-01 2.350549931901519118e-01 0.000000000000000000e+00 4.287585652114785928e-01 0.000000000000000000e+00 0.000000000000000000e+00 0.000000000000000000e+00
0.000000000000000000e+00 0.000000000000000000e+00 0.000000000000000000e+00 0.000000000000000000e+00 0.000000000000000000e+00 0.000000000000000000e+00 3.044068591418874203e-01 0.000000000000000000e+00 0.000000000000000000e+00 0.000000000000000000e+00 0.000000000000000000e+00 5.547874199501983128e-01 0.000000000000000000e+00 0.000000000000000000e+00 0.000000000000000000e+00 0.000000000000000000e+00 6.818600321406657061e-01 2.708997884285804236e-01 0.000000000000000000e+00 0.000000000000000000e+00 0.000000000000000000e+00 3.117613683706295102e-01 1.474905545153024078e-01 0.000000000000000000e+00 0.000000000000000000e+00
0.000000000000000000e+00 0.000000000000000000e+00 0.000000000000000000e+00 0.000000000000000000e+00 0.000000000000000000e+00 4.727379205436298970e-01 0.000000000000000000e+00 0.000000000000000000e+00 0.000000000000000000e+00 2.150200638520095020e-01 0.000000000000000000e+00 0.000000000000000000e+00 5.663047982263664792e-01 0.000000000000000000e+00 4.040377054742930185e-01 6.524140266395098697e-01 9.570720587625484999e-02 0.000000000000000000e+00 0.000000000000000000e+00 0.000000000000000000e+00 0.000000000000000000e+00 0.000000000000000000e+00 0.000000000000000000e+00 2.993779910718354087e-02 0.000000000000000000e+00
0.000000000000000000e+00 2.795961195686709755e-01 1.430855502941990876e-01 4.637602203139913892e-01 5.168287709840305721e-01 0.000000000000000000e+00 5.797806883069164252e-01 0.000000000000000000e+00 0.000000000000000000e+00 0.000000000000000000e+00 0.000000000000000000e+00 1.880746000936550921e-01 0.000000000000000000e+00 0.000000000000000000e+00 0.000000000000000000e+00 0.000000000000000000e+00 0.000000000000000000e+00 0.000000000000000000e+00 0.000000000000000000e+00 0.000000000000000000e+00 0.000000000000000000e+00 0.000000000000000000e+00 1.250958713980397929e-01 0.000000000000000000e+00 3.740411361062507267e-01
0.000000000000000000e+00 0.000000000000000000e+00 0.000000000000000000e+00 0.000000000000000000e+00 0.000000000000000000e+00 0.000000000000000000e+00 2.568458807306823743e-01 6.324072532800431024e-01 0.000000000000000000e+00 3.216735181028849144e-01 0.000000000000000000e+00 0.000000000000000000e+00 8.381011985636661610e-01 0.000000000000000000e+00 0.000000000000000000e+00 0.000000000000000000e+00 0.000000000000000000e+00 0.000000000000000000e+00 0.000000000000000000e+00 0.000000000000000000e+00 0.000000000000000000e+00 0.000000000000000000e+00 0.000000000000000000e+00 0.000000000000000000e+00 0.000000000000000000e+00
6.114019836660592455e-01 0.000000000000000000e+00 0.000000000000000000e+00 4.040589234700203147e-01 3.642895951258868781e-01 0.000000000000000000e+00 0.000000000000000000e+00 0.000000000000000000e+00 0.000000000000000000e+00 0.000000000000000000e+00 0.000000000000000000e+00 0.000000000000000000e+00 0.000000000000000000e+00 0.000000000000000000e+00 0.000000000000000000e+00 0.000000000000000000e+00 0.000000000000000000e+00 0.000000000000000000e+00 4.941357620333449163e-01 2.401491320252799877e-01 0.000000000000000000e+00 0.000000000000000000e+00 0.000000000000000000e+00 0.000000000000000000e+00 0.000000000000000000e+00
0.000000000000000000e+00 0.000000000000000000e+00 0.000000000000000000e+00 0.000000000000000000e+00 0.000000000000000000e+00 0.000000000000000000e+00 0.000000000000000000e+00 0.000000000000000000e+00 0.000000000000000000e+00 0.000000000000000000e+00 0.000000000000000000e+00 0.000000000000000000e+00 0.000000000000000000e+00 0.000000000000000000e+00 6.142769698183736526e-01 0.000000000000000000e+00 0.000000000000000000e+00 0.000000000000000000e+00 8.239595109495430059e-01 0.000000000000000000e+00 0.000000000000000000e+00 0.000000000000000000e+00 3.806374660567184987e-01 5.879541666161019337e-02 0.000000000000000000e+00
3.356262204331993959e-01 5.660272058246873517e-01 2.596387548936854861e-01 0.000000000000000000e+00 0.000000000000000000e+00 1.356861574073426058e-01 0.000000000000000000e+00 0.000000000000000000e+00 0.000000000000000000e+00 0.000000000000000000e+00 0.000000000000000000e+00 0.000000000000000000e+00 0.000000000000000000e+00 0.000000000000000000e+00 0.000000000000000000e+00 0.000000000000000000e+00 0.000000000000000000e+00 6.163841080317999932e-01 0.000000000000000000e+00 0.000000000000000000e+00 0.000000000000000000e+00 0.000000000000000000e+00 0.000000000000000000e+00 0.000000000000000000e+00 0.000000000000000000e+00
0.000000000000000000e+00 0.000000000000000000e+00 5.454672042394874687e-01 0.000000000000000000e+00 4.879988598695896851e-01 0.000000000000000000e+00 0.000000000000000000e+00 0.000000000000000000e+00 0.000000000000000000e+00 5.633282464958586644e-01 0.000000000000000000e+00 0.000000000000000000e+00 0.000000000000000000e+00 4.106322791706950026e-01 0.000000000000000000e+00 8.137593536145011630e-02 0.000000000000000000e+00 0.000000000000000000e+00 0.000000000000000000e+00 0.000000000000000000e+00 0.000000000000000000e+00 0.000000000000000000e+00 0.000000000000000000e+00 0.000000000000000000e+00 0.000000000000000000e+00
0.000000000000000000e+00 0.000000000000000000e+00 0.000000000000000000e+00 0.000000000000000000e+00 0.000000000000000000e+00 0.000000000000000000e+00 0.000000000000000000e+00 0.000000000000000000e+00 0.000000000000000000e+00 0.000000000000000000e+00 6.768789208703781535e-01 0.000000000000000000e+00 4.928176898335311917e-01 4.286317974512466877e-01 0.000000000000000000e+00 0.000000000000000000e+00 0.000000000000000000e+00 0.000000000000000000e+00 0.000000000000000000e+00 2.706417013593401255e-01 0.000000000000000000e+00 0.000000000000000000e+00 0.000000000000000000e+00 0.000000000000000000e+00 0.000000000000000000e+00
0.000000000000000000e+00 0.000000000000000000e+00 0.000000000000000000e+00 0.000000000000000000e+00 0.000000000000000000e+00 0.000000000000000000e+00 0.000000000000000000e+00 0.000000000000000000e+00 0.000000000000000000e+00 0.000000000000000000e+00 0.000000000000000000e+00 0.000000000000000000e+00 0.000000000000000000e+00 0.000000000000000000e+00 7.290616962856163452e-01 0.000000000000000000e+00 0.000000000000000000e+00 0.000000000000000000e+00 0.000000000000000000e+00 0.000000000000000000e+00 6.531470615206530494e-01 0.000000000000000000e+00 0.000000000000000000e+00 4.514853340992179831e-01 0.000000000000000000e+00
0.000000000000000000e+00 0.000000000000000000e+00 0.000000000000000000e+00 0.000000000000000000e+00 0.000000000000000000e+00 0.000000000000000000e+00 0.000000000000000000e+00 0.000000000000000000e+00 0.000000000000000000e+00 0.000000000000000000e+00 0.000000000000000000e+00 0.000000000000000000e+00 0.000000000000000000e+00 0.000000000000000000e+00 0.000000000000000000e+00 0.000000000000000000e+00 0.000000000000000000e+00 0.000000000000000000e+00 0.000000000000000000e+00 0.000000000000000000e+00 0.000000000000000000e+00 3.898332767439808832e-01 6.048887482568584550e-01 0.000000000000000000e+00 0.000000000000000000e+00
