# # File created on Fri May 17 15:42:12 2024
#  # The following metaparameters were used for this matrix optimization : gamma0 = 0.5; alpha0 = 0; sigma0 = 0.25; l0 = 1;p = 1; R0 = 1; S0 = 0.05; NR = 25; NS = 25; matrix path = matrices/Nr25_Nc25/consumption/RandTrix_Nr25_Nc25_Nest0.5_Conn0.3824.txt; convergence threshold = 1e-08
# 
3.494544936246769817e-03 0.000000000000000000e+00 0.000000000000000000e+00 0.000000000000000000e+00 0.000000000000000000e+00 4.766786236128369748e-03 3.611925721121902848e-03 0.000000000000000000e+00 4.258772518224156916e-04 0.000000000000000000e+00 0.000000000000000000e+00 1.455847200651330100e-03 5.211953099352531482e-04 2.172562000517024201e-03 0.000000000000000000e+00 0.000000000000000000e+00 1.190070820525572937e-03 0.000000000000000000e+00 0.000000000000000000e+00 3.754143295240330164e-03 2.264170464395758205e-03 4.615424841442669797e-03 8.471364794828083178e-05 0.000000000000000000e+00 0.000000000000000000e+00
0.000000000000000000e+00 0.000000000000000000e+00 0.000000000000000000e+00 0.000000000000000000e+00 0.000000000000000000e+00 0.000000000000000000e+00 0.000000000000000000e+00 3.677272989976467215e-03 0.000000000000000000e+00 0.000000000000000000e+00 3.510375797764710886e-04 0.000000000000000000e+00 0.000000000000000000e+00 3.964482771157002046e-03 2.920475832874845114e-03 0.000000000000000000e+00 4.129159179098710990e-03 0.000000000000000000e+00 0.000000000000000000e+00 0.000000000000000000e+00 1.592290665027082993e-03 3.382813251788964817e-03 8.615471724844370486e-04 0.000000000000000000e+00 0.000000000000000000e+00
2.699635982622660790e-04 0.000000000000000000e+00 0.000000000000000000e+00 0.000000000000000000e+00 0.000000000000000000e+00 4.572441767438759248e-03 1.243493835662118959e-03 0.000000000000000000e+00 0.000000000000000000e+00 0.000000000000000000e+00 1.563434444718929048e-03 0.000000000000000000e+00 0.000000000000000000e+00 0.000000000000000000e+00 0.000000000000000000e+00 0.000000000000000000e+00 3.974839413615607019e-03 0.000000000000000000e+00 0.000000000000000000e+00 4.743034866061928041e-03 0.000000000000000000e+00 0.000000000000000000e+00 3.452927027994259854e-03 2.649574151083240129e-03 0.000000000000000000e+00
1.130610799891521934e-03 2.831689247339229908e-04 0.000000000000000000e+00 0.000000000000000000e+00 0.000000000000000000e+00 2.064631201616453065e-03 1.757665852025340090e-03 4.449596565314712033e-04 0.000000000000000000e+00 4.038985477491522161e-04 0.000000000000000000e+00 4.449203451744617940e-03 4.308394322301373203e-03 3.596469851336899989e-03 3.878989512628537931e-03 3.641477153482008088e-03 8.516475085785515323e-04 2.941913164915657946e-03 0.000000000000000000e+00 2.300539864957427180e-03 0.000000000000000000e+00 0.000000000000000000e+00 3.106346512844433867e-03 0.000000000000000000e+00 3.275501150142347013e-03
1.131399114274509073e-03 0.000000000000000000e+00 3.948173412569438165e-04 0.000000000000000000e+00 4.948539056423306194e-03 0.000000000000000000e+00 0.000000000000000000e+00 0.000000000000000000e+00 1.465618481711722940e-03 0.000000000000000000e+00 3.434490894328548830e-03 0.000000000000000000e+00 4.497040285689099873e-03 1.220574361037386063e-03 0.000000000000000000e+00 0.000000000000000000e+00 4.946433315129459066e-03 4.695728596904119806e-04 1.716045896479698012e-03 1.904146904520061072e-03 0.000000000000000000e+00 4.677683198072182975e-03 0.000000000000000000e+00 0.000000000000000000e+00 0.000000000000000000e+00
1.268522351792871102e-03 4.617991741387121075e-03 0.000000000000000000e+00 0.000000000000000000e+00 4.620545093219001302e-03 0.000000000000000000e+00 3.593660557491252204e-03 0.000000000000000000e+00 2.019630591568716878e-03 0.000000000000000000e+00 3.531444146127157152e-03 5.641412282380743734e-04 0.000000000000000000e+00 3.511894821832590909e-03 0.000000000000000000e+00 3.508393015068903865e-03 0.000000000000000000e+00 0.000000000000000000e+00 0.000000000000000000e+00 0.000000000000000000e+00 0.000000000000000000e+00 0.000000000000000000e+00 0.000000000000000000e+00 0.000000000000000000e+00 0.000000000000000000e+00
0.000000000000000000e+00 9.621985115279545892e-04 0.000000000000000000e+00 0.000000000000000000e+00 0.000000000000000000e+00 0.000000000000000000e+00 1.527678462688806952e-03 3.983552548855305402e-03 1.873132813819624980e-03 0.000000000000000000e+00 3.258094650491360871e-03 0.000000000000000000e+00 0.000000000000000000e+00 0.000000000000000000e+00 6.013972490213131072e-05 4.384757608535969423e-03 0.000000000000000000e+00 5.380189206057298026e-04 0.000000000000000000e+00 1.269086946864897902e-03 0.000000000000000000e+00 2.371761389965258877e-03 0.000000000000000000e+00 0.000000000000000000e+00 2.891801168430253085e-03
0.000000000000000000e+00 4.682945932898508433e-03 0.000000000000000000e+00 4.717329888722497644e-03 2.096194292911386994e-03 3.500865350596393854e-04 4.130251109506805247e-04 1.116522626349014105e-03 5.629610189711414499e-04 1.388501791258570106e-04 4.342605253759184922e-03 9.515667606968722901e-04 4.098478196908402794e-03 0.000000000000000000e+00 2.502001199713946994e-03 4.611522056354839909e-03 2.996233751749505150e-03 4.491814322053824262e-04 7.903271406745209253e-04 0.000000000000000000e+00 0.000000000000000000e+00 2.404857122683480824e-03 0.000000000000000000e+00 2.712289441786508958e-03 0.000000000000000000e+00
0.000000000000000000e+00 0.000000000000000000e+00 0.000000000000000000e+00 2.053929653915184932e-03 4.656457108850688142e-03 0.000000000000000000e+00 4.588183520307611250e-03 0.000000000000000000e+00 4.129903051345631612e-03 0.000000000000000000e+00 0.000000000000000000e+00 0.000000000000000000e+00 0.000000000000000000e+00 0.000000000000000000e+00 2.481180934671413873e-04 3.523069047120470920e-03 0.000000000000000000e+00 0.000000000000000000e+00 0.000000000000000000e+00 9.224646233469027505e-04 0.000000000000000000e+00 3.075920448833461933e-03 0.000000000000000000e+00 4.746165022199539188e-03 0.000000000000000000e+00
3.286332667652889020e-03 0.000000000000000000e+00 0.000000000000000000e+00 2.030882668507092044e-03 2.684136665496305793e-03 2.329395186713616953e-03 3.242234010738702116e-03 7.606986112335282829e-04 2.779290890973654029e-03 4.871052226489947304e-03 0.000000000000000000e+00 0.000000000000000000e+00 6.169569270289586901e-04 0.000000000000000000e+00 0.000000000000000000e+00 1.637821445480849934e-03 0.000000000000000000e+00 3.367584024251395886e-03 0.000000000000000000e+00 0.000000000000000000e+00 0.000000000000000000e+00 4.020508867750006293e-03 0.000000000000000000e+00 0.000000000000000000e+00 0.000000000000000000e+00
0.000000000000000000e+00 0.000000000000000000e+00 4.555895008868039026e-03 3.622944201831426909e-03 4.654714089073692766e-03 8.061730931147449535e-05 0.000000000000000000e+00 0.000000000000000000e+00 3.602092221928119859e-03 1.372638752572630976e-03 4.086975927106047818e-03 1.948584467452330049e-03 0.000000000000000000e+00 0.000000000000000000e+00 3.916331649073539166e-03 0.000000000000000000e+00 0.000000000000000000e+00 0.000000000000000000e+00 0.000000000000000000e+00 2.141173153787085184e-03 0.000000000000000000e+00 0.000000000000000000e+00 3.789443503252434061e-03 1.337130946943028073e-03 4.056343030919579845e-03
0.000000000000000000e+00 0.000000000000000000e+00 9.073048677401936634e-04 0.000000000000000000e+00 6.440380945212563707e-04 0.000000000000000000e+00 3.269733305247643929e-03 4.170641570256980983e-05 1.171628590960009089e-03 0.000000000000000000e+00 0.000000000000000000e+00 0.000000000000000000e+00 1.484662772779087882e-04 1.610428484223100105e-03 4.540296624327909772e-03 3.847204191426898973e-03 0.000000000000000000e+00 8.909437153036305068e-04 2.615019333594000191e-03 4.420890283600620654e-03 2.872633358632803013e-03 0.000000000000000000e+00 1.076224992366718071e-03 3.622998489974952208e-03 0.000000000000000000e+00
2.884095879268017918e-03 0.000000000000000000e+00 0.000000000000000000e+00 1.134090157060066971e-05 0.000000000000000000e+00 0.000000000000000000e+00 4.066250686583673148e-03 4.669330244467663309e-03 2.788797330285871980e-03 0.000000000000000000e+00 1.505272979006740900e-03 6.545114794099059609e-04 1.774761556841932941e-03 0.000000000000000000e+00 0.000000000000000000e+00 2.574931539502021104e-03 3.171051859693521918e-03 0.000000000000000000e+00 4.272230450960251037e-03 4.846800224716104840e-04 4.993123189501663846e-03 3.075095136768065968e-03 3.008462958645887874e-03 3.614418849694437958e-03 1.450653714999241986e-03
1.044101370032495934e-03 0.000000000000000000e+00 0.000000000000000000e+00 0.000000000000000000e+00 0.000000000000000000e+00 0.000000000000000000e+00 0.000000000000000000e+00 0.000000000000000000e+00 0.000000000000000000e+00 0.000000000000000000e+00 0.000000000000000000e+00 0.000000000000000000e+00 7.943144570269912962e-04 5.589268967913059915e-04 3.574452748116738795e-03 0.000000000000000000e+00 4.135033247555485424e-03 8.390509528594772325e-04 4.468087679502084734e-03 0.000000000000000000e+00 0.000000000000000000e+00 4.742649329154829084e-03 3.244441043848913034e-03 4.499831112471533966e-03 0.000000000000000000e+00
0.000000000000000000e+00 0.000000000000000000e+00 4.478725381102717333e-03 3.286970296368221800e-03 0.000000000000000000e+00 2.001507061713737878e-03 0.000000000000000000e+00 0.000000000000000000e+00 1.529371925060928972e-03 0.000000000000000000e+00 4.501912064409336646e-03 4.767252305503496992e-04 0.000000000000000000e+00 1.986484250603256195e-03 4.050560327870053948e-03 4.985041643782938368e-03 0.000000000000000000e+00 2.062573981360216885e-03 0.000000000000000000e+00 2.163031974310270205e-03 3.160698246003739061e-03 1.899309131919007035e-03 2.275197388632934931e-03 0.000000000000000000e+00 0.000000000000000000e+00
1.984407915805181787e-03 0.000000000000000000e+00 0.000000000000000000e+00 0.000000000000000000e+00 6.562850955358838327e-04 2.951583101360304943e-03 0.000000000000000000e+00 4.224464210094414779e-03 0.000000000000000000e+00 1.108896122601527078e-03 0.000000000000000000e+00 0.000000000000000000e+00 3.521584088960655161e-03 0.000000000000000000e+00 2.447661251418290114e-03 1.184930857732580979e-03 2.886927549471542771e-04 0.000000000000000000e+00 0.000000000000000000e+00 0.000000000000000000e+00 0.000000000000000000e+00 0.000000000000000000e+00 8.709681698327635885e-04 2.609659796853341842e-03 0.000000000000000000e+00
0.000000000000000000e+00 0.000000000000000000e+00 2.297677795301978059e-03 1.898758079860517894e-03 0.000000000000000000e+00 2.240111931282038824e-03 0.000000000000000000e+00 0.000000000000000000e+00 0.000000000000000000e+00 4.798618202029664853e-03 0.000000000000000000e+00 0.000000000000000000e+00 1.180929009529219044e-03 0.000000000000000000e+00 3.464286580964408106e-04 3.266793837130369839e-03 0.000000000000000000e+00 2.850120610321024879e-03 4.738965649233698417e-03 4.046928336550846203e-03 0.000000000000000000e+00 0.000000000000000000e+00 0.000000000000000000e+00 0.000000000000000000e+00 0.000000000000000000e+00
1.289714265047978104e-03 0.000000000000000000e+00 0.000000000000000000e+00 1.249454029159856002e-04 0.000000000000000000e+00 2.691658834299427813e-04 2.861676813417726034e-03 2.579304409824343010e-03 0.000000000000000000e+00 3.459324226729810874e-03 4.356193522857217115e-03 3.836001594847017037e-03 0.000000000000000000e+00 0.000000000000000000e+00 0.000000000000000000e+00 0.000000000000000000e+00 2.788658583722384947e-03 0.000000000000000000e+00 0.000000000000000000e+00 0.000000000000000000e+00 0.000000000000000000e+00 0.000000000000000000e+00 2.317426297054892004e-03 0.000000000000000000e+00 0.000000000000000000e+00
0.000000000000000000e+00 0.000000000000000000e+00 0.000000000000000000e+00 2.084878017932435129e-03 0.000000000000000000e+00 1.786131584053699982e-03 1.637932401841479943e-03 3.638774605277274917e-03 4.036348608227730808e-04 1.891485926473646974e-03 0.000000000000000000e+00 0.000000000000000000e+00 3.799224436739247115e-03 1.156816141695788964e-03 0.000000000000000000e+00 3.431951073996491151e-03 3.519606210992922129e-03 0.000000000000000000e+00 0.000000000000000000e+00 4.746681691462931933e-04 3.441654311402048833e-03 0.000000000000000000e+00 0.000000000000000000e+00 4.547789404264986068e-03 1.088010377413317978e-03
1.318969042002247948e-03 0.000000000000000000e+00 2.423210703934473940e-03 0.000000000000000000e+00 0.000000000000000000e+00 0.000000000000000000e+00 1.972410509726519202e-03 4.968936655570571105e-03 0.000000000000000000e+00 1.853440838564357962e-03 2.091725475216649893e-03 0.000000000000000000e+00 4.084710842887449150e-03 0.000000000000000000e+00 4.042585276699289798e-03 0.000000000000000000e+00 0.000000000000000000e+00 0.000000000000000000e+00 0.000000000000000000e+00 3.344776503130693183e-03 1.342760054231507006e-03 2.981053640157146044e-03 3.289023512584826007e-03 1.173963715591208991e-03 2.560322759526353128e-03
0.000000000000000000e+00 4.053377656855420251e-03 0.000000000000000000e+00 1.265014790303047899e-03 0.000000000000000000e+00 3.790694345663109949e-03 1.011313288547718934e-03 0.000000000000000000e+00 1.039579640661327919e-03 0.000000000000000000e+00 1.645055770099299085e-03 0.000000000000000000e+00 0.000000000000000000e+00 0.000000000000000000e+00 0.000000000000000000e+00 0.000000000000000000e+00 0.000000000000000000e+00 1.154180696257730003e-04 0.000000000000000000e+00 3.926113685402231671e-03 0.000000000000000000e+00 3.268133346126899166e-03 0.000000000000000000e+00 0.000000000000000000e+00 0.000000000000000000e+00
4.568504765644287695e-03 2.394160587356977937e-03 1.992730232877496866e-04 1.066391396938141077e-03 8.416523630752018731e-04 0.000000000000000000e+00 0.000000000000000000e+00 3.765004285275441037e-03 4.348722584785295019e-03 0.000000000000000000e+00 0.000000000000000000e+00 2.228147119938695027e-03 0.000000000000000000e+00 4.413709250444880147e-03 1.657379057131636068e-03 0.000000000000000000e+00 4.099040040187389849e-03 3.299637116105225056e-03 1.298027152914006969e-03 1.651746585497076059e-04 4.547894001184949950e-03 2.275066828161024200e-03 0.000000000000000000e+00 0.000000000000000000e+00 0.000000000000000000e+00
3.664334978194122919e-03 0.000000000000000000e+00 0.000000000000000000e+00 0.000000000000000000e+00 2.569627827424390831e-03 1.216638126314119892e-03 0.000000000000000000e+00 1.389792705156548975e-03 2.217918308220990110e-03 1.649986828696247028e-03 0.000000000000000000e+00 0.000000000000000000e+00 5.664276367337417852e-04 1.116198108665320985e-03 0.000000000000000000e+00 0.000000000000000000e+00 0.000000000000000000e+00 2.170973321641338216e-03 2.901365626498295016e-03 1.641223112653206998e-04 4.679013652784366588e-03 9.148013160440494635e-04 2.229521071368068073e-03 1.676321147334470076e-03 0.000000000000000000e+00
0.000000000000000000e+00 3.330853509227202011e-03 0.000000000000000000e+00 8.121157348458800818e-04 0.000000000000000000e+00 1.780174844937885970e-03 0.000000000000000000e+00 2.588322953925136036e-03 0.000000000000000000e+00 2.018873665849281115e-03 0.000000000000000000e+00 8.648160652016800148e-04 4.968662197051581207e-03 0.000000000000000000e+00 4.589454345427497993e-03 0.000000000000000000e+00 4.688431906855948690e-03 5.078778933516064518e-04 2.867210088601673118e-03 3.234044543711676097e-03 1.087509422806397057e-03 0.000000000000000000e+00 0.000000000000000000e+00 0.000000000000000000e+00 0.000000000000000000e+00
3.085063222985030915e-03 4.730375545432220427e-03 0.000000000000000000e+00 4.566557678350715611e-03 0.000000000000000000e+00 0.000000000000000000e+00 4.031345660192022992e-03 1.803980497341665901e-04 0.000000000000000000e+00 0.000000000000000000e+00 0.000000000000000000e+00 0.000000000000000000e+00 5.194027640539850910e-04 3.366229567439990925e-03 0.000000000000000000e+00 2.416837252661768048e-03 0.000000000000000000e+00 0.000000000000000000e+00 4.098659672373466956e-03 0.000000000000000000e+00 1.511309439981490003e-03 0.000000000000000000e+00 0.000000000000000000e+00 0.000000000000000000e+00 0.000000000000000000e+00
