# File created on Fri May 17 15:42:06 2024
# The following metaparameters were used for this matrix optimization : gamma0 = 0.5; alpha0 = 0; sigma0 = 0.25; l0 = 1;p = 1; R0 = 1; S0 = 0.05; NR = 25; NS = 25; matrix path = matrices/Nr25_Nc25/consumption/RandTrix_Nr25_Nc25_Nest0.55_Conn0.3024.txt; convergence threshold = 1e-08
1.347162433034569e-03 3.113863499803236e-04 0.000000000000000e+00 0.000000000000000e+00 0.000000000000000e+00 1.680398442940200e-03 1.858770515990391e-03 0.000000000000000e+00 4.035188786941555e-03 0.000000000000000e+00 0.000000000000000e+00 0.000000000000000e+00 0.000000000000000e+00 1.474592520989024e-04 0.000000000000000e+00 2.257769231858437e-03 1.968986905020984e-03 4.462957768587920e-04 0.000000000000000e+00 2.705853166693291e-03 0.000000000000000e+00 0.000000000000000e+00 0.000000000000000e+00 3.339293992979089e-04 0.000000000000000e+00 
1.060458673661871e-03 0.000000000000000e+00 1.539208714535868e-03 3.592349591447866e-03 0.000000000000000e+00 2.703318712738146e-03 0.000000000000000e+00 0.000000000000000e+00 0.000000000000000e+00 0.000000000000000e+00 3.657255126965820e-04 1.687843377138524e-04 5.395617638004339e-04 0.000000000000000e+00 0.000000000000000e+00 2.466671850781051e-03 0.000000000000000e+00 0.000000000000000e+00 0.000000000000000e+00 0.000000000000000e+00 5.038970958840649e-04 0.000000000000000e+00 1.789664179781962e-03 1.039542214251024e-03 0.000000000000000e+00 
0.000000000000000e+00 0.000000000000000e+00 0.000000000000000e+00 4.517450963478749e-03 0.000000000000000e+00 0.000000000000000e+00 1.830972773244238e-03 1.414749653003988e-03 0.000000000000000e+00 0.000000000000000e+00 0.000000000000000e+00 3.889079383770789e-03 2.032623234000539e-03 2.402616290273272e-03 4.413567871181620e-03 0.000000000000000e+00 0.000000000000000e+00 1.687032621111658e-03 6.162802320929839e-04 0.000000000000000e+00 0.000000000000000e+00 0.000000000000000e+00 0.000000000000000e+00 0.000000000000000e+00 0.000000000000000e+00 
0.000000000000000e+00 2.342022545646197e-03 1.862541305745994e-03 0.000000000000000e+00 2.939485424157666e-03 2.917241425367700e-03 1.474819458468595e-03 0.000000000000000e+00 3.637495701323450e-03 0.000000000000000e+00 1.545538466251558e-03 3.693911771045588e-03 3.663583788949694e-03 2.772908367168908e-03 0.000000000000000e+00 3.914692964070286e-03 0.000000000000000e+00 4.024639795559650e-03 0.000000000000000e+00 0.000000000000000e+00 1.751617622140013e-03 4.019592321886155e-03 4.544105696471878e-03 2.192923416083533e-03 6.695041527609468e-04 
4.825347520901123e-03 0.000000000000000e+00 0.000000000000000e+00 0.000000000000000e+00 0.000000000000000e+00 3.991196859003616e-03 1.056074496630381e-03 3.081912802383078e-03 8.312538407400319e-05 0.000000000000000e+00 0.000000000000000e+00 0.000000000000000e+00 2.889596778225511e-03 0.000000000000000e+00 4.357573663780660e-03 1.065015828099472e-03 1.015290956124188e-03 1.393690336047998e-03 1.488527924293788e-03 0.000000000000000e+00 0.000000000000000e+00 4.424917047556885e-03 0.000000000000000e+00 0.000000000000000e+00 2.194044095739411e-03 
0.000000000000000e+00 1.456368105502716e-03 0.000000000000000e+00 2.157888835170774e-03 1.800847514108098e-04 0.000000000000000e+00 8.290415684390894e-04 0.000000000000000e+00 0.000000000000000e+00 0.000000000000000e+00 3.151945418826126e-03 0.000000000000000e+00 0.000000000000000e+00 1.971934984215074e-03 0.000000000000000e+00 4.269987713216311e-03 0.000000000000000e+00 2.522477796439053e-03 0.000000000000000e+00 0.000000000000000e+00 3.800626530010850e-03 0.000000000000000e+00 4.577768692676170e-03 4.347785022988799e-03 0.000000000000000e+00 
2.699296146510398e-04 7.124177913910762e-05 0.000000000000000e+00 2.920350570314044e-03 0.000000000000000e+00 0.000000000000000e+00 1.320801416612179e-04 4.130025792095364e-03 0.000000000000000e+00 1.154683764475189e-03 0.000000000000000e+00 3.772680667249477e-03 0.000000000000000e+00 0.000000000000000e+00 4.936121665660743e-03 1.963436852834109e-03 1.703821556107448e-03 1.592070600494574e-03 2.218922321691114e-03 0.000000000000000e+00 0.000000000000000e+00 0.000000000000000e+00 0.000000000000000e+00 0.000000000000000e+00 0.000000000000000e+00 
0.000000000000000e+00 0.000000000000000e+00 4.887057022637695e-03 1.925700483725456e-03 0.000000000000000e+00 3.460303728967733e-03 4.760185131106555e-03 0.000000000000000e+00 0.000000000000000e+00 0.000000000000000e+00 0.000000000000000e+00 2.558165135360434e-03 2.438586164328457e-03 0.000000000000000e+00 5.286746941264630e-04 0.000000000000000e+00 4.303487831776178e-03 0.000000000000000e+00 0.000000000000000e+00 4.926256262448988e-03 0.000000000000000e+00 0.000000000000000e+00 3.137874219696842e-03 1.295954338499105e-03 2.675366381550218e-03 
0.000000000000000e+00 0.000000000000000e+00 0.000000000000000e+00 0.000000000000000e+00 9.301054003721419e-04 0.000000000000000e+00 0.000000000000000e+00 0.000000000000000e+00 4.322234712608234e-03 1.387880891170194e-03 0.000000000000000e+00 3.947061970141953e-03 0.000000000000000e+00 9.866093381505122e-04 1.479235617732228e-03 2.349708462454012e-03 0.000000000000000e+00 0.000000000000000e+00 1.065640544124521e-03 2.354294088378227e-03 0.000000000000000e+00 1.049497475853731e-03 3.100352573211028e-03 0.000000000000000e+00 0.000000000000000e+00 
3.909281985447956e-03 9.422201638419804e-04 0.000000000000000e+00 1.510748607746986e-03 0.000000000000000e+00 0.000000000000000e+00 0.000000000000000e+00 4.608657582950092e-03 3.578368040534685e-03 0.000000000000000e+00 0.000000000000000e+00 3.665039398337015e-03 0.000000000000000e+00 2.357830686017019e-03 0.000000000000000e+00 3.557413587797427e-03 2.749050478221830e-03 0.000000000000000e+00 0.000000000000000e+00 0.000000000000000e+00 2.441081916342223e-03 1.001514407824139e-03 3.520009192623879e-03 0.000000000000000e+00 0.000000000000000e+00 
3.519364111253971e-03 4.947621783079811e-03 3.314323410774109e-03 0.000000000000000e+00 0.000000000000000e+00 2.166945895227911e-03 3.954828016038149e-03 0.000000000000000e+00 0.000000000000000e+00 2.400202429604979e-03 0.000000000000000e+00 0.000000000000000e+00 0.000000000000000e+00 1.773988702249447e-03 4.240356269167571e-03 0.000000000000000e+00 0.000000000000000e+00 4.746602950627117e-03 0.000000000000000e+00 2.755605252458947e-03 0.000000000000000e+00 0.000000000000000e+00 0.000000000000000e+00 4.231083153548979e-04 1.484849972124017e-03 
0.000000000000000e+00 0.000000000000000e+00 4.348107348475081e-03 0.000000000000000e+00 4.562962907140282e-03 0.000000000000000e+00 4.034430929496816e-03 0.000000000000000e+00 0.000000000000000e+00 4.875074004952215e-04 0.000000000000000e+00 0.000000000000000e+00 2.196632980300198e-03 3.879255998118713e-03 0.000000000000000e+00 3.138226618058697e-04 5.453204150763098e-04 0.000000000000000e+00 1.814063486138499e-03 0.000000000000000e+00 2.697141058714107e-03 0.000000000000000e+00 0.000000000000000e+00 0.000000000000000e+00 6.819443171254553e-04 
2.665287799246453e-03 2.833553081240695e-03 6.392070129258386e-04 1.980628020222258e-03 3.907748440823382e-03 0.000000000000000e+00 3.098335525902681e-03 0.000000000000000e+00 0.000000000000000e+00 4.997536348081841e-04 2.365376707073043e-03 0.000000000000000e+00 4.304670137696954e-03 0.000000000000000e+00 1.841074909946277e-03 0.000000000000000e+00 0.000000000000000e+00 2.808705369065766e-03 0.000000000000000e+00 0.000000000000000e+00 4.515487961438707e-03 0.000000000000000e+00 0.000000000000000e+00 0.000000000000000e+00 0.000000000000000e+00 
1.604796813597572e-03 4.290260085557252e-03 9.178048487703051e-04 0.000000000000000e+00 2.845769925515788e-03 1.206384989724970e-04 4.003105953261153e-03 4.058940107803920e-03 2.472213440848404e-03 8.869667806437398e-04 0.000000000000000e+00 1.818278582981436e-03 2.681821329310737e-03 3.386004547168105e-03 0.000000000000000e+00 0.000000000000000e+00 0.000000000000000e+00 4.433645256891213e-03 4.375371508067739e-03 3.290756474272000e-03 3.867601971634865e-03 1.303308948161239e-03 0.000000000000000e+00 3.808680274956072e-03 0.000000000000000e+00 
0.000000000000000e+00 0.000000000000000e+00 2.266665888394931e-03 0.000000000000000e+00 5.575963217799671e-04 0.000000000000000e+00 7.153499997280554e-04 9.876438894213382e-04 0.000000000000000e+00 0.000000000000000e+00 0.000000000000000e+00 0.000000000000000e+00 0.000000000000000e+00 0.000000000000000e+00 0.000000000000000e+00 0.000000000000000e+00 0.000000000000000e+00 3.149558578516949e-03 3.905435580591129e-03 0.000000000000000e+00 0.000000000000000e+00 0.000000000000000e+00 4.370720116010418e-03 6.482727784292209e-04 4.710486662892985e-03 
0.000000000000000e+00 3.957167197441056e-03 0.000000000000000e+00 4.967254488327485e-03 4.175191807962014e-03 1.762542035342700e-03 4.856113830462485e-03 2.106250034131292e-03 1.772541339587937e-03 0.000000000000000e+00 3.609040031107224e-03 0.000000000000000e+00 1.398015134082800e-03 4.111225731567104e-03 2.987699216082107e-03 0.000000000000000e+00 1.507496240360487e-03 3.294705854669054e-04 1.327810499478374e-03 1.575587299523256e-03 3.633321624250508e-03 1.611948420393522e-03 0.000000000000000e+00 2.638317023689389e-03 7.262565511330250e-04 
0.000000000000000e+00 4.230976865395867e-03 0.000000000000000e+00 0.000000000000000e+00 0.000000000000000e+00 0.000000000000000e+00 0.000000000000000e+00 4.321783829690709e-03 1.329592798138170e-03 0.000000000000000e+00 2.380582920011174e-03 0.000000000000000e+00 1.143745808297146e-04 5.013034216414541e-04 0.000000000000000e+00 0.000000000000000e+00 0.000000000000000e+00 8.611109211024841e-04 4.459672155141309e-03 0.000000000000000e+00 1.729184866395190e-04 4.533676977196185e-03 0.000000000000000e+00 3.403584579132933e-03 1.725654064019926e-03 
0.000000000000000e+00 1.812724861814654e-03 8.632552722219493e-04 3.700810763270778e-03 0.000000000000000e+00 0.000000000000000e+00 3.757542899387156e-03 0.000000000000000e+00 0.000000000000000e+00 0.000000000000000e+00 1.115547599573873e-03 0.000000000000000e+00 3.495526358293789e-03 0.000000000000000e+00 2.241793534545126e-03 0.000000000000000e+00 2.962342514940343e-03 4.280500109533257e-03 0.000000000000000e+00 3.313834286227031e-03 0.000000000000000e+00 0.000000000000000e+00 0.000000000000000e+00 2.298756336590858e-03 0.000000000000000e+00 
4.414116925199562e-03 4.650669550066947e-03 3.302698026906863e-03 0.000000000000000e+00 0.000000000000000e+00 1.696739418750288e-03 0.000000000000000e+00 0.000000000000000e+00 2.583953988573523e-03 0.000000000000000e+00 0.000000000000000e+00 0.000000000000000e+00 1.630376650229978e-03 0.000000000000000e+00 4.689219572690284e-03 3.085919367920778e-03 0.000000000000000e+00 0.000000000000000e+00 0.000000000000000e+00 4.579883225653603e-03 1.230159130513337e-03 2.048483170748879e-03 2.370470139759670e-04 0.000000000000000e+00 0.000000000000000e+00 
0.000000000000000e+00 4.303157346079997e-03 0.000000000000000e+00 4.113513398515853e-03 1.274407876556486e-03 0.000000000000000e+00 4.890547265228861e-03 0.000000000000000e+00 0.000000000000000e+00 2.211884493872839e-03 0.000000000000000e+00 0.000000000000000e+00 0.000000000000000e+00 0.000000000000000e+00 3.304568229224451e-04 2.146105288639696e-03 2.073172489175319e-03 8.286418049442451e-04 0.000000000000000e+00 0.000000000000000e+00 4.134457311232684e-03 0.000000000000000e+00 2.244678283130631e-03 0.000000000000000e+00 2.686534563708741e-03 
2.856773968609953e-03 4.316066985365658e-03 0.000000000000000e+00 4.012011244940118e-03 4.224632433196687e-03 3.958718983187722e-03 2.658386319308338e-04 5.799457702581735e-04 0.000000000000000e+00 0.000000000000000e+00 4.851899594942944e-03 1.326567800958467e-03 0.000000000000000e+00 0.000000000000000e+00 0.000000000000000e+00 0.000000000000000e+00 0.000000000000000e+00 2.354213669250242e-03 0.000000000000000e+00 0.000000000000000e+00 0.000000000000000e+00 3.711401157028528e-04 1.156520141757893e-03 0.000000000000000e+00 0.000000000000000e+00 
4.826376201371313e-03 9.773098945561523e-04 0.000000000000000e+00 0.000000000000000e+00 3.292945918153655e-03 2.642696718105397e-03 0.000000000000000e+00 0.000000000000000e+00 0.000000000000000e+00 3.736771362882512e-03 0.000000000000000e+00 0.000000000000000e+00 0.000000000000000e+00 5.293130759182058e-04 2.191814040847798e-03 1.067265448833270e-03 0.000000000000000e+00 0.000000000000000e+00 5.558539276689755e-04 3.616895170344863e-03 0.000000000000000e+00 2.542345635415005e-03 3.320495099377083e-05 1.037293932612111e-03 4.582809750468485e-04 
2.550459626469547e-03 0.000000000000000e+00 3.679830971054099e-03 3.182566108714812e-03 0.000000000000000e+00 1.604921113028495e-03 3.721414175400926e-04 3.542075105394323e-03 4.232898960400146e-03 0.000000000000000e+00 2.319335011951887e-03 0.000000000000000e+00 1.487855067563120e-03 1.581369919633528e-03 0.000000000000000e+00 3.626203250613989e-04 2.379710677444193e-03 3.532403677950217e-03 2.781341396859425e-03 2.427690558981443e-04 0.000000000000000e+00 0.000000000000000e+00 2.770909695886693e-03 0.000000000000000e+00 0.000000000000000e+00 
1.561534061050236e-03 0.000000000000000e+00 0.000000000000000e+00 0.000000000000000e+00 0.000000000000000e+00 0.000000000000000e+00 0.000000000000000e+00 0.000000000000000e+00 2.432730312755928e-03 0.000000000000000e+00 3.055938054751049e-03 1.919646458934906e-03 0.000000000000000e+00 0.000000000000000e+00 3.047785241230235e-03 0.000000000000000e+00 0.000000000000000e+00 3.973784519516652e-03 0.000000000000000e+00 0.000000000000000e+00 4.392839501008443e-03 0.000000000000000e+00 0.000000000000000e+00 0.000000000000000e+00 4.785018796621755e-03 
0.000000000000000e+00 0.000000000000000e+00 0.000000000000000e+00 0.000000000000000e+00 0.000000000000000e+00 0.000000000000000e+00 0.000000000000000e+00 2.507352602235141e-03 0.000000000000000e+00 0.000000000000000e+00 0.000000000000000e+00 0.000000000000000e+00 2.779792159689820e-03 0.000000000000000e+00 0.000000000000000e+00 0.000000000000000e+00 2.066349072913117e-03 0.000000000000000e+00 1.507053305729165e-03 0.000000000000000e+00 3.113351146573307e-03 1.663740153701672e-03 4.904811214428804e-04 0.000000000000000e+00 2.188615274676443e-03 