# File created on Tue Apr 30 11:01:14 2024
# The following metaparameters were used for this matrix optimization : gamma0 = 0.5; alpha0 = 0; sigma0 = 0.25; l0 = 1;p = 1; R0 = 1; S0 = 0.05; NR = 25; NS = 25; matrix path = matrices/Nr25_Nc25/consumption/RandTrix_Nr25_Nc25_Nest0.4_Conn0.3312.txt; convergence threshold = 1e-08
9.779119190161507e-01 0.000000000000000e+00 0.000000000000000e+00 3.324134170182278e-02 0.000000000000000e+00 0.000000000000000e+00 0.000000000000000e+00 8.842819327383608e-01 3.638568729987648e-01 1.407406965663933e-01 1.001553792951731e+00 7.580263866187362e-01 0.000000000000000e+00 7.689601621177351e-01 0.000000000000000e+00 0.000000000000000e+00 8.527034428146732e-01 0.000000000000000e+00 0.000000000000000e+00 0.000000000000000e+00 0.000000000000000e+00 1.826916151463660e-01 0.000000000000000e+00 0.000000000000000e+00 0.000000000000000e+00 
0.000000000000000e+00 9.926806943779901e-01 5.331308409218199e-01 0.000000000000000e+00 0.000000000000000e+00 0.000000000000000e+00 8.752952725073422e-01 1.376010192849476e-01 0.000000000000000e+00 5.301414361722848e-01 1.603592949532400e-01 6.269237581144687e-01 5.261741081758154e-01 0.000000000000000e+00 0.000000000000000e+00 6.750601342009216e-02 0.000000000000000e+00 0.000000000000000e+00 0.000000000000000e+00 0.000000000000000e+00 0.000000000000000e+00 0.000000000000000e+00 9.324762966774751e-03 0.000000000000000e+00 0.000000000000000e+00 
2.313349215283076e-01 4.984754575169630e-01 0.000000000000000e+00 4.003701123383179e-01 1.300398528988377e+00 0.000000000000000e+00 0.000000000000000e+00 0.000000000000000e+00 0.000000000000000e+00 0.000000000000000e+00 0.000000000000000e+00 0.000000000000000e+00 0.000000000000000e+00 0.000000000000000e+00 7.223880814572267e-01 0.000000000000000e+00 0.000000000000000e+00 0.000000000000000e+00 1.344992150260385e+00 0.000000000000000e+00 0.000000000000000e+00 1.110239447534916e-01 0.000000000000000e+00 0.000000000000000e+00 0.000000000000000e+00 
0.000000000000000e+00 0.000000000000000e+00 7.765606980768608e-02 1.004900482933680e+00 0.000000000000000e+00 5.693143899574771e-01 8.038468977338528e-01 0.000000000000000e+00 0.000000000000000e+00 0.000000000000000e+00 0.000000000000000e+00 0.000000000000000e+00 2.397631066834937e-01 1.084601573189023e+00 0.000000000000000e+00 0.000000000000000e+00 0.000000000000000e+00 0.000000000000000e+00 0.000000000000000e+00 3.355527273510401e-01 0.000000000000000e+00 0.000000000000000e+00 6.736730931849502e-01 2.430408862947392e-01 1.118085484200505e+00 
0.000000000000000e+00 0.000000000000000e+00 0.000000000000000e+00 2.398849539150580e-01 1.646471336166586e+00 0.000000000000000e+00 0.000000000000000e+00 0.000000000000000e+00 4.849014407348867e-01 0.000000000000000e+00 2.916450300525434e-01 0.000000000000000e+00 3.660077239595343e-02 0.000000000000000e+00 4.511793065003425e-01 7.643227907528614e-02 0.000000000000000e+00 2.907550781130386e-01 8.638943753718147e-01 0.000000000000000e+00 0.000000000000000e+00 4.565278797663554e-01 0.000000000000000e+00 0.000000000000000e+00 0.000000000000000e+00 
4.968778559095442e-01 0.000000000000000e+00 9.599061604654445e-02 3.680793713213412e-01 7.268717927893774e-01 0.000000000000000e+00 0.000000000000000e+00 0.000000000000000e+00 3.678284088439129e-01 6.453374139086372e-01 0.000000000000000e+00 4.335514641692508e-01 0.000000000000000e+00 0.000000000000000e+00 2.088793678947716e-01 6.031657705115995e-01 0.000000000000000e+00 6.321822403419711e-01 0.000000000000000e+00 1.717860058306363e-01 0.000000000000000e+00 2.988882326641669e-01 0.000000000000000e+00 0.000000000000000e+00 0.000000000000000e+00 
0.000000000000000e+00 7.168999826300672e-01 7.203619000143738e-01 3.183332821462432e-01 6.433801530463137e-01 0.000000000000000e+00 0.000000000000000e+00 0.000000000000000e+00 2.183900228167979e-01 0.000000000000000e+00 0.000000000000000e+00 0.000000000000000e+00 0.000000000000000e+00 0.000000000000000e+00 2.787963290096362e-01 0.000000000000000e+00 0.000000000000000e+00 9.948544461454597e-01 3.335605514872600e-01 0.000000000000000e+00 3.973872019493771e-01 0.000000000000000e+00 0.000000000000000e+00 0.000000000000000e+00 0.000000000000000e+00 
1.881338546310348e-01 0.000000000000000e+00 0.000000000000000e+00 8.989841694522366e-01 3.101808515071810e-01 0.000000000000000e+00 0.000000000000000e+00 0.000000000000000e+00 0.000000000000000e+00 0.000000000000000e+00 0.000000000000000e+00 0.000000000000000e+00 6.067358635117644e-01 1.049908186150038e+00 0.000000000000000e+00 0.000000000000000e+00 0.000000000000000e+00 0.000000000000000e+00 0.000000000000000e+00 1.084920796166899e+00 0.000000000000000e+00 0.000000000000000e+00 0.000000000000000e+00 0.000000000000000e+00 1.542067244520191e+00 
0.000000000000000e+00 0.000000000000000e+00 0.000000000000000e+00 7.314114629947162e-01 0.000000000000000e+00 2.657721900112633e-01 1.844577040527730e-01 1.093164593951663e+00 0.000000000000000e+00 0.000000000000000e+00 4.128320355555082e-01 7.834537549714941e-01 0.000000000000000e+00 6.058227993296571e-01 1.148185623256719e-01 0.000000000000000e+00 0.000000000000000e+00 0.000000000000000e+00 0.000000000000000e+00 3.171249464884028e-01 0.000000000000000e+00 0.000000000000000e+00 2.413176350225203e-01 0.000000000000000e+00 0.000000000000000e+00 
8.969322473529463e-01 0.000000000000000e+00 1.711601299771639e-02 0.000000000000000e+00 8.347493583250862e-02 0.000000000000000e+00 0.000000000000000e+00 3.317118007317839e-01 0.000000000000000e+00 0.000000000000000e+00 0.000000000000000e+00 0.000000000000000e+00 1.918185025053447e-01 0.000000000000000e+00 0.000000000000000e+00 0.000000000000000e+00 7.850244495924989e-01 0.000000000000000e+00 0.000000000000000e+00 0.000000000000000e+00 0.000000000000000e+00 4.111204686891471e-01 2.051558551905050e-01 7.790534338740711e-01 0.000000000000000e+00 
5.151612066618114e-01 0.000000000000000e+00 0.000000000000000e+00 0.000000000000000e+00 0.000000000000000e+00 0.000000000000000e+00 0.000000000000000e+00 0.000000000000000e+00 4.239119193230043e-01 0.000000000000000e+00 0.000000000000000e+00 3.735487714052522e-01 0.000000000000000e+00 0.000000000000000e+00 4.136911915404346e-01 1.527469310092043e+00 0.000000000000000e+00 1.479400929741444e-01 0.000000000000000e+00 0.000000000000000e+00 0.000000000000000e+00 0.000000000000000e+00 0.000000000000000e+00 0.000000000000000e+00 7.091866369012858e-01 
0.000000000000000e+00 7.042524475183428e-01 0.000000000000000e+00 5.352933570920484e-01 0.000000000000000e+00 5.367692751972012e-01 0.000000000000000e+00 0.000000000000000e+00 0.000000000000000e+00 0.000000000000000e+00 0.000000000000000e+00 0.000000000000000e+00 0.000000000000000e+00 4.842882587961098e-01 1.011073305583741e+00 4.897809414777605e-01 0.000000000000000e+00 0.000000000000000e+00 0.000000000000000e+00 0.000000000000000e+00 0.000000000000000e+00 0.000000000000000e+00 0.000000000000000e+00 0.000000000000000e+00 0.000000000000000e+00 
3.735279228702730e-01 0.000000000000000e+00 1.459081771041440e+00 0.000000000000000e+00 0.000000000000000e+00 0.000000000000000e+00 8.549073744688774e-02 0.000000000000000e+00 0.000000000000000e+00 0.000000000000000e+00 4.606521927013197e-01 0.000000000000000e+00 1.890498353008124e-01 0.000000000000000e+00 0.000000000000000e+00 0.000000000000000e+00 0.000000000000000e+00 0.000000000000000e+00 0.000000000000000e+00 0.000000000000000e+00 0.000000000000000e+00 3.864548395745694e-01 0.000000000000000e+00 0.000000000000000e+00 4.272213828557531e-01 
9.405298485079315e-03 0.000000000000000e+00 0.000000000000000e+00 0.000000000000000e+00 1.477303624678560e+00 0.000000000000000e+00 0.000000000000000e+00 0.000000000000000e+00 0.000000000000000e+00 0.000000000000000e+00 1.136092675532815e+00 0.000000000000000e+00 0.000000000000000e+00 4.399144938204022e-01 0.000000000000000e+00 0.000000000000000e+00 0.000000000000000e+00 0.000000000000000e+00 1.568729941841639e+00 0.000000000000000e+00 1.418262973583952e-01 0.000000000000000e+00 0.000000000000000e+00 8.171488072074906e-01 0.000000000000000e+00 
0.000000000000000e+00 3.961942422605713e-01 2.633784089538632e-01 5.876868223200557e-01 0.000000000000000e+00 3.331777830839635e-01 0.000000000000000e+00 0.000000000000000e+00 2.072567691126535e-01 0.000000000000000e+00 0.000000000000000e+00 1.976758063650297e-01 0.000000000000000e+00 0.000000000000000e+00 0.000000000000000e+00 1.041990812916655e-01 0.000000000000000e+00 0.000000000000000e+00 0.000000000000000e+00 0.000000000000000e+00 0.000000000000000e+00 8.645968673520902e-01 1.020994358571139e-01 0.000000000000000e+00 0.000000000000000e+00 
0.000000000000000e+00 5.133429513950092e-01 0.000000000000000e+00 0.000000000000000e+00 5.313283451342404e-01 0.000000000000000e+00 0.000000000000000e+00 0.000000000000000e+00 3.649891091694875e-01 3.256117914763729e-02 0.000000000000000e+00 0.000000000000000e+00 6.862848685816414e-01 0.000000000000000e+00 3.994850108065345e-01 0.000000000000000e+00 7.185376007111272e-01 0.000000000000000e+00 0.000000000000000e+00 0.000000000000000e+00 0.000000000000000e+00 0.000000000000000e+00 0.000000000000000e+00 0.000000000000000e+00 0.000000000000000e+00 
6.721024936311258e-01 0.000000000000000e+00 0.000000000000000e+00 0.000000000000000e+00 0.000000000000000e+00 4.783189232965481e-01 0.000000000000000e+00 0.000000000000000e+00 4.327985968976851e-01 0.000000000000000e+00 5.907380216562678e-01 0.000000000000000e+00 0.000000000000000e+00 0.000000000000000e+00 0.000000000000000e+00 0.000000000000000e+00 1.122953396637701e-01 0.000000000000000e+00 0.000000000000000e+00 1.124468353229784e+00 0.000000000000000e+00 0.000000000000000e+00 0.000000000000000e+00 0.000000000000000e+00 0.000000000000000e+00 
0.000000000000000e+00 1.038803086959397e+00 1.222340757762472e-01 0.000000000000000e+00 4.241997921956655e-01 4.317656908427643e-01 0.000000000000000e+00 0.000000000000000e+00 0.000000000000000e+00 0.000000000000000e+00 0.000000000000000e+00 0.000000000000000e+00 0.000000000000000e+00 0.000000000000000e+00 1.389686659594299e+00 0.000000000000000e+00 0.000000000000000e+00 0.000000000000000e+00 0.000000000000000e+00 0.000000000000000e+00 1.682162223627246e-01 0.000000000000000e+00 0.000000000000000e+00 0.000000000000000e+00 0.000000000000000e+00 
5.560222728118552e-01 0.000000000000000e+00 2.038827830741183e-01 0.000000000000000e+00 0.000000000000000e+00 3.449068083893616e-01 0.000000000000000e+00 1.860625295025679e-01 0.000000000000000e+00 0.000000000000000e+00 0.000000000000000e+00 0.000000000000000e+00 0.000000000000000e+00 2.206460113845575e-01 0.000000000000000e+00 0.000000000000000e+00 5.643605619010240e-01 1.163539483915275e-01 2.701588605022028e-01 7.999627529930610e-01 0.000000000000000e+00 0.000000000000000e+00 0.000000000000000e+00 0.000000000000000e+00 3.554023324866322e-01 
0.000000000000000e+00 2.604195841918129e-01 0.000000000000000e+00 5.089481443734206e-01 0.000000000000000e+00 4.621202019562076e-01 0.000000000000000e+00 0.000000000000000e+00 4.898046780321048e-01 5.165988055226155e-01 0.000000000000000e+00 0.000000000000000e+00 0.000000000000000e+00 0.000000000000000e+00 0.000000000000000e+00 0.000000000000000e+00 0.000000000000000e+00 0.000000000000000e+00 1.908396858483031e-01 1.630439303838608e-01 0.000000000000000e+00 0.000000000000000e+00 0.000000000000000e+00 6.300011933591714e-02 0.000000000000000e+00 
0.000000000000000e+00 3.977574142506676e-01 0.000000000000000e+00 0.000000000000000e+00 0.000000000000000e+00 0.000000000000000e+00 0.000000000000000e+00 0.000000000000000e+00 0.000000000000000e+00 1.318629021323409e+00 0.000000000000000e+00 0.000000000000000e+00 0.000000000000000e+00 7.038655981893470e-01 0.000000000000000e+00 0.000000000000000e+00 0.000000000000000e+00 0.000000000000000e+00 4.860806705014627e-01 0.000000000000000e+00 0.000000000000000e+00 0.000000000000000e+00 0.000000000000000e+00 0.000000000000000e+00 0.000000000000000e+00 
0.000000000000000e+00 0.000000000000000e+00 0.000000000000000e+00 0.000000000000000e+00 0.000000000000000e+00 0.000000000000000e+00 0.000000000000000e+00 0.000000000000000e+00 0.000000000000000e+00 0.000000000000000e+00 4.712910678472917e-01 0.000000000000000e+00 0.000000000000000e+00 0.000000000000000e+00 0.000000000000000e+00 1.921211213039202e-03 0.000000000000000e+00 0.000000000000000e+00 4.297532823165621e-01 0.000000000000000e+00 3.428147452241376e-01 0.000000000000000e+00 6.050777806467690e-01 5.031665636228153e-01 0.000000000000000e+00 
0.000000000000000e+00 0.000000000000000e+00 0.000000000000000e+00 0.000000000000000e+00 0.000000000000000e+00 0.000000000000000e+00 4.549203097126426e-01 1.482100078922207e-01 0.000000000000000e+00 0.000000000000000e+00 0.000000000000000e+00 0.000000000000000e+00 9.812289089531676e-02 1.301083273863329e-01 0.000000000000000e+00 4.757030619326269e-01 0.000000000000000e+00 0.000000000000000e+00 0.000000000000000e+00 0.000000000000000e+00 0.000000000000000e+00 2.941360427882658e-01 3.653082464943965e-01 0.000000000000000e+00 0.000000000000000e+00 
0.000000000000000e+00 0.000000000000000e+00 0.000000000000000e+00 1.296845138494256e+00 0.000000000000000e+00 0.000000000000000e+00 0.000000000000000e+00 0.000000000000000e+00 0.000000000000000e+00 0.000000000000000e+00 0.000000000000000e+00 0.000000000000000e+00 0.000000000000000e+00 4.784183847628378e-01 0.000000000000000e+00 0.000000000000000e+00 0.000000000000000e+00 0.000000000000000e+00 0.000000000000000e+00 8.078711164143143e-01 0.000000000000000e+00 0.000000000000000e+00 0.000000000000000e+00 0.000000000000000e+00 3.160090502589480e-01 
2.027725015474691e-01 5.611306495571891e-02 0.000000000000000e+00 0.000000000000000e+00 1.340450214643493e-01 0.000000000000000e+00 1.781263329100418e-01 0.000000000000000e+00 0.000000000000000e+00 7.997028045394321e-01 0.000000000000000e+00 0.000000000000000e+00 0.000000000000000e+00 0.000000000000000e+00 0.000000000000000e+00 0.000000000000000e+00 5.974044206041452e-01 0.000000000000000e+00 0.000000000000000e+00 5.624363472095348e-01 0.000000000000000e+00 0.000000000000000e+00 0.000000000000000e+00 0.000000000000000e+00 2.017724882778131e-01 