# File created on Tue Apr 30 13:33:02 2024
# The following metaparameters were used for this matrix optimization : gamma0 = 0.5; alpha0 = 0; sigma0 = 0.25; l0 = 1;p = 1; R0 = 1; S0 = 0.05; NR = 25; NS = 25; matrix path = matrices/Nr25_Nc25/consumption/RandTrix_Nr25_Nc25_Nest0.6_Conn0.2048.txt; convergence threshold = 1e-08
5.079151029063108e-01 1.379817554093203e+00 0.000000000000000e+00 0.000000000000000e+00 3.334939495480157e-01 1.921062565863812e+00 8.600421331562934e-01 0.000000000000000e+00 0.000000000000000e+00 3.544927962147826e-01 0.000000000000000e+00 4.212957978320720e-01 0.000000000000000e+00 0.000000000000000e+00 0.000000000000000e+00 0.000000000000000e+00 0.000000000000000e+00 0.000000000000000e+00 0.000000000000000e+00 0.000000000000000e+00 0.000000000000000e+00 1.509923887044199e-01 3.884206833642592e-01 2.034843215472421e+00 0.000000000000000e+00 
0.000000000000000e+00 0.000000000000000e+00 7.423495720568876e-01 1.069910792359364e+00 0.000000000000000e+00 0.000000000000000e+00 2.640895158970858e-01 1.290676332651754e+00 4.188401662555347e-01 0.000000000000000e+00 0.000000000000000e+00 0.000000000000000e+00 5.691540243701792e-01 0.000000000000000e+00 2.446271733232252e-02 7.202389564519195e-01 0.000000000000000e+00 0.000000000000000e+00 1.260367080065842e+00 0.000000000000000e+00 0.000000000000000e+00 0.000000000000000e+00 1.307368866792358e+00 0.000000000000000e+00 1.995956092021238e+00 
5.499523010199015e-01 8.934884189470638e-01 8.954925524321605e-01 4.054552202782495e-01 8.961268309600757e-01 0.000000000000000e+00 1.053508970717852e-01 2.502377327660728e-01 0.000000000000000e+00 0.000000000000000e+00 1.345966806619366e-03 5.370167980821750e-01 0.000000000000000e+00 0.000000000000000e+00 0.000000000000000e+00 0.000000000000000e+00 0.000000000000000e+00 0.000000000000000e+00 0.000000000000000e+00 0.000000000000000e+00 0.000000000000000e+00 0.000000000000000e+00 0.000000000000000e+00 1.079965240933212e+00 2.916622419275280e+00 
0.000000000000000e+00 1.380521806772181e+00 7.208674805714779e-01 0.000000000000000e+00 4.476652390946658e-01 0.000000000000000e+00 1.573149069874245e-01 0.000000000000000e+00 0.000000000000000e+00 0.000000000000000e+00 0.000000000000000e+00 0.000000000000000e+00 0.000000000000000e+00 2.043696645271140e-01 0.000000000000000e+00 0.000000000000000e+00 0.000000000000000e+00 0.000000000000000e+00 0.000000000000000e+00 3.867439424727330e-01 4.826276955285574e-01 0.000000000000000e+00 0.000000000000000e+00 6.577190300518853e-02 2.842429653261388e-01 
0.000000000000000e+00 8.688582758713703e-01 3.912866659193188e-01 2.827958498924650e-01 0.000000000000000e+00 0.000000000000000e+00 0.000000000000000e+00 0.000000000000000e+00 0.000000000000000e+00 1.314713840213277e-01 0.000000000000000e+00 0.000000000000000e+00 0.000000000000000e+00 0.000000000000000e+00 0.000000000000000e+00 0.000000000000000e+00 1.486052377247835e+00 0.000000000000000e+00 0.000000000000000e+00 3.037703308011688e-01 0.000000000000000e+00 0.000000000000000e+00 9.869608421524022e-02 0.000000000000000e+00 0.000000000000000e+00 
0.000000000000000e+00 2.043608246291647e-01 4.234886764227980e-01 0.000000000000000e+00 0.000000000000000e+00 0.000000000000000e+00 8.297632512854126e-01 3.746458174655160e-01 0.000000000000000e+00 0.000000000000000e+00 0.000000000000000e+00 0.000000000000000e+00 5.005277403013196e-01 7.401200845058723e-01 0.000000000000000e+00 0.000000000000000e+00 0.000000000000000e+00 0.000000000000000e+00 0.000000000000000e+00 0.000000000000000e+00 0.000000000000000e+00 0.000000000000000e+00 0.000000000000000e+00 0.000000000000000e+00 0.000000000000000e+00 
5.186516705801054e-01 0.000000000000000e+00 0.000000000000000e+00 6.152594939882216e-01 0.000000000000000e+00 0.000000000000000e+00 2.182415483620151e-01 0.000000000000000e+00 0.000000000000000e+00 0.000000000000000e+00 1.654422108455191e-01 0.000000000000000e+00 0.000000000000000e+00 0.000000000000000e+00 0.000000000000000e+00 7.097559978747024e-01 1.995739515049772e-01 0.000000000000000e+00 0.000000000000000e+00 3.144091453234836e-01 0.000000000000000e+00 0.000000000000000e+00 0.000000000000000e+00 0.000000000000000e+00 0.000000000000000e+00 
0.000000000000000e+00 0.000000000000000e+00 7.763220971170314e-01 0.000000000000000e+00 7.076822029917273e-01 5.036273175539236e-02 0.000000000000000e+00 0.000000000000000e+00 0.000000000000000e+00 3.367463924921591e-01 0.000000000000000e+00 0.000000000000000e+00 0.000000000000000e+00 1.725652470299218e-01 9.923383921548432e-03 0.000000000000000e+00 7.799199644280571e-02 0.000000000000000e+00 0.000000000000000e+00 1.005370339961812e-01 0.000000000000000e+00 0.000000000000000e+00 0.000000000000000e+00 0.000000000000000e+00 4.553081465661814e-01 
0.000000000000000e+00 0.000000000000000e+00 0.000000000000000e+00 8.110387883408499e-01 3.098442042341214e-01 1.394904356733330e-01 0.000000000000000e+00 0.000000000000000e+00 0.000000000000000e+00 0.000000000000000e+00 0.000000000000000e+00 0.000000000000000e+00 0.000000000000000e+00 0.000000000000000e+00 0.000000000000000e+00 0.000000000000000e+00 0.000000000000000e+00 0.000000000000000e+00 0.000000000000000e+00 0.000000000000000e+00 0.000000000000000e+00 1.184549555359451e+00 0.000000000000000e+00 0.000000000000000e+00 0.000000000000000e+00 
0.000000000000000e+00 9.531775630974364e-01 0.000000000000000e+00 0.000000000000000e+00 0.000000000000000e+00 0.000000000000000e+00 0.000000000000000e+00 4.405997545861600e-01 5.022247130307357e-01 0.000000000000000e+00 0.000000000000000e+00 0.000000000000000e+00 0.000000000000000e+00 0.000000000000000e+00 0.000000000000000e+00 8.657488400153374e-02 6.529471293078211e-01 0.000000000000000e+00 0.000000000000000e+00 0.000000000000000e+00 0.000000000000000e+00 0.000000000000000e+00 0.000000000000000e+00 0.000000000000000e+00 0.000000000000000e+00 
4.215714022341683e-01 4.865697974538017e-01 0.000000000000000e+00 0.000000000000000e+00 0.000000000000000e+00 0.000000000000000e+00 0.000000000000000e+00 0.000000000000000e+00 0.000000000000000e+00 0.000000000000000e+00 0.000000000000000e+00 0.000000000000000e+00 0.000000000000000e+00 0.000000000000000e+00 2.816514775169754e-02 0.000000000000000e+00 0.000000000000000e+00 0.000000000000000e+00 0.000000000000000e+00 0.000000000000000e+00 0.000000000000000e+00 6.076318470843862e-01 0.000000000000000e+00 0.000000000000000e+00 4.029138893172178e-01 
5.215792770506959e-01 0.000000000000000e+00 0.000000000000000e+00 0.000000000000000e+00 5.521479016283391e-01 0.000000000000000e+00 0.000000000000000e+00 0.000000000000000e+00 0.000000000000000e+00 0.000000000000000e+00 0.000000000000000e+00 0.000000000000000e+00 0.000000000000000e+00 0.000000000000000e+00 0.000000000000000e+00 0.000000000000000e+00 0.000000000000000e+00 0.000000000000000e+00 0.000000000000000e+00 0.000000000000000e+00 0.000000000000000e+00 0.000000000000000e+00 5.224135033748253e-01 0.000000000000000e+00 0.000000000000000e+00 
3.286112825862387e-01 0.000000000000000e+00 0.000000000000000e+00 0.000000000000000e+00 0.000000000000000e+00 0.000000000000000e+00 0.000000000000000e+00 5.560003010816179e-01 0.000000000000000e+00 0.000000000000000e+00 0.000000000000000e+00 0.000000000000000e+00 0.000000000000000e+00 0.000000000000000e+00 0.000000000000000e+00 1.165312772925261e-01 0.000000000000000e+00 0.000000000000000e+00 0.000000000000000e+00 0.000000000000000e+00 2.940313535996309e-01 1.020091896770788e-01 3.502095558297455e-01 0.000000000000000e+00 0.000000000000000e+00 
0.000000000000000e+00 0.000000000000000e+00 0.000000000000000e+00 5.971507358493673e-01 3.660295037086272e-01 0.000000000000000e+00 2.538576943200651e-01 0.000000000000000e+00 0.000000000000000e+00 0.000000000000000e+00 2.120602076396129e-01 0.000000000000000e+00 0.000000000000000e+00 0.000000000000000e+00 0.000000000000000e+00 0.000000000000000e+00 1.657452575874549e-01 0.000000000000000e+00 0.000000000000000e+00 1.783558901500609e-01 0.000000000000000e+00 0.000000000000000e+00 0.000000000000000e+00 0.000000000000000e+00 0.000000000000000e+00 
3.381994839419257e-01 0.000000000000000e+00 0.000000000000000e+00 0.000000000000000e+00 0.000000000000000e+00 0.000000000000000e+00 0.000000000000000e+00 0.000000000000000e+00 0.000000000000000e+00 0.000000000000000e+00 0.000000000000000e+00 0.000000000000000e+00 0.000000000000000e+00 0.000000000000000e+00 1.495796710549042e-01 0.000000000000000e+00 2.325838914311167e-01 0.000000000000000e+00 0.000000000000000e+00 0.000000000000000e+00 0.000000000000000e+00 2.839841328849110e-01 0.000000000000000e+00 0.000000000000000e+00 0.000000000000000e+00 
0.000000000000000e+00 0.000000000000000e+00 0.000000000000000e+00 0.000000000000000e+00 0.000000000000000e+00 0.000000000000000e+00 0.000000000000000e+00 0.000000000000000e+00 1.683555385776676e-01 0.000000000000000e+00 4.306161530051542e-01 0.000000000000000e+00 0.000000000000000e+00 0.000000000000000e+00 0.000000000000000e+00 0.000000000000000e+00 0.000000000000000e+00 0.000000000000000e+00 0.000000000000000e+00 0.000000000000000e+00 0.000000000000000e+00 0.000000000000000e+00 0.000000000000000e+00 0.000000000000000e+00 3.298782909431231e-01 
0.000000000000000e+00 0.000000000000000e+00 6.009227782850415e-01 0.000000000000000e+00 0.000000000000000e+00 0.000000000000000e+00 0.000000000000000e+00 0.000000000000000e+00 0.000000000000000e+00 0.000000000000000e+00 0.000000000000000e+00 0.000000000000000e+00 0.000000000000000e+00 0.000000000000000e+00 0.000000000000000e+00 0.000000000000000e+00 0.000000000000000e+00 0.000000000000000e+00 0.000000000000000e+00 0.000000000000000e+00 0.000000000000000e+00 0.000000000000000e+00 0.000000000000000e+00 0.000000000000000e+00 5.378318662027402e-01 
0.000000000000000e+00 0.000000000000000e+00 0.000000000000000e+00 0.000000000000000e+00 0.000000000000000e+00 0.000000000000000e+00 2.598108858428359e-01 6.642313622272543e-01 0.000000000000000e+00 0.000000000000000e+00 0.000000000000000e+00 0.000000000000000e+00 0.000000000000000e+00 3.162302592495912e-01 0.000000000000000e+00 0.000000000000000e+00 0.000000000000000e+00 0.000000000000000e+00 0.000000000000000e+00 0.000000000000000e+00 0.000000000000000e+00 0.000000000000000e+00 0.000000000000000e+00 0.000000000000000e+00 0.000000000000000e+00 
4.065563957942478e-01 0.000000000000000e+00 0.000000000000000e+00 4.053032761867674e-01 7.132057288227945e-02 0.000000000000000e+00 0.000000000000000e+00 0.000000000000000e+00 0.000000000000000e+00 0.000000000000000e+00 5.741132012317052e-02 0.000000000000000e+00 0.000000000000000e+00 0.000000000000000e+00 0.000000000000000e+00 1.578133875086843e-01 0.000000000000000e+00 0.000000000000000e+00 0.000000000000000e+00 0.000000000000000e+00 0.000000000000000e+00 0.000000000000000e+00 0.000000000000000e+00 0.000000000000000e+00 0.000000000000000e+00 
0.000000000000000e+00 0.000000000000000e+00 6.539826759554582e-01 0.000000000000000e+00 0.000000000000000e+00 2.581931283724906e-01 0.000000000000000e+00 0.000000000000000e+00 0.000000000000000e+00 0.000000000000000e+00 0.000000000000000e+00 0.000000000000000e+00 0.000000000000000e+00 2.023557882736268e-01 0.000000000000000e+00 0.000000000000000e+00 0.000000000000000e+00 0.000000000000000e+00 0.000000000000000e+00 0.000000000000000e+00 0.000000000000000e+00 0.000000000000000e+00 0.000000000000000e+00 0.000000000000000e+00 0.000000000000000e+00 
0.000000000000000e+00 0.000000000000000e+00 0.000000000000000e+00 0.000000000000000e+00 0.000000000000000e+00 0.000000000000000e+00 0.000000000000000e+00 0.000000000000000e+00 3.231145870529330e-01 0.000000000000000e+00 6.172470647443761e-02 0.000000000000000e+00 0.000000000000000e+00 0.000000000000000e+00 0.000000000000000e+00 0.000000000000000e+00 0.000000000000000e+00 0.000000000000000e+00 0.000000000000000e+00 0.000000000000000e+00 0.000000000000000e+00 0.000000000000000e+00 0.000000000000000e+00 8.713751076289398e-01 7.889834392471478e-01 
3.981944587613633e-01 0.000000000000000e+00 0.000000000000000e+00 0.000000000000000e+00 5.963228851312022e-01 0.000000000000000e+00 0.000000000000000e+00 0.000000000000000e+00 0.000000000000000e+00 0.000000000000000e+00 0.000000000000000e+00 0.000000000000000e+00 0.000000000000000e+00 0.000000000000000e+00 0.000000000000000e+00 2.767640758103564e-02 0.000000000000000e+00 0.000000000000000e+00 0.000000000000000e+00 0.000000000000000e+00 0.000000000000000e+00 0.000000000000000e+00 0.000000000000000e+00 0.000000000000000e+00 0.000000000000000e+00 
0.000000000000000e+00 0.000000000000000e+00 3.876839337036486e-01 0.000000000000000e+00 0.000000000000000e+00 0.000000000000000e+00 0.000000000000000e+00 0.000000000000000e+00 0.000000000000000e+00 0.000000000000000e+00 0.000000000000000e+00 0.000000000000000e+00 0.000000000000000e+00 0.000000000000000e+00 0.000000000000000e+00 0.000000000000000e+00 0.000000000000000e+00 0.000000000000000e+00 0.000000000000000e+00 0.000000000000000e+00 0.000000000000000e+00 0.000000000000000e+00 0.000000000000000e+00 0.000000000000000e+00 0.000000000000000e+00 
0.000000000000000e+00 0.000000000000000e+00 0.000000000000000e+00 0.000000000000000e+00 0.000000000000000e+00 0.000000000000000e+00 0.000000000000000e+00 0.000000000000000e+00 0.000000000000000e+00 0.000000000000000e+00 0.000000000000000e+00 1.978883599623625e-01 0.000000000000000e+00 1.578191962809445e-01 0.000000000000000e+00 0.000000000000000e+00 0.000000000000000e+00 0.000000000000000e+00 0.000000000000000e+00 0.000000000000000e+00 0.000000000000000e+00 0.000000000000000e+00 0.000000000000000e+00 0.000000000000000e+00 0.000000000000000e+00 
0.000000000000000e+00 0.000000000000000e+00 0.000000000000000e+00 0.000000000000000e+00 3.919577681471147e-01 0.000000000000000e+00 0.000000000000000e+00 0.000000000000000e+00 0.000000000000000e+00 0.000000000000000e+00 0.000000000000000e+00 0.000000000000000e+00 0.000000000000000e+00 0.000000000000000e+00 0.000000000000000e+00 0.000000000000000e+00 0.000000000000000e+00 0.000000000000000e+00 0.000000000000000e+00 8.827239746551110e-02 3.035185902909236e-02 0.000000000000000e+00 3.610137956544523e-02 0.000000000000000e+00 0.000000000000000e+00 