# File created on Tue Apr 30 12:09:42 2024
# The following metaparameters were used for this matrix optimization : gamma0 = 0.5; alpha0 = 0; sigma0 = 0.25; l0 = 1;p = 1; R0 = 1; S0 = 0.05; NR = 25; NS = 25; matrix path = matrices/Nr25_Nc25/consumption/RandTrix_Nr25_Nc25_Nest0.55_Conn0.3824.txt; convergence threshold = 1e-08
1.119835560084754e+00 0.000000000000000e+00 1.444674894815624e-01 9.288455324904930e-01 0.000000000000000e+00 0.000000000000000e+00 4.550520698310194e-01 0.000000000000000e+00 1.391575350003953e+00 0.000000000000000e+00 0.000000000000000e+00 0.000000000000000e+00 0.000000000000000e+00 2.851842471236066e-01 1.423089286397584e+00 0.000000000000000e+00 0.000000000000000e+00 0.000000000000000e+00 0.000000000000000e+00 3.225406943292670e-03 0.000000000000000e+00 0.000000000000000e+00 0.000000000000000e+00 0.000000000000000e+00 0.000000000000000e+00 
4.764150584940531e-01 6.202388312559653e-01 1.476899253897519e+00 0.000000000000000e+00 0.000000000000000e+00 9.881651149083670e-01 0.000000000000000e+00 0.000000000000000e+00 0.000000000000000e+00 0.000000000000000e+00 4.703769201789671e-01 6.129622674586526e-01 0.000000000000000e+00 0.000000000000000e+00 0.000000000000000e+00 1.829607866431802e-02 0.000000000000000e+00 0.000000000000000e+00 0.000000000000000e+00 2.033678404817957e-01 0.000000000000000e+00 7.121449126573486e-01 0.000000000000000e+00 0.000000000000000e+00 0.000000000000000e+00 
4.193263203248769e-01 5.280738298211103e-01 0.000000000000000e+00 3.127562378957769e-01 9.523379203109234e-01 0.000000000000000e+00 0.000000000000000e+00 0.000000000000000e+00 8.158221353426817e-01 0.000000000000000e+00 8.001464900578063e-01 0.000000000000000e+00 6.866157908863946e-01 1.242799343861056e-01 0.000000000000000e+00 0.000000000000000e+00 6.854221390246574e-02 0.000000000000000e+00 1.670573573632241e+00 8.152953000786392e-01 0.000000000000000e+00 0.000000000000000e+00 0.000000000000000e+00 0.000000000000000e+00 0.000000000000000e+00 
0.000000000000000e+00 0.000000000000000e+00 4.431830783903120e-01 6.582826152349918e-01 0.000000000000000e+00 7.112223226516703e-01 0.000000000000000e+00 2.389977243268350e+00 5.193360279370765e-01 0.000000000000000e+00 0.000000000000000e+00 0.000000000000000e+00 0.000000000000000e+00 7.296853750445956e-01 7.910921318705776e-01 0.000000000000000e+00 3.426730697325563e-01 0.000000000000000e+00 0.000000000000000e+00 0.000000000000000e+00 0.000000000000000e+00 0.000000000000000e+00 0.000000000000000e+00 0.000000000000000e+00 9.374074865098598e-01 
0.000000000000000e+00 0.000000000000000e+00 1.209949609403714e+00 0.000000000000000e+00 0.000000000000000e+00 1.377660199236716e+00 3.111334613416722e-01 0.000000000000000e+00 2.654452056705446e-01 0.000000000000000e+00 0.000000000000000e+00 9.843462864341893e-01 0.000000000000000e+00 0.000000000000000e+00 4.839112054866059e-01 0.000000000000000e+00 0.000000000000000e+00 0.000000000000000e+00 0.000000000000000e+00 1.616424590540370e-01 0.000000000000000e+00 0.000000000000000e+00 0.000000000000000e+00 0.000000000000000e+00 0.000000000000000e+00 
6.226359766647914e-02 1.185817156432071e+00 3.430707840951140e-01 1.181797139901817e+00 6.180983048856167e-01 0.000000000000000e+00 0.000000000000000e+00 1.802269250968221e-01 0.000000000000000e+00 0.000000000000000e+00 0.000000000000000e+00 0.000000000000000e+00 0.000000000000000e+00 1.166693326908776e+00 0.000000000000000e+00 0.000000000000000e+00 0.000000000000000e+00 0.000000000000000e+00 3.358075679399094e-01 1.137638500485416e-01 0.000000000000000e+00 0.000000000000000e+00 0.000000000000000e+00 0.000000000000000e+00 0.000000000000000e+00 
6.477642283566319e-02 0.000000000000000e+00 5.494333120936019e-01 0.000000000000000e+00 3.083779190461233e-01 1.458372288228654e+00 0.000000000000000e+00 7.374972815271300e-01 0.000000000000000e+00 2.052079930857795e-01 0.000000000000000e+00 5.997064493409412e-01 1.214295868921223e-01 0.000000000000000e+00 5.557782760618043e-01 0.000000000000000e+00 0.000000000000000e+00 8.884031092694103e-01 0.000000000000000e+00 0.000000000000000e+00 0.000000000000000e+00 0.000000000000000e+00 0.000000000000000e+00 0.000000000000000e+00 0.000000000000000e+00 
0.000000000000000e+00 8.349770322691000e-01 0.000000000000000e+00 7.040398370401634e-01 9.131578660401987e-01 0.000000000000000e+00 0.000000000000000e+00 7.311758727818062e-01 0.000000000000000e+00 0.000000000000000e+00 0.000000000000000e+00 5.549993559112664e-01 0.000000000000000e+00 5.993079628692979e-01 0.000000000000000e+00 0.000000000000000e+00 0.000000000000000e+00 0.000000000000000e+00 0.000000000000000e+00 0.000000000000000e+00 0.000000000000000e+00 0.000000000000000e+00 0.000000000000000e+00 0.000000000000000e+00 0.000000000000000e+00 
0.000000000000000e+00 4.693748150250433e-01 3.985309590672152e-01 0.000000000000000e+00 1.590045862939976e+00 0.000000000000000e+00 0.000000000000000e+00 0.000000000000000e+00 0.000000000000000e+00 0.000000000000000e+00 5.794220647462927e-01 0.000000000000000e+00 0.000000000000000e+00 1.194635082684747e+00 7.911216572194885e-02 0.000000000000000e+00 5.949493573199599e-01 0.000000000000000e+00 0.000000000000000e+00 0.000000000000000e+00 3.772705864835131e-01 0.000000000000000e+00 0.000000000000000e+00 5.285680767800474e-01 0.000000000000000e+00 
0.000000000000000e+00 0.000000000000000e+00 1.200099743370218e+00 0.000000000000000e+00 9.259885609183852e-01 0.000000000000000e+00 1.053910758053377e-01 0.000000000000000e+00 0.000000000000000e+00 0.000000000000000e+00 0.000000000000000e+00 0.000000000000000e+00 0.000000000000000e+00 0.000000000000000e+00 5.770608275545459e-01 2.554422918657657e-01 8.930583205476135e-01 8.063856632620801e-01 0.000000000000000e+00 1.092543003226308e+00 0.000000000000000e+00 0.000000000000000e+00 0.000000000000000e+00 0.000000000000000e+00 0.000000000000000e+00 
0.000000000000000e+00 7.498979411246270e-02 8.168893413092238e-01 9.052459867199655e-01 0.000000000000000e+00 1.016283567190974e+00 0.000000000000000e+00 2.418141632336772e-01 0.000000000000000e+00 0.000000000000000e+00 0.000000000000000e+00 1.231755924208100e+00 0.000000000000000e+00 0.000000000000000e+00 0.000000000000000e+00 0.000000000000000e+00 0.000000000000000e+00 0.000000000000000e+00 0.000000000000000e+00 0.000000000000000e+00 0.000000000000000e+00 0.000000000000000e+00 4.886824530493687e-01 0.000000000000000e+00 0.000000000000000e+00 
0.000000000000000e+00 0.000000000000000e+00 6.620265895471916e-01 4.883151696385489e-01 8.199694920994809e-01 0.000000000000000e+00 0.000000000000000e+00 0.000000000000000e+00 4.723290048961990e-01 0.000000000000000e+00 0.000000000000000e+00 0.000000000000000e+00 1.650698889554054e-01 9.226082155657755e-01 0.000000000000000e+00 0.000000000000000e+00 8.891473375671359e-01 0.000000000000000e+00 0.000000000000000e+00 0.000000000000000e+00 0.000000000000000e+00 0.000000000000000e+00 5.593835345276693e-01 0.000000000000000e+00 0.000000000000000e+00 
1.911792965688675e-01 0.000000000000000e+00 7.066343845071552e-01 0.000000000000000e+00 8.790026954276617e-01 0.000000000000000e+00 0.000000000000000e+00 0.000000000000000e+00 5.281578188317624e-01 0.000000000000000e+00 3.392837422896918e-01 0.000000000000000e+00 0.000000000000000e+00 2.855009089600343e-01 0.000000000000000e+00 0.000000000000000e+00 0.000000000000000e+00 5.590091258510883e-01 0.000000000000000e+00 0.000000000000000e+00 3.032185277693678e-01 0.000000000000000e+00 0.000000000000000e+00 0.000000000000000e+00 0.000000000000000e+00 
6.686113556377405e-01 0.000000000000000e+00 5.192103130086685e-01 8.554118232281755e-01 1.520433059331339e-02 0.000000000000000e+00 0.000000000000000e+00 1.280015941682720e-01 0.000000000000000e+00 0.000000000000000e+00 0.000000000000000e+00 0.000000000000000e+00 0.000000000000000e+00 0.000000000000000e+00 0.000000000000000e+00 0.000000000000000e+00 0.000000000000000e+00 0.000000000000000e+00 0.000000000000000e+00 0.000000000000000e+00 0.000000000000000e+00 1.283092931771589e+00 0.000000000000000e+00 0.000000000000000e+00 2.421448349058237e-01 
4.198596529795930e-01 6.336184156847141e-01 0.000000000000000e+00 1.425670027920996e+00 0.000000000000000e+00 1.199462118392378e-02 0.000000000000000e+00 0.000000000000000e+00 0.000000000000000e+00 0.000000000000000e+00 0.000000000000000e+00 0.000000000000000e+00 0.000000000000000e+00 0.000000000000000e+00 6.999659299277871e-01 0.000000000000000e+00 0.000000000000000e+00 0.000000000000000e+00 0.000000000000000e+00 0.000000000000000e+00 3.260825649982657e-01 0.000000000000000e+00 0.000000000000000e+00 0.000000000000000e+00 0.000000000000000e+00 
0.000000000000000e+00 7.140778264947023e-01 0.000000000000000e+00 0.000000000000000e+00 0.000000000000000e+00 0.000000000000000e+00 2.738678770129874e-01 0.000000000000000e+00 3.925882587545461e-01 8.880123944484706e-01 0.000000000000000e+00 0.000000000000000e+00 0.000000000000000e+00 2.150045460224432e-01 0.000000000000000e+00 0.000000000000000e+00 0.000000000000000e+00 0.000000000000000e+00 0.000000000000000e+00 0.000000000000000e+00 5.494907310403089e-01 0.000000000000000e+00 0.000000000000000e+00 8.928739867402073e-01 0.000000000000000e+00 
0.000000000000000e+00 0.000000000000000e+00 0.000000000000000e+00 0.000000000000000e+00 1.001733349155901e+00 0.000000000000000e+00 0.000000000000000e+00 0.000000000000000e+00 2.875364151037847e-01 6.021464464841114e-01 0.000000000000000e+00 0.000000000000000e+00 1.024876980946164e-01 0.000000000000000e+00 0.000000000000000e+00 9.179787186249452e-01 5.817312536314135e-01 0.000000000000000e+00 0.000000000000000e+00 0.000000000000000e+00 0.000000000000000e+00 0.000000000000000e+00 4.244827261331219e-01 1.249232099048338e+00 0.000000000000000e+00 
0.000000000000000e+00 2.561145134950702e-01 0.000000000000000e+00 1.255687054158521e+00 5.169301639597021e-01 0.000000000000000e+00 0.000000000000000e+00 0.000000000000000e+00 1.179452290992939e-01 0.000000000000000e+00 0.000000000000000e+00 0.000000000000000e+00 0.000000000000000e+00 0.000000000000000e+00 0.000000000000000e+00 0.000000000000000e+00 0.000000000000000e+00 0.000000000000000e+00 0.000000000000000e+00 0.000000000000000e+00 0.000000000000000e+00 0.000000000000000e+00 0.000000000000000e+00 0.000000000000000e+00 1.462299119657046e+00 
0.000000000000000e+00 0.000000000000000e+00 0.000000000000000e+00 1.558650678717608e-01 0.000000000000000e+00 1.294586456855405e+00 0.000000000000000e+00 3.064111007307971e-01 9.454425140906867e-01 2.546077842904731e-01 0.000000000000000e+00 0.000000000000000e+00 0.000000000000000e+00 0.000000000000000e+00 0.000000000000000e+00 0.000000000000000e+00 0.000000000000000e+00 6.131421991100212e-01 0.000000000000000e+00 0.000000000000000e+00 0.000000000000000e+00 0.000000000000000e+00 0.000000000000000e+00 1.197582686963468e-01 0.000000000000000e+00 
0.000000000000000e+00 0.000000000000000e+00 7.772527876209609e-01 1.321872022372772e-01 4.687214439665214e-01 0.000000000000000e+00 0.000000000000000e+00 0.000000000000000e+00 1.132910736391762e+00 0.000000000000000e+00 0.000000000000000e+00 0.000000000000000e+00 0.000000000000000e+00 9.480282155269493e-02 0.000000000000000e+00 0.000000000000000e+00 0.000000000000000e+00 0.000000000000000e+00 3.106460670862964e-01 0.000000000000000e+00 0.000000000000000e+00 5.953111973714088e-03 0.000000000000000e+00 7.014179627519221e-02 0.000000000000000e+00 
0.000000000000000e+00 0.000000000000000e+00 0.000000000000000e+00 7.733307548641013e-01 1.670719374375102e-01 8.016942749835637e-01 4.028222518399636e-01 0.000000000000000e+00 0.000000000000000e+00 1.341242830270611e-02 2.599082885875834e-01 0.000000000000000e+00 0.000000000000000e+00 0.000000000000000e+00 0.000000000000000e+00 0.000000000000000e+00 0.000000000000000e+00 0.000000000000000e+00 0.000000000000000e+00 0.000000000000000e+00 0.000000000000000e+00 0.000000000000000e+00 0.000000000000000e+00 0.000000000000000e+00 0.000000000000000e+00 
0.000000000000000e+00 0.000000000000000e+00 6.413271432359113e-01 0.000000000000000e+00 0.000000000000000e+00 0.000000000000000e+00 0.000000000000000e+00 1.951478005080185e-01 0.000000000000000e+00 0.000000000000000e+00 0.000000000000000e+00 3.981441641968282e-01 0.000000000000000e+00 0.000000000000000e+00 0.000000000000000e+00 0.000000000000000e+00 1.253954524852726e-01 3.576107816635609e-01 0.000000000000000e+00 0.000000000000000e+00 0.000000000000000e+00 8.972807197375997e-01 0.000000000000000e+00 2.804342917023851e-01 0.000000000000000e+00 
0.000000000000000e+00 0.000000000000000e+00 1.068247772021687e-01 2.182152207806560e-02 0.000000000000000e+00 0.000000000000000e+00 1.015496293235371e+00 0.000000000000000e+00 0.000000000000000e+00 0.000000000000000e+00 4.913461366396077e-01 0.000000000000000e+00 2.555897997017540e-01 0.000000000000000e+00 0.000000000000000e+00 0.000000000000000e+00 0.000000000000000e+00 0.000000000000000e+00 0.000000000000000e+00 0.000000000000000e+00 0.000000000000000e+00 0.000000000000000e+00 1.125863607606048e+00 5.012290173846202e-01 3.908256729835635e-01 
3.438543096136935e-01 0.000000000000000e+00 4.483962059793163e-01 0.000000000000000e+00 0.000000000000000e+00 0.000000000000000e+00 0.000000000000000e+00 0.000000000000000e+00 0.000000000000000e+00 6.831785664507354e-01 0.000000000000000e+00 0.000000000000000e+00 0.000000000000000e+00 0.000000000000000e+00 0.000000000000000e+00 0.000000000000000e+00 0.000000000000000e+00 0.000000000000000e+00 1.810769847690164e-01 0.000000000000000e+00 0.000000000000000e+00 3.691520917183554e-01 0.000000000000000e+00 0.000000000000000e+00 0.000000000000000e+00 
4.032467837540508e-01 0.000000000000000e+00 0.000000000000000e+00 0.000000000000000e+00 2.876314886546017e-01 3.176078037385133e-01 0.000000000000000e+00 0.000000000000000e+00 0.000000000000000e+00 0.000000000000000e+00 0.000000000000000e+00 0.000000000000000e+00 0.000000000000000e+00 0.000000000000000e+00 0.000000000000000e+00 0.000000000000000e+00 0.000000000000000e+00 0.000000000000000e+00 0.000000000000000e+00 0.000000000000000e+00 0.000000000000000e+00 0.000000000000000e+00 4.944172477208707e-01 0.000000000000000e+00 5.838545470049675e-01 