# File created on Fri May 17 15:41:56 2024
# The following metaparameters were used for this matrix optimization : gamma0 = 0.5; alpha0 = 0; sigma0 = 0.25; l0 = 1;p = 1; R0 = 1; S0 = 0.05; NR = 25; NS = 25; matrix path = matrices/Nr25_Nc25/consumption/RandTrix_Nr25_Nc25_Nest0.3_Conn0.2816.txt; convergence threshold = 1e-08
0.000000000000000e+00 1.213573915186260e-03 0.000000000000000e+00 0.000000000000000e+00 3.078351373515068e-03 3.714397636426069e-03 0.000000000000000e+00 1.387785286227250e-03 0.000000000000000e+00 0.000000000000000e+00 3.775658734401096e-03 0.000000000000000e+00 0.000000000000000e+00 0.000000000000000e+00 0.000000000000000e+00 1.908869665084379e-03 0.000000000000000e+00 9.820720596583564e-04 2.929228279959635e-03 0.000000000000000e+00 1.102472887396377e-03 1.330473991050792e-03 0.000000000000000e+00 0.000000000000000e+00 4.925219531305108e-03 
2.158840629615947e-03 0.000000000000000e+00 0.000000000000000e+00 1.473483408328285e-04 3.857006202130543e-04 0.000000000000000e+00 4.342973071885477e-03 4.357941996365329e-03 3.509590620872602e-04 0.000000000000000e+00 0.000000000000000e+00 0.000000000000000e+00 0.000000000000000e+00 0.000000000000000e+00 1.580885340025036e-03 0.000000000000000e+00 3.522936920160238e-03 0.000000000000000e+00 0.000000000000000e+00 2.355600498207637e-03 2.565228195795980e-03 0.000000000000000e+00 0.000000000000000e+00 2.515640421409902e-03 8.283128447726829e-04 
2.230322869344179e-03 0.000000000000000e+00 8.932783951836787e-04 0.000000000000000e+00 0.000000000000000e+00 2.470525159535920e-03 0.000000000000000e+00 3.533990559575541e-03 4.690012449876078e-03 2.896970851040428e-03 3.651557833011909e-03 0.000000000000000e+00 0.000000000000000e+00 4.809257890248588e-03 1.143630185249748e-03 0.000000000000000e+00 2.277229133506624e-04 4.931349258241661e-03 0.000000000000000e+00 0.000000000000000e+00 0.000000000000000e+00 0.000000000000000e+00 0.000000000000000e+00 0.000000000000000e+00 0.000000000000000e+00 
0.000000000000000e+00 3.022373440104634e-04 0.000000000000000e+00 0.000000000000000e+00 0.000000000000000e+00 4.358837377392021e-03 3.629676859092077e-03 7.637421733547055e-04 2.717073457163664e-04 4.335929579211707e-03 4.092818429596988e-03 3.438699242893885e-03 0.000000000000000e+00 0.000000000000000e+00 0.000000000000000e+00 4.487627314089191e-03 0.000000000000000e+00 1.495998684250185e-04 3.464014893375600e-03 0.000000000000000e+00 0.000000000000000e+00 0.000000000000000e+00 2.575161638673771e-03 0.000000000000000e+00 1.126766961267197e-03 
0.000000000000000e+00 1.927447905923566e-04 0.000000000000000e+00 3.083735726875188e-04 2.588137451129000e-03 2.805277523669724e-03 4.228532049806989e-03 0.000000000000000e+00 0.000000000000000e+00 1.140000157189323e-03 2.417425007417499e-03 1.210699196409658e-03 7.549410733492092e-04 0.000000000000000e+00 4.089470296895224e-03 0.000000000000000e+00 3.162483128279601e-03 0.000000000000000e+00 3.693619949348749e-03 0.000000000000000e+00 3.345934221412323e-03 0.000000000000000e+00 3.899442583132736e-03 3.601612757770854e-03 0.000000000000000e+00 
0.000000000000000e+00 0.000000000000000e+00 0.000000000000000e+00 2.327728573345708e-03 2.704632448164520e-03 0.000000000000000e+00 0.000000000000000e+00 3.328027197043093e-03 0.000000000000000e+00 0.000000000000000e+00 8.335458488868710e-04 3.503560421933185e-03 2.948099103951763e-03 0.000000000000000e+00 3.700494713348440e-03 2.197605951245038e-03 1.689965965837428e-03 3.267496875897967e-03 0.000000000000000e+00 0.000000000000000e+00 1.046676907563648e-03 1.819907669399719e-03 2.199953645221140e-03 0.000000000000000e+00 0.000000000000000e+00 
7.906706194163709e-05 0.000000000000000e+00 0.000000000000000e+00 0.000000000000000e+00 0.000000000000000e+00 4.152404336719369e-03 0.000000000000000e+00 0.000000000000000e+00 0.000000000000000e+00 4.364366726458840e-03 2.881759600547547e-03 0.000000000000000e+00 0.000000000000000e+00 0.000000000000000e+00 4.881367986029480e-03 1.250897516902176e-03 2.495398708697697e-03 0.000000000000000e+00 0.000000000000000e+00 0.000000000000000e+00 1.114322213984189e-03 4.643389629783843e-03 4.535670979783831e-03 3.756869040923603e-03 2.974615278623445e-03 
1.121997211924177e-03 2.472105566615344e-03 0.000000000000000e+00 1.206503220652004e-03 2.226895004722687e-04 4.577716769417722e-03 0.000000000000000e+00 1.980785665239211e-03 0.000000000000000e+00 0.000000000000000e+00 3.626838745178600e-03 0.000000000000000e+00 0.000000000000000e+00 0.000000000000000e+00 4.010663684145410e-03 0.000000000000000e+00 0.000000000000000e+00 0.000000000000000e+00 3.003997229023386e-03 3.340807719234976e-03 3.302558427966885e-03 0.000000000000000e+00 0.000000000000000e+00 3.536635452383198e-03 0.000000000000000e+00 
0.000000000000000e+00 0.000000000000000e+00 0.000000000000000e+00 0.000000000000000e+00 0.000000000000000e+00 0.000000000000000e+00 1.212110499705701e-03 0.000000000000000e+00 3.252978387753605e-03 0.000000000000000e+00 2.366270230125990e-03 0.000000000000000e+00 0.000000000000000e+00 5.779634474657255e-04 0.000000000000000e+00 0.000000000000000e+00 0.000000000000000e+00 0.000000000000000e+00 0.000000000000000e+00 0.000000000000000e+00 1.113890427654565e-03 0.000000000000000e+00 3.661597243203178e-03 4.889884750530023e-03 2.512292302402705e-03 
0.000000000000000e+00 0.000000000000000e+00 0.000000000000000e+00 2.684382102775564e-03 0.000000000000000e+00 0.000000000000000e+00 0.000000000000000e+00 4.498437402444803e-03 0.000000000000000e+00 1.446889664082050e-03 0.000000000000000e+00 0.000000000000000e+00 7.409418100993621e-05 1.228422200396931e-03 1.276173055701982e-03 0.000000000000000e+00 0.000000000000000e+00 7.953128176903608e-04 0.000000000000000e+00 2.257804567168281e-03 3.881910522121864e-03 6.737640851547953e-04 0.000000000000000e+00 5.666113247800226e-04 0.000000000000000e+00 
0.000000000000000e+00 4.709169886530046e-03 1.596626801338440e-03 0.000000000000000e+00 0.000000000000000e+00 0.000000000000000e+00 9.373734855520264e-04 3.790773790707827e-03 6.516248215305001e-04 4.855193352110751e-03 9.844699064183819e-04 0.000000000000000e+00 3.825162196263243e-03 0.000000000000000e+00 1.225182624017927e-03 4.393498780565310e-03 0.000000000000000e+00 0.000000000000000e+00 2.540794475999652e-04 0.000000000000000e+00 0.000000000000000e+00 0.000000000000000e+00 0.000000000000000e+00 3.912966979167011e-03 0.000000000000000e+00 
0.000000000000000e+00 4.301644109541961e-03 0.000000000000000e+00 0.000000000000000e+00 0.000000000000000e+00 0.000000000000000e+00 0.000000000000000e+00 0.000000000000000e+00 7.032698266423715e-04 4.010039956182256e-03 4.331078190906420e-04 0.000000000000000e+00 0.000000000000000e+00 0.000000000000000e+00 4.995439671092677e-03 2.226103902066750e-04 3.526486529913556e-03 0.000000000000000e+00 0.000000000000000e+00 4.445478319244344e-03 3.205925815388073e-03 4.773519127332893e-03 0.000000000000000e+00 0.000000000000000e+00 1.530382225850263e-03 
4.176251962103500e-03 0.000000000000000e+00 0.000000000000000e+00 4.344668327520393e-03 2.119219834510944e-03 0.000000000000000e+00 3.371796503767951e-03 1.311014959592815e-04 1.719985248285442e-03 0.000000000000000e+00 2.221412799115310e-03 6.820219905311447e-04 4.913570829261773e-03 0.000000000000000e+00 0.000000000000000e+00 3.893103274026225e-03 0.000000000000000e+00 0.000000000000000e+00 0.000000000000000e+00 0.000000000000000e+00 0.000000000000000e+00 0.000000000000000e+00 1.628378298842702e-03 0.000000000000000e+00 2.345187962555233e-03 
0.000000000000000e+00 0.000000000000000e+00 0.000000000000000e+00 3.235889730118536e-04 6.089981957817565e-04 0.000000000000000e+00 2.682563506194590e-03 2.257096690816688e-03 4.557427732902040e-03 0.000000000000000e+00 3.820710945281684e-03 1.279891245961056e-03 0.000000000000000e+00 0.000000000000000e+00 4.890623413191642e-03 0.000000000000000e+00 0.000000000000000e+00 4.633572339789135e-03 0.000000000000000e+00 0.000000000000000e+00 0.000000000000000e+00 0.000000000000000e+00 0.000000000000000e+00 3.632978889811985e-03 0.000000000000000e+00 
1.623520105694586e-03 4.471903713717443e-03 0.000000000000000e+00 4.882060638476212e-03 4.967593285847246e-03 0.000000000000000e+00 0.000000000000000e+00 0.000000000000000e+00 0.000000000000000e+00 2.476111497357840e-03 0.000000000000000e+00 0.000000000000000e+00 0.000000000000000e+00 1.004290791005110e-03 2.766092684087398e-03 3.461268088724444e-03 1.573764485145866e-03 0.000000000000000e+00 1.835278787471172e-03 0.000000000000000e+00 6.810837128279640e-04 0.000000000000000e+00 0.000000000000000e+00 0.000000000000000e+00 0.000000000000000e+00 
0.000000000000000e+00 0.000000000000000e+00 3.308137815750466e-03 0.000000000000000e+00 4.094732106799319e-03 0.000000000000000e+00 4.294076555821399e-03 0.000000000000000e+00 2.994220107405262e-03 4.836928407255483e-04 0.000000000000000e+00 0.000000000000000e+00 3.867400512067433e-03 2.554706705230060e-03 0.000000000000000e+00 0.000000000000000e+00 0.000000000000000e+00 1.128535327560637e-03 4.556309141779213e-03 0.000000000000000e+00 0.000000000000000e+00 0.000000000000000e+00 0.000000000000000e+00 4.937755240719086e-03 0.000000000000000e+00 
0.000000000000000e+00 0.000000000000000e+00 0.000000000000000e+00 1.196436779125810e-03 0.000000000000000e+00 1.745560610296513e-03 0.000000000000000e+00 0.000000000000000e+00 1.616960104617904e-03 0.000000000000000e+00 3.456027717599625e-03 9.313905908839930e-04 0.000000000000000e+00 3.287225658263463e-03 0.000000000000000e+00 0.000000000000000e+00 3.645573189810250e-03 6.661921365961408e-04 0.000000000000000e+00 2.043599766048735e-03 0.000000000000000e+00 0.000000000000000e+00 2.218889330649149e-04 0.000000000000000e+00 4.730086878539089e-03 
4.786277896023702e-03 5.332456716116262e-04 0.000000000000000e+00 4.849719701565678e-03 4.306928063929845e-03 0.000000000000000e+00 0.000000000000000e+00 0.000000000000000e+00 0.000000000000000e+00 0.000000000000000e+00 0.000000000000000e+00 2.087259664221386e-03 0.000000000000000e+00 0.000000000000000e+00 7.153195450849840e-04 1.656156623067010e-03 3.664183052645592e-03 0.000000000000000e+00 0.000000000000000e+00 2.359228876486787e-03 0.000000000000000e+00 3.531260406777758e-03 0.000000000000000e+00 0.000000000000000e+00 4.583044963443085e-03 
0.000000000000000e+00 1.271979284941078e-03 1.099021225435162e-03 0.000000000000000e+00 4.433864859140809e-03 0.000000000000000e+00 8.906625145131605e-04 0.000000000000000e+00 4.082875589925333e-03 0.000000000000000e+00 3.311334794279355e-03 4.255506490576646e-03 4.741135916997827e-05 0.000000000000000e+00 5.159418999493976e-04 0.000000000000000e+00 4.436531309124076e-03 2.628148797954343e-03 0.000000000000000e+00 0.000000000000000e+00 4.675577309982728e-03 3.142179068287637e-03 3.406899371062922e-03 3.093199664426202e-03 0.000000000000000e+00 
1.315997185806442e-03 0.000000000000000e+00 0.000000000000000e+00 0.000000000000000e+00 2.265874167482303e-03 0.000000000000000e+00 3.550479440163260e-04 2.519249075446555e-03 4.276121864740051e-03 0.000000000000000e+00 1.303736989321584e-03 0.000000000000000e+00 0.000000000000000e+00 0.000000000000000e+00 0.000000000000000e+00 0.000000000000000e+00 4.908809458199728e-03 0.000000000000000e+00 7.814319741222508e-04 3.840484888485609e-03 0.000000000000000e+00 1.255535229834375e-03 0.000000000000000e+00 0.000000000000000e+00 0.000000000000000e+00 
1.396990136020880e-04 0.000000000000000e+00 2.144163918390823e-03 0.000000000000000e+00 0.000000000000000e+00 3.829804403107358e-03 1.056929469540874e-04 4.279489360163742e-03 3.116996081396895e-03 0.000000000000000e+00 2.821041813712956e-03 0.000000000000000e+00 0.000000000000000e+00 3.253484839209583e-03 4.030279569312043e-03 4.174164496474771e-03 0.000000000000000e+00 0.000000000000000e+00 0.000000000000000e+00 4.540770218117022e-03 2.170011389949468e-03 3.287658784751037e-03 1.657137108818779e-03 2.825538023689957e-03 0.000000000000000e+00 
0.000000000000000e+00 2.172386807138394e-03 0.000000000000000e+00 0.000000000000000e+00 0.000000000000000e+00 0.000000000000000e+00 3.514811666893412e-03 0.000000000000000e+00 1.888523294634360e-03 0.000000000000000e+00 4.654140574758254e-03 0.000000000000000e+00 0.000000000000000e+00 7.794596781789293e-04 1.344093674792557e-03 2.771502912134651e-03 0.000000000000000e+00 4.310520145109991e-03 0.000000000000000e+00 2.556574049513477e-03 0.000000000000000e+00 0.000000000000000e+00 2.122096418732408e-03 0.000000000000000e+00 0.000000000000000e+00 
3.869347565718400e-03 1.481763731172344e-04 2.120789144705833e-03 0.000000000000000e+00 3.542692399696278e-03 1.910226129419549e-03 0.000000000000000e+00 1.314064652452400e-03 2.602330075504956e-03 0.000000000000000e+00 4.925381033567814e-04 2.147804856501278e-03 0.000000000000000e+00 3.653974200331798e-03 0.000000000000000e+00 0.000000000000000e+00 3.888781341785510e-03 0.000000000000000e+00 4.591217862623104e-03 0.000000000000000e+00 2.005834682861987e-03 0.000000000000000e+00 9.524365457871850e-04 1.966167138134762e-03 0.000000000000000e+00 
3.784013011055920e-03 0.000000000000000e+00 0.000000000000000e+00 0.000000000000000e+00 3.561650455606914e-03 4.376134252551959e-03 1.730252153441893e-03 0.000000000000000e+00 0.000000000000000e+00 0.000000000000000e+00 0.000000000000000e+00 0.000000000000000e+00 0.000000000000000e+00 0.000000000000000e+00 0.000000000000000e+00 0.000000000000000e+00 3.856825490923125e-03 2.021742844573825e-03 2.099152882966011e-03 1.152822824242824e-03 1.073097312584545e-03 0.000000000000000e+00 0.000000000000000e+00 5.967436228311584e-04 0.000000000000000e+00 
0.000000000000000e+00 1.180126749556351e-04 0.000000000000000e+00 1.362856383918853e-03 0.000000000000000e+00 2.099027382155286e-03 0.000000000000000e+00 3.330985208175201e-03 0.000000000000000e+00 0.000000000000000e+00 0.000000000000000e+00 0.000000000000000e+00 0.000000000000000e+00 0.000000000000000e+00 0.000000000000000e+00 0.000000000000000e+00 5.802890250355868e-04 0.000000000000000e+00 0.000000000000000e+00 2.671990580243212e-03 0.000000000000000e+00 0.000000000000000e+00 0.000000000000000e+00 0.000000000000000e+00 1.038418885772231e-03 