# # File created on Tue Apr 30 13:03:42 2024
#  # The following metaparameters were used for this matrix optimization : gamma0 = 0.5; alpha0 = 0; sigma0 = 0.25; l0 = 1;p = 1; R0 = 1; S0 = 0.05; NR = 25; NS = 25; matrix path = matrices/Nr25_Nc25/consumption/RandTrix_Nr25_Nc25_Nest0.5_Conn0.416.txt; convergence threshold = 1e-08
# 
1.111018050689122072e+00 0.000000000000000000e+00 0.000000000000000000e+00 0.000000000000000000e+00 0.000000000000000000e+00 4.120943194708461821e-01 0.000000000000000000e+00 0.000000000000000000e+00 0.000000000000000000e+00 0.000000000000000000e+00 1.196410066634046032e+00 0.000000000000000000e+00 3.998939157362392249e-01 5.728189719494226617e-01 0.000000000000000000e+00 1.076227493104952915e+00 1.459274222580206004e+00 0.000000000000000000e+00 0.000000000000000000e+00 0.000000000000000000e+00 0.000000000000000000e+00 6.740841199013144491e-01 0.000000000000000000e+00 0.000000000000000000e+00 3.653850627112100180e-01
9.476858788499858965e-01 8.090264532424531474e-01 0.000000000000000000e+00 7.509466548920321616e-01 0.000000000000000000e+00 0.000000000000000000e+00 0.000000000000000000e+00 6.952433595264485566e-01 0.000000000000000000e+00 0.000000000000000000e+00 1.013330098286739034e+00 4.395655904973757022e-01 0.000000000000000000e+00 0.000000000000000000e+00 0.000000000000000000e+00 0.000000000000000000e+00 0.000000000000000000e+00 8.187630427933636490e-01 0.000000000000000000e+00 0.000000000000000000e+00 0.000000000000000000e+00 0.000000000000000000e+00 0.000000000000000000e+00 0.000000000000000000e+00 0.000000000000000000e+00
0.000000000000000000e+00 3.958650956778899110e-01 1.523752273758893105e+00 0.000000000000000000e+00 0.000000000000000000e+00 0.000000000000000000e+00 0.000000000000000000e+00 0.000000000000000000e+00 5.694043477349844951e-01 1.104089026588739975e+00 1.003669448706147938e+00 0.000000000000000000e+00 0.000000000000000000e+00 7.563721337124743593e-01 0.000000000000000000e+00 0.000000000000000000e+00 0.000000000000000000e+00 5.721265059108648909e-01 3.110969346841286898e-01 0.000000000000000000e+00 0.000000000000000000e+00 0.000000000000000000e+00 0.000000000000000000e+00 9.603595796164507425e-02 0.000000000000000000e+00
0.000000000000000000e+00 7.858533462063168606e-01 0.000000000000000000e+00 3.785578946122147848e-01 4.526488246869356802e-01 0.000000000000000000e+00 0.000000000000000000e+00 0.000000000000000000e+00 6.595577146344928643e-01 4.500343230081332857e-01 9.097272414172549171e-01 0.000000000000000000e+00 0.000000000000000000e+00 0.000000000000000000e+00 0.000000000000000000e+00 0.000000000000000000e+00 6.182663049480228157e-01 0.000000000000000000e+00 0.000000000000000000e+00 0.000000000000000000e+00 4.731056507574648018e-01 0.000000000000000000e+00 0.000000000000000000e+00 6.721273252045466551e-01 6.363812363479451339e-02
1.074595243063181105e+00 7.374808756578914437e-01 0.000000000000000000e+00 0.000000000000000000e+00 1.429600734377395099e+00 0.000000000000000000e+00 0.000000000000000000e+00 5.519324797498862401e-01 3.821615019803906166e-01 0.000000000000000000e+00 0.000000000000000000e+00 0.000000000000000000e+00 0.000000000000000000e+00 0.000000000000000000e+00 5.771187968113268285e-01 0.000000000000000000e+00 0.000000000000000000e+00 0.000000000000000000e+00 0.000000000000000000e+00 0.000000000000000000e+00 0.000000000000000000e+00 5.799978876526020732e-01 0.000000000000000000e+00 1.511147352423929946e-01 2.344579976200754923e-01
0.000000000000000000e+00 1.230540102411942893e+00 3.612942031541727106e-01 0.000000000000000000e+00 0.000000000000000000e+00 2.726144452280729880e-01 0.000000000000000000e+00 1.833837866277130968e-01 0.000000000000000000e+00 1.221945557001472005e-01 0.000000000000000000e+00 5.221223132347690976e-01 6.371242913429110422e-01 1.094288641034149911e+00 6.314079980712021811e-01 0.000000000000000000e+00 0.000000000000000000e+00 0.000000000000000000e+00 1.736775004702859893e-01 0.000000000000000000e+00 8.670940937060437337e-01 0.000000000000000000e+00 7.942772006340281798e-01 0.000000000000000000e+00 0.000000000000000000e+00
4.232095418241821894e-01 7.825872045175032987e-01 0.000000000000000000e+00 1.063883866089692098e+00 3.834042039079406106e-01 0.000000000000000000e+00 0.000000000000000000e+00 0.000000000000000000e+00 0.000000000000000000e+00 0.000000000000000000e+00 0.000000000000000000e+00 2.807179892861517145e-01 0.000000000000000000e+00 7.299520542909376797e-01 6.395634641468382897e-01 0.000000000000000000e+00 3.479190133686744790e-01 0.000000000000000000e+00 3.008843419085274196e-01 0.000000000000000000e+00 7.983190375134088246e-01 0.000000000000000000e+00 0.000000000000000000e+00 0.000000000000000000e+00 5.411256052906795455e-01
0.000000000000000000e+00 0.000000000000000000e+00 1.321110935176954992e+00 0.000000000000000000e+00 0.000000000000000000e+00 0.000000000000000000e+00 6.276111552586330911e-01 7.230639810772592213e-01 0.000000000000000000e+00 4.460065435381366239e-01 6.541190895954966666e-02 0.000000000000000000e+00 8.857786238648978072e-01 0.000000000000000000e+00 0.000000000000000000e+00 0.000000000000000000e+00 0.000000000000000000e+00 6.819997642152777484e-01 0.000000000000000000e+00 6.018130362367695163e-01 1.923116276579572015e-01 0.000000000000000000e+00 3.658242343613573033e-01 7.775357125123985025e-01 2.276032826882899984e-01
5.580690706703652637e-01 0.000000000000000000e+00 0.000000000000000000e+00 1.111007696064161943e+00 6.565990842200128963e-01 4.938900882009717996e-01 6.298097994666841393e-01 0.000000000000000000e+00 0.000000000000000000e+00 0.000000000000000000e+00 0.000000000000000000e+00 0.000000000000000000e+00 2.309492340201594121e-02 0.000000000000000000e+00 0.000000000000000000e+00 0.000000000000000000e+00 0.000000000000000000e+00 0.000000000000000000e+00 0.000000000000000000e+00 1.590613771263104104e+00 0.000000000000000000e+00 0.000000000000000000e+00 0.000000000000000000e+00 0.000000000000000000e+00 0.000000000000000000e+00
0.000000000000000000e+00 1.795421188345293073e+00 2.645795142254526999e-02 0.000000000000000000e+00 0.000000000000000000e+00 0.000000000000000000e+00 1.620381412300657964e-01 0.000000000000000000e+00 4.674903037685709806e-02 1.086983623381079900e+00 0.000000000000000000e+00 0.000000000000000000e+00 0.000000000000000000e+00 0.000000000000000000e+00 0.000000000000000000e+00 2.780560903604022971e-01 0.000000000000000000e+00 0.000000000000000000e+00 0.000000000000000000e+00 0.000000000000000000e+00 1.459760600421760923e+00 6.463622328136264805e-01 0.000000000000000000e+00 0.000000000000000000e+00 0.000000000000000000e+00
1.192980169296371962e+00 0.000000000000000000e+00 0.000000000000000000e+00 0.000000000000000000e+00 1.501495978846508095e+00 0.000000000000000000e+00 0.000000000000000000e+00 0.000000000000000000e+00 4.279228639360284081e-01 0.000000000000000000e+00 0.000000000000000000e+00 0.000000000000000000e+00 0.000000000000000000e+00 0.000000000000000000e+00 0.000000000000000000e+00 5.037997739646665057e-02 0.000000000000000000e+00 0.000000000000000000e+00 1.074309863722020086e+00 0.000000000000000000e+00 0.000000000000000000e+00 0.000000000000000000e+00 0.000000000000000000e+00 0.000000000000000000e+00 0.000000000000000000e+00
6.133690953495885001e-01 0.000000000000000000e+00 3.883613982519056873e-01 7.974837359634708855e-01 0.000000000000000000e+00 0.000000000000000000e+00 9.054630492895353600e-01 0.000000000000000000e+00 0.000000000000000000e+00 0.000000000000000000e+00 0.000000000000000000e+00 0.000000000000000000e+00 1.356435645746774110e+00 9.771880182812968385e-02 0.000000000000000000e+00 0.000000000000000000e+00 0.000000000000000000e+00 0.000000000000000000e+00 0.000000000000000000e+00 0.000000000000000000e+00 0.000000000000000000e+00 0.000000000000000000e+00 9.693356992842677711e-02 0.000000000000000000e+00 8.954618954647743934e-01
4.609371419446253726e-01 0.000000000000000000e+00 0.000000000000000000e+00 0.000000000000000000e+00 0.000000000000000000e+00 0.000000000000000000e+00 6.180216823009571092e-01 7.346452462705745923e-01 0.000000000000000000e+00 0.000000000000000000e+00 0.000000000000000000e+00 0.000000000000000000e+00 0.000000000000000000e+00 0.000000000000000000e+00 1.046641096016458050e+00 0.000000000000000000e+00 5.259632722294514950e-01 0.000000000000000000e+00 0.000000000000000000e+00 0.000000000000000000e+00 7.604762126592680138e-01 6.259082619749917198e-01 1.724464731487121080e-02 0.000000000000000000e+00 6.567968394064347404e-01
5.547922682669775840e-01 5.374944609712741794e-01 1.829067238274340867e-01 0.000000000000000000e+00 7.213277271494232812e-01 3.694913969621613781e-01 3.674688337467802990e-01 0.000000000000000000e+00 0.000000000000000000e+00 0.000000000000000000e+00 0.000000000000000000e+00 0.000000000000000000e+00 0.000000000000000000e+00 0.000000000000000000e+00 2.175894767242403105e-01 0.000000000000000000e+00 0.000000000000000000e+00 0.000000000000000000e+00 0.000000000000000000e+00 6.403275289948586746e-01 0.000000000000000000e+00 7.719128375365840178e-01 0.000000000000000000e+00 0.000000000000000000e+00 8.432873658313816412e-01
1.441773036270765029e+00 0.000000000000000000e+00 0.000000000000000000e+00 0.000000000000000000e+00 0.000000000000000000e+00 5.334447260751201680e-01 7.894477723407200553e-01 0.000000000000000000e+00 3.766051775564239756e-01 0.000000000000000000e+00 5.152512051852492503e-01 0.000000000000000000e+00 0.000000000000000000e+00 0.000000000000000000e+00 0.000000000000000000e+00 0.000000000000000000e+00 0.000000000000000000e+00 0.000000000000000000e+00 0.000000000000000000e+00 0.000000000000000000e+00 0.000000000000000000e+00 0.000000000000000000e+00 0.000000000000000000e+00 0.000000000000000000e+00 0.000000000000000000e+00
2.517757098767606783e-01 0.000000000000000000e+00 5.638171879539087827e-01 4.346721308861106747e-02 0.000000000000000000e+00 0.000000000000000000e+00 7.272283297908409549e-01 3.820103538009541055e-01 0.000000000000000000e+00 0.000000000000000000e+00 0.000000000000000000e+00 0.000000000000000000e+00 0.000000000000000000e+00 1.641738989108920965e-01 0.000000000000000000e+00 4.364239348644659011e-01 0.000000000000000000e+00 0.000000000000000000e+00 9.729701257625144040e-01 0.000000000000000000e+00 3.592328226019341764e-01 0.000000000000000000e+00 7.795674400708144658e-01 0.000000000000000000e+00 0.000000000000000000e+00
0.000000000000000000e+00 0.000000000000000000e+00 8.181964780043159413e-01 0.000000000000000000e+00 0.000000000000000000e+00 0.000000000000000000e+00 6.372321764913709830e-01 0.000000000000000000e+00 0.000000000000000000e+00 9.524490113957636561e-01 0.000000000000000000e+00 8.755146658848531604e-01 0.000000000000000000e+00 0.000000000000000000e+00 4.440865909901495212e-01 0.000000000000000000e+00 1.730736144713592994e-01 6.484820960589098293e-01 0.000000000000000000e+00 0.000000000000000000e+00 0.000000000000000000e+00 5.061698966576243242e-02 0.000000000000000000e+00 0.000000000000000000e+00 0.000000000000000000e+00
3.525095771600044170e-01 0.000000000000000000e+00 0.000000000000000000e+00 0.000000000000000000e+00 0.000000000000000000e+00 3.752108183268301755e-01 0.000000000000000000e+00 3.791341164731455993e-01 0.000000000000000000e+00 0.000000000000000000e+00 4.061853101163689916e-01 0.000000000000000000e+00 9.903639003564538301e-01 0.000000000000000000e+00 3.144136082179017078e-01 0.000000000000000000e+00 0.000000000000000000e+00 0.000000000000000000e+00 2.722945422614356792e-01 0.000000000000000000e+00 3.671607714043360060e-01 0.000000000000000000e+00 9.680676356739549293e-01 0.000000000000000000e+00 7.913025480870308215e-01
0.000000000000000000e+00 0.000000000000000000e+00 8.562393260667546802e-01 1.149397379941996089e+00 0.000000000000000000e+00 4.068189883068160789e-02 0.000000000000000000e+00 6.663908463085265188e-01 2.657380444650632167e-01 3.235260326884666915e-01 0.000000000000000000e+00 4.227694612083228165e-01 3.169890796189208104e-01 0.000000000000000000e+00 1.998145209125546870e-02 0.000000000000000000e+00 7.399352487045827154e-01 0.000000000000000000e+00 0.000000000000000000e+00 0.000000000000000000e+00 0.000000000000000000e+00 0.000000000000000000e+00 0.000000000000000000e+00 0.000000000000000000e+00 0.000000000000000000e+00
0.000000000000000000e+00 1.056778091266479036e+00 1.226895222444281943e-03 3.582852344446553761e-01 0.000000000000000000e+00 5.193781821498131279e-01 0.000000000000000000e+00 0.000000000000000000e+00 1.749202826576123915e-01 0.000000000000000000e+00 0.000000000000000000e+00 7.773803360144501129e-01 6.614363917489370082e-02 5.288526622074080086e-01 0.000000000000000000e+00 2.099626862168575969e-01 0.000000000000000000e+00 6.231599049098942578e-01 0.000000000000000000e+00 0.000000000000000000e+00 1.033457030479920935e-01 0.000000000000000000e+00 0.000000000000000000e+00 0.000000000000000000e+00 0.000000000000000000e+00
1.018448788244207037e+00 0.000000000000000000e+00 3.376103729150515265e-01 0.000000000000000000e+00 7.089615005592942998e-01 1.667246914302019101e-01 1.043438825472177978e-01 0.000000000000000000e+00 0.000000000000000000e+00 0.000000000000000000e+00 0.000000000000000000e+00 0.000000000000000000e+00 0.000000000000000000e+00 0.000000000000000000e+00 2.806882460797727741e-01 0.000000000000000000e+00 0.000000000000000000e+00 0.000000000000000000e+00 5.398716675948992405e-01 0.000000000000000000e+00 0.000000000000000000e+00 0.000000000000000000e+00 0.000000000000000000e+00 0.000000000000000000e+00 1.683391666093848049e-01
0.000000000000000000e+00 8.370508070832805014e-01 0.000000000000000000e+00 0.000000000000000000e+00 1.871597710588198127e-01 0.000000000000000000e+00 0.000000000000000000e+00 0.000000000000000000e+00 0.000000000000000000e+00 6.088526103795478539e-01 8.686149958065448873e-01 0.000000000000000000e+00 0.000000000000000000e+00 6.988408163824665342e-01 0.000000000000000000e+00 0.000000000000000000e+00 1.730668013664470040e-01 0.000000000000000000e+00 0.000000000000000000e+00 0.000000000000000000e+00 0.000000000000000000e+00 0.000000000000000000e+00 0.000000000000000000e+00 0.000000000000000000e+00 0.000000000000000000e+00
1.598408705651573891e-01 0.000000000000000000e+00 0.000000000000000000e+00 5.103293806306068436e-01 0.000000000000000000e+00 0.000000000000000000e+00 0.000000000000000000e+00 0.000000000000000000e+00 2.988184862285808152e-01 0.000000000000000000e+00 0.000000000000000000e+00 0.000000000000000000e+00 0.000000000000000000e+00 5.013124803472638336e-01 0.000000000000000000e+00 0.000000000000000000e+00 0.000000000000000000e+00 0.000000000000000000e+00 1.094422115628989944e+00 0.000000000000000000e+00 0.000000000000000000e+00 0.000000000000000000e+00 1.318940669844683999e-01 3.157896665749350129e-01 0.000000000000000000e+00
0.000000000000000000e+00 0.000000000000000000e+00 0.000000000000000000e+00 0.000000000000000000e+00 4.703661283426349149e-01 0.000000000000000000e+00 0.000000000000000000e+00 4.863655273554057801e-01 0.000000000000000000e+00 0.000000000000000000e+00 0.000000000000000000e+00 0.000000000000000000e+00 0.000000000000000000e+00 0.000000000000000000e+00 0.000000000000000000e+00 0.000000000000000000e+00 0.000000000000000000e+00 0.000000000000000000e+00 3.623188350721797124e-01 0.000000000000000000e+00 0.000000000000000000e+00 2.179543615723482097e-01 0.000000000000000000e+00 9.382946057710859211e-01 0.000000000000000000e+00
0.000000000000000000e+00 0.000000000000000000e+00 0.000000000000000000e+00 0.000000000000000000e+00 0.000000000000000000e+00 0.000000000000000000e+00 0.000000000000000000e+00 0.000000000000000000e+00 0.000000000000000000e+00 4.391721966756664264e-01 0.000000000000000000e+00 1.649617969682005136e-01 0.000000000000000000e+00 0.000000000000000000e+00 0.000000000000000000e+00 0.000000000000000000e+00 4.771554600720949724e-01 6.194677331932185727e-01 0.000000000000000000e+00 0.000000000000000000e+00 0.000000000000000000e+00 2.721536888188967884e-01 0.000000000000000000e+00 0.000000000000000000e+00 4.624811808945519798e-01
