# # File created on Fri May 17 15:41:58 2024
#  # The following metaparameters were used for this matrix optimization : gamma0 = 0.5; alpha0 = 0; sigma0 = 0.25; l0 = 1;p = 1; R0 = 1; S0 = 0.05; NR = 25; NS = 25; matrix path = matrices/Nr25_Nc25/consumption/RandTrix_Nr25_Nc25_Nest0.55_Conn0.2304.txt; convergence threshold = 1e-08
# 
4.976895616600486225e-03 0.000000000000000000e+00 0.000000000000000000e+00 4.171474192255012793e-03 0.000000000000000000e+00 1.981430834222718852e-03 0.000000000000000000e+00 1.522517135155563965e-03 0.000000000000000000e+00 8.110801475579344517e-04 4.447265746182747261e-03 0.000000000000000000e+00 0.000000000000000000e+00 0.000000000000000000e+00 0.000000000000000000e+00 0.000000000000000000e+00 0.000000000000000000e+00 4.646356788481035595e-03 4.163083486959362305e-03 2.873162624087760054e-03 0.000000000000000000e+00 0.000000000000000000e+00 4.544524664056944288e-03 0.000000000000000000e+00 0.000000000000000000e+00
0.000000000000000000e+00 0.000000000000000000e+00 2.422040120028624063e-03 2.356166681171644080e-03 2.840838683725849852e-03 5.411666578517438254e-04 0.000000000000000000e+00 4.723646827866349223e-04 4.588981169567666121e-03 0.000000000000000000e+00 4.040350644187950765e-05 4.997033389959430749e-04 0.000000000000000000e+00 4.420778759546294991e-03 0.000000000000000000e+00 0.000000000000000000e+00 0.000000000000000000e+00 0.000000000000000000e+00 3.634558460790225935e-04 3.328150954390290094e-03 0.000000000000000000e+00 2.815129739871571977e-03 0.000000000000000000e+00 2.811794110293273918e-03 1.019612816590309079e-03
3.480039343981374076e-03 0.000000000000000000e+00 9.612093489018672283e-04 0.000000000000000000e+00 9.898788973570732223e-04 0.000000000000000000e+00 2.200400725211701001e-04 3.684790079908692039e-04 7.707155808063274535e-04 7.884177791029717232e-04 0.000000000000000000e+00 0.000000000000000000e+00 1.398974274388145979e-03 0.000000000000000000e+00 8.958754569015925937e-04 0.000000000000000000e+00 0.000000000000000000e+00 2.451645456378734843e-03 2.485315660586900162e-04 4.312724797107234803e-03 0.000000000000000000e+00 3.013352419705398865e-03 0.000000000000000000e+00 0.000000000000000000e+00 0.000000000000000000e+00
6.786531408530372235e-04 6.065959746164034530e-04 2.780538643063350007e-04 2.635247900524472983e-03 6.253701831749875319e-04 5.339576109793436670e-04 3.612184523374594152e-03 1.507834281817693094e-03 1.194663266214331067e-03 0.000000000000000000e+00 3.804370405283162126e-03 0.000000000000000000e+00 2.613346586862923173e-03 2.882166374951660240e-04 0.000000000000000000e+00 5.225522597135705489e-04 0.000000000000000000e+00 2.387003103061737972e-04 4.651199470590549126e-03 5.289584331411398711e-04 3.743123011934980891e-03 0.000000000000000000e+00 5.639033519195682867e-04 2.411856145602968033e-03 4.441666627093917956e-03
0.000000000000000000e+00 0.000000000000000000e+00 0.000000000000000000e+00 3.577086290984300178e-03 4.672102033682470033e-03 0.000000000000000000e+00 1.753160554414463909e-03 2.305364563658310849e-03 2.729037926846479903e-03 0.000000000000000000e+00 0.000000000000000000e+00 1.027403100609529038e-03 0.000000000000000000e+00 0.000000000000000000e+00 0.000000000000000000e+00 3.351207897626410845e-04 0.000000000000000000e+00 3.137154977191562982e-03 1.207326109249551999e-03 4.921561041272635995e-03 3.152577917348498753e-04 4.647597012706724401e-03 4.444436653160389883e-03 0.000000000000000000e+00 0.000000000000000000e+00
0.000000000000000000e+00 0.000000000000000000e+00 0.000000000000000000e+00 0.000000000000000000e+00 0.000000000000000000e+00 4.091225866924530843e-03 0.000000000000000000e+00 4.021702572156208959e-03 0.000000000000000000e+00 0.000000000000000000e+00 5.220696976063054096e-04 4.420516102249041034e-03 1.913002992880371038e-03 3.460396216044196119e-03 7.735767931562801238e-05 0.000000000000000000e+00 0.000000000000000000e+00 4.045907751359074196e-04 4.792299561498398856e-03 0.000000000000000000e+00 0.000000000000000000e+00 0.000000000000000000e+00 3.661216745104900212e-03 0.000000000000000000e+00 0.000000000000000000e+00
0.000000000000000000e+00 1.333076924693457101e-03 0.000000000000000000e+00 0.000000000000000000e+00 0.000000000000000000e+00 3.698243603248250870e-04 1.052016836164860894e-03 2.579246947358085091e-03 0.000000000000000000e+00 0.000000000000000000e+00 1.034326274931753054e-03 1.004336603377176985e-04 0.000000000000000000e+00 0.000000000000000000e+00 1.043738735301632083e-03 4.683329617280047354e-03 3.237770627382199201e-03 3.594992323846293077e-03 0.000000000000000000e+00 0.000000000000000000e+00 0.000000000000000000e+00 1.188543167048225968e-03 0.000000000000000000e+00 0.000000000000000000e+00 6.120959934639193657e-05
0.000000000000000000e+00 2.738529023085771973e-03 0.000000000000000000e+00 3.134979330515456127e-03 0.000000000000000000e+00 0.000000000000000000e+00 9.345387410068603127e-04 0.000000000000000000e+00 2.621850979957443973e-03 0.000000000000000000e+00 1.112978499425478981e-03 0.000000000000000000e+00 2.212075443522689040e-03 3.364126744625726799e-03 3.495367421315619203e-03 0.000000000000000000e+00 4.736996095095383219e-03 1.601685042266702986e-03 0.000000000000000000e+00 4.967282721845283662e-05 1.011159558204777946e-03 4.308180795093869293e-05 0.000000000000000000e+00 0.000000000000000000e+00 1.381423583174399942e-03
3.664653325001077187e-03 1.649533041952215909e-03 1.580351781210380911e-03 0.000000000000000000e+00 2.030979466643649100e-03 3.024629699660199168e-04 0.000000000000000000e+00 2.503095461983554162e-03 2.167191082377143904e-03 0.000000000000000000e+00 2.347740706711271171e-03 0.000000000000000000e+00 0.000000000000000000e+00 0.000000000000000000e+00 4.633983708176551627e-03 4.128785213732793016e-03 3.375217895709576189e-03 0.000000000000000000e+00 4.914521132192290788e-03 0.000000000000000000e+00 3.833988290530501112e-03 0.000000000000000000e+00 0.000000000000000000e+00 3.773313522243233829e-03 0.000000000000000000e+00
4.845360206216216790e-03 1.340843532204186086e-03 3.951373812143435180e-03 9.148680368066760030e-05 0.000000000000000000e+00 0.000000000000000000e+00 0.000000000000000000e+00 7.764911136990369778e-04 4.718366598665603949e-03 3.200677074524448757e-04 3.710328451283544972e-03 0.000000000000000000e+00 4.180219474167850592e-03 6.209363824968097169e-04 0.000000000000000000e+00 8.813680216259835512e-04 3.275134700801108842e-03 1.820611105416540055e-03 0.000000000000000000e+00 0.000000000000000000e+00 2.459894037028285182e-03 0.000000000000000000e+00 0.000000000000000000e+00 0.000000000000000000e+00 2.668398373195629992e-03
0.000000000000000000e+00 3.730005417108195852e-03 0.000000000000000000e+00 0.000000000000000000e+00 0.000000000000000000e+00 0.000000000000000000e+00 3.584501551229018947e-03 8.124676559949032672e-05 1.523568851315826094e-03 0.000000000000000000e+00 0.000000000000000000e+00 0.000000000000000000e+00 0.000000000000000000e+00 0.000000000000000000e+00 6.747343182358591816e-04 0.000000000000000000e+00 1.350897525807071920e-03 1.372439615888159086e-03 0.000000000000000000e+00 0.000000000000000000e+00 2.364725255221909826e-03 3.353478194098992969e-03 4.563760905263863042e-03 5.752597759958084662e-04 1.668306291187322073e-04
0.000000000000000000e+00 4.409834114733398626e-03 4.945571126357570409e-03 3.994503076751663127e-03 7.054344004359739935e-04 1.788308999662474065e-03 0.000000000000000000e+00 0.000000000000000000e+00 0.000000000000000000e+00 2.653737407642100827e-03 0.000000000000000000e+00 3.519198298565417906e-03 4.830386863483126028e-03 6.889666259854762944e-04 1.574807867391716945e-03 0.000000000000000000e+00 0.000000000000000000e+00 1.654898806352510937e-03 4.547140935646676319e-03 0.000000000000000000e+00 4.734414262200637227e-03 2.537930699338665844e-03 0.000000000000000000e+00 3.613733974701137126e-03 2.694520613176616848e-03
0.000000000000000000e+00 0.000000000000000000e+00 0.000000000000000000e+00 5.931372673436490460e-04 2.615365697974836052e-03 0.000000000000000000e+00 1.251998730578768098e-03 0.000000000000000000e+00 0.000000000000000000e+00 1.494352897153383925e-03 2.003017690422008792e-03 3.178632576002679826e-03 0.000000000000000000e+00 0.000000000000000000e+00 0.000000000000000000e+00 0.000000000000000000e+00 0.000000000000000000e+00 1.278737231819762014e-03 0.000000000000000000e+00 1.708248859799733899e-03 0.000000000000000000e+00 3.963418309534155054e-03 0.000000000000000000e+00 4.383091056895148732e-03 4.400250557375780594e-03
0.000000000000000000e+00 0.000000000000000000e+00 0.000000000000000000e+00 7.986111058704506048e-04 1.840686941364706904e-03 0.000000000000000000e+00 2.035159093914530159e-03 3.047161730379277945e-03 0.000000000000000000e+00 0.000000000000000000e+00 1.437647494613455024e-03 1.972960176089061032e-04 0.000000000000000000e+00 0.000000000000000000e+00 3.268101449171232145e-03 0.000000000000000000e+00 0.000000000000000000e+00 0.000000000000000000e+00 4.596290722333164040e-03 1.223720296593044043e-04 0.000000000000000000e+00 0.000000000000000000e+00 0.000000000000000000e+00 2.695760747714231846e-03 2.724294653716376972e-03
0.000000000000000000e+00 1.528741829320397964e-04 0.000000000000000000e+00 0.000000000000000000e+00 2.833092296719238209e-04 2.177157189358494094e-04 0.000000000000000000e+00 4.899251363166982030e-03 3.709014997225729138e-03 2.469305987172955991e-03 2.847532421150312815e-03 3.913295580769561577e-03 0.000000000000000000e+00 3.153361764983432861e-03 0.000000000000000000e+00 2.378879950689456822e-03 0.000000000000000000e+00 0.000000000000000000e+00 5.522339517530314851e-04 1.793525738492137041e-03 1.890831045741615075e-03 3.598644840178162195e-04 6.800049360915430422e-04 2.944388969158062870e-03 9.561598105027863505e-04
0.000000000000000000e+00 0.000000000000000000e+00 0.000000000000000000e+00 0.000000000000000000e+00 3.671148473578008786e-03 0.000000000000000000e+00 0.000000000000000000e+00 0.000000000000000000e+00 0.000000000000000000e+00 0.000000000000000000e+00 0.000000000000000000e+00 0.000000000000000000e+00 4.582798592818505996e-03 0.000000000000000000e+00 2.729943383965805197e-03 0.000000000000000000e+00 7.569651491604212790e-04 1.375655365276715059e-03 4.239728600535833634e-03 2.582045647434748868e-03 0.000000000000000000e+00 4.422341912354837284e-03 0.000000000000000000e+00 8.802383562146435137e-05 0.000000000000000000e+00
2.658769743518023254e-04 7.016121050591049742e-04 2.821655582018185119e-03 0.000000000000000000e+00 3.907984743425138921e-03 3.692822615581996086e-03 1.661664362420346968e-03 4.595948289840568737e-04 1.819461912405295929e-03 1.870606792564255029e-03 0.000000000000000000e+00 3.145497129319670994e-03 4.227539989336235107e-03 0.000000000000000000e+00 0.000000000000000000e+00 5.724190222470503485e-04 0.000000000000000000e+00 2.989792468650703111e-03 1.732413271521307096e-03 1.467648465019527008e-04 1.217981955951375058e-03 1.162863455117783043e-04 0.000000000000000000e+00 5.972200233413768773e-04 4.154717289213448808e-03
0.000000000000000000e+00 2.702724321793280055e-03 1.885336730823652940e-03 0.000000000000000000e+00 0.000000000000000000e+00 9.091121121781614058e-04 2.628663422432080902e-03 2.037290099605486814e-03 0.000000000000000000e+00 0.000000000000000000e+00 0.000000000000000000e+00 0.000000000000000000e+00 3.987185224167803105e-03 0.000000000000000000e+00 6.563288331313994490e-04 0.000000000000000000e+00 0.000000000000000000e+00 4.151845391404031943e-03 0.000000000000000000e+00 0.000000000000000000e+00 3.734665159185916912e-03 0.000000000000000000e+00 0.000000000000000000e+00 3.912972442654255177e-04 1.731533167470845945e-03
0.000000000000000000e+00 1.103518530037010106e-03 0.000000000000000000e+00 4.199329663075195354e-03 1.949132151340621038e-04 2.515210417094365918e-03 3.577001675911418207e-03 0.000000000000000000e+00 1.678827734650889959e-03 0.000000000000000000e+00 0.000000000000000000e+00 0.000000000000000000e+00 2.936963825781734126e-03 0.000000000000000000e+00 0.000000000000000000e+00 0.000000000000000000e+00 1.476082124974951917e-03 0.000000000000000000e+00 0.000000000000000000e+00 4.819141466754590583e-03 0.000000000000000000e+00 0.000000000000000000e+00 0.000000000000000000e+00 4.545645823025554026e-03 0.000000000000000000e+00
0.000000000000000000e+00 0.000000000000000000e+00 4.458875058270598581e-03 0.000000000000000000e+00 9.292514207047681933e-04 0.000000000000000000e+00 4.020802605314175923e-03 3.883754701671153151e-03 1.685705508971367022e-03 0.000000000000000000e+00 0.000000000000000000e+00 0.000000000000000000e+00 2.937515576151200885e-03 0.000000000000000000e+00 9.617368172312447351e-04 1.321830278685230025e-03 0.000000000000000000e+00 6.802723864431544894e-04 0.000000000000000000e+00 1.260151381167279100e-03 0.000000000000000000e+00 4.639478720203492161e-03 0.000000000000000000e+00 3.020255984177412211e-03 0.000000000000000000e+00
0.000000000000000000e+00 1.526951683619685949e-03 0.000000000000000000e+00 4.253590393242507803e-03 2.258471003478658944e-03 4.480486246115022129e-04 4.004091206146673937e-03 0.000000000000000000e+00 2.424181411793447944e-03 3.325680539190060243e-04 0.000000000000000000e+00 8.391180613508332931e-04 0.000000000000000000e+00 2.046736046882966214e-03 1.579927667906775093e-03 0.000000000000000000e+00 0.000000000000000000e+00 0.000000000000000000e+00 0.000000000000000000e+00 0.000000000000000000e+00 0.000000000000000000e+00 0.000000000000000000e+00 3.163923562585899918e-06 4.584495174538825296e-03 2.776474616516999040e-03
1.503946301123132000e-03 1.852801319296934002e-03 3.197970043961629108e-03 7.893778789934833206e-04 3.041092499192786947e-03 2.422118402142165068e-03 0.000000000000000000e+00 0.000000000000000000e+00 0.000000000000000000e+00 0.000000000000000000e+00 0.000000000000000000e+00 0.000000000000000000e+00 0.000000000000000000e+00 4.080486359499002104e-04 1.357474428980367945e-03 0.000000000000000000e+00 0.000000000000000000e+00 3.570823287700680866e-03 0.000000000000000000e+00 3.416283465462838188e-04 4.455900633315763165e-03 2.813350639033466820e-03 0.000000000000000000e+00 0.000000000000000000e+00 0.000000000000000000e+00
0.000000000000000000e+00 0.000000000000000000e+00 1.499218116610789896e-03 0.000000000000000000e+00 4.353291601466454351e-03 4.819807189639181699e-03 3.127730017098415138e-03 2.699730369870118269e-04 0.000000000000000000e+00 0.000000000000000000e+00 4.792237703766583611e-03 0.000000000000000000e+00 0.000000000000000000e+00 0.000000000000000000e+00 0.000000000000000000e+00 4.130437091139794320e-03 1.621503644103014031e-03 3.870104035681766214e-03 0.000000000000000000e+00 0.000000000000000000e+00 0.000000000000000000e+00 3.046784189454245992e-03 0.000000000000000000e+00 1.249025683426752001e-03 8.818140359142138474e-04
0.000000000000000000e+00 3.271502232582395968e-03 0.000000000000000000e+00 0.000000000000000000e+00 0.000000000000000000e+00 2.409351173649777831e-03 3.931427660598657732e-03 2.307227461314177198e-03 0.000000000000000000e+00 2.018088684066496937e-03 0.000000000000000000e+00 0.000000000000000000e+00 4.705586132587683337e-03 0.000000000000000000e+00 2.671800591865346013e-03 0.000000000000000000e+00 0.000000000000000000e+00 3.954886262411001253e-03 2.280431016317108987e-03 3.556689464510680819e-03 0.000000000000000000e+00 0.000000000000000000e+00 0.000000000000000000e+00 0.000000000000000000e+00 2.629785803933888146e-04
0.000000000000000000e+00 5.722195779262119909e-04 4.136280988654719715e-03 2.788463330885117188e-03 0.000000000000000000e+00 3.683151576064089077e-04 0.000000000000000000e+00 0.000000000000000000e+00 3.261200465864027166e-03 0.000000000000000000e+00 4.520160536405716349e-03 3.655446498806315826e-03 4.669507676032388747e-03 0.000000000000000000e+00 1.094549332259021944e-03 6.601263280137742656e-04 0.000000000000000000e+00 0.000000000000000000e+00 0.000000000000000000e+00 2.598884561469917091e-03 0.000000000000000000e+00 1.486469963719477946e-03 3.514392978443844906e-03 4.186996960892927847e-03 0.000000000000000000e+00
