# # # File created on Tue Apr 30 07:23:21 2024
#  #  # The following metaparameters were used for this matrix optimization : gamma0 = 0.5; alpha0 = 0; sigma0 = 0.25; l0 = 1;p = 1; R0 = 1; S0 = 0.05; NR = 25; NS = 25; matrix path = matrices/Nr25_Nc25/consumption/RandTrix_Nr25_Nc25_Nest0.25_Conn0.2336.txt; convergence threshold = 1e-08
# 
8.843585208002606723e-01 5.424982485118303721e-01 1.666724997990421953e-01 0.000000000000000000e+00 0.000000000000000000e+00 0.000000000000000000e+00 2.718523880845328811e-01 0.000000000000000000e+00 0.000000000000000000e+00 0.000000000000000000e+00 0.000000000000000000e+00 1.333921369348417985e+00 0.000000000000000000e+00 3.668874841058489267e-01 0.000000000000000000e+00 0.000000000000000000e+00 0.000000000000000000e+00 0.000000000000000000e+00 0.000000000000000000e+00 4.681894179379024190e-01 0.000000000000000000e+00 0.000000000000000000e+00 0.000000000000000000e+00 0.000000000000000000e+00 0.000000000000000000e+00
5.101979294264933351e-01 0.000000000000000000e+00 5.563854884428872660e-01 4.477943081560138983e-01 0.000000000000000000e+00 0.000000000000000000e+00 0.000000000000000000e+00 0.000000000000000000e+00 5.948674084034420995e-01 0.000000000000000000e+00 0.000000000000000000e+00 0.000000000000000000e+00 0.000000000000000000e+00 0.000000000000000000e+00 0.000000000000000000e+00 6.573105452567137297e-01 0.000000000000000000e+00 0.000000000000000000e+00 0.000000000000000000e+00 0.000000000000000000e+00 3.360089550883321174e-01 4.111832803840969053e-01 0.000000000000000000e+00 0.000000000000000000e+00 0.000000000000000000e+00
2.036358941239438114e-01 0.000000000000000000e+00 0.000000000000000000e+00 0.000000000000000000e+00 0.000000000000000000e+00 0.000000000000000000e+00 7.181970897678975341e-01 0.000000000000000000e+00 8.524204067149390163e-01 0.000000000000000000e+00 7.039085515372354995e-02 6.308745512946247747e-01 0.000000000000000000e+00 4.377705222900115101e-01 0.000000000000000000e+00 0.000000000000000000e+00 0.000000000000000000e+00 2.104190920178989066e-01 0.000000000000000000e+00 0.000000000000000000e+00 0.000000000000000000e+00 0.000000000000000000e+00 3.349719891738470734e-01 0.000000000000000000e+00 0.000000000000000000e+00
1.143362120070382959e+00 1.285744996935845874e-01 0.000000000000000000e+00 0.000000000000000000e+00 0.000000000000000000e+00 0.000000000000000000e+00 0.000000000000000000e+00 5.175718977658503306e-01 7.394931162933263136e-02 0.000000000000000000e+00 0.000000000000000000e+00 1.132504181519218001e-01 0.000000000000000000e+00 3.655173506242621051e-01 0.000000000000000000e+00 4.395569731265120961e-01 0.000000000000000000e+00 0.000000000000000000e+00 0.000000000000000000e+00 0.000000000000000000e+00 0.000000000000000000e+00 1.766362358832564983e-01 0.000000000000000000e+00 0.000000000000000000e+00 0.000000000000000000e+00
0.000000000000000000e+00 0.000000000000000000e+00 0.000000000000000000e+00 6.612877917623054547e-01 0.000000000000000000e+00 1.710542248824415898e-02 3.351039767469544961e-02 0.000000000000000000e+00 4.966663852432157134e-01 0.000000000000000000e+00 1.811491907465818119e-01 0.000000000000000000e+00 0.000000000000000000e+00 0.000000000000000000e+00 2.022159007779893158e-02 0.000000000000000000e+00 2.741622337615429172e-01 9.131540680911446328e-01 5.562197727653356294e-01 0.000000000000000000e+00 0.000000000000000000e+00 0.000000000000000000e+00 0.000000000000000000e+00 0.000000000000000000e+00 0.000000000000000000e+00
0.000000000000000000e+00 0.000000000000000000e+00 9.497518386836586446e-01 0.000000000000000000e+00 0.000000000000000000e+00 0.000000000000000000e+00 1.021856045906093025e+00 0.000000000000000000e+00 0.000000000000000000e+00 3.223341494963596898e-01 0.000000000000000000e+00 0.000000000000000000e+00 5.216774726836074239e-01 0.000000000000000000e+00 2.250607443355703008e-01 0.000000000000000000e+00 0.000000000000000000e+00 0.000000000000000000e+00 0.000000000000000000e+00 0.000000000000000000e+00 0.000000000000000000e+00 0.000000000000000000e+00 0.000000000000000000e+00 0.000000000000000000e+00 0.000000000000000000e+00
0.000000000000000000e+00 0.000000000000000000e+00 5.928315137244718480e-01 3.590953826049192998e-01 0.000000000000000000e+00 0.000000000000000000e+00 0.000000000000000000e+00 0.000000000000000000e+00 0.000000000000000000e+00 2.497466763197226935e-01 0.000000000000000000e+00 2.897969111418037813e-01 0.000000000000000000e+00 0.000000000000000000e+00 3.640266886418417891e-01 0.000000000000000000e+00 0.000000000000000000e+00 0.000000000000000000e+00 0.000000000000000000e+00 1.063331622907180085e+00 0.000000000000000000e+00 0.000000000000000000e+00 3.083613163360756082e-01 0.000000000000000000e+00 0.000000000000000000e+00
0.000000000000000000e+00 0.000000000000000000e+00 0.000000000000000000e+00 0.000000000000000000e+00 0.000000000000000000e+00 0.000000000000000000e+00 0.000000000000000000e+00 0.000000000000000000e+00 0.000000000000000000e+00 6.615709814532761968e-01 0.000000000000000000e+00 0.000000000000000000e+00 0.000000000000000000e+00 0.000000000000000000e+00 2.794035700052445725e-01 0.000000000000000000e+00 0.000000000000000000e+00 7.132291719186415468e-01 3.218641032953099002e-01 0.000000000000000000e+00 8.485318226067231073e-01 0.000000000000000000e+00 0.000000000000000000e+00 0.000000000000000000e+00 0.000000000000000000e+00
0.000000000000000000e+00 7.815730550613680938e-01 4.238382523723683848e-01 0.000000000000000000e+00 0.000000000000000000e+00 0.000000000000000000e+00 0.000000000000000000e+00 0.000000000000000000e+00 5.345912123202969934e-02 0.000000000000000000e+00 4.735631715109053230e-01 0.000000000000000000e+00 0.000000000000000000e+00 4.726228182475297745e-01 1.377713380133568921e-01 0.000000000000000000e+00 0.000000000000000000e+00 0.000000000000000000e+00 0.000000000000000000e+00 0.000000000000000000e+00 2.297074998379337041e-01 0.000000000000000000e+00 3.646304721814995764e-01 0.000000000000000000e+00 0.000000000000000000e+00
0.000000000000000000e+00 5.432850692162779493e-01 2.535897474370937821e-01 0.000000000000000000e+00 0.000000000000000000e+00 6.629035692044008554e-01 0.000000000000000000e+00 0.000000000000000000e+00 3.401737934176796152e-01 0.000000000000000000e+00 1.049683114753667962e-01 0.000000000000000000e+00 1.826351979842023160e-02 0.000000000000000000e+00 4.297179981371114788e-01 0.000000000000000000e+00 0.000000000000000000e+00 0.000000000000000000e+00 0.000000000000000000e+00 0.000000000000000000e+00 2.758182610524567147e-01 0.000000000000000000e+00 0.000000000000000000e+00 1.445511539881061958e-01 0.000000000000000000e+00
4.780127256526044977e-01 0.000000000000000000e+00 2.541877662550056094e-01 4.832294999494911036e-01 0.000000000000000000e+00 4.162719837328078820e-01 0.000000000000000000e+00 0.000000000000000000e+00 0.000000000000000000e+00 5.638026627403988078e-01 0.000000000000000000e+00 0.000000000000000000e+00 0.000000000000000000e+00 0.000000000000000000e+00 0.000000000000000000e+00 0.000000000000000000e+00 0.000000000000000000e+00 0.000000000000000000e+00 0.000000000000000000e+00 0.000000000000000000e+00 0.000000000000000000e+00 1.431499685546059886e-01 0.000000000000000000e+00 0.000000000000000000e+00 0.000000000000000000e+00
1.025565621853099962e+00 0.000000000000000000e+00 0.000000000000000000e+00 0.000000000000000000e+00 0.000000000000000000e+00 0.000000000000000000e+00 0.000000000000000000e+00 0.000000000000000000e+00 0.000000000000000000e+00 2.792977649483670000e-01 0.000000000000000000e+00 0.000000000000000000e+00 0.000000000000000000e+00 0.000000000000000000e+00 5.943482612407336996e-01 0.000000000000000000e+00 7.118266055623659883e-01 0.000000000000000000e+00 0.000000000000000000e+00 0.000000000000000000e+00 0.000000000000000000e+00 0.000000000000000000e+00 0.000000000000000000e+00 0.000000000000000000e+00 0.000000000000000000e+00
0.000000000000000000e+00 0.000000000000000000e+00 0.000000000000000000e+00 0.000000000000000000e+00 6.033861712227416296e-01 0.000000000000000000e+00 0.000000000000000000e+00 4.205623335842323951e-01 7.304996401982002396e-01 0.000000000000000000e+00 0.000000000000000000e+00 0.000000000000000000e+00 0.000000000000000000e+00 0.000000000000000000e+00 0.000000000000000000e+00 2.249427434602865872e-01 1.657774375217883900e-01 3.523040485964769042e-01 0.000000000000000000e+00 0.000000000000000000e+00 3.989455855855200128e-01 0.000000000000000000e+00 0.000000000000000000e+00 0.000000000000000000e+00 0.000000000000000000e+00
0.000000000000000000e+00 4.715234101280281198e-01 0.000000000000000000e+00 0.000000000000000000e+00 0.000000000000000000e+00 0.000000000000000000e+00 0.000000000000000000e+00 0.000000000000000000e+00 0.000000000000000000e+00 0.000000000000000000e+00 0.000000000000000000e+00 5.827730191974862528e-01 0.000000000000000000e+00 5.448462111959376797e-01 0.000000000000000000e+00 0.000000000000000000e+00 0.000000000000000000e+00 0.000000000000000000e+00 4.659647338667182170e-01 0.000000000000000000e+00 0.000000000000000000e+00 0.000000000000000000e+00 0.000000000000000000e+00 0.000000000000000000e+00 6.793877885880601486e-01
0.000000000000000000e+00 0.000000000000000000e+00 0.000000000000000000e+00 0.000000000000000000e+00 0.000000000000000000e+00 0.000000000000000000e+00 3.216792951515574095e-01 5.429620690191597765e-01 0.000000000000000000e+00 0.000000000000000000e+00 0.000000000000000000e+00 0.000000000000000000e+00 0.000000000000000000e+00 0.000000000000000000e+00 0.000000000000000000e+00 0.000000000000000000e+00 0.000000000000000000e+00 3.011741287725129834e-01 0.000000000000000000e+00 0.000000000000000000e+00 0.000000000000000000e+00 3.960238735516379838e-01 8.737794875811474848e-02 0.000000000000000000e+00 0.000000000000000000e+00
0.000000000000000000e+00 0.000000000000000000e+00 0.000000000000000000e+00 0.000000000000000000e+00 0.000000000000000000e+00 4.135101347637489821e-01 0.000000000000000000e+00 0.000000000000000000e+00 0.000000000000000000e+00 5.675265136309298741e-01 0.000000000000000000e+00 0.000000000000000000e+00 4.726072972272800099e-01 0.000000000000000000e+00 5.747766398207613259e-01 3.679129339488207973e-01 0.000000000000000000e+00 0.000000000000000000e+00 0.000000000000000000e+00 0.000000000000000000e+00 0.000000000000000000e+00 0.000000000000000000e+00 0.000000000000000000e+00 0.000000000000000000e+00 0.000000000000000000e+00
0.000000000000000000e+00 5.857213314697526929e-01 0.000000000000000000e+00 3.562090925226403804e-01 4.940141695489073115e-01 0.000000000000000000e+00 5.592973569657504473e-01 0.000000000000000000e+00 0.000000000000000000e+00 0.000000000000000000e+00 0.000000000000000000e+00 0.000000000000000000e+00 0.000000000000000000e+00 0.000000000000000000e+00 0.000000000000000000e+00 0.000000000000000000e+00 0.000000000000000000e+00 0.000000000000000000e+00 0.000000000000000000e+00 0.000000000000000000e+00 0.000000000000000000e+00 0.000000000000000000e+00 0.000000000000000000e+00 0.000000000000000000e+00 0.000000000000000000e+00
0.000000000000000000e+00 0.000000000000000000e+00 4.729637449029892166e-02 0.000000000000000000e+00 0.000000000000000000e+00 1.539804174202301021e-02 5.835290502001119206e-01 3.619365990311109171e-01 0.000000000000000000e+00 3.003031872567081817e-01 0.000000000000000000e+00 1.235390791950856937e-01 4.592553102279128829e-01 0.000000000000000000e+00 0.000000000000000000e+00 0.000000000000000000e+00 0.000000000000000000e+00 0.000000000000000000e+00 0.000000000000000000e+00 0.000000000000000000e+00 0.000000000000000000e+00 0.000000000000000000e+00 0.000000000000000000e+00 0.000000000000000000e+00 0.000000000000000000e+00
1.573050113792741067e-01 0.000000000000000000e+00 0.000000000000000000e+00 5.597887584047103182e-01 4.536631798349400890e-01 0.000000000000000000e+00 0.000000000000000000e+00 0.000000000000000000e+00 0.000000000000000000e+00 0.000000000000000000e+00 0.000000000000000000e+00 1.477914216009431070e-01 0.000000000000000000e+00 0.000000000000000000e+00 0.000000000000000000e+00 0.000000000000000000e+00 0.000000000000000000e+00 1.988788843803176998e-01 7.933186167207963990e-01 4.771514951273085892e-01 0.000000000000000000e+00 0.000000000000000000e+00 0.000000000000000000e+00 0.000000000000000000e+00 0.000000000000000000e+00
0.000000000000000000e+00 0.000000000000000000e+00 0.000000000000000000e+00 0.000000000000000000e+00 0.000000000000000000e+00 0.000000000000000000e+00 0.000000000000000000e+00 0.000000000000000000e+00 0.000000000000000000e+00 0.000000000000000000e+00 9.242749529831019439e-02 0.000000000000000000e+00 0.000000000000000000e+00 0.000000000000000000e+00 5.016137581003610180e-01 0.000000000000000000e+00 0.000000000000000000e+00 0.000000000000000000e+00 4.596119694621991769e-01 0.000000000000000000e+00 0.000000000000000000e+00 4.055631394486407942e-02 2.931885284465348129e-01 4.782287894837595199e-01 0.000000000000000000e+00
3.614446324275891187e-01 3.278175108647510272e-01 5.963455583345672606e-01 1.784118822586834019e-01 0.000000000000000000e+00 0.000000000000000000e+00 0.000000000000000000e+00 0.000000000000000000e+00 0.000000000000000000e+00 0.000000000000000000e+00 0.000000000000000000e+00 0.000000000000000000e+00 0.000000000000000000e+00 0.000000000000000000e+00 0.000000000000000000e+00 0.000000000000000000e+00 0.000000000000000000e+00 0.000000000000000000e+00 0.000000000000000000e+00 0.000000000000000000e+00 0.000000000000000000e+00 0.000000000000000000e+00 0.000000000000000000e+00 0.000000000000000000e+00 0.000000000000000000e+00
0.000000000000000000e+00 0.000000000000000000e+00 4.226028208269452802e-01 0.000000000000000000e+00 5.125391141621485902e-01 0.000000000000000000e+00 0.000000000000000000e+00 0.000000000000000000e+00 0.000000000000000000e+00 6.154952115545587743e-01 0.000000000000000000e+00 0.000000000000000000e+00 0.000000000000000000e+00 5.119991104380343661e-01 0.000000000000000000e+00 0.000000000000000000e+00 0.000000000000000000e+00 0.000000000000000000e+00 0.000000000000000000e+00 0.000000000000000000e+00 0.000000000000000000e+00 0.000000000000000000e+00 0.000000000000000000e+00 0.000000000000000000e+00 0.000000000000000000e+00
0.000000000000000000e+00 0.000000000000000000e+00 0.000000000000000000e+00 0.000000000000000000e+00 0.000000000000000000e+00 0.000000000000000000e+00 0.000000000000000000e+00 0.000000000000000000e+00 0.000000000000000000e+00 0.000000000000000000e+00 3.788419055757547005e-01 0.000000000000000000e+00 7.132836866815891463e-01 4.461690247856234248e-01 0.000000000000000000e+00 0.000000000000000000e+00 0.000000000000000000e+00 0.000000000000000000e+00 0.000000000000000000e+00 5.352865584674989519e-01 0.000000000000000000e+00 0.000000000000000000e+00 0.000000000000000000e+00 0.000000000000000000e+00 0.000000000000000000e+00
0.000000000000000000e+00 0.000000000000000000e+00 0.000000000000000000e+00 0.000000000000000000e+00 0.000000000000000000e+00 0.000000000000000000e+00 0.000000000000000000e+00 0.000000000000000000e+00 0.000000000000000000e+00 0.000000000000000000e+00 0.000000000000000000e+00 0.000000000000000000e+00 0.000000000000000000e+00 0.000000000000000000e+00 4.371282235318382781e-01 0.000000000000000000e+00 0.000000000000000000e+00 0.000000000000000000e+00 0.000000000000000000e+00 0.000000000000000000e+00 3.395460249474898107e-01 0.000000000000000000e+00 0.000000000000000000e+00 6.778505516989350443e-01 0.000000000000000000e+00
0.000000000000000000e+00 0.000000000000000000e+00 0.000000000000000000e+00 2.907683380282344854e-01 0.000000000000000000e+00 0.000000000000000000e+00 0.000000000000000000e+00 0.000000000000000000e+00 0.000000000000000000e+00 0.000000000000000000e+00 0.000000000000000000e+00 0.000000000000000000e+00 0.000000000000000000e+00 0.000000000000000000e+00 0.000000000000000000e+00 0.000000000000000000e+00 0.000000000000000000e+00 0.000000000000000000e+00 0.000000000000000000e+00 0.000000000000000000e+00 0.000000000000000000e+00 5.268788140600374481e-01 1.992586832274728104e-01 0.000000000000000000e+00 0.000000000000000000e+00
