# File created on Tue Apr 30 11:05:31 2024
# The following metaparameters were used for this matrix optimization : gamma0 = 0.5; alpha0 = 0; sigma0 = 0.25; l0 = 1;p = 1; R0 = 1; S0 = 0.05; NR = 25; NS = 25; matrix path = matrices/Nr25_Nc25/consumption/RandTrix_Nr25_Nc25_Nest0.4_Conn0.272.txt; convergence threshold = 1e-08
0.000000000000000e+00 0.000000000000000e+00 6.910593813809244e-01 6.254191292320424e-01 0.000000000000000e+00 0.000000000000000e+00 7.626812400260816e-01 0.000000000000000e+00 0.000000000000000e+00 9.954560811793605e-01 0.000000000000000e+00 0.000000000000000e+00 2.121983203836531e-01 0.000000000000000e+00 0.000000000000000e+00 0.000000000000000e+00 0.000000000000000e+00 0.000000000000000e+00 1.773989287980147e+00 0.000000000000000e+00 3.802605868312304e-01 0.000000000000000e+00 0.000000000000000e+00 0.000000000000000e+00 0.000000000000000e+00 
1.297042577391971e+00 6.410355741700846e-01 0.000000000000000e+00 0.000000000000000e+00 0.000000000000000e+00 4.870496309457134e-01 4.077006090897694e-01 0.000000000000000e+00 0.000000000000000e+00 0.000000000000000e+00 2.891298250189556e-01 0.000000000000000e+00 0.000000000000000e+00 0.000000000000000e+00 4.414859725648266e-01 6.306798534015310e-01 2.904073320351204e-01 0.000000000000000e+00 0.000000000000000e+00 0.000000000000000e+00 4.392198626701804e-01 0.000000000000000e+00 0.000000000000000e+00 2.164982687112356e-01 0.000000000000000e+00 
6.074417495522518e-01 0.000000000000000e+00 0.000000000000000e+00 0.000000000000000e+00 1.030045751217053e+00 0.000000000000000e+00 0.000000000000000e+00 7.496604534759591e-01 0.000000000000000e+00 1.455239693069152e-01 0.000000000000000e+00 0.000000000000000e+00 0.000000000000000e+00 1.634206717382266e-01 7.382354253205395e-01 0.000000000000000e+00 0.000000000000000e+00 0.000000000000000e+00 0.000000000000000e+00 0.000000000000000e+00 0.000000000000000e+00 5.531914166681737e-01 0.000000000000000e+00 0.000000000000000e+00 1.227553064321651e+00 
6.672790529079377e-01 0.000000000000000e+00 1.241381443684575e+00 0.000000000000000e+00 4.083879898018715e-01 0.000000000000000e+00 0.000000000000000e+00 2.685819548332994e-01 1.282762565531371e-01 0.000000000000000e+00 4.820829015328622e-01 0.000000000000000e+00 0.000000000000000e+00 0.000000000000000e+00 0.000000000000000e+00 0.000000000000000e+00 0.000000000000000e+00 0.000000000000000e+00 0.000000000000000e+00 0.000000000000000e+00 0.000000000000000e+00 0.000000000000000e+00 0.000000000000000e+00 0.000000000000000e+00 0.000000000000000e+00 
4.265265964646716e-01 1.405964034771277e-01 1.295907517520166e-01 4.707797380604271e-01 8.502893111085423e-01 0.000000000000000e+00 0.000000000000000e+00 0.000000000000000e+00 0.000000000000000e+00 0.000000000000000e+00 0.000000000000000e+00 1.442742332387956e+00 4.069824576167727e-01 3.972281510021223e-01 0.000000000000000e+00 0.000000000000000e+00 0.000000000000000e+00 0.000000000000000e+00 0.000000000000000e+00 0.000000000000000e+00 0.000000000000000e+00 0.000000000000000e+00 0.000000000000000e+00 0.000000000000000e+00 0.000000000000000e+00 
0.000000000000000e+00 0.000000000000000e+00 8.819155456875201e-01 5.745715624406374e-01 0.000000000000000e+00 0.000000000000000e+00 6.962024839699054e-01 0.000000000000000e+00 0.000000000000000e+00 0.000000000000000e+00 4.863767337117864e-01 0.000000000000000e+00 0.000000000000000e+00 1.365734991223598e-01 0.000000000000000e+00 0.000000000000000e+00 0.000000000000000e+00 0.000000000000000e+00 6.905386640210655e-01 0.000000000000000e+00 9.304446750397131e-01 2.953311947506008e-01 9.832038113093936e-01 0.000000000000000e+00 0.000000000000000e+00 
0.000000000000000e+00 0.000000000000000e+00 0.000000000000000e+00 0.000000000000000e+00 5.349890802907639e-01 6.918340648803560e-01 0.000000000000000e+00 5.366250802374422e-01 0.000000000000000e+00 0.000000000000000e+00 3.658471891290268e-01 0.000000000000000e+00 8.964350917120400e-01 5.004609331718758e-01 5.989241014358768e-01 0.000000000000000e+00 0.000000000000000e+00 0.000000000000000e+00 0.000000000000000e+00 0.000000000000000e+00 7.721235237065231e-01 2.791587808755499e-01 2.589221266958518e-01 0.000000000000000e+00 1.188679408724969e+00 
7.471185308478758e-01 2.707785983391888e-01 0.000000000000000e+00 0.000000000000000e+00 3.015274452948551e-01 0.000000000000000e+00 3.162336534316309e-01 0.000000000000000e+00 5.173055905915775e-01 0.000000000000000e+00 2.158680039575285e-01 0.000000000000000e+00 0.000000000000000e+00 4.509512331635883e-01 2.011000232986198e-02 8.330821676066121e-01 0.000000000000000e+00 0.000000000000000e+00 0.000000000000000e+00 0.000000000000000e+00 0.000000000000000e+00 0.000000000000000e+00 0.000000000000000e+00 0.000000000000000e+00 1.051344356785656e+00 
1.552168177185571e-01 0.000000000000000e+00 0.000000000000000e+00 4.322659379987846e-01 0.000000000000000e+00 0.000000000000000e+00 5.311345378290629e-01 0.000000000000000e+00 0.000000000000000e+00 6.238701367425098e-01 3.911178407323116e-01 3.764513327439250e-01 3.487380501416771e-01 0.000000000000000e+00 0.000000000000000e+00 0.000000000000000e+00 0.000000000000000e+00 0.000000000000000e+00 0.000000000000000e+00 0.000000000000000e+00 0.000000000000000e+00 0.000000000000000e+00 0.000000000000000e+00 1.010176325066203e+00 0.000000000000000e+00 
4.253369936826170e-01 0.000000000000000e+00 5.090094175010831e-01 0.000000000000000e+00 0.000000000000000e+00 0.000000000000000e+00 1.862189577328851e-02 0.000000000000000e+00 6.812883505711096e-01 0.000000000000000e+00 0.000000000000000e+00 3.582498295839374e-01 0.000000000000000e+00 0.000000000000000e+00 0.000000000000000e+00 0.000000000000000e+00 0.000000000000000e+00 0.000000000000000e+00 1.539387079820984e+00 0.000000000000000e+00 0.000000000000000e+00 0.000000000000000e+00 5.031336786451146e-01 3.731138323928593e-01 0.000000000000000e+00 
0.000000000000000e+00 0.000000000000000e+00 0.000000000000000e+00 0.000000000000000e+00 6.483783409076992e-01 0.000000000000000e+00 0.000000000000000e+00 4.383226362205712e-01 0.000000000000000e+00 0.000000000000000e+00 0.000000000000000e+00 8.152291926889038e-01 0.000000000000000e+00 0.000000000000000e+00 0.000000000000000e+00 2.780271167662380e-01 2.643164682389733e-01 0.000000000000000e+00 0.000000000000000e+00 0.000000000000000e+00 0.000000000000000e+00 0.000000000000000e+00 0.000000000000000e+00 0.000000000000000e+00 0.000000000000000e+00 
0.000000000000000e+00 5.561355093021380e-01 0.000000000000000e+00 0.000000000000000e+00 0.000000000000000e+00 4.787937406790070e-01 0.000000000000000e+00 0.000000000000000e+00 0.000000000000000e+00 4.580703960838058e-01 2.173093199951478e-01 0.000000000000000e+00 4.494131596350413e-01 4.174135770928632e-01 0.000000000000000e+00 0.000000000000000e+00 0.000000000000000e+00 0.000000000000000e+00 0.000000000000000e+00 8.803008007418907e-02 4.083218817442801e-01 1.583370370928551e+00 6.516602022246093e-02 0.000000000000000e+00 6.911002677068838e-01 
0.000000000000000e+00 0.000000000000000e+00 7.201676909507628e-01 0.000000000000000e+00 0.000000000000000e+00 6.610008250137189e-01 0.000000000000000e+00 0.000000000000000e+00 0.000000000000000e+00 4.707849748112763e-01 0.000000000000000e+00 0.000000000000000e+00 0.000000000000000e+00 0.000000000000000e+00 0.000000000000000e+00 0.000000000000000e+00 0.000000000000000e+00 1.296814396914775e+00 0.000000000000000e+00 0.000000000000000e+00 0.000000000000000e+00 0.000000000000000e+00 0.000000000000000e+00 0.000000000000000e+00 1.398677862764567e-01 
0.000000000000000e+00 0.000000000000000e+00 0.000000000000000e+00 0.000000000000000e+00 0.000000000000000e+00 1.062558203629106e+00 0.000000000000000e+00 0.000000000000000e+00 3.646551578555194e-01 1.896006719599258e-01 0.000000000000000e+00 0.000000000000000e+00 0.000000000000000e+00 0.000000000000000e+00 0.000000000000000e+00 0.000000000000000e+00 0.000000000000000e+00 3.738448948037431e-01 5.223370340212297e-02 3.775513108350917e-01 2.189475085383648e-01 0.000000000000000e+00 1.607624155351002e-01 0.000000000000000e+00 0.000000000000000e+00 
0.000000000000000e+00 5.047677028724624e-01 0.000000000000000e+00 6.119354476596727e-02 2.266923997310604e-01 0.000000000000000e+00 0.000000000000000e+00 7.076842616914448e-01 0.000000000000000e+00 0.000000000000000e+00 0.000000000000000e+00 4.675201963250514e-01 0.000000000000000e+00 2.814529312941445e-01 5.950600749456617e-02 0.000000000000000e+00 0.000000000000000e+00 0.000000000000000e+00 0.000000000000000e+00 0.000000000000000e+00 0.000000000000000e+00 0.000000000000000e+00 1.365991563010308e-01 0.000000000000000e+00 0.000000000000000e+00 
5.155160756227090e-01 0.000000000000000e+00 0.000000000000000e+00 0.000000000000000e+00 0.000000000000000e+00 4.807132087464776e-01 0.000000000000000e+00 0.000000000000000e+00 0.000000000000000e+00 7.633352031016700e-01 2.537340773937966e-01 0.000000000000000e+00 0.000000000000000e+00 4.545932367235052e-01 2.861907433400787e-02 0.000000000000000e+00 0.000000000000000e+00 0.000000000000000e+00 0.000000000000000e+00 0.000000000000000e+00 0.000000000000000e+00 0.000000000000000e+00 0.000000000000000e+00 3.404181459253387e-02 0.000000000000000e+00 
0.000000000000000e+00 2.428972400857046e-01 0.000000000000000e+00 0.000000000000000e+00 2.215047418087251e-01 0.000000000000000e+00 0.000000000000000e+00 0.000000000000000e+00 2.808893273099856e-01 5.360277254797841e-01 0.000000000000000e+00 0.000000000000000e+00 0.000000000000000e+00 0.000000000000000e+00 0.000000000000000e+00 0.000000000000000e+00 0.000000000000000e+00 2.496781177077246e-01 5.095090936214417e-01 0.000000000000000e+00 0.000000000000000e+00 0.000000000000000e+00 0.000000000000000e+00 3.402609518475166e-01 0.000000000000000e+00 
0.000000000000000e+00 4.690623392984168e-01 4.659862724439344e-01 0.000000000000000e+00 0.000000000000000e+00 5.745258779310864e-01 0.000000000000000e+00 0.000000000000000e+00 0.000000000000000e+00 0.000000000000000e+00 0.000000000000000e+00 0.000000000000000e+00 0.000000000000000e+00 0.000000000000000e+00 0.000000000000000e+00 0.000000000000000e+00 2.238873117212961e-01 0.000000000000000e+00 0.000000000000000e+00 0.000000000000000e+00 0.000000000000000e+00 0.000000000000000e+00 0.000000000000000e+00 0.000000000000000e+00 0.000000000000000e+00 
6.355934328991375e-01 0.000000000000000e+00 0.000000000000000e+00 5.528147828479744e-01 0.000000000000000e+00 0.000000000000000e+00 0.000000000000000e+00 0.000000000000000e+00 0.000000000000000e+00 0.000000000000000e+00 0.000000000000000e+00 4.367316569942137e-01 0.000000000000000e+00 0.000000000000000e+00 0.000000000000000e+00 0.000000000000000e+00 0.000000000000000e+00 0.000000000000000e+00 0.000000000000000e+00 5.596435194047316e-01 0.000000000000000e+00 0.000000000000000e+00 0.000000000000000e+00 0.000000000000000e+00 0.000000000000000e+00 
0.000000000000000e+00 5.603482070426006e-01 0.000000000000000e+00 0.000000000000000e+00 2.528590885374324e-01 0.000000000000000e+00 0.000000000000000e+00 0.000000000000000e+00 0.000000000000000e+00 3.790341632105454e-02 0.000000000000000e+00 0.000000000000000e+00 0.000000000000000e+00 3.261917044368075e-01 0.000000000000000e+00 2.459705683291726e-01 0.000000000000000e+00 0.000000000000000e+00 5.885397687405661e-01 0.000000000000000e+00 0.000000000000000e+00 0.000000000000000e+00 0.000000000000000e+00 5.477421930212812e-01 0.000000000000000e+00 
0.000000000000000e+00 0.000000000000000e+00 0.000000000000000e+00 0.000000000000000e+00 0.000000000000000e+00 0.000000000000000e+00 6.283748658453950e-01 0.000000000000000e+00 3.721196300559345e-02 0.000000000000000e+00 0.000000000000000e+00 0.000000000000000e+00 7.451969897677350e-01 0.000000000000000e+00 0.000000000000000e+00 0.000000000000000e+00 0.000000000000000e+00 0.000000000000000e+00 0.000000000000000e+00 0.000000000000000e+00 0.000000000000000e+00 8.221601709217980e-01 0.000000000000000e+00 0.000000000000000e+00 0.000000000000000e+00 
0.000000000000000e+00 2.653588118089135e-01 0.000000000000000e+00 0.000000000000000e+00 0.000000000000000e+00 0.000000000000000e+00 0.000000000000000e+00 0.000000000000000e+00 1.418498583461058e-01 0.000000000000000e+00 6.296269016725519e-01 0.000000000000000e+00 3.370977796328028e-01 0.000000000000000e+00 0.000000000000000e+00 0.000000000000000e+00 0.000000000000000e+00 0.000000000000000e+00 0.000000000000000e+00 0.000000000000000e+00 0.000000000000000e+00 5.676845225041475e-02 0.000000000000000e+00 0.000000000000000e+00 9.338058468286573e-01 
0.000000000000000e+00 0.000000000000000e+00 4.558035555001804e-01 2.747292449629251e-01 0.000000000000000e+00 0.000000000000000e+00 0.000000000000000e+00 5.691141310664791e-01 0.000000000000000e+00 0.000000000000000e+00 0.000000000000000e+00 0.000000000000000e+00 4.646572939182372e-02 0.000000000000000e+00 6.117714729815075e-01 0.000000000000000e+00 0.000000000000000e+00 1.706639547978932e-01 0.000000000000000e+00 0.000000000000000e+00 0.000000000000000e+00 0.000000000000000e+00 0.000000000000000e+00 0.000000000000000e+00 0.000000000000000e+00 
0.000000000000000e+00 5.580256899644115e-01 0.000000000000000e+00 0.000000000000000e+00 0.000000000000000e+00 0.000000000000000e+00 0.000000000000000e+00 0.000000000000000e+00 0.000000000000000e+00 0.000000000000000e+00 0.000000000000000e+00 0.000000000000000e+00 0.000000000000000e+00 0.000000000000000e+00 6.143162633419909e-01 0.000000000000000e+00 0.000000000000000e+00 0.000000000000000e+00 0.000000000000000e+00 0.000000000000000e+00 0.000000000000000e+00 0.000000000000000e+00 0.000000000000000e+00 0.000000000000000e+00 0.000000000000000e+00 
0.000000000000000e+00 4.613536594252333e-01 0.000000000000000e+00 0.000000000000000e+00 0.000000000000000e+00 0.000000000000000e+00 0.000000000000000e+00 0.000000000000000e+00 0.000000000000000e+00 0.000000000000000e+00 0.000000000000000e+00 0.000000000000000e+00 0.000000000000000e+00 0.000000000000000e+00 0.000000000000000e+00 0.000000000000000e+00 0.000000000000000e+00 0.000000000000000e+00 0.000000000000000e+00 5.008394642051313e-01 0.000000000000000e+00 0.000000000000000e+00 0.000000000000000e+00 0.000000000000000e+00 0.000000000000000e+00 