First column is for TopologicalProperties_RandTrix_Nr25_Nc25_Nest0.4_Conn0.3312.csv; second for TopologicalProperties_RandTrix_Nr25_Nc25_Nest0.4_Conn0.3712.csv
SUID : 164.96 +/- 80.80284901018815; 164.96 +/- 80.80284901018817
AverageShortestPathLength : 2.2244897964000003 +/- 0.14728082725536865; 2.1428571436 +/- 0.08163265295918372
BetweennessCentrality : 0.0255102038 +/- 0.01371504491894835; 0.023809523599999997 +/- 0.009548239498109385
ClosenessCentrality : 0.4513846668 +/- 0.02851037974994824; 0.4673170954 +/- 0.017440211542167475
ClusteringCoefficient : 0.0 +/- 0.0; 0.0 +/- 0.0
Degree : 8.24 +/- 2.308458271625618; 9.24 +/- 1.7444957168541426
Eccentricity : 3.56 +/- 0.501426536422407; 3.2 +/- 0.40406101782088427
IsSingleNode : 0.0 +/- 0.0; 0.0 +/- 0.0
NeighborhoodConnectivity : 8.8669956708 +/- 0.8144036091096626; 9.574948773400001 +/- 0.39714598537191054
NumberOfDirectedEdges : 8.24 +/- 2.308458271625618; 9.24 +/- 1.7444957168541426
NumberOfUndirectedEdges : 0.0 +/- 0.0; 0.0 +/- 0.0
PartnerOfMultiEdgedNodePairs : 0.0 +/- 0.0; 0.0 +/- 0.0
Radiality : 0.693877551 +/- 0.03682020624826542; 0.7142857148 +/- 0.02040816397959208
selected : 0.0 +/- 0.0; 0.0 +/- 0.0
SelfLoops : 0.0 +/- 0.0; 0.0 +/- 0.0
Stress : 1090.96 +/- 560.0323955644286; 1100.2 +/- 412.3438727418598
TopologicalCoefficient : 0.3466026784 +/- 0.03773570387344424; 0.3610472576 +/- 0.01805304080655051
